113040001 1
113040002 1
113040003 1
113040004 1
113040005 1
113040006 1
113040007 1
113040008 1
113040009 1
113040010 1
113040011 1
113040012 1
113040013 1
113040014 1
113040015 1
113040016 1
113040017 1
113040018 1
113040019 1
113040020 1
113040021 1
113040022 1
113040023 1
113040024 1
113040025 1
113040026 1
113040027 1
113040028 1
113040029 1
113040030 1
113040031 1
113040032 1
113040033 1
113040034 1
113040035 1
113040036 1
113040037 1
113040038 1
113040039 1
113040040 1
113040041 1
113040042 1
113040043 1
113040044 1
113040045 1
113040046 1
113040047 1
113040048 1
113040049 1
113040050 1
113040051 1
113040052 1
113040053 1
113040054 1
113040055 1
113040056 1
113040057 1
113040058 1
113040059 1
113040060 1
113040061 1
113040062 1
113040063 1
113040064 1
113040065 1
113040066 1
113040067 1
113040068 1
113040069 1
113040070 1
113040071 1
113040072 1
113040073 1
113040074 1
113040075 1
113040076 1
113040077 1
113040078 1
113040079 1
113040080 0
113040081 0
113040082 0
113040083 0
113040084 0
113040085 0
113040086 0
113040087 0
113040088 0
113040089 0
113040090 0
113040091 0
113040092 0
113040093 0
113040094 0
113040095 0
113040096 0
113040097 0
113040098 0
113040099 0
113040100 0
113040101 1
113040102 1
113040103 1
113040104 1
113040105 1
113040106 1
113040107 1
113040108 1
113040109 1
113040110 1
113040111 1
113040112 1
113040113 1
113040114 1
113040115 1
113040116 1
113040117 1
113040118 1
113040119 1
113040120 1
113040121 1
113040122 1
113040123 1
113040124 1
113040125 1
113040126 1
113040127 1
113040128 1
113040129 1
113040130 1
113040131 1
113040132 1
113040133 1
113040134 1
113040135 1
113040136 1
113040137 1
113040138 1
113040139 1
113040140 1
113040141 1
113040142 1
113040143 1
113040144 1
113040145 1
113040146 1
113040147 1
113040148 1
113040149 1
113040150 1
113040151 1
113040152 1
113040153 1
113040154 1
113040155 1
113040156 1
113040157 1
113040158 1
113040159 1
113040160 1
113040161 1
113040162 1
113040163 1
113040164 1
113040165 1
113040166 1
113040167 1
113040168 1
113040169 1
113040170 1
113040171 1
113040172 1
113040173 1
113040174 1
113040175 1
113040176 1
113040177 1
113040178 1
113040179 1
113040180 0
113040181 0
113040182 0
113040183 0
113040184 0
113040185 0
113040186 0
113040187 0
113040188 0
113040189 0
113040190 0
113040191 0
113040192 0
113040193 0
113040194 0
113040195 0
113040196 0
113040197 0
113040198 0
113040199 0
113040200 0
113040201 1
113040202 1
113040203 1
113040204 1
113040205 1
113040206 1
113040207 1
113040208 1
113040209 1
113040210 1
113040211 1
113040212 1
113040213 1
113040214 1
113040215 1
113040216 1
113040217 1
113040218 1
113040219 1
113040220 1
113040221 1
113040222 1
113040223 1
113040224 1
113040225 1
113040226 1
113040227 1
113040228 1
113040229 1
113040230 1
113040231 1
113040232 1
113040233 1
113040234 1
113040235 1
113040236 1
113040237 1
113040238 1
113040239 1
113040240 1
113040241 1
113040242 1
113040243 1
113040244 1
113040245 1
113040246 1
113040247 1
113040248 1
113040249 1
113040250 1
113040251 1
113040252 1
113040253 1
113040254 1
113040255 1
113040256 1
113040257 1
113040258 1
113040259 1
113040260 1
113040261 1
113040262 1
113040263 1
113040264 1
113040265 1
113040266 1
113040267 1
113040268 1
113040269 1
113040270 1
113040271 1
113040272 1
113040273 1
113040274 1
113040275 1
113040276 1
113040277 1
113040278 1
113040279 1
113040280 0
113040281 0
113040282 0
113040283 0
113040284 0
113040285 0
113040286 0
113040287 0
113040288 0
113040289 0
113040290 0
113040291 0
113040292 0
113040293 0
113040294 0
113040295 0
113040296 0
113040297 0
113040298 0
113040299 0
113040300 0
113040301 1
113040302 1
113040303 1
113040304 1
113040305 1
113040306 1
113040307 1
113040308 1
113040309 1
113040310 1
113040311 1
113040312 1
113040313 1
113040314 1
113040315 1
113040316 1
113040317 1
113040318 1
113040319 1
113040320 1
113040321 1
113040322 1
113040323 1
113040324 1
113040325 1
113040326 1
113040327 1
113040328 1
113040329 1
113040330 1
113040331 1
113040332 1
113040333 1
113040334 1
113040335 1
113040336 1
113040337 1
113040338 1
113040339 1
113040340 1
113040341 1
113040342 1
113040343 1
113040344 1
113040345 1
113040346 1
113040347 1
113040348 1
113040349 1
113040350 1
113040351 1
113040352 1
113040353 1
113040354 1
113040355 1
113040356 1
113040357 1
113040358 1
113040359 1
113040360 1
113040361 1
113040362 1
113040363 1
113040364 1
113040365 1
113040366 1
113040367 1
113040368 1
113040369 1
113040370 1
113040371 1
113040372 1
113040373 1
113040374 1
113040375 1
113040376 1
113040377 1
113040378 1
113040379 1
113040380 0
113040381 0
113040382 0
113040383 0
113040384 0
113040385 0
113040386 0
113040387 0
113040388 0
113040389 0
113040390 0
113040391 0
113040392 0
113040393 0
113040394 0
113040395 0
113040396 0
113040397 0
113040398 0
113040399 0
113040400 0
113040401 1
113040402 1
113040403 1
113040404 1
113040405 1
113040406 1
113040407 1
113040408 1
113040409 1
113040410 1
113040411 1
113040412 1
113040413 1
113040414 1
113040415 1
113040416 1
113040417 1
113040418 1
113040419 1
113040420 1
113040421 1
113040422 1
113040423 1
113040424 1
113040425 1
113040426 1
113040427 1
113040428 1
113040429 1
113040430 1
113040431 1
113040432 1
113040433 1
113040434 1
113040435 1
113040436 1
113040437 1
113040438 1
113040439 1
113040440 1
113040441 1
113040442 1
113040443 1
113040444 1
113040445 1
113040446 1
113040447 1
113040448 1
113040449 1
113040450 1
113040451 1
113040452 1
113040453 1
113040454 1
113040455 1
113040456 1
113040457 1
113040458 1
113040459 1
113040460 1
113040461 1
113040462 1
113040463 1
113040464 1
113040465 1
113040466 1
113040467 1
113040468 1
113040469 1
113040470 1
113040471 1
113040472 1
113040473 1
113040474 1
113040475 1
113040476 1
113040477 1
113040478 1
113040479 1
113040480 0
113040481 0
113040482 0
113040483 0
113040484 0
113040485 0
113040486 0
113040487 0
113040488 0
113040489 0
113040490 0
113040491 0
113040492 0
113040493 0
113040494 0
113040495 0
113040496 0
113040497 0
113040498 0
113040499 0
113040500 0
113040501 1
113040502 1
113040503 1
113040504 1
113040505 1
113040506 1
113040507 1
113040508 1
113040509 1
113040510 1
113040511 1
113040512 1
113040513 1
113040514 1
113040515 1
113040516 1
113040517 1
113040518 1
113040519 1
113040520 1
113040521 1
113040522 1
113040523 1
113040524 1
113040525 1
113040526 1
113040527 1
113040528 1
113040529 1
113040530 1
113040531 1
113040532 1
113040533 1
113040534 1
113040535 1
113040536 1
113040537 1
113040538 1
113040539 1
113040540 1
113040541 1
113040542 1
113040543 1
113040544 1
113040545 1
113040546 1
113040547 1
113040548 1
113040549 1
113040550 1
113040551 1
113040552 1
113040553 1
113040554 1
113040555 1
113040556 1
113040557 1
113040558 1
113040559 1
113040560 1
113040561 1
113040562 1
113040563 1
113040564 1
113040565 1
113040566 1
113040567 1
113040568 1
113040569 1
113040570 1
113040571 1
113040572 1
113040573 1
113040574 1
113040575 1
113040576 1
113040577 1
113040578 1
113040579 1
113040580 0
113040581 0
113040582 0
113040583 0
113040584 0
113040585 0
113040586 0
113040587 0
113040588 0
113040589 0
113040590 0
113040591 0
113040592 0
113040593 0
113040594 0
113040595 0
113040596 0
113040597 0
113040598 0
113040599 0
113040600 0
113040601 1
113040602 1
113040603 1
113040604 1
113040605 1
113040606 1
113040607 1
113040608 1
113040609 1
113040610 1
113040611 1
113040612 1
113040613 1
113040614 1
113040615 1
113040616 1
113040617 1
113040618 1
113040619 1
113040620 1
113040621 1
113040622 1
113040623 1
113040624 1
113040625 1
113040626 1
113040627 1
113040628 1
113040629 1
113040630 1
113040631 1
113040632 1
113040633 1
113040634 1
113040635 1
113040636 1
113040637 1
113040638 1
113040639 1
113040640 1
113040641 1
113040642 1
113040643 1
113040644 1
113040645 1
113040646 1
113040647 1
113040648 1
113040649 1
113040650 1
113040651 1
113040652 1
113040653 1
113040654 1
113040655 1
113040656 1
113040657 1
113040658 1
113040659 1
113040660 1
113040661 1
113040662 1
113040663 1
113040664 1
113040665 1
113040666 1
113040667 1
113040668 1
113040669 1
113040670 1
113040671 1
113040672 1
113040673 1
113040674 1
113040675 1
113040676 1
113040677 1
113040678 1
113040679 1
113040680 0
113040681 0
113040682 0
113040683 0
113040684 0
113040685 0
113040686 0
113040687 0
113040688 0
113040689 0
113040690 0
113040691 0
113040692 0
113040693 0
113040694 0
113040695 0
113040696 0
113040697 0
113040698 0
113040699 0
113040700 0
113040701 1
113040702 1
113040703 1
113040704 1
113040705 1
113040706 1
113040707 1
113040708 1
113040709 1
113040710 1
113040711 1
113040712 1
113040713 1
113040714 1
113040715 1
113040716 1
113040717 1
113040718 1
113040719 1
113040720 1
113040721 1
113040722 1
113040723 1
113040724 1
113040725 1
113040726 1
113040727 1
113040728 1
113040729 1
113040730 1
113040731 1
113040732 1
113040733 1
113040734 1
113040735 1
113040736 1
113040737 1
113040738 1
113040739 1
113040740 1
113040741 1
113040742 1
113040743 1
113040744 1
113040745 1
113040746 1
113040747 1
113040748 1
113040749 1
113040750 1
113040751 1
113040752 1
113040753 1
113040754 1
113040755 1
113040756 1
113040757 1
113040758 1
113040759 1
113040760 1
113040761 1
113040762 1
113040763 1
113040764 1
113040765 1
113040766 1
113040767 1
113040768 1
113040769 1
113040770 1
113040771 1
113040772 1
113040773 1
113040774 1
113040775 1
113040776 1
113040777 1
113040778 1
113040779 1
113040780 0
113040781 0
113040782 0
113040783 0
113040784 0
113040785 0
113040786 0
113040787 0
113040788 0
113040789 0
113040790 0
113040791 0
113040792 0
113040793 0
113040794 0
113040795 0
113040796 0
113040797 0
113040798 0
113040799 0
113040800 0
