113030001 1
113030002 1
113030003 1
113030004 1
113030005 1
113030006 1
113030007 1
113030008 1
113030009 1
113030010 1
113030011 1
113030012 1
113030013 1
113030014 1
113030015 1
113030016 1
113030017 1
113030018 1
113030019 1
113030020 1
113030021 1
113030022 1
113030023 1
113030024 1
113030025 1
113030026 1
113030027 1
113030028 1
113030029 1
113030030 1
113030031 1
113030032 1
113030033 1
113030034 1
113030035 1
113030036 1
113030037 1
113030038 1
113030039 1
113030040 1
113030041 1
113030042 1
113030043 1
113030044 1
113030045 1
113030046 1
113030047 1
113030048 1
113030049 1
113030050 1
113030051 1
113030052 1
113030053 1
113030054 1
113030055 1
113030056 1
113030057 1
113030058 1
113030059 1
113030060 1
113030061 1
113030062 1
113030063 1
113030064 1
113030065 1
113030066 1
113030067 1
113030068 1
113030069 1
113030070 1
113030071 1
113030072 1
113030073 1
113030074 1
113030075 1
113030076 1
113030077 1
113030078 1
113030079 1
113030080 0
113030081 0
113030082 0
113030083 0
113030084 0
113030085 0
113030086 0
113030087 0
113030088 0
113030089 0
113030090 0
113030091 0
113030092 0
113030093 0
113030094 0
113030095 0
113030096 0
113030097 0
113030098 0
113030099 0
113030100 0
113030101 1
113030102 1
113030103 1
113030104 1
113030105 1
113030106 1
113030107 1
113030108 1
113030109 1
113030110 1
113030111 1
113030112 1
113030113 1
113030114 1
113030115 1
113030116 1
113030117 1
113030118 1
113030119 1
113030120 1
113030121 1
113030122 1
113030123 1
113030124 1
113030125 1
113030126 1
113030127 1
113030128 1
113030129 1
113030130 1
113030131 1
113030132 1
113030133 1
113030134 1
113030135 1
113030136 1
113030137 1
113030138 1
113030139 1
113030140 1
113030141 1
113030142 1
113030143 1
113030144 1
113030145 1
113030146 1
113030147 1
113030148 1
113030149 1
113030150 1
113030151 1
113030152 1
113030153 1
113030154 1
113030155 1
113030156 1
113030157 1
113030158 1
113030159 1
113030160 1
113030161 1
113030162 1
113030163 1
113030164 1
113030165 1
113030166 1
113030167 1
113030168 1
113030169 1
113030170 1
113030171 1
113030172 1
113030173 1
113030174 1
113030175 1
113030176 1
113030177 1
113030178 1
113030179 1
113030180 0
113030181 0
113030182 0
113030183 0
113030184 0
113030185 0
113030186 0
113030187 0
113030188 0
113030189 0
113030190 0
113030191 0
113030192 0
113030193 0
113030194 0
113030195 0
113030196 0
113030197 0
113030198 0
113030199 0
113030200 0
113030201 1
113030202 1
113030203 1
113030204 1
113030205 1
113030206 1
113030207 1
113030208 1
113030209 1
113030210 1
113030211 1
113030212 1
113030213 1
113030214 1
113030215 1
113030216 1
113030217 1
113030218 1
113030219 1
113030220 1
113030221 1
113030222 1
113030223 1
113030224 1
113030225 1
113030226 1
113030227 1
113030228 1
113030229 1
113030230 1
113030231 1
113030232 1
113030233 1
113030234 1
113030235 1
113030236 1
113030237 1
113030238 1
113030239 1
113030240 1
113030241 1
113030242 1
113030243 1
113030244 1
113030245 1
113030246 1
113030247 1
113030248 1
113030249 1
113030250 1
113030251 1
113030252 1
113030253 1
113030254 1
113030255 1
113030256 1
113030257 1
113030258 1
113030259 1
113030260 1
113030261 1
113030262 1
113030263 1
113030264 1
113030265 1
113030266 1
113030267 1
113030268 1
113030269 1
113030270 1
113030271 1
113030272 1
113030273 1
113030274 1
113030275 1
113030276 1
113030277 1
113030278 1
113030279 1
113030280 0
113030281 0
113030282 0
113030283 0
113030284 0
113030285 0
113030286 0
113030287 0
113030288 0
113030289 0
113030290 0
113030291 0
113030292 0
113030293 0
113030294 0
113030295 0
113030296 0
113030297 0
113030298 0
113030299 0
113030300 0
113030301 1
113030302 1
113030303 1
113030304 1
113030305 1
113030306 1
113030307 1
113030308 1
113030309 1
113030310 1
113030311 1
113030312 1
113030313 1
113030314 1
113030315 1
113030316 1
113030317 1
113030318 1
113030319 1
113030320 1
113030321 1
113030322 1
113030323 1
113030324 1
113030325 1
113030326 1
113030327 1
113030328 1
113030329 1
113030330 1
113030331 1
113030332 1
113030333 1
113030334 1
113030335 1
113030336 1
113030337 1
113030338 1
113030339 1
113030340 1
113030341 1
113030342 1
113030343 1
113030344 1
113030345 1
113030346 1
113030347 1
113030348 1
113030349 1
113030350 1
113030351 1
113030352 1
113030353 1
113030354 1
113030355 1
113030356 1
113030357 1
113030358 1
113030359 1
113030360 1
113030361 1
113030362 1
113030363 1
113030364 1
113030365 1
113030366 1
113030367 1
113030368 1
113030369 1
113030370 1
113030371 1
113030372 1
113030373 1
113030374 1
113030375 1
113030376 1
113030377 1
113030378 1
113030379 1
113030380 0
113030381 0
113030382 0
113030383 0
113030384 0
113030385 0
113030386 0
113030387 0
113030388 0
113030389 0
113030390 0
113030391 0
113030392 0
113030393 0
113030394 0
113030395 0
113030396 0
113030397 0
113030398 0
113030399 0
113030400 0
113030401 1
113030402 1
113030403 1
113030404 1
113030405 1
113030406 1
113030407 1
113030408 1
113030409 1
113030410 1
113030411 1
113030412 1
113030413 1
113030414 1
113030415 1
113030416 1
113030417 1
113030418 1
113030419 1
113030420 1
113030421 1
113030422 1
113030423 1
113030424 1
113030425 1
113030426 1
113030427 1
113030428 1
113030429 1
113030430 1
113030431 1
113030432 1
113030433 1
113030434 1
113030435 1
113030436 1
113030437 1
113030438 1
113030439 1
113030440 1
113030441 1
113030442 1
113030443 1
113030444 1
113030445 1
113030446 1
113030447 1
113030448 1
113030449 1
113030450 1
113030451 1
113030452 1
113030453 1
113030454 1
113030455 1
113030456 1
113030457 1
113030458 1
113030459 1
113030460 1
113030461 1
113030462 1
113030463 1
113030464 1
113030465 1
113030466 1
113030467 1
113030468 1
113030469 1
113030470 1
113030471 1
113030472 1
113030473 1
113030474 1
113030475 1
113030476 1
113030477 1
113030478 1
113030479 1
113030480 0
113030481 0
113030482 0
113030483 0
113030484 0
113030485 0
113030486 0
113030487 0
113030488 0
113030489 0
113030490 0
113030491 0
113030492 0
113030493 0
113030494 0
113030495 0
113030496 0
113030497 0
113030498 0
113030499 0
113030500 0
113030501 1
113030502 1
113030503 1
113030504 1
113030505 1
113030506 1
113030507 1
113030508 1
113030509 1
113030510 1
113030511 1
113030512 1
113030513 1
113030514 1
113030515 1
113030516 1
113030517 1
113030518 1
113030519 1
113030520 1
113030521 1
113030522 1
113030523 1
113030524 1
113030525 1
113030526 1
113030527 1
113030528 1
113030529 1
113030530 1
113030531 1
113030532 1
113030533 1
113030534 1
113030535 1
113030536 1
113030537 1
113030538 1
113030539 1
113030540 1
113030541 1
113030542 1
113030543 1
113030544 1
113030545 1
113030546 1
113030547 1
113030548 1
113030549 1
113030550 1
113030551 1
113030552 1
113030553 1
113030554 1
113030555 1
113030556 1
113030557 1
113030558 1
113030559 1
113030560 1
113030561 1
113030562 1
113030563 1
113030564 1
113030565 1
113030566 1
113030567 1
113030568 1
113030569 1
113030570 1
113030571 1
113030572 1
113030573 1
113030574 1
113030575 1
113030576 1
113030577 1
113030578 1
113030579 1
113030580 0
113030581 0
113030582 0
113030583 0
113030584 0
113030585 0
113030586 0
113030587 0
113030588 0
113030589 0
113030590 0
113030591 0
113030592 0
113030593 0
113030594 0
113030595 0
113030596 0
113030597 0
113030598 0
113030599 0
113030600 0
113030601 1
113030602 1
113030603 1
113030604 1
113030605 1
113030606 1
113030607 1
113030608 1
113030609 1
113030610 1
113030611 1
113030612 1
113030613 1
113030614 1
113030615 1
113030616 1
113030617 1
113030618 1
113030619 1
113030620 1
113030621 1
113030622 1
113030623 1
113030624 1
113030625 1
113030626 1
113030627 1
113030628 1
113030629 1
113030630 1
113030631 1
113030632 1
113030633 1
113030634 1
113030635 1
113030636 1
113030637 1
113030638 1
113030639 1
113030640 1
113030641 1
113030642 1
113030643 1
113030644 1
113030645 1
113030646 1
113030647 1
113030648 1
113030649 1
113030650 1
113030651 1
113030652 1
113030653 1
113030654 1
113030655 1
113030656 1
113030657 1
113030658 1
113030659 1
113030660 1
113030661 1
113030662 1
113030663 1
113030664 1
113030665 1
113030666 1
113030667 1
113030668 1
113030669 1
113030670 1
113030671 1
113030672 1
113030673 1
113030674 1
113030675 1
113030676 1
113030677 1
113030678 1
113030679 1
113030680 0
113030681 0
113030682 0
113030683 0
113030684 0
113030685 0
113030686 0
113030687 0
113030688 0
113030689 0
113030690 0
113030691 0
113030692 0
113030693 0
113030694 0
113030695 0
113030696 0
113030697 0
113030698 0
113030699 0
113030700 0
113030701 1
113030702 1
113030703 1
113030704 1
113030705 1
113030706 1
113030707 1
113030708 1
113030709 1
113030710 1
113030711 1
113030712 1
113030713 1
113030714 1
113030715 1
113030716 1
113030717 1
113030718 1
113030719 1
113030720 1
113030721 1
113030722 1
113030723 1
113030724 1
113030725 1
113030726 1
113030727 1
113030728 1
113030729 1
113030730 1
113030731 1
113030732 1
113030733 1
113030734 1
113030735 1
113030736 1
113030737 1
113030738 1
113030739 1
113030740 1
113030741 1
113030742 1
113030743 1
113030744 1
113030745 1
113030746 1
113030747 1
113030748 1
113030749 1
113030750 1
113030751 1
113030752 1
113030753 1
113030754 1
113030755 1
113030756 1
113030757 1
113030758 1
113030759 1
113030760 1
113030761 1
113030762 1
113030763 1
113030764 1
113030765 1
113030766 1
113030767 1
113030768 1
113030769 1
113030770 1
113030771 1
113030772 1
113030773 1
113030774 1
113030775 1
113030776 1
113030777 1
113030778 1
113030779 1
113030780 0
113030781 0
113030782 0
113030783 0
113030784 0
113030785 0
113030786 0
113030787 0
113030788 0
113030789 0
113030790 0
113030791 0
113030792 0
113030793 0
113030794 0
113030795 0
113030796 0
113030797 0
113030798 0
113030799 0
113030800 0
