113050001 1
113050002 1
113050003 1
113050004 1
113050005 1
113050006 1
113050007 1
113050008 1
113050009 1
113050010 1
113050011 1
113050012 1
113050013 1
113050014 1
113050015 1
113050016 1
113050017 1
113050018 1
113050019 1
113050020 1
113050021 1
113050022 1
113050023 1
113050024 1
113050025 1
113050026 1
113050027 1
113050028 1
113050029 1
113050030 1
113050031 1
113050032 1
113050033 1
113050034 1
113050035 1
113050036 1
113050037 1
113050038 1
113050039 1
113050040 1
113050041 1
113050042 1
113050043 1
113050044 1
113050045 1
113050046 1
113050047 1
113050048 1
113050049 1
113050050 1
113050051 1
113050052 1
113050053 1
113050054 1
113050055 1
113050056 1
113050057 1
113050058 1
113050059 1
113050060 1
113050061 1
113050062 1
113050063 1
113050064 1
113050065 1
113050066 1
113050067 1
113050068 1
113050069 1
113050070 1
113050071 1
113050072 1
113050073 1
113050074 1
113050075 1
113050076 1
113050077 1
113050078 1
113050079 1
113050080 0
113050081 0
113050082 0
113050083 0
113050084 0
113050085 0
113050086 0
113050087 0
113050088 0
113050089 0
113050090 0
113050091 0
113050092 0
113050093 0
113050094 0
113050095 0
113050096 0
113050097 0
113050098 0
113050099 0
113050100 0
113050101 1
113050102 1
113050103 1
113050104 1
113050105 1
113050106 1
113050107 1
113050108 1
113050109 1
113050110 1
113050111 1
113050112 1
113050113 1
113050114 1
113050115 1
113050116 1
113050117 1
113050118 1
113050119 1
113050120 1
113050121 1
113050122 1
113050123 1
113050124 1
113050125 1
113050126 1
113050127 1
113050128 1
113050129 1
113050130 1
113050131 1
113050132 1
113050133 1
113050134 1
113050135 1
113050136 1
113050137 1
113050138 1
113050139 1
113050140 1
113050141 1
113050142 1
113050143 1
113050144 1
113050145 1
113050146 1
113050147 1
113050148 1
113050149 1
113050150 1
113050151 1
113050152 1
113050153 1
113050154 1
113050155 1
113050156 1
113050157 1
113050158 1
113050159 1
113050160 1
113050161 1
113050162 1
113050163 1
113050164 1
113050165 1
113050166 1
113050167 1
113050168 1
113050169 1
113050170 1
113050171 1
113050172 1
113050173 1
113050174 1
113050175 1
113050176 1
113050177 1
113050178 1
113050179 1
113050180 0
113050181 0
113050182 0
113050183 0
113050184 0
113050185 0
113050186 0
113050187 0
113050188 0
113050189 0
113050190 0
113050191 0
113050192 0
113050193 0
113050194 0
113050195 0
113050196 0
113050197 0
113050198 0
113050199 0
113050200 0
113050201 1
113050202 1
113050203 1
113050204 1
113050205 1
113050206 1
113050207 1
113050208 1
113050209 1
113050210 1
113050211 1
113050212 1
113050213 1
113050214 1
113050215 1
113050216 1
113050217 1
113050218 1
113050219 1
113050220 1
113050221 1
113050222 1
113050223 1
113050224 1
113050225 1
113050226 1
113050227 1
113050228 1
113050229 1
113050230 1
113050231 1
113050232 1
113050233 1
113050234 1
113050235 1
113050236 1
113050237 1
113050238 1
113050239 1
113050240 1
113050241 1
113050242 1
113050243 1
113050244 1
113050245 1
113050246 1
113050247 1
113050248 1
113050249 1
113050250 1
113050251 1
113050252 1
113050253 1
113050254 1
113050255 1
113050256 1
113050257 1
113050258 1
113050259 1
113050260 1
113050261 1
113050262 1
113050263 1
113050264 1
113050265 1
113050266 1
113050267 1
113050268 1
113050269 1
113050270 1
113050271 1
113050272 1
113050273 1
113050274 1
113050275 1
113050276 1
113050277 1
113050278 1
113050279 1
113050280 0
113050281 0
113050282 0
113050283 0
113050284 0
113050285 0
113050286 0
113050287 0
113050288 0
113050289 0
113050290 0
113050291 0
113050292 0
113050293 0
113050294 0
113050295 0
113050296 0
113050297 0
113050298 0
113050299 0
113050300 0
113050301 1
113050302 1
113050303 1
113050304 1
113050305 1
113050306 1
113050307 1
113050308 1
113050309 1
113050310 1
113050311 1
113050312 1
113050313 1
113050314 1
113050315 1
113050316 1
113050317 1
113050318 1
113050319 1
113050320 1
113050321 1
113050322 1
113050323 1
113050324 1
113050325 1
113050326 1
113050327 1
113050328 1
113050329 1
113050330 1
113050331 1
113050332 1
113050333 1
113050334 1
113050335 1
113050336 1
113050337 1
113050338 1
113050339 1
113050340 1
113050341 1
113050342 1
113050343 1
113050344 1
113050345 1
113050346 1
113050347 1
113050348 1
113050349 1
113050350 1
113050351 1
113050352 1
113050353 1
113050354 1
113050355 1
113050356 1
113050357 1
113050358 1
113050359 1
113050360 1
113050361 1
113050362 1
113050363 1
113050364 1
113050365 1
113050366 1
113050367 1
113050368 1
113050369 1
113050370 1
113050371 1
113050372 1
113050373 1
113050374 1
113050375 1
113050376 1
113050377 1
113050378 1
113050379 1
113050380 0
113050381 0
113050382 0
113050383 0
113050384 0
113050385 0
113050386 0
113050387 0
113050388 0
113050389 0
113050390 0
113050391 0
113050392 0
113050393 0
113050394 0
113050395 0
113050396 0
113050397 0
113050398 0
113050399 0
113050400 0
113050401 1
113050402 1
113050403 1
113050404 1
113050405 1
113050406 1
113050407 1
113050408 1
113050409 1
113050410 1
113050411 1
113050412 1
113050413 1
113050414 1
113050415 1
113050416 1
113050417 1
113050418 1
113050419 1
113050420 1
113050421 1
113050422 1
113050423 1
113050424 1
113050425 1
113050426 1
113050427 1
113050428 1
113050429 1
113050430 1
113050431 1
113050432 1
113050433 1
113050434 1
113050435 1
113050436 1
113050437 1
113050438 1
113050439 1
113050440 1
113050441 1
113050442 1
113050443 1
113050444 1
113050445 1
113050446 1
113050447 1
113050448 1
113050449 1
113050450 1
113050451 1
113050452 1
113050453 1
113050454 1
113050455 1
113050456 1
113050457 1
113050458 1
113050459 1
113050460 1
113050461 1
113050462 1
113050463 1
113050464 1
113050465 1
113050466 1
113050467 1
113050468 1
113050469 1
113050470 1
113050471 1
113050472 1
113050473 1
113050474 1
113050475 1
113050476 1
113050477 1
113050478 1
113050479 1
113050480 0
113050481 0
113050482 0
113050483 0
113050484 0
113050485 0
113050486 0
113050487 0
113050488 0
113050489 0
113050490 0
113050491 0
113050492 0
113050493 0
113050494 0
113050495 0
113050496 0
113050497 0
113050498 0
113050499 0
113050500 0
113050501 1
113050502 1
113050503 1
113050504 1
113050505 1
113050506 1
113050507 1
113050508 1
113050509 1
113050510 1
113050511 1
113050512 1
113050513 1
113050514 1
113050515 1
113050516 1
113050517 1
113050518 1
113050519 1
113050520 1
113050521 1
113050522 1
113050523 1
113050524 1
113050525 1
113050526 1
113050527 1
113050528 1
113050529 1
113050530 1
113050531 1
113050532 1
113050533 1
113050534 1
113050535 1
113050536 1
113050537 1
113050538 1
113050539 1
113050540 1
113050541 1
113050542 1
113050543 1
113050544 1
113050545 1
113050546 1
113050547 1
113050548 1
113050549 1
113050550 1
113050551 1
113050552 1
113050553 1
113050554 1
113050555 1
113050556 1
113050557 1
113050558 1
113050559 1
113050560 1
113050561 1
113050562 1
113050563 1
113050564 1
113050565 1
113050566 1
113050567 1
113050568 1
113050569 1
113050570 1
113050571 1
113050572 1
113050573 1
113050574 1
113050575 1
113050576 1
113050577 1
113050578 1
113050579 1
113050580 0
113050581 0
113050582 0
113050583 0
113050584 0
113050585 0
113050586 0
113050587 0
113050588 0
113050589 0
113050590 0
113050591 0
113050592 0
113050593 0
113050594 0
113050595 0
113050596 0
113050597 0
113050598 0
113050599 0
113050600 0
113050601 1
113050602 1
113050603 1
113050604 1
113050605 1
113050606 1
113050607 1
113050608 1
113050609 1
113050610 1
113050611 1
113050612 1
113050613 1
113050614 1
113050615 1
113050616 1
113050617 1
113050618 1
113050619 1
113050620 1
113050621 1
113050622 1
113050623 1
113050624 1
113050625 1
113050626 1
113050627 1
113050628 1
113050629 1
113050630 1
113050631 1
113050632 1
113050633 1
113050634 1
113050635 1
113050636 1
113050637 1
113050638 1
113050639 1
113050640 1
113050641 1
113050642 1
113050643 1
113050644 1
113050645 1
113050646 1
113050647 1
113050648 1
113050649 1
113050650 1
113050651 1
113050652 1
113050653 1
113050654 1
113050655 1
113050656 1
113050657 1
113050658 1
113050659 1
113050660 1
113050661 1
113050662 1
113050663 1
113050664 1
113050665 1
113050666 1
113050667 1
113050668 1
113050669 1
113050670 1
113050671 1
113050672 1
113050673 1
113050674 1
113050675 1
113050676 1
113050677 1
113050678 1
113050679 1
113050680 0
113050681 0
113050682 0
113050683 0
113050684 0
113050685 0
113050686 0
113050687 0
113050688 0
113050689 0
113050690 0
113050691 0
113050692 0
113050693 0
113050694 0
113050695 0
113050696 0
113050697 0
113050698 0
113050699 0
113050700 0
113050701 1
113050702 1
113050703 1
113050704 1
113050705 1
113050706 1
113050707 1
113050708 1
113050709 1
113050710 1
113050711 1
113050712 1
113050713 1
113050714 1
113050715 1
113050716 1
113050717 1
113050718 1
113050719 1
113050720 1
113050721 1
113050722 1
113050723 1
113050724 1
113050725 1
113050726 1
113050727 1
113050728 1
113050729 1
113050730 1
113050731 1
113050732 1
113050733 1
113050734 1
113050735 1
113050736 1
113050737 1
113050738 1
113050739 1
113050740 1
113050741 1
113050742 1
113050743 1
113050744 1
113050745 1
113050746 1
113050747 1
113050748 1
113050749 1
113050750 1
113050751 1
113050752 1
113050753 1
113050754 1
113050755 1
113050756 1
113050757 1
113050758 1
113050759 1
113050760 1
113050761 1
113050762 1
113050763 1
113050764 1
113050765 1
113050766 1
113050767 1
113050768 1
113050769 1
113050770 1
113050771 1
113050772 1
113050773 1
113050774 1
113050775 1
113050776 1
113050777 1
113050778 1
113050779 1
113050780 0
113050781 0
113050782 0
113050783 0
113050784 0
113050785 0
113050786 0
113050787 0
113050788 0
113050789 0
113050790 0
113050791 0
113050792 0
113050793 0
113050794 0
113050795 0
113050796 0
113050797 0
113050798 0
113050799 0
113050800 0
