102050001 0
102050002 0
102050003 0
102050004 0
102050005 0
102050006 0
102050007 0
102050008 0
102050009 0
102050010 0
102050011 0
102050012 0
102050013 0
102050014 0
102050015 0
102050016 0
102050017 0
102050018 0
102050019 0
102050020 0
102050021 1
102050022 1
102050023 1
102050024 1
102050025 1
102050026 1
102050027 1
102050028 1
102050029 1
102050030 1
102050031 1
102050032 1
102050033 1
102050034 1
102050035 1
102050036 1
102050037 1
102050038 1
102050039 1
102050040 1
102050041 1
102050042 1
102050043 1
102050044 1
102050045 1
102050046 1
102050047 1
102050048 1
102050049 1
102050050 1
102050051 1
102050052 1
102050053 1
102050054 1
102050055 1
102050056 1
102050057 1
102050058 1
102050059 1
102050060 1
102050061 1
102050062 1
102050063 1
102050064 1
102050065 1
102050066 1
102050067 1
102050068 1
102050069 1
102050070 1
102050071 1
102050072 1
102050073 1
102050074 1
102050075 1
102050076 1
102050077 1
102050078 1
102050079 1
102050080 1
102050081 1
102050082 1
102050083 1
102050084 1
102050085 1
102050086 1
102050087 1
102050088 1
102050089 1
102050090 1
102050091 1
102050092 1
102050093 1
102050094 1
102050095 1
102050096 1
102050097 1
102050098 1
102050099 1
102050100 1
102050101 0
102050102 0
102050103 0
102050104 0
102050105 0
102050106 0
102050107 0
102050108 0
102050109 0
102050110 0
102050111 0
102050112 0
102050113 0
102050114 0
102050115 0
102050116 0
102050117 0
102050118 0
102050119 0
102050120 0
102050121 1
102050122 1
102050123 1
102050124 1
102050125 1
102050126 1
102050127 1
102050128 1
102050129 1
102050130 1
102050131 1
102050132 1
102050133 1
102050134 1
102050135 1
102050136 1
102050137 1
102050138 1
102050139 1
102050140 1
102050141 1
102050142 1
102050143 1
102050144 1
102050145 1
102050146 1
102050147 1
102050148 1
102050149 1
102050150 1
102050151 1
102050152 1
102050153 1
102050154 1
102050155 1
102050156 1
102050157 1
102050158 1
102050159 1
102050160 1
102050161 1
102050162 1
102050163 1
102050164 1
102050165 1
102050166 1
102050167 1
102050168 1
102050169 1
102050170 1
102050171 1
102050172 1
102050173 1
102050174 1
102050175 1
102050176 1
102050177 1
102050178 1
102050179 1
102050180 1
102050181 1
102050182 1
102050183 1
102050184 1
102050185 1
102050186 1
102050187 1
102050188 1
102050189 1
102050190 1
102050191 1
102050192 1
102050193 1
102050194 1
102050195 1
102050196 1
102050197 1
102050198 1
102050199 1
102050200 1
102050201 0
102050202 0
102050203 0
102050204 0
102050205 0
102050206 0
102050207 0
102050208 0
102050209 0
102050210 0
102050211 0
102050212 0
102050213 0
102050214 0
102050215 0
102050216 0
102050217 0
102050218 0
102050219 0
102050220 0
102050221 1
102050222 1
102050223 1
102050224 1
102050225 1
102050226 1
102050227 1
102050228 1
102050229 1
102050230 1
102050231 1
102050232 1
102050233 1
102050234 1
102050235 1
102050236 1
102050237 1
102050238 1
102050239 1
102050240 1
102050241 1
102050242 1
102050243 1
102050244 1
102050245 1
102050246 1
102050247 1
102050248 1
102050249 1
102050250 1
102050251 1
102050252 1
102050253 1
102050254 1
102050255 1
102050256 1
102050257 1
102050258 1
102050259 1
102050260 1
102050261 1
102050262 1
102050263 1
102050264 1
102050265 1
102050266 1
102050267 1
102050268 1
102050269 1
102050270 1
102050271 1
102050272 1
102050273 1
102050274 1
102050275 1
102050276 1
102050277 1
102050278 1
102050279 1
102050280 1
102050281 1
102050282 1
102050283 1
102050284 1
102050285 1
102050286 1
102050287 1
102050288 1
102050289 1
102050290 1
102050291 1
102050292 1
102050293 1
102050294 1
102050295 1
102050296 1
102050297 1
102050298 1
102050299 1
102050300 1
102050301 0
102050302 0
102050303 0
102050304 0
102050305 0
102050306 0
102050307 0
102050308 0
102050309 0
102050310 0
102050311 0
102050312 0
102050313 0
102050314 0
102050315 0
102050316 0
102050317 0
102050318 0
102050319 0
102050320 0
102050321 1
102050322 1
102050323 1
102050324 1
102050325 1
102050326 1
102050327 1
102050328 1
102050329 1
102050330 1
102050331 1
102050332 1
102050333 1
102050334 1
102050335 1
102050336 1
102050337 1
102050338 1
102050339 1
102050340 1
102050341 1
102050342 1
102050343 1
102050344 1
102050345 1
102050346 1
102050347 1
102050348 1
102050349 1
102050350 1
102050351 1
102050352 1
102050353 1
102050354 1
102050355 1
102050356 1
102050357 1
102050358 1
102050359 1
102050360 1
102050361 1
102050362 1
102050363 1
102050364 1
102050365 1
102050366 1
102050367 1
102050368 1
102050369 1
102050370 1
102050371 1
102050372 1
102050373 1
102050374 1
102050375 1
102050376 1
102050377 1
102050378 1
102050379 1
102050380 1
102050381 1
102050382 1
102050383 1
102050384 1
102050385 1
102050386 1
102050387 1
102050388 1
102050389 1
102050390 1
102050391 1
102050392 1
102050393 1
102050394 1
102050395 1
102050396 1
102050397 1
102050398 1
102050399 1
102050400 1
102050401 0
102050402 0
102050403 0
102050404 0
102050405 0
102050406 0
102050407 0
102050408 0
102050409 0
102050410 0
102050411 0
102050412 0
102050413 0
102050414 0
102050415 0
102050416 0
102050417 0
102050418 0
102050419 0
102050420 0
102050421 1
102050422 1
102050423 1
102050424 1
102050425 1
102050426 1
102050427 1
102050428 1
102050429 1
102050430 1
102050431 1
102050432 1
102050433 1
102050434 1
102050435 1
102050436 1
102050437 1
102050438 1
102050439 1
102050440 1
102050441 1
102050442 1
102050443 1
102050444 1
102050445 1
102050446 1
102050447 1
102050448 1
102050449 1
102050450 1
102050451 1
102050452 1
102050453 1
102050454 1
102050455 1
102050456 1
102050457 1
102050458 1
102050459 1
102050460 1
102050461 1
102050462 1
102050463 1
102050464 1
102050465 1
102050466 1
102050467 1
102050468 1
102050469 1
102050470 1
102050471 1
102050472 1
102050473 1
102050474 1
102050475 1
102050476 1
102050477 1
102050478 1
102050479 1
102050480 1
102050481 1
102050482 1
102050483 1
102050484 1
102050485 1
102050486 1
102050487 1
102050488 1
102050489 1
102050490 1
102050491 1
102050492 1
102050493 1
102050494 1
102050495 1
102050496 1
102050497 1
102050498 1
102050499 1
102050500 1
102050501 0
102050502 0
102050503 0
102050504 0
102050505 0
102050506 0
102050507 0
102050508 0
102050509 0
102050510 0
102050511 0
102050512 0
102050513 0
102050514 0
102050515 0
102050516 0
102050517 0
102050518 0
102050519 0
102050520 0
102050521 1
102050522 1
102050523 1
102050524 1
102050525 1
102050526 1
102050527 1
102050528 1
102050529 1
102050530 1
102050531 1
102050532 1
102050533 1
102050534 1
102050535 1
102050536 1
102050537 1
102050538 1
102050539 1
102050540 1
102050541 1
102050542 1
102050543 1
102050544 1
102050545 1
102050546 1
102050547 1
102050548 1
102050549 1
102050550 1
102050551 1
102050552 1
102050553 1
102050554 1
102050555 1
102050556 1
102050557 1
102050558 1
102050559 1
102050560 1
102050561 1
102050562 1
102050563 1
102050564 1
102050565 1
102050566 1
102050567 1
102050568 1
102050569 1
102050570 1
102050571 1
102050572 1
102050573 1
102050574 1
102050575 1
102050576 1
102050577 1
102050578 1
102050579 1
102050580 1
102050581 1
102050582 1
102050583 1
102050584 1
102050585 1
102050586 1
102050587 1
102050588 1
102050589 1
102050590 1
102050591 1
102050592 1
102050593 1
102050594 1
102050595 1
102050596 1
102050597 1
102050598 1
102050599 1
102050600 1
102050601 0
102050602 0
102050603 0
102050604 0
102050605 0
102050606 0
102050607 0
102050608 0
102050609 0
102050610 0
102050611 0
102050612 0
102050613 0
102050614 0
102050615 0
102050616 0
102050617 0
102050618 0
102050619 0
102050620 0
102050621 1
102050622 1
102050623 1
102050624 1
102050625 1
102050626 1
102050627 1
102050628 1
102050629 1
102050630 1
102050631 1
102050632 1
102050633 1
102050634 1
102050635 1
102050636 1
102050637 1
102050638 1
102050639 1
102050640 1
102050641 1
102050642 1
102050643 1
102050644 1
102050645 1
102050646 1
102050647 1
102050648 1
102050649 1
102050650 1
102050651 1
102050652 1
102050653 1
102050654 1
102050655 1
102050656 1
102050657 1
102050658 1
102050659 1
102050660 1
102050661 1
102050662 1
102050663 1
102050664 1
102050665 1
102050666 1
102050667 1
102050668 1
102050669 1
102050670 1
102050671 1
102050672 1
102050673 1
102050674 1
102050675 1
102050676 1
102050677 1
102050678 1
102050679 1
102050680 1
102050681 1
102050682 1
102050683 1
102050684 1
102050685 1
102050686 1
102050687 1
102050688 1
102050689 1
102050690 1
102050691 1
102050692 1
102050693 1
102050694 1
102050695 1
102050696 1
102050697 1
102050698 1
102050699 1
102050700 1
102050701 0
102050702 0
102050703 0
102050704 0
102050705 0
102050706 0
102050707 0
102050708 0
102050709 0
102050710 0
102050711 0
102050712 0
102050713 0
102050714 0
102050715 0
102050716 0
102050717 0
102050718 0
102050719 0
102050720 0
102050721 1
102050722 1
102050723 1
102050724 1
102050725 1
102050726 1
102050727 1
102050728 1
102050729 1
102050730 1
102050731 1
102050732 1
102050733 1
102050734 1
102050735 1
102050736 1
102050737 1
102050738 1
102050739 1
102050740 1
102050741 1
102050742 1
102050743 1
102050744 1
102050745 1
102050746 1
102050747 1
102050748 1
102050749 1
102050750 1
102050751 1
102050752 1
102050753 1
102050754 1
102050755 1
102050756 1
102050757 1
102050758 1
102050759 1
102050760 1
102050761 1
102050762 1
102050763 1
102050764 1
102050765 1
102050766 1
102050767 1
102050768 1
102050769 1
102050770 1
102050771 1
102050772 1
102050773 1
102050774 1
102050775 1
102050776 1
102050777 1
102050778 1
102050779 1
102050780 1
102050781 1
102050782 1
102050783 1
102050784 1
102050785 1
102050786 1
102050787 1
102050788 1
102050789 1
102050790 1
102050791 1
102050792 1
102050793 1
102050794 1
102050795 1
102050796 1
102050797 1
102050798 1
102050799 1
102050800 1
