102040001 0
102040002 0
102040003 0
102040004 0
102040005 0
102040006 0
102040007 0
102040008 0
102040009 0
102040010 0
102040011 0
102040012 0
102040013 0
102040014 0
102040015 0
102040016 0
102040017 0
102040018 0
102040019 0
102040020 0
102040021 1
102040022 1
102040023 1
102040024 1
102040025 1
102040026 1
102040027 1
102040028 1
102040029 1
102040030 1
102040031 1
102040032 1
102040033 1
102040034 1
102040035 1
102040036 1
102040037 1
102040038 1
102040039 1
102040040 1
102040041 1
102040042 1
102040043 1
102040044 1
102040045 1
102040046 1
102040047 1
102040048 1
102040049 1
102040050 1
102040051 1
102040052 1
102040053 1
102040054 1
102040055 1
102040056 1
102040057 1
102040058 1
102040059 1
102040060 1
102040061 1
102040062 1
102040063 1
102040064 1
102040065 1
102040066 1
102040067 1
102040068 1
102040069 1
102040070 1
102040071 1
102040072 1
102040073 1
102040074 1
102040075 1
102040076 1
102040077 1
102040078 1
102040079 1
102040080 1
102040081 1
102040082 1
102040083 1
102040084 1
102040085 1
102040086 1
102040087 1
102040088 1
102040089 1
102040090 1
102040091 1
102040092 1
102040093 1
102040094 1
102040095 1
102040096 1
102040097 1
102040098 1
102040099 1
102040100 1
102040101 0
102040102 0
102040103 0
102040104 0
102040105 0
102040106 0
102040107 0
102040108 0
102040109 0
102040110 0
102040111 0
102040112 0
102040113 0
102040114 0
102040115 0
102040116 0
102040117 0
102040118 0
102040119 0
102040120 0
102040121 1
102040122 1
102040123 1
102040124 1
102040125 1
102040126 1
102040127 1
102040128 1
102040129 1
102040130 1
102040131 1
102040132 1
102040133 1
102040134 1
102040135 1
102040136 1
102040137 1
102040138 1
102040139 1
102040140 1
102040141 1
102040142 1
102040143 1
102040144 1
102040145 1
102040146 1
102040147 1
102040148 1
102040149 1
102040150 1
102040151 1
102040152 1
102040153 1
102040154 1
102040155 1
102040156 1
102040157 1
102040158 1
102040159 1
102040160 1
102040161 1
102040162 1
102040163 1
102040164 1
102040165 1
102040166 1
102040167 1
102040168 1
102040169 1
102040170 1
102040171 1
102040172 1
102040173 1
102040174 1
102040175 1
102040176 1
102040177 1
102040178 1
102040179 1
102040180 1
102040181 1
102040182 1
102040183 1
102040184 1
102040185 1
102040186 1
102040187 1
102040188 1
102040189 1
102040190 1
102040191 1
102040192 1
102040193 1
102040194 1
102040195 1
102040196 1
102040197 1
102040198 1
102040199 1
102040200 1
102040201 0
102040202 0
102040203 0
102040204 0
102040205 0
102040206 0
102040207 0
102040208 0
102040209 0
102040210 0
102040211 0
102040212 0
102040213 0
102040214 0
102040215 0
102040216 0
102040217 0
102040218 0
102040219 0
102040220 0
102040221 1
102040222 1
102040223 1
102040224 1
102040225 1
102040226 1
102040227 1
102040228 1
102040229 1
102040230 1
102040231 1
102040232 1
102040233 1
102040234 1
102040235 1
102040236 1
102040237 1
102040238 1
102040239 1
102040240 1
102040241 1
102040242 1
102040243 1
102040244 1
102040245 1
102040246 1
102040247 1
102040248 1
102040249 1
102040250 1
102040251 1
102040252 1
102040253 1
102040254 1
102040255 1
102040256 1
102040257 1
102040258 1
102040259 1
102040260 1
102040261 1
102040262 1
102040263 1
102040264 1
102040265 1
102040266 1
102040267 1
102040268 1
102040269 1
102040270 1
102040271 1
102040272 1
102040273 1
102040274 1
102040275 1
102040276 1
102040277 1
102040278 1
102040279 1
102040280 1
102040281 1
102040282 1
102040283 1
102040284 1
102040285 1
102040286 1
102040287 1
102040288 1
102040289 1
102040290 1
102040291 1
102040292 1
102040293 1
102040294 1
102040295 1
102040296 1
102040297 1
102040298 1
102040299 1
102040300 1
102040301 0
102040302 0
102040303 0
102040304 0
102040305 0
102040306 0
102040307 0
102040308 0
102040309 0
102040310 0
102040311 0
102040312 0
102040313 0
102040314 0
102040315 0
102040316 0
102040317 0
102040318 0
102040319 0
102040320 0
102040321 1
102040322 1
102040323 1
102040324 1
102040325 1
102040326 1
102040327 1
102040328 1
102040329 1
102040330 1
102040331 1
102040332 1
102040333 1
102040334 1
102040335 1
102040336 1
102040337 1
102040338 1
102040339 1
102040340 1
102040341 1
102040342 1
102040343 1
102040344 1
102040345 1
102040346 1
102040347 1
102040348 1
102040349 1
102040350 1
102040351 1
102040352 1
102040353 1
102040354 1
102040355 1
102040356 1
102040357 1
102040358 1
102040359 1
102040360 1
102040361 1
102040362 1
102040363 1
102040364 1
102040365 1
102040366 1
102040367 1
102040368 1
102040369 1
102040370 1
102040371 1
102040372 1
102040373 1
102040374 1
102040375 1
102040376 1
102040377 1
102040378 1
102040379 1
102040380 1
102040381 1
102040382 1
102040383 1
102040384 1
102040385 1
102040386 1
102040387 1
102040388 1
102040389 1
102040390 1
102040391 1
102040392 1
102040393 1
102040394 1
102040395 1
102040396 1
102040397 1
102040398 1
102040399 1
102040400 1
102040401 0
102040402 0
102040403 0
102040404 0
102040405 0
102040406 0
102040407 0
102040408 0
102040409 0
102040410 0
102040411 0
102040412 0
102040413 0
102040414 0
102040415 0
102040416 0
102040417 0
102040418 0
102040419 0
102040420 0
102040421 1
102040422 1
102040423 1
102040424 1
102040425 1
102040426 1
102040427 1
102040428 1
102040429 1
102040430 1
102040431 1
102040432 1
102040433 1
102040434 1
102040435 1
102040436 1
102040437 1
102040438 1
102040439 1
102040440 1
102040441 1
102040442 1
102040443 1
102040444 1
102040445 1
102040446 1
102040447 1
102040448 1
102040449 1
102040450 1
102040451 1
102040452 1
102040453 1
102040454 1
102040455 1
102040456 1
102040457 1
102040458 1
102040459 1
102040460 1
102040461 1
102040462 1
102040463 1
102040464 1
102040465 1
102040466 1
102040467 1
102040468 1
102040469 1
102040470 1
102040471 1
102040472 1
102040473 1
102040474 1
102040475 1
102040476 1
102040477 1
102040478 1
102040479 1
102040480 1
102040481 1
102040482 1
102040483 1
102040484 1
102040485 1
102040486 1
102040487 1
102040488 1
102040489 1
102040490 1
102040491 1
102040492 1
102040493 1
102040494 1
102040495 1
102040496 1
102040497 1
102040498 1
102040499 1
102040500 1
102040501 0
102040502 0
102040503 0
102040504 0
102040505 0
102040506 0
102040507 0
102040508 0
102040509 0
102040510 0
102040511 0
102040512 0
102040513 0
102040514 0
102040515 0
102040516 0
102040517 0
102040518 0
102040519 0
102040520 0
102040521 1
102040522 1
102040523 1
102040524 1
102040525 1
102040526 1
102040527 1
102040528 1
102040529 1
102040530 1
102040531 1
102040532 1
102040533 1
102040534 1
102040535 1
102040536 1
102040537 1
102040538 1
102040539 1
102040540 1
102040541 1
102040542 1
102040543 1
102040544 1
102040545 1
102040546 1
102040547 1
102040548 1
102040549 1
102040550 1
102040551 1
102040552 1
102040553 1
102040554 1
102040555 1
102040556 1
102040557 1
102040558 1
102040559 1
102040560 1
102040561 1
102040562 1
102040563 1
102040564 1
102040565 1
102040566 1
102040567 1
102040568 1
102040569 1
102040570 1
102040571 1
102040572 1
102040573 1
102040574 1
102040575 1
102040576 1
102040577 1
102040578 1
102040579 1
102040580 1
102040581 1
102040582 1
102040583 1
102040584 1
102040585 1
102040586 1
102040587 1
102040588 1
102040589 1
102040590 1
102040591 1
102040592 1
102040593 1
102040594 1
102040595 1
102040596 1
102040597 1
102040598 1
102040599 1
102040600 1
102040601 0
102040602 0
102040603 0
102040604 0
102040605 0
102040606 0
102040607 0
102040608 0
102040609 0
102040610 0
102040611 0
102040612 0
102040613 0
102040614 0
102040615 0
102040616 0
102040617 0
102040618 0
102040619 0
102040620 0
102040621 1
102040622 1
102040623 1
102040624 1
102040625 1
102040626 1
102040627 1
102040628 1
102040629 1
102040630 1
102040631 1
102040632 1
102040633 1
102040634 1
102040635 1
102040636 1
102040637 1
102040638 1
102040639 1
102040640 1
102040641 1
102040642 1
102040643 1
102040644 1
102040645 1
102040646 1
102040647 1
102040648 1
102040649 1
102040650 1
102040651 1
102040652 1
102040653 1
102040654 1
102040655 1
102040656 1
102040657 1
102040658 1
102040659 1
102040660 1
102040661 1
102040662 1
102040663 1
102040664 1
102040665 1
102040666 1
102040667 1
102040668 1
102040669 1
102040670 1
102040671 1
102040672 1
102040673 1
102040674 1
102040675 1
102040676 1
102040677 1
102040678 1
102040679 1
102040680 1
102040681 1
102040682 1
102040683 1
102040684 1
102040685 1
102040686 1
102040687 1
102040688 1
102040689 1
102040690 1
102040691 1
102040692 1
102040693 1
102040694 1
102040695 1
102040696 1
102040697 1
102040698 1
102040699 1
102040700 1
102040701 0
102040702 0
102040703 0
102040704 0
102040705 0
102040706 0
102040707 0
102040708 0
102040709 0
102040710 0
102040711 0
102040712 0
102040713 0
102040714 0
102040715 0
102040716 0
102040717 0
102040718 0
102040719 0
102040720 0
102040721 1
102040722 1
102040723 1
102040724 1
102040725 1
102040726 1
102040727 1
102040728 1
102040729 1
102040730 1
102040731 1
102040732 1
102040733 1
102040734 1
102040735 1
102040736 1
102040737 1
102040738 1
102040739 1
102040740 1
102040741 1
102040742 1
102040743 1
102040744 1
102040745 1
102040746 1
102040747 1
102040748 1
102040749 1
102040750 1
102040751 1
102040752 1
102040753 1
102040754 1
102040755 1
102040756 1
102040757 1
102040758 1
102040759 1
102040760 1
102040761 1
102040762 1
102040763 1
102040764 1
102040765 1
102040766 1
102040767 1
102040768 1
102040769 1
102040770 1
102040771 1
102040772 1
102040773 1
102040774 1
102040775 1
102040776 1
102040777 1
102040778 1
102040779 1
102040780 1
102040781 1
102040782 1
102040783 1
102040784 1
102040785 1
102040786 1
102040787 1
102040788 1
102040789 1
102040790 1
102040791 1
102040792 1
102040793 1
102040794 1
102040795 1
102040796 1
102040797 1
102040798 1
102040799 1
102040800 1
