102030001 0
102030002 0
102030003 0
102030004 0
102030005 0
102030006 0
102030007 0
102030008 0
102030009 0
102030010 0
102030011 0
102030012 0
102030013 0
102030014 0
102030015 0
102030016 0
102030017 0
102030018 0
102030019 0
102030020 0
102030021 1
102030022 1
102030023 1
102030024 1
102030025 1
102030026 1
102030027 1
102030028 1
102030029 1
102030030 1
102030031 1
102030032 1
102030033 1
102030034 1
102030035 1
102030036 1
102030037 1
102030038 1
102030039 1
102030040 1
102030041 1
102030042 1
102030043 1
102030044 1
102030045 1
102030046 1
102030047 1
102030048 1
102030049 1
102030050 1
102030051 1
102030052 1
102030053 1
102030054 1
102030055 1
102030056 1
102030057 1
102030058 1
102030059 1
102030060 1
102030061 1
102030062 1
102030063 1
102030064 1
102030065 1
102030066 1
102030067 1
102030068 1
102030069 1
102030070 1
102030071 1
102030072 1
102030073 1
102030074 1
102030075 1
102030076 1
102030077 1
102030078 1
102030079 1
102030080 1
102030081 1
102030082 1
102030083 1
102030084 1
102030085 1
102030086 1
102030087 1
102030088 1
102030089 1
102030090 1
102030091 1
102030092 1
102030093 1
102030094 1
102030095 1
102030096 1
102030097 1
102030098 1
102030099 1
102030100 1
102030101 0
102030102 0
102030103 0
102030104 0
102030105 0
102030106 0
102030107 0
102030108 0
102030109 0
102030110 0
102030111 0
102030112 0
102030113 0
102030114 0
102030115 0
102030116 0
102030117 0
102030118 0
102030119 0
102030120 0
102030121 1
102030122 1
102030123 1
102030124 1
102030125 1
102030126 1
102030127 1
102030128 1
102030129 1
102030130 1
102030131 1
102030132 1
102030133 1
102030134 1
102030135 1
102030136 1
102030137 1
102030138 1
102030139 1
102030140 1
102030141 1
102030142 1
102030143 1
102030144 1
102030145 1
102030146 1
102030147 1
102030148 1
102030149 1
102030150 1
102030151 1
102030152 1
102030153 1
102030154 1
102030155 1
102030156 1
102030157 1
102030158 1
102030159 1
102030160 1
102030161 1
102030162 1
102030163 1
102030164 1
102030165 1
102030166 1
102030167 1
102030168 1
102030169 1
102030170 1
102030171 1
102030172 1
102030173 1
102030174 1
102030175 1
102030176 1
102030177 1
102030178 1
102030179 1
102030180 1
102030181 1
102030182 1
102030183 1
102030184 1
102030185 1
102030186 1
102030187 1
102030188 1
102030189 1
102030190 1
102030191 1
102030192 1
102030193 1
102030194 1
102030195 1
102030196 1
102030197 1
102030198 1
102030199 1
102030200 1
102030201 0
102030202 0
102030203 0
102030204 0
102030205 0
102030206 0
102030207 0
102030208 0
102030209 0
102030210 0
102030211 0
102030212 0
102030213 0
102030214 0
102030215 0
102030216 0
102030217 0
102030218 0
102030219 0
102030220 0
102030221 1
102030222 1
102030223 1
102030224 1
102030225 1
102030226 1
102030227 1
102030228 1
102030229 1
102030230 1
102030231 1
102030232 1
102030233 1
102030234 1
102030235 1
102030236 1
102030237 1
102030238 1
102030239 1
102030240 1
102030241 1
102030242 1
102030243 1
102030244 1
102030245 1
102030246 1
102030247 1
102030248 1
102030249 1
102030250 1
102030251 1
102030252 1
102030253 1
102030254 1
102030255 1
102030256 1
102030257 1
102030258 1
102030259 1
102030260 1
102030261 1
102030262 1
102030263 1
102030264 1
102030265 1
102030266 1
102030267 1
102030268 1
102030269 1
102030270 1
102030271 1
102030272 1
102030273 1
102030274 1
102030275 1
102030276 1
102030277 1
102030278 1
102030279 1
102030280 1
102030281 1
102030282 1
102030283 1
102030284 1
102030285 1
102030286 1
102030287 1
102030288 1
102030289 1
102030290 1
102030291 1
102030292 1
102030293 1
102030294 1
102030295 1
102030296 1
102030297 1
102030298 1
102030299 1
102030300 1
102030301 0
102030302 0
102030303 0
102030304 0
102030305 0
102030306 0
102030307 0
102030308 0
102030309 0
102030310 0
102030311 0
102030312 0
102030313 0
102030314 0
102030315 0
102030316 0
102030317 0
102030318 0
102030319 0
102030320 0
102030321 1
102030322 1
102030323 1
102030324 1
102030325 1
102030326 1
102030327 1
102030328 1
102030329 1
102030330 1
102030331 1
102030332 1
102030333 1
102030334 1
102030335 1
102030336 1
102030337 1
102030338 1
102030339 1
102030340 1
102030341 1
102030342 1
102030343 1
102030344 1
102030345 1
102030346 1
102030347 1
102030348 1
102030349 1
102030350 1
102030351 1
102030352 1
102030353 1
102030354 1
102030355 1
102030356 1
102030357 1
102030358 1
102030359 1
102030360 1
102030361 1
102030362 1
102030363 1
102030364 1
102030365 1
102030366 1
102030367 1
102030368 1
102030369 1
102030370 1
102030371 1
102030372 1
102030373 1
102030374 1
102030375 1
102030376 1
102030377 1
102030378 1
102030379 1
102030380 1
102030381 1
102030382 1
102030383 1
102030384 1
102030385 1
102030386 1
102030387 1
102030388 1
102030389 1
102030390 1
102030391 1
102030392 1
102030393 1
102030394 1
102030395 1
102030396 1
102030397 1
102030398 1
102030399 1
102030400 1
102030401 0
102030402 0
102030403 0
102030404 0
102030405 0
102030406 0
102030407 0
102030408 0
102030409 0
102030410 0
102030411 0
102030412 0
102030413 0
102030414 0
102030415 0
102030416 0
102030417 0
102030418 0
102030419 0
102030420 0
102030421 1
102030422 1
102030423 1
102030424 1
102030425 1
102030426 1
102030427 1
102030428 1
102030429 1
102030430 1
102030431 1
102030432 1
102030433 1
102030434 1
102030435 1
102030436 1
102030437 1
102030438 1
102030439 1
102030440 1
102030441 1
102030442 1
102030443 1
102030444 1
102030445 1
102030446 1
102030447 1
102030448 1
102030449 1
102030450 1
102030451 1
102030452 1
102030453 1
102030454 1
102030455 1
102030456 1
102030457 1
102030458 1
102030459 1
102030460 1
102030461 1
102030462 1
102030463 1
102030464 1
102030465 1
102030466 1
102030467 1
102030468 1
102030469 1
102030470 1
102030471 1
102030472 1
102030473 1
102030474 1
102030475 1
102030476 1
102030477 1
102030478 1
102030479 1
102030480 1
102030481 1
102030482 1
102030483 1
102030484 1
102030485 1
102030486 1
102030487 1
102030488 1
102030489 1
102030490 1
102030491 1
102030492 1
102030493 1
102030494 1
102030495 1
102030496 1
102030497 1
102030498 1
102030499 1
102030500 1
102030501 0
102030502 0
102030503 0
102030504 0
102030505 0
102030506 0
102030507 0
102030508 0
102030509 0
102030510 0
102030511 0
102030512 0
102030513 0
102030514 0
102030515 0
102030516 0
102030517 0
102030518 0
102030519 0
102030520 0
102030521 1
102030522 1
102030523 1
102030524 1
102030525 1
102030526 1
102030527 1
102030528 1
102030529 1
102030530 1
102030531 1
102030532 1
102030533 1
102030534 1
102030535 1
102030536 1
102030537 1
102030538 1
102030539 1
102030540 1
102030541 1
102030542 1
102030543 1
102030544 1
102030545 1
102030546 1
102030547 1
102030548 1
102030549 1
102030550 1
102030551 1
102030552 1
102030553 1
102030554 1
102030555 1
102030556 1
102030557 1
102030558 1
102030559 1
102030560 1
102030561 1
102030562 1
102030563 1
102030564 1
102030565 1
102030566 1
102030567 1
102030568 1
102030569 1
102030570 1
102030571 1
102030572 1
102030573 1
102030574 1
102030575 1
102030576 1
102030577 1
102030578 1
102030579 1
102030580 1
102030581 1
102030582 1
102030583 1
102030584 1
102030585 1
102030586 1
102030587 1
102030588 1
102030589 1
102030590 1
102030591 1
102030592 1
102030593 1
102030594 1
102030595 1
102030596 1
102030597 1
102030598 1
102030599 1
102030600 1
102030601 0
102030602 0
102030603 0
102030604 0
102030605 0
102030606 0
102030607 0
102030608 0
102030609 0
102030610 0
102030611 0
102030612 0
102030613 0
102030614 0
102030615 0
102030616 0
102030617 0
102030618 0
102030619 0
102030620 0
102030621 1
102030622 1
102030623 1
102030624 1
102030625 1
102030626 1
102030627 1
102030628 1
102030629 1
102030630 1
102030631 1
102030632 1
102030633 1
102030634 1
102030635 1
102030636 1
102030637 1
102030638 1
102030639 1
102030640 1
102030641 1
102030642 1
102030643 1
102030644 1
102030645 1
102030646 1
102030647 1
102030648 1
102030649 1
102030650 1
102030651 1
102030652 1
102030653 1
102030654 1
102030655 1
102030656 1
102030657 1
102030658 1
102030659 1
102030660 1
102030661 1
102030662 1
102030663 1
102030664 1
102030665 1
102030666 1
102030667 1
102030668 1
102030669 1
102030670 1
102030671 1
102030672 1
102030673 1
102030674 1
102030675 1
102030676 1
102030677 1
102030678 1
102030679 1
102030680 1
102030681 1
102030682 1
102030683 1
102030684 1
102030685 1
102030686 1
102030687 1
102030688 1
102030689 1
102030690 1
102030691 1
102030692 1
102030693 1
102030694 1
102030695 1
102030696 1
102030697 1
102030698 1
102030699 1
102030700 1
102030701 0
102030702 0
102030703 0
102030704 0
102030705 0
102030706 0
102030707 0
102030708 0
102030709 0
102030710 0
102030711 0
102030712 0
102030713 0
102030714 0
102030715 0
102030716 0
102030717 0
102030718 0
102030719 0
102030720 0
102030721 1
102030722 1
102030723 1
102030724 1
102030725 1
102030726 1
102030727 1
102030728 1
102030729 1
102030730 1
102030731 1
102030732 1
102030733 1
102030734 1
102030735 1
102030736 1
102030737 1
102030738 1
102030739 1
102030740 1
102030741 1
102030742 1
102030743 1
102030744 1
102030745 1
102030746 1
102030747 1
102030748 1
102030749 1
102030750 1
102030751 1
102030752 1
102030753 1
102030754 1
102030755 1
102030756 1
102030757 1
102030758 1
102030759 1
102030760 1
102030761 1
102030762 1
102030763 1
102030764 1
102030765 1
102030766 1
102030767 1
102030768 1
102030769 1
102030770 1
102030771 1
102030772 1
102030773 1
102030774 1
102030775 1
102030776 1
102030777 1
102030778 1
102030779 1
102030780 1
102030781 1
102030782 1
102030783 1
102030784 1
102030785 1
102030786 1
102030787 1
102030788 1
102030789 1
102030790 1
102030791 1
102030792 1
102030793 1
102030794 1
102030795 1
102030796 1
102030797 1
102030798 1
102030799 1
102030800 1
