# pixelID   x   y   z   l2  two_theta   azimuthal   polar_width azimuthal_width
103050001 -1.061703 0.283486 1.801463 2.110177 31.383345 165.050166 1.174433 2.151580
103050002 -1.063079 0.283486 1.796656 2.106768 31.482279 165.068643 1.175233 2.155019
103050003 -1.064454 0.283486 1.791849 2.103366 31.581536 165.087074 1.176028 2.158463
103050004 -1.065829 0.283486 1.787041 2.099970 31.681116 165.105462 1.176819 2.161910
103050005 -1.067205 0.283486 1.782234 2.096580 31.781022 165.123805 1.177606 2.165362
103050006 -1.068580 0.283486 1.777427 2.093197 31.881253 165.142104 1.178388 2.168819
103050007 -1.069955 0.283486 1.772620 2.089821 31.981811 165.160360 1.179165 2.172280
103050008 -1.071331 0.283486 1.767813 2.086451 32.082698 165.178571 1.179937 2.175745
103050009 -1.072706 0.283486 1.763006 2.083087 32.183912 165.196739 1.180705 2.179214
103050010 -1.074081 0.283486 1.758199 2.079730 32.285457 165.214863 1.181468 2.182688
103050011 -1.075457 0.283486 1.753392 2.076380 32.387332 165.232944 1.182225 2.186165
103050012 -1.076832 0.283486 1.748584 2.073036 32.489538 165.250982 1.182978 2.189647
103050013 -1.078207 0.283486 1.743777 2.069699 32.592077 165.268976 1.183726 2.193133
103050014 -1.079583 0.283486 1.738970 2.066369 32.694950 165.286928 1.184468 2.196623
103050015 -1.080958 0.283486 1.734163 2.063045 32.798157 165.304837 1.185205 2.200117
103050016 -1.082333 0.283486 1.729356 2.059729 32.901699 165.322704 1.185936 2.203615
103050017 -1.083709 0.283486 1.724549 2.056419 33.005577 165.340528 1.186662 2.207116
103050018 -1.085084 0.283486 1.719742 2.053115 33.109792 165.358309 1.187383 2.210622
103050019 -1.086459 0.283486 1.714934 2.049819 33.214346 165.376049 1.188097 2.214131
103050020 -1.087835 0.283486 1.710127 2.046530 33.319238 165.393747 1.188806 2.217644
103050021 -1.089210 0.283486 1.705320 2.043247 33.424471 165.411402 1.189509 2.221160
103050022 -1.090585 0.283486 1.700513 2.039972 33.530044 165.429016 1.190206 2.224681
103050023 -1.091961 0.283486 1.695706 2.036704 33.635958 165.446589 1.190897 2.228204
103050024 -1.093336 0.283486 1.690899 2.033442 33.742216 165.464120 1.191581 2.231732
103050025 -1.094711 0.283486 1.686092 2.030188 33.848817 165.481610 1.192260 2.235262
103050026 -1.096087 0.283486 1.681285 2.026941 33.955762 165.499058 1.192932 2.238796
103050027 -1.097462 0.283486 1.676477 2.023701 34.063053 165.516466 1.193597 2.242334
103050028 -1.098837 0.283486 1.671670 2.020468 34.170689 165.533833 1.194256 2.245874
103050029 -1.100213 0.283486 1.666863 2.017242 34.278673 165.551159 1.194909 2.249418
103050030 -1.101588 0.283486 1.662056 2.014024 34.387005 165.568444 1.195554 2.252965
103050031 -1.102963 0.283486 1.657249 2.010812 34.495685 165.585689 1.196193 2.256515
103050032 -1.104339 0.283486 1.652442 2.007609 34.604716 165.602894 1.196824 2.260068
103050033 -1.105714 0.283486 1.647635 2.004412 34.714097 165.620059 1.197449 2.263625
103050034 -1.107089 0.283486 1.642828 2.001223 34.823829 165.637183 1.198066 2.267184
103050035 -1.108465 0.283486 1.638020 1.998041 34.933913 165.654268 1.198677 2.270745
103050036 -1.109840 0.283486 1.633213 1.994867 35.044351 165.671313 1.199279 2.274310
103050037 -1.111215 0.283486 1.628406 1.991700 35.155143 165.688318 1.199874 2.277877
103050038 -1.112591 0.283486 1.623599 1.988541 35.266289 165.705284 1.200462 2.281447
103050039 -1.113966 0.283486 1.618792 1.985390 35.377791 165.722211 1.201042 2.285020
103050040 -1.115341 0.283486 1.613985 1.982246 35.489650 165.739098 1.201614 2.288595
103050041 -1.116717 0.283486 1.609178 1.979109 35.601866 165.755946 1.202178 2.292172
103050042 -1.118092 0.283486 1.604371 1.975980 35.714440 165.772756 1.202734 2.295752
103050043 -1.119467 0.283486 1.599563 1.972859 35.827373 165.789526 1.203282 2.299334
103050044 -1.120843 0.283486 1.594756 1.969746 35.940666 165.806258 1.203822 2.302918
103050045 -1.122218 0.283486 1.589949 1.966641 36.054319 165.822951 1.204353 2.306504
103050046 -1.123593 0.283486 1.585142 1.963543 36.168334 165.839606 1.204876 2.310093
103050047 -1.124968 0.283486 1.580335 1.960453 36.282711 165.856223 1.205391 2.313683
103050048 -1.126344 0.283486 1.575528 1.957371 36.397450 165.872801 1.205896 2.317275
103050049 -1.127719 0.283486 1.570721 1.954297 36.512554 165.889342 1.206393 2.320870
103050050 -1.129094 0.283486 1.565914 1.951231 36.628022 165.905844 1.206881 2.324465
103050051 -1.130470 0.283486 1.561106 1.948173 36.743855 165.922309 1.207359 2.328063
103050052 -1.131845 0.283486 1.556299 1.945124 36.860054 165.938736 1.207829 2.331662
103050053 -1.133220 0.283486 1.551492 1.942082 36.976620 165.955125 1.208289 2.335263
103050054 -1.134596 0.283486 1.546685 1.939048 37.093554 165.971478 1.208740 2.338865
103050055 -1.135971 0.283486 1.541878 1.936022 37.210855 165.987792 1.209182 2.342468
103050056 -1.137346 0.283486 1.537071 1.933005 37.328526 166.004070 1.209613 2.346073
103050057 -1.138722 0.283486 1.532264 1.929996 37.446566 166.020311 1.210035 2.349679
103050058 -1.140097 0.283486 1.527457 1.926995 37.564977 166.036515 1.210447 2.353286
103050059 -1.141472 0.283486 1.522649 1.924002 37.683759 166.052682 1.210850 2.356894
103050060 -1.142848 0.283486 1.517842 1.921018 37.802912 166.068812 1.211242 2.360502
103050061 -1.144223 0.283486 1.513035 1.918042 37.922438 166.084906 1.211623 2.364112
103050062 -1.145598 0.283486 1.508228 1.915075 38.042337 166.100963 1.211995 2.367722
103050063 -1.146974 0.283486 1.503421 1.912116 38.162610 166.116984 1.212355 2.371333
103050064 -1.148349 0.283486 1.498614 1.909166 38.283258 166.132969 1.212706 2.374945
103050065 -1.149724 0.283486 1.493807 1.906224 38.404280 166.148918 1.213045 2.378557
103050066 -1.151100 0.283486 1.488999 1.903290 38.525678 166.164831 1.213374 2.382169
103050067 -1.152475 0.283486 1.484192 1.900366 38.647453 166.180708 1.213691 2.385782
103050068 -1.153850 0.283486 1.479385 1.897450 38.769604 166.196550 1.213998 2.389395
103050069 -1.155226 0.283486 1.474578 1.894543 38.892133 166.212356 1.214293 2.393007
103050070 -1.156601 0.283486 1.469771 1.891644 39.015040 166.228126 1.214577 2.396620
103050071 -1.157976 0.283486 1.464964 1.888754 39.138327 166.243861 1.214850 2.400233
103050072 -1.159352 0.283486 1.460157 1.885873 39.261992 166.259561 1.215110 2.403845
103050073 -1.160727 0.283486 1.455350 1.883001 39.386037 166.275226 1.215359 2.407457
103050074 -1.162102 0.283486 1.450542 1.880138 39.510463 166.290856 1.215596 2.411069
103050075 -1.163478 0.283486 1.445735 1.877284 39.635270 166.306451 1.215821 2.414680
103050076 -1.164853 0.283486 1.440928 1.874439 39.760459 166.322011 1.216034 2.418290
103050077 -1.166228 0.283486 1.436121 1.871603 39.886029 166.337536 1.216235 2.421900
103050078 -1.167604 0.283486 1.431314 1.868776 40.011982 166.353027 1.216423 2.425508
103050079 -1.168979 0.283486 1.426507 1.865958 40.138318 166.368484 1.216599 2.429116
103050080 -1.170354 0.283486 1.421700 1.863149 40.265038 166.383906 1.216762 2.432723
103050081 -1.171730 0.283486 1.416893 1.860349 40.392142 166.399294 1.216912 2.436328
103050082 -1.173105 0.283486 1.412085 1.857559 40.519631 166.414648 1.217049 2.439932
103050083 -1.174480 0.283486 1.407278 1.854778 40.647504 166.429968 1.217173 2.443535
103050084 -1.175856 0.283486 1.402471 1.852006 40.775763 166.445254 1.217284 2.447136
103050085 -1.177231 0.283486 1.397664 1.849244 40.904408 166.460506 1.217381 2.450735
103050086 -1.178606 0.283486 1.392857 1.846491 41.033439 166.475725 1.217465 2.454333
103050087 -1.179982 0.283486 1.388050 1.843747 41.162856 166.490910 1.217536 2.457929
103050088 -1.181357 0.283486 1.383243 1.841013 41.292661 166.506062 1.217592 2.461522
103050089 -1.182732 0.283486 1.378436 1.838288 41.422853 166.521180 1.217635 2.465114
103050090 -1.184108 0.283486 1.373628 1.835574 41.553433 166.536266 1.217664 2.468703
103050091 -1.185483 0.283486 1.368821 1.832868 41.684401 166.551318 1.217678 2.472290
103050092 -1.186858 0.283486 1.364014 1.830173 41.815758 166.566337 1.217678 2.475874
103050093 -1.188233 0.283486 1.359207 1.827487 41.947503 166.581323 1.217664 2.479456
103050094 -1.189609 0.283486 1.354400 1.824810 42.079637 166.596276 1.217635 2.483035
103050095 -1.190984 0.283486 1.349593 1.822144 42.212161 166.611197 1.217592 2.486611
103050096 -1.192359 0.283486 1.344786 1.819487 42.345074 166.626085 1.217533 2.490184
103050097 -1.193735 0.283486 1.339979 1.816841 42.478378 166.640941 1.217460 2.493754
103050098 -1.195110 0.283486 1.335171 1.814204 42.612071 166.655764 1.217371 2.497321
103050099 -1.196485 0.283486 1.330364 1.811577 42.746155 166.670555 1.217267 2.500884
103050100 -1.197861 0.283486 1.325557 1.808960 42.880629 166.685314 1.217147 2.504444
103050101 -1.053853 0.308592 1.799217 2.107846 31.396719 163.678777 1.212197 2.156421
103050102 -1.055228 0.308592 1.794410 2.104434 31.495578 163.698919 1.212986 2.159890
103050103 -1.056604 0.308592 1.789602 2.101028 31.594761 163.719013 1.213770 2.163363
103050104 -1.057979 0.308592 1.784795 2.097628 31.694269 163.739058 1.214550 2.166841
103050105 -1.059354 0.308592 1.779988 2.094235 31.794103 163.759056 1.215326 2.170323
103050106 -1.060730 0.308592 1.775181 2.090848 31.894264 163.779006 1.216096 2.173809
103050107 -1.062105 0.308592 1.770374 2.087467 31.994752 163.798908 1.216862 2.177300
103050108 -1.063480 0.308592 1.765567 2.084093 32.095570 163.818762 1.217622 2.180795
103050109 -1.064856 0.308592 1.760760 2.080726 32.196717 163.838570 1.218377 2.184295
103050110 -1.066231 0.308592 1.755953 2.077365 32.298195 163.858330 1.219128 2.187798
103050111 -1.067606 0.308592 1.751145 2.074011 32.400004 163.878043 1.219873 2.191306
103050112 -1.068981 0.308592 1.746338 2.070664 32.502147 163.897710 1.220612 2.194818
103050113 -1.070357 0.308592 1.741531 2.067323 32.604622 163.917329 1.221346 2.198334
103050114 -1.071732 0.308592 1.736724 2.063989 32.707432 163.936903 1.222075 2.201855
103050115 -1.073107 0.308592 1.731917 2.060661 32.810578 163.956430 1.222798 2.205379
103050116 -1.074483 0.308592 1.727110 2.057341 32.914059 163.975910 1.223515 2.208907
103050117 -1.075858 0.308592 1.722303 2.054027 33.017878 163.995345 1.224227 2.212439
103050118 -1.077233 0.308592 1.717496 2.050720 33.122036 164.014734 1.224932 2.215975
103050119 -1.078609 0.308592 1.712688 2.047420 33.226532 164.034077 1.225632 2.219514
103050120 -1.079984 0.308592 1.707881 2.044127 33.331368 164.053375 1.226325 2.223057
103050121 -1.081359 0.308592 1.703074 2.040840 33.436546 164.072627 1.227012 2.226605
103050122 -1.082735 0.308592 1.698267 2.037561 33.542065 164.091834 1.227693 2.230155
103050123 -1.084110 0.308592 1.693460 2.034289 33.647927 164.110996 1.228367 2.233709
103050124 -1.085485 0.308592 1.688653 2.031023 33.754133 164.130113 1.229035 2.237267
103050125 -1.086861 0.308592 1.683846 2.027765 33.860683 164.149186 1.229697 2.240828
103050126 -1.088236 0.308592 1.679039 2.024514 33.967579 164.168213 1.230351 2.244393
103050127 -1.089611 0.308592 1.674231 2.021270 34.074821 164.187196 1.230999 2.247961
103050128 -1.090987 0.308592 1.669424 2.018033 34.182411 164.206135 1.231640 2.251532
103050129 -1.092362 0.308592 1.664617 2.014804 34.290349 164.225030 1.232274 2.255107
103050130 -1.093737 0.308592 1.659810 2.011581 34.398636 164.243881 1.232901 2.258685
103050131 -1.095113 0.308592 1.655003 2.008366 34.507272 164.262688 1.233521 2.262266
103050132 -1.096488 0.308592 1.650196 2.005159 34.616260 164.281451 1.234133 2.265849
103050133 -1.097863 0.308592 1.645389 2.001958 34.725600 164.300170 1.234738 2.269436
103050134 -1.099239 0.308592 1.640582 1.998765 34.835292 164.318847 1.235335 2.273026
103050135 -1.100614 0.308592 1.635774 1.995580 34.945337 164.337479 1.235925 2.276619
103050136 -1.101989 0.308592 1.630967 1.992401 35.055737 164.356069 1.236507 2.280214
103050137 -1.103365 0.308592 1.626160 1.989231 35.166492 164.374616 1.237081 2.283812
103050138 -1.104740 0.308592 1.621353 1.986068 35.277603 164.393120 1.237647 2.287413
103050139 -1.106115 0.308592 1.616546 1.982912 35.389071 164.411581 1.238205 2.291017
103050140 -1.107491 0.308592 1.611739 1.979764 35.500897 164.430000 1.238755 2.294623
103050141 -1.108866 0.308592 1.606932 1.976624 35.613081 164.448376 1.239297 2.298231
103050142 -1.110241 0.308592 1.602124 1.973491 35.725625 164.466710 1.239830 2.301842
103050143 -1.111617 0.308592 1.597317 1.970366 35.838529 164.485002 1.240355 2.305455
103050144 -1.112992 0.308592 1.592510 1.967249 35.951794 164.503252 1.240871 2.309070
103050145 -1.114367 0.308592 1.587703 1.964140 36.065420 164.521460 1.241378 2.312688
103050146 -1.115743 0.308592 1.582896 1.961038 36.179410 164.539627 1.241876 2.316308
103050147 -1.117118 0.308592 1.578089 1.957944 36.293762 164.557752 1.242366 2.319929
103050148 -1.118493 0.308592 1.573282 1.954858 36.408479 164.575835 1.242846 2.323553
103050149 -1.119869 0.308592 1.568475 1.951780 36.523561 164.593877 1.243317 2.327178
103050150 -1.121244 0.308592 1.563667 1.948711 36.639009 164.611878 1.243779 2.330805
103050151 -1.122619 0.308592 1.558860 1.945649 36.754823 164.629838 1.244231 2.334434
103050152 -1.123995 0.308592 1.554053 1.942595 36.871005 164.647758 1.244673 2.338065
103050153 -1.125370 0.308592 1.549246 1.939549 36.987555 164.665636 1.245106 2.341697
103050154 -1.126745 0.308592 1.544439 1.936511 37.104473 164.683474 1.245530 2.345330
103050155 -1.128121 0.308592 1.539632 1.933482 37.221761 164.701271 1.245943 2.348965
103050156 -1.129496 0.308592 1.534825 1.930460 37.339420 164.719028 1.246346 2.352601
103050157 -1.130871 0.308592 1.530018 1.927447 37.457449 164.736745 1.246739 2.356238
103050158 -1.132246 0.308592 1.525210 1.924442 37.575850 164.754422 1.247121 2.359877
103050159 -1.133622 0.308592 1.520403 1.921446 37.694624 164.772059 1.247493 2.363516
103050160 -1.134997 0.308592 1.515596 1.918458 37.813770 164.789656 1.247855 2.367157
103050161 -1.136372 0.308592 1.510789 1.915478 37.933291 164.807213 1.248206 2.370798
103050162 -1.137748 0.308592 1.505982 1.912506 38.053186 164.824731 1.248546 2.374440
103050163 -1.139123 0.308592 1.501175 1.909543 38.173456 164.842210 1.248875 2.378083
103050164 -1.140498 0.308592 1.496368 1.906589 38.294102 164.859649 1.249193 2.381726
103050165 -1.141874 0.308592 1.491561 1.903643 38.415125 164.877049 1.249500 2.385369
103050166 -1.143249 0.308592 1.486753 1.900706 38.536525 164.894410 1.249795 2.389013
103050167 -1.144624 0.308592 1.481946 1.897777 38.658302 164.911732 1.250079 2.392658
103050168 -1.146000 0.308592 1.477139 1.894857 38.780458 164.929016 1.250352 2.396302
103050169 -1.147375 0.308592 1.472332 1.891946 38.902994 164.946260 1.250613 2.399947
103050170 -1.148750 0.308592 1.467525 1.889044 39.025908 164.963466 1.250861 2.403591
103050171 -1.150126 0.308592 1.462718 1.886150 39.149203 164.980634 1.251098 2.407236
103050172 -1.151501 0.308592 1.457911 1.883265 39.272879 164.997764 1.251323 2.410880
103050173 -1.152876 0.308592 1.453104 1.880389 39.396936 165.014855 1.251535 2.414524
103050174 -1.154252 0.308592 1.448296 1.877522 39.521376 165.031909 1.251735 2.418167
103050175 -1.155627 0.308592 1.443489 1.874664 39.646197 165.048924 1.251923 2.421810
103050176 -1.157002 0.308592 1.438682 1.871815 39.771402 165.065902 1.252098 2.425452
103050177 -1.158378 0.308592 1.433875 1.868974 39.896990 165.082842 1.252260 2.429094
103050178 -1.159753 0.308592 1.429068 1.866143 40.022963 165.099745 1.252409 2.432734
103050179 -1.161128 0.308592 1.424261 1.863321 40.149320 165.116610 1.252545 2.436374
103050180 -1.162504 0.308592 1.419454 1.860509 40.276062 165.133438 1.252668 2.440012
103050181 -1.163879 0.308592 1.414647 1.857705 40.403190 165.150229 1.252777 2.443650
103050182 -1.165254 0.308592 1.409839 1.854911 40.530704 165.166983 1.252874 2.447286
103050183 -1.166630 0.308592 1.405032 1.852126 40.658605 165.183700 1.252956 2.450920
103050184 -1.168005 0.308592 1.400225 1.849350 40.786892 165.200380 1.253025 2.454554
103050185 -1.169380 0.308592 1.395418 1.846583 40.915567 165.217023 1.253079 2.458185
103050186 -1.170756 0.308592 1.390611 1.843827 41.044630 165.233630 1.253120 2.461815
103050187 -1.172131 0.308592 1.385804 1.841079 41.174081 165.250200 1.253146 2.465442
103050188 -1.173506 0.308592 1.380997 1.838341 41.303921 165.266734 1.253159 2.469068
103050189 -1.174882 0.308592 1.376189 1.835612 41.434150 165.283232 1.253156 2.472692
103050190 -1.176257 0.308592 1.371382 1.832894 41.564768 165.299694 1.253139 2.476313
103050191 -1.177632 0.308592 1.366575 1.830184 41.695776 165.316120 1.253108 2.479932
103050192 -1.179008 0.308592 1.361768 1.827485 41.827174 165.332510 1.253061 2.483548
103050193 -1.180383 0.308592 1.356961 1.824795 41.958962 165.348864 1.253000 2.487162
103050194 -1.181758 0.308592 1.352154 1.822115 42.091141 165.365182 1.252923 2.490773
103050195 -1.183134 0.308592 1.347347 1.819444 42.223712 165.381465 1.252831 2.494382
103050196 -1.184509 0.308592 1.342540 1.816784 42.356673 165.397713 1.252723 2.497987
103050197 -1.185884 0.308592 1.337732 1.814133 42.490026 165.413925 1.252600 2.501589
103050198 -1.187260 0.308592 1.332925 1.811492 42.623771 165.430102 1.252461 2.505188
103050199 -1.188635 0.308592 1.328118 1.808861 42.757908 165.446244 1.252307 2.508783
103050200 -1.190010 0.308592 1.323311 1.806241 42.892437 165.462351 1.252136 2.512375
103050201 -1.046002 0.333697 1.796971 2.105844 31.424746 162.306191 1.249167 2.159700
103050202 -1.047378 0.333697 1.792164 2.102428 31.523521 162.327978 1.249947 2.163198
103050203 -1.048753 0.333697 1.787356 2.099019 31.622621 162.349714 1.250722 2.166700
103050204 -1.050128 0.333697 1.782549 2.095616 31.722047 162.371398 1.251492 2.170207
103050205 -1.051504 0.333697 1.777742 2.092219 31.821800 162.393030 1.252257 2.173719
103050206 -1.052879 0.333697 1.772935 2.088829 31.921880 162.414611 1.253016 2.177235
103050207 -1.054254 0.333697 1.768128 2.085445 32.022289 162.436141 1.253771 2.180755
103050208 -1.055630 0.333697 1.763321 2.082068 32.123028 162.457619 1.254520 2.184280
103050209 -1.057005 0.333697 1.758514 2.078698 32.224097 162.479047 1.255264 2.187809
103050210 -1.058380 0.333697 1.753707 2.075334 32.325498 162.500424 1.256003 2.191342
103050211 -1.059756 0.333697 1.748899 2.071976 32.427232 162.521751 1.256736 2.194880
103050212 -1.061131 0.333697 1.744092 2.068625 32.529299 162.543028 1.257463 2.198421
103050213 -1.062506 0.333697 1.739285 2.065281 32.631701 162.564254 1.258185 2.201967
103050214 -1.063882 0.333697 1.734478 2.061944 32.734438 162.585431 1.258901 2.205517
103050215 -1.065257 0.333697 1.729671 2.058613 32.837511 162.606557 1.259611 2.209071
103050216 -1.066632 0.333697 1.724864 2.055289 32.940921 162.627634 1.260314 2.212629
103050217 -1.068008 0.333697 1.720057 2.051972 33.044670 162.648662 1.261012 2.216190
103050218 -1.069383 0.333697 1.715249 2.048662 33.148758 162.669640 1.261704 2.219756
103050219 -1.070758 0.333697 1.710442 2.045358 33.253186 162.690569 1.262389 2.223325
103050220 -1.072133 0.333697 1.705635 2.042062 33.357955 162.711449 1.263067 2.226898
103050221 -1.073509 0.333697 1.700828 2.038772 33.463066 162.732281 1.263740 2.230475
103050222 -1.074884 0.333697 1.696021 2.035489 33.568520 162.753064 1.264405 2.234055
103050223 -1.076259 0.333697 1.691214 2.032214 33.674317 162.773798 1.265064 2.237640
103050224 -1.077635 0.333697 1.686407 2.028945 33.780460 162.794484 1.265716 2.241227
103050225 -1.079010 0.333697 1.681600 2.025684 33.886948 162.815122 1.266361 2.244818
103050226 -1.080385 0.333697 1.676792 2.022429 33.993782 162.835712 1.267000 2.248413
103050227 -1.081761 0.333697 1.671985 2.019182 34.100964 162.856254 1.267630 2.252011
103050228 -1.083136 0.333697 1.667178 2.015942 34.208494 162.876749 1.268254 2.255612
103050229 -1.084511 0.333697 1.662371 2.012709 34.316374 162.897196 1.268871 2.259216
103050230 -1.085887 0.333697 1.657564 2.009483 34.424603 162.917595 1.269480 2.262824
103050231 -1.087262 0.333697 1.652757 2.006265 34.533184 162.937948 1.270081 2.266435
103050232 -1.088637 0.333697 1.647950 2.003054 34.642116 162.958254 1.270675 2.270049
103050233 -1.090013 0.333697 1.643143 1.999850 34.751402 162.978512 1.271261 2.273666
103050234 -1.091388 0.333697 1.638335 1.996653 34.861041 162.998724 1.271839 2.277286
103050235 -1.092763 0.333697 1.633528 1.993464 34.971034 163.018890 1.272409 2.280908
103050236 -1.094139 0.333697 1.628721 1.990283 35.081383 163.039009 1.272971 2.284534
103050237 -1.095514 0.333697 1.623914 1.987109 35.192088 163.059082 1.273524 2.288162
103050238 -1.096889 0.333697 1.619107 1.983942 35.303150 163.079109 1.274070 2.291793
103050239 -1.098265 0.333697 1.614300 1.980783 35.414571 163.099090 1.274606 2.295427
103050240 -1.099640 0.333697 1.609493 1.977632 35.526350 163.119025 1.275135 2.299063
103050241 -1.101015 0.333697 1.604686 1.974488 35.638488 163.138914 1.275655 2.302702
103050242 -1.102391 0.333697 1.599878 1.971352 35.750988 163.158759 1.276165 2.306343
103050243 -1.103766 0.333697 1.595071 1.968224 35.863848 163.178557 1.276667 2.309986
103050244 -1.105141 0.333697 1.590264 1.965103 35.977071 163.198311 1.277160 2.313632
103050245 -1.106517 0.333697 1.585457 1.961991 36.090656 163.218020 1.277644 2.317279
103050246 -1.107892 0.333697 1.580650 1.958886 36.204606 163.237683 1.278119 2.320929
103050247 -1.109267 0.333697 1.575843 1.955788 36.318920 163.257302 1.278584 2.324581
103050248 -1.110643 0.333697 1.571036 1.952699 36.433599 163.276877 1.279039 2.328235
103050249 -1.112018 0.333697 1.566229 1.949618 36.548644 163.296407 1.279485 2.331891
103050250 -1.113393 0.333697 1.561421 1.946544 36.664057 163.315893 1.279921 2.335548
103050251 -1.114769 0.333697 1.556614 1.943479 36.779837 163.335335 1.280348 2.339208
103050252 -1.116144 0.333697 1.551807 1.940422 36.895985 163.354732 1.280764 2.342869
103050253 -1.117519 0.333697 1.547000 1.937373 37.012503 163.374086 1.281170 2.346531
103050254 -1.118895 0.333697 1.542193 1.934331 37.129391 163.393396 1.281566 2.350195
103050255 -1.120270 0.333697 1.537386 1.931298 37.246650 163.412663 1.281952 2.353860
103050256 -1.121645 0.333697 1.532579 1.928274 37.364280 163.431886 1.282327 2.357527
103050257 -1.123021 0.333697 1.527772 1.925257 37.482282 163.451066 1.282691 2.361195
103050258 -1.124396 0.333697 1.522964 1.922249 37.600657 163.470203 1.283045 2.364864
103050259 -1.125771 0.333697 1.518157 1.919249 37.719406 163.489297 1.283388 2.368534
103050260 -1.127147 0.333697 1.513350 1.916257 37.838530 163.508348 1.283720 2.372205
103050261 -1.128522 0.333697 1.508543 1.913274 37.958028 163.527356 1.284040 2.375876
103050262 -1.129897 0.333697 1.503736 1.910299 38.077902 163.546322 1.284350 2.379549
103050263 -1.131273 0.333697 1.498929 1.907333 38.198153 163.565246 1.284647 2.383222
103050264 -1.132648 0.333697 1.494122 1.904375 38.318780 163.584127 1.284934 2.386896
103050265 -1.134023 0.333697 1.489314 1.901426 38.439786 163.602966 1.285209 2.390570
103050266 -1.135398 0.333697 1.484507 1.898485 38.561170 163.621763 1.285472 2.394245
103050267 -1.136774 0.333697 1.479700 1.895553 38.682933 163.640518 1.285722 2.397920
103050268 -1.138149 0.333697 1.474893 1.892630 38.805075 163.659231 1.285961 2.401595
103050269 -1.139524 0.333697 1.470086 1.889715 38.927598 163.677903 1.286188 2.405270
103050270 -1.140900 0.333697 1.465279 1.886809 39.050502 163.696533 1.286402 2.408946
103050271 -1.142275 0.333697 1.460472 1.883912 39.173788 163.715122 1.286604 2.412621
103050272 -1.143650 0.333697 1.455665 1.881024 39.297455 163.733670 1.286794 2.416296
103050273 -1.145026 0.333697 1.450857 1.878144 39.421506 163.752177 1.286970 2.419970
103050274 -1.146401 0.333697 1.446050 1.875274 39.545939 163.770642 1.287134 2.423644
103050275 -1.147776 0.333697 1.441243 1.872412 39.670757 163.789067 1.287284 2.427318
103050276 -1.149152 0.333697 1.436436 1.869559 39.795959 163.807452 1.287422 2.430991
103050277 -1.150527 0.333697 1.431629 1.866716 39.921546 163.825795 1.287546 2.434663
103050278 -1.151902 0.333697 1.426822 1.863881 40.047518 163.844099 1.287656 2.438335
103050279 -1.153278 0.333697 1.422015 1.861056 40.173876 163.862362 1.287753 2.442005
103050280 -1.154653 0.333697 1.417208 1.858240 40.300621 163.880585 1.287837 2.445675
103050281 -1.156028 0.333697 1.412400 1.855433 40.427753 163.898768 1.287906 2.449343
103050282 -1.157404 0.333697 1.407593 1.852635 40.555272 163.916911 1.287961 2.453010
103050283 -1.158779 0.333697 1.402786 1.849846 40.683179 163.935014 1.288003 2.456675
103050284 -1.160154 0.333697 1.397979 1.847067 40.811475 163.953077 1.288030 2.460339
103050285 -1.161530 0.333697 1.393172 1.844297 40.940159 163.971101 1.288042 2.464002
103050286 -1.162905 0.333697 1.388365 1.841537 41.069233 163.989086 1.288040 2.467662
103050287 -1.164280 0.333697 1.383558 1.838786 41.198696 164.007032 1.288023 2.471321
103050288 -1.165656 0.333697 1.378751 1.836045 41.328549 164.024938 1.287991 2.474977
103050289 -1.167031 0.333697 1.373943 1.833313 41.458793 164.042805 1.287945 2.478632
103050290 -1.168406 0.333697 1.369136 1.830590 41.589428 164.060634 1.287883 2.482284
103050291 -1.169782 0.333697 1.364329 1.827878 41.720454 164.078423 1.287805 2.485934
103050292 -1.171157 0.333697 1.359522 1.825175 41.851871 164.096174 1.287713 2.489581
103050293 -1.172532 0.333697 1.354715 1.822481 41.983680 164.113887 1.287604 2.493226
103050294 -1.173908 0.333697 1.349908 1.819798 42.115882 164.131561 1.287480 2.496868
103050295 -1.175283 0.333697 1.345101 1.817124 42.248475 164.149197 1.287340 2.500507
103050296 -1.176658 0.333697 1.340294 1.814460 42.381462 164.166794 1.287184 2.504143
103050297 -1.178034 0.333697 1.335486 1.811806 42.514842 164.184354 1.287012 2.507776
103050298 -1.179409 0.333697 1.330679 1.809162 42.648615 164.201876 1.286824 2.511406
103050299 -1.180784 0.333697 1.325872 1.806528 42.782781 164.219360 1.286619 2.515032
103050300 -1.182160 0.333697 1.321065 1.803904 42.917341 164.236806 1.286397 2.518655
103050301 -1.038152 0.358803 1.794725 2.104171 31.467463 160.933983 1.285245 2.161406
103050302 -1.039527 0.358803 1.789917 2.100752 31.566145 160.957390 1.286016 2.164933
103050303 -1.040902 0.358803 1.785110 2.097340 31.665153 160.980741 1.286782 2.168464
103050304 -1.042278 0.358803 1.780303 2.093935 31.764487 161.004038 1.287543 2.172000
103050305 -1.043653 0.358803 1.775496 2.090535 31.864149 161.027279 1.288299 2.175541
103050306 -1.045028 0.358803 1.770689 2.087142 31.964140 161.050466 1.289049 2.179085
103050307 -1.046404 0.358803 1.765882 2.083756 32.064460 161.073599 1.289794 2.182635
103050308 -1.047779 0.358803 1.761075 2.080376 32.165110 161.096677 1.290533 2.186188
103050309 -1.049154 0.358803 1.756268 2.077003 32.266092 161.119700 1.291267 2.189746
103050310 -1.050530 0.358803 1.751460 2.073636 32.367407 161.142670 1.291994 2.193308
103050311 -1.051905 0.358803 1.746653 2.070276 32.469054 161.165586 1.292716 2.196875
103050312 -1.053280 0.358803 1.741846 2.066922 32.571036 161.188449 1.293432 2.200445
103050313 -1.054656 0.358803 1.737039 2.063575 32.673354 161.211258 1.294142 2.204020
103050314 -1.056031 0.358803 1.732232 2.060235 32.776007 161.234014 1.294846 2.207598
103050315 -1.057406 0.358803 1.727425 2.056902 32.878998 161.256716 1.295544 2.211181
103050316 -1.058782 0.358803 1.722618 2.053575 32.982327 161.279366 1.296235 2.214768
103050317 -1.060157 0.358803 1.717811 2.050255 33.085995 161.301963 1.296920 2.218358
103050318 -1.061532 0.358803 1.713003 2.046942 33.190003 161.324508 1.297598 2.221953
103050319 -1.062908 0.358803 1.708196 2.043636 33.294352 161.347000 1.298270 2.225551
103050320 -1.064283 0.358803 1.703389 2.040336 33.399042 161.369440 1.298935 2.229153
103050321 -1.065658 0.358803 1.698582 2.037044 33.504076 161.391828 1.299593 2.232759
103050322 -1.067034 0.358803 1.693775 2.033758 33.609453 161.414164 1.300244 2.236369
103050323 -1.068409 0.358803 1.688968 2.030480 33.715175 161.436449 1.300888 2.239982
103050324 -1.069784 0.358803 1.684161 2.027209 33.821243 161.458682 1.301525 2.243598
103050325 -1.071160 0.358803 1.679354 2.023944 33.927657 161.480863 1.302155 2.247218
103050326 -1.072535 0.358803 1.674546 2.020687 34.034418 161.502994 1.302777 2.250842
103050327 -1.073910 0.358803 1.669739 2.017437 34.141528 161.525073 1.303392 2.254469
103050328 -1.075285 0.358803 1.664932 2.014194 34.248987 161.547102 1.303999 2.258099
103050329 -1.076661 0.358803 1.660125 2.010958 34.356796 161.569080 1.304599 2.261733
103050330 -1.078036 0.358803 1.655318 2.007730 34.464956 161.591007 1.305190 2.265370
103050331 -1.079411 0.358803 1.650511 2.004509 34.573468 161.612885 1.305774 2.269010
103050332 -1.080787 0.358803 1.645704 2.001295 34.682333 161.634712 1.306350 2.272653
103050333 -1.082162 0.358803 1.640897 1.998088 34.791552 161.656489 1.306918 2.276299
103050334 -1.083537 0.358803 1.636089 1.994889 34.901125 161.678216 1.307477 2.279948
103050335 -1.084913 0.358803 1.631282 1.991697 35.011054 161.699894 1.308028 2.283600
103050336 -1.086288 0.358803 1.626475 1.988513 35.121339 161.721522 1.308571 2.287254
103050337 -1.087663 0.358803 1.621668 1.985336 35.231981 161.743101 1.309105 2.290912
103050338 -1.089039 0.358803 1.616861 1.982166 35.342981 161.764631 1.309630 2.294572
103050339 -1.090414 0.358803 1.612054 1.979005 35.454341 161.786111 1.310147 2.298235
103050340 -1.091789 0.358803 1.607247 1.975851 35.566060 161.807543 1.310654 2.301900
103050341 -1.093165 0.358803 1.602439 1.972704 35.678139 161.828926 1.311153 2.305568
103050342 -1.094540 0.358803 1.597632 1.969565 35.790580 161.850261 1.311642 2.309238
103050343 -1.095915 0.358803 1.592825 1.966434 35.903384 161.871547 1.312122 2.312911
103050344 -1.097291 0.358803 1.588018 1.963310 36.016550 161.892785 1.312593 2.316586
103050345 -1.098666 0.358803 1.583211 1.960195 36.130081 161.913975 1.313054 2.320263
103050346 -1.100041 0.358803 1.578404 1.957087 36.243976 161.935118 1.313505 2.323942
103050347 -1.101417 0.358803 1.573597 1.953987 36.358237 161.956212 1.313947 2.327623
103050348 -1.102792 0.358803 1.568790 1.950895 36.472864 161.977259 1.314378 2.331306
103050349 -1.104167 0.358803 1.563982 1.947811 36.587858 161.998258 1.314800 2.334991
103050350 -1.105543 0.358803 1.559175 1.944734 36.703220 162.019210 1.315211 2.338678
103050351 -1.106918 0.358803 1.554368 1.941666 36.818951 162.040116 1.315612 2.342367
103050352 -1.108293 0.358803 1.549561 1.938606 36.935052 162.060974 1.316003 2.346057
103050353 -1.109669 0.358803 1.544754 1.935554 37.051522 162.081785 1.316383 2.349749
103050354 -1.111044 0.358803 1.539947 1.932510 37.168364 162.102550 1.316752 2.353442
103050355 -1.112419 0.358803 1.535140 1.929474 37.285578 162.123268 1.317111 2.357137
103050356 -1.113795 0.358803 1.530333 1.926446 37.403164 162.143940 1.317459 2.360833
103050357 -1.115170 0.358803 1.525525 1.923427 37.521123 162.164565 1.317795 2.364530
103050358 -1.116545 0.358803 1.520718 1.920416 37.639457 162.185145 1.318121 2.368229
103050359 -1.117921 0.358803 1.515911 1.917413 37.758165 162.205679 1.318435 2.371928
103050360 -1.119296 0.358803 1.511104 1.914419 37.877248 162.226166 1.318738 2.375628
103050361 -1.120671 0.358803 1.506297 1.911432 37.996708 162.246609 1.319029 2.379330
103050362 -1.122047 0.358803 1.501490 1.908455 38.116545 162.267006 1.319308 2.383032
103050363 -1.123422 0.358803 1.496683 1.905486 38.236759 162.287357 1.319575 2.386734
103050364 -1.124797 0.358803 1.491876 1.902525 38.357351 162.307663 1.319831 2.390438
103050365 -1.126173 0.358803 1.487068 1.899573 38.478322 162.327925 1.320074 2.394142
103050366 -1.127548 0.358803 1.482261 1.896629 38.599673 162.348141 1.320305 2.397846
103050367 -1.128923 0.358803 1.477454 1.893694 38.721404 162.368313 1.320523 2.401550
103050368 -1.130299 0.358803 1.472647 1.890768 38.843515 162.388440 1.320729 2.405255
103050369 -1.131674 0.358803 1.467840 1.887850 38.966008 162.408523 1.320923 2.408960
103050370 -1.133049 0.358803 1.463033 1.884942 39.088884 162.428561 1.321103 2.412664
103050371 -1.134425 0.358803 1.458226 1.882042 39.212141 162.448555 1.321271 2.416369
103050372 -1.135800 0.358803 1.453419 1.879150 39.335783 162.468506 1.321425 2.420074
103050373 -1.137175 0.358803 1.448611 1.876268 39.459808 162.488412 1.321566 2.423778
103050374 -1.138550 0.358803 1.443804 1.873395 39.584217 162.508275 1.321694 2.427482
103050375 -1.139926 0.358803 1.438997 1.870530 39.709011 162.528094 1.321808 2.431185
103050376 -1.141301 0.358803 1.434190 1.867675 39.834191 162.547869 1.321909 2.434887
103050377 -1.142676 0.358803 1.429383 1.864828 39.959758 162.567601 1.321995 2.438589
103050378 -1.144052 0.358803 1.424576 1.861991 40.085710 162.587290 1.322068 2.442290
103050379 -1.145427 0.358803 1.419769 1.859163 40.212050 162.606936 1.322127 2.445990
103050380 -1.146802 0.358803 1.414961 1.856344 40.338778 162.626539 1.322171 2.449689
103050381 -1.148178 0.358803 1.410154 1.853534 40.465894 162.646099 1.322201 2.453387
103050382 -1.149553 0.358803 1.405347 1.850733 40.593398 162.665617 1.322216 2.457084
103050383 -1.150928 0.358803 1.400540 1.847942 40.721292 162.685092 1.322217 2.460779
103050384 -1.152304 0.358803 1.395733 1.845160 40.849575 162.704525 1.322203 2.464472
103050385 -1.153679 0.358803 1.390926 1.842387 40.978248 162.723915 1.322174 2.468164
103050386 -1.155054 0.358803 1.386119 1.839624 41.107311 162.743264 1.322129 2.471855
103050387 -1.156430 0.358803 1.381312 1.836870 41.236766 162.762570 1.322070 2.475543
103050388 -1.157805 0.358803 1.376504 1.834126 41.366612 162.781835 1.321995 2.479229
103050389 -1.159180 0.358803 1.371697 1.831391 41.496849 162.801057 1.321904 2.482913
103050390 -1.160556 0.358803 1.366890 1.828666 41.627479 162.820239 1.321798 2.486595
103050391 -1.161931 0.358803 1.362083 1.825950 41.758501 162.839378 1.321676 2.490275
103050392 -1.163306 0.358803 1.357276 1.823244 41.889915 162.858477 1.321537 2.493952
103050393 -1.164682 0.358803 1.352469 1.820548 42.021723 162.877534 1.321383 2.497626
103050394 -1.166057 0.358803 1.347662 1.817862 42.153924 162.896550 1.321212 2.501298
103050395 -1.167432 0.358803 1.342855 1.815185 42.286519 162.915526 1.321025 2.504966
103050396 -1.168808 0.358803 1.338047 1.812518 42.419508 162.934460 1.320821 2.508632
103050397 -1.170183 0.358803 1.333240 1.809861 42.552891 162.953354 1.320600 2.512295
103050398 -1.171558 0.358803 1.328433 1.807214 42.686669 162.972207 1.320363 2.515954
103050399 -1.172934 0.358803 1.323626 1.804577 42.820842 162.991020 1.320108 2.519610
103050400 -1.174309 0.358803 1.318819 1.801950 42.955410 163.009793 1.319836 2.523262
103050401 -1.030301 0.383908 1.792479 2.102828 31.524865 159.563723 1.320335 2.161538
103050402 -1.031676 0.383908 1.787671 2.099407 31.623446 159.588719 1.321099 2.165093
103050403 -1.033052 0.383908 1.782864 2.095993 31.722353 159.613655 1.321857 2.168652
103050404 -1.034427 0.383908 1.778057 2.092585 31.821587 159.638533 1.322610 2.172216
103050405 -1.035802 0.383908 1.773250 2.089184 31.921150 159.663354 1.323357 2.175785
103050406 -1.037178 0.383908 1.768443 2.085788 32.021041 159.688116 1.324099 2.179358
103050407 -1.038553 0.383908 1.763636 2.082400 32.121263 159.712821 1.324834 2.182935
103050408 -1.039928 0.383908 1.758829 2.079018 32.221816 159.737468 1.325564 2.186516
103050409 -1.041304 0.383908 1.754022 2.075642 32.322702 159.762058 1.326288 2.190102
103050410 -1.042679 0.383908 1.749214 2.072273 32.423920 159.786591 1.327006 2.193693
103050411 -1.044054 0.383908 1.744407 2.068911 32.525473 159.811066 1.327718 2.197287
103050412 -1.045430 0.383908 1.739600 2.065555 32.627360 159.835486 1.328424 2.200885
103050413 -1.046805 0.383908 1.734793 2.062206 32.729584 159.859848 1.329123 2.204488
103050414 -1.048180 0.383908 1.729986 2.058863 32.832144 159.884154 1.329816 2.208095
103050415 -1.049556 0.383908 1.725179 2.055528 32.935043 159.908404 1.330502 2.211706
103050416 -1.050931 0.383908 1.720372 2.052199 33.038280 159.932598 1.331181 2.215320
103050417 -1.052306 0.383908 1.715564 2.048877 33.141857 159.956737 1.331854 2.218939
103050418 -1.053682 0.383908 1.710757 2.045561 33.245774 159.980819 1.332520 2.222561
103050419 -1.055057 0.383908 1.705950 2.042253 33.350034 160.004846 1.333179 2.226188
103050420 -1.056432 0.383908 1.701143 2.038951 33.454636 160.028818 1.333831 2.229818
103050421 -1.057808 0.383908 1.696336 2.035657 33.559582 160.052735 1.334476 2.233452
103050422 -1.059183 0.383908 1.691529 2.032369 33.664872 160.076597 1.335114 2.237089
103050423 -1.060558 0.383908 1.686722 2.029088 33.770507 160.100404 1.335744 2.240730
103050424 -1.061934 0.383908 1.681915 2.025815 33.876489 160.124157 1.336366 2.244375
103050425 -1.063309 0.383908 1.677107 2.022548 33.982818 160.147855 1.336981 2.248023
103050426 -1.064684 0.383908 1.672300 2.019289 34.089495 160.171500 1.337589 2.251675
103050427 -1.066060 0.383908 1.667493 2.016036 34.196522 160.195090 1.338188 2.255330
103050428 -1.067435 0.383908 1.662686 2.012791 34.303898 160.218626 1.338780 2.258988
103050429 -1.068810 0.383908 1.657879 2.009553 34.411626 160.242109 1.339364 2.262650
103050430 -1.070186 0.383908 1.653072 2.006322 34.519705 160.265538 1.339939 2.266315
103050431 -1.071561 0.383908 1.648265 2.003099 34.628136 160.288914 1.340506 2.269983
103050432 -1.072936 0.383908 1.643458 1.999883 34.736922 160.312237 1.341065 2.273654
103050433 -1.074312 0.383908 1.638650 1.996674 34.846062 160.335507 1.341615 2.277328
103050434 -1.075687 0.383908 1.633843 1.993472 34.955557 160.358724 1.342157 2.281005
103050435 -1.077062 0.383908 1.629036 1.990278 35.065409 160.381888 1.342690 2.284685
103050436 -1.078437 0.383908 1.624229 1.987092 35.175618 160.405001 1.343214 2.288368
103050437 -1.079813 0.383908 1.619422 1.983912 35.286184 160.428060 1.343729 2.292054
103050438 -1.081188 0.383908 1.614615 1.980741 35.397110 160.451068 1.344235 2.295742
103050439 -1.082563 0.383908 1.609808 1.977577 35.508395 160.474024 1.344732 2.299433
103050440 -1.083939 0.383908 1.605001 1.974420 35.620041 160.496928 1.345219 2.303126
103050441 -1.085314 0.383908 1.600193 1.971271 35.732049 160.519781 1.345697 2.306822
103050442 -1.086689 0.383908 1.595386 1.968130 35.844419 160.542582 1.346166 2.310521
103050443 -1.088065 0.383908 1.590579 1.964997 35.957151 160.565331 1.346624 2.314221
103050444 -1.089440 0.383908 1.585772 1.961871 36.070248 160.588030 1.347073 2.317924
103050445 -1.090815 0.383908 1.580965 1.958753 36.183710 160.610678 1.347512 2.321630
103050446 -1.092191 0.383908 1.576158 1.955643 36.297537 160.633275 1.347941 2.325337
103050447 -1.093566 0.383908 1.571351 1.952541 36.411730 160.655821 1.348360 2.329046
103050448 -1.094941 0.383908 1.566544 1.949446 36.526291 160.678317 1.348768 2.332758
103050449 -1.096317 0.383908 1.561736 1.946360 36.641220 160.700763 1.349166 2.336471
103050450 -1.097692 0.383908 1.556929 1.943281 36.756518 160.723159 1.349553 2.340186
103050451 -1.099067 0.383908 1.552122 1.940211 36.872185 160.745505 1.349930 2.343903
103050452 -1.100443 0.383908 1.547315 1.937148 36.988223 160.767800 1.350296 2.347621
103050453 -1.101818 0.383908 1.542508 1.934094 37.104632 160.790047 1.350650 2.351341
103050454 -1.103193 0.383908 1.537701 1.931048 37.221412 160.812244 1.350994 2.355063
103050455 -1.104569 0.383908 1.532894 1.928009 37.338566 160.834391 1.351326 2.358786
103050456 -1.105944 0.383908 1.528086 1.924979 37.456092 160.856489 1.351647 2.362510
103050457 -1.107319 0.383908 1.523279 1.921958 37.573993 160.878539 1.351957 2.366235
103050458 -1.108695 0.383908 1.518472 1.918944 37.692269 160.900539 1.352255 2.369962
103050459 -1.110070 0.383908 1.513665 1.915939 37.810921 160.922491 1.352541 2.373690
103050460 -1.111445 0.383908 1.508858 1.912942 37.929949 160.944394 1.352815 2.377418
103050461 -1.112821 0.383908 1.504051 1.909954 38.049354 160.966249 1.353077 2.381148
103050462 -1.114196 0.383908 1.499244 1.906974 38.169136 160.988056 1.353327 2.384878
103050463 -1.115571 0.383908 1.494437 1.904003 38.289297 161.009815 1.353564 2.388609
103050464 -1.116947 0.383908 1.489629 1.901040 38.409838 161.031525 1.353789 2.392340
103050465 -1.118322 0.383908 1.484822 1.898085 38.530758 161.053188 1.354002 2.396072
103050466 -1.119697 0.383908 1.480015 1.895139 38.652058 161.074804 1.354202 2.399805
103050467 -1.121073 0.383908 1.475208 1.892202 38.773740 161.096371 1.354388 2.403537
103050468 -1.122448 0.383908 1.470401 1.889273 38.895803 161.117892 1.354562 2.407270
103050469 -1.123823 0.383908 1.465594 1.886354 39.018249 161.139365 1.354723 2.411003
103050470 -1.125199 0.383908 1.460787 1.883442 39.141078 161.160792 1.354870 2.414736
103050471 -1.126574 0.383908 1.455980 1.880540 39.264290 161.182171 1.355004 2.418469
103050472 -1.127949 0.383908 1.451172 1.877647 39.387887 161.203504 1.355124 2.422202
103050473 -1.129325 0.383908 1.446365 1.874762 39.511868 161.224790 1.355230 2.425934
103050474 -1.130700 0.383908 1.441558 1.871886 39.636235 161.246030 1.355323 2.429666
103050475 -1.132075 0.383908 1.436751 1.869019 39.760988 161.267224 1.355401 2.433398
103050476 -1.133451 0.383908 1.431944 1.866162 39.886128 161.288371 1.355466 2.437129
103050477 -1.134826 0.383908 1.427137 1.863313 40.011654 161.309472 1.355516 2.440859
103050478 -1.136201 0.383908 1.422330 1.860473 40.137568 161.330528 1.355551 2.444588
103050479 -1.137577 0.383908 1.417523 1.857643 40.263870 161.351538 1.355572 2.448317
103050480 -1.138952 0.383908 1.412715 1.854821 40.390561 161.372502 1.355578 2.452044
103050481 -1.140327 0.383908 1.407908 1.852009 40.517641 161.393421 1.355569 2.455770
103050482 -1.141702 0.383908 1.403101 1.849206 40.645111 161.414295 1.355545 2.459495
103050483 -1.143078 0.383908 1.398294 1.846412 40.772971 161.435123 1.355506 2.463218
103050484 -1.144453 0.383908 1.393487 1.843628 40.901222 161.455906 1.355451 2.466940
103050485 -1.145828 0.383908 1.388680 1.840853 41.029863 161.476645 1.355381 2.470660
103050486 -1.147204 0.383908 1.383873 1.838087 41.158896 161.497339 1.355295 2.474379
103050487 -1.148579 0.383908 1.379066 1.835331 41.288321 161.517988 1.355194 2.478095
103050488 -1.149954 0.383908 1.374258 1.832585 41.418138 161.538593 1.355076 2.481810
103050489 -1.151330 0.383908 1.369451 1.829848 41.548348 161.559154 1.354942 2.485522
103050490 -1.152705 0.383908 1.364644 1.827120 41.678951 161.579670 1.354792 2.489232
103050491 -1.154080 0.383908 1.359837 1.824402 41.809948 161.600143 1.354626 2.492940
103050492 -1.155456 0.383908 1.355030 1.821694 41.941338 161.620571 1.354442 2.496645
103050493 -1.156831 0.383908 1.350223 1.818996 42.073122 161.640956 1.354243 2.500348
103050494 -1.158206 0.383908 1.345416 1.816307 42.205301 161.661297 1.354026 2.504048
103050495 -1.159582 0.383908 1.340609 1.813628 42.337875 161.681595 1.353792 2.507745
103050496 -1.160957 0.383908 1.335801 1.810959 42.470844 161.701849 1.353541 2.511439
103050497 -1.162332 0.383908 1.330994 1.808300 42.604208 161.722061 1.353272 2.515129
103050498 -1.163708 0.383908 1.326187 1.805650 42.737968 161.742229 1.352986 2.518817
103050499 -1.165083 0.383908 1.321380 1.803011 42.872123 161.762354 1.352683 2.522501
103050500 -1.166458 0.383908 1.316573 1.800382 43.006675 161.782436 1.352361 2.526181
103050501 -1.022450 0.409014 1.790232 2.101816 31.596911 158.196971 1.354348 2.160101
103050502 -1.023826 0.409014 1.785425 2.098393 31.695382 158.223518 1.355105 2.163684
103050503 -1.025201 0.409014 1.780618 2.094978 31.794180 158.250003 1.355856 2.167270
103050504 -1.026576 0.409014 1.775811 2.091568 31.893306 158.276427 1.356602 2.170861
103050505 -1.027952 0.409014 1.771004 2.088165 31.992761 158.302790 1.357341 2.174457
103050506 -1.029327 0.409014 1.766197 2.084768 32.092546 158.329093 1.358075 2.178057
103050507 -1.030702 0.409014 1.761390 2.081378 32.192661 158.355334 1.358803 2.181661
103050508 -1.032078 0.409014 1.756583 2.077994 32.293108 158.381515 1.359524 2.185269
103050509 -1.033453 0.409014 1.751775 2.074617 32.393888 158.407636 1.360240 2.188882
103050510 -1.034828 0.409014 1.746968 2.071246 32.495002 158.433697 1.360949 2.192500
103050511 -1.036204 0.409014 1.742161 2.067882 32.596450 158.459698 1.361651 2.196121
103050512 -1.037579 0.409014 1.737354 2.064525 32.698234 158.485639 1.362347 2.199746
103050513 -1.038954 0.409014 1.732547 2.061174 32.800355 158.511521 1.363037 2.203376
103050514 -1.040330 0.409014 1.727740 2.057830 32.902813 158.537344 1.363719 2.207010
103050515 -1.041705 0.409014 1.722933 2.054492 33.005609 158.563107 1.364395 2.210648
103050516 -1.043080 0.409014 1.718126 2.051162 33.108745 158.588812 1.365064 2.214289
103050517 -1.044456 0.409014 1.713318 2.047838 33.212222 158.614458 1.365725 2.217935
103050518 -1.045831 0.409014 1.708511 2.044521 33.316040 158.640045 1.366380 2.221584
103050519 -1.047206 0.409014 1.703704 2.041211 33.420200 158.665575 1.367027 2.225238
103050520 -1.048582 0.409014 1.698897 2.037907 33.524703 158.691046 1.367667 2.228895
103050521 -1.049957 0.409014 1.694090 2.034611 33.629551 158.716459 1.368299 2.232556
103050522 -1.051332 0.409014 1.689283 2.031322 33.734744 158.741814 1.368924 2.236220
103050523 -1.052708 0.409014 1.684476 2.028039 33.840282 158.767112 1.369541 2.239888
103050524 -1.054083 0.409014 1.679669 2.024764 33.946168 158.792353 1.370150 2.243560
103050525 -1.055458 0.409014 1.674861 2.021496 34.052402 158.817536 1.370752 2.247235
103050526 -1.056834 0.409014 1.670054 2.018235 34.158984 158.842662 1.371345 2.250914
103050527 -1.058209 0.409014 1.665247 2.014981 34.265917 158.867732 1.371930 2.254596
103050528 -1.059584 0.409014 1.660440 2.011734 34.373199 158.892745 1.372507 2.258281
103050529 -1.060960 0.409014 1.655633 2.008494 34.480834 158.917701 1.373075 2.261969
103050530 -1.062335 0.409014 1.650826 2.005261 34.588821 158.942601 1.373635 2.265661
103050531 -1.063710 0.409014 1.646019 2.002036 34.697161 158.967445 1.374186 2.269356
103050532 -1.065086 0.409014 1.641211 1.998818 34.805856 158.992233 1.374729 2.273054
103050533 -1.066461 0.409014 1.636404 1.995608 34.914905 159.016966 1.375262 2.276755
103050534 -1.067836 0.409014 1.631597 1.992405 35.024311 159.041643 1.375787 2.280459
103050535 -1.069212 0.409014 1.626790 1.989209 35.134074 159.066264 1.376302 2.284166
103050536 -1.070587 0.409014 1.621983 1.986020 35.244194 159.090831 1.376809 2.287876
103050537 -1.071962 0.409014 1.617176 1.982840 35.354674 159.115342 1.377306 2.291588
103050538 -1.073338 0.409014 1.612369 1.979666 35.465512 159.139798 1.377793 2.295303
103050539 -1.074713 0.409014 1.607562 1.976501 35.576711 159.164200 1.378271 2.299021
103050540 -1.076088 0.409014 1.602754 1.973342 35.688272 159.188548 1.378739 2.302742
103050541 -1.077464 0.409014 1.597947 1.970192 35.800194 159.212841 1.379197 2.306464
103050542 -1.078839 0.409014 1.593140 1.967049 35.912480 159.237079 1.379646 2.310190
103050543 -1.080214 0.409014 1.588333 1.963914 36.025129 159.261264 1.380084 2.313917
103050544 -1.081590 0.409014 1.583526 1.960786 36.138143 159.285395 1.380512 2.317647
103050545 -1.082965 0.409014 1.578719 1.957667 36.251523 159.309473 1.380929 2.321379
103050546 -1.084340 0.409014 1.573912 1.954555 36.365269 159.333497 1.381337 2.325114
103050547 -1.085715 0.409014 1.569105 1.951451 36.479382 159.357467 1.381733 2.328850
103050548 -1.087091 0.409014 1.564297 1.948354 36.593862 159.381385 1.382119 2.332588
103050549 -1.088466 0.409014 1.559490 1.945266 36.708712 159.405250 1.382494 2.336328
103050550 -1.089841 0.409014 1.554683 1.942186 36.823931 159.429061 1.382858 2.340070
103050551 -1.091217 0.409014 1.549876 1.939114 36.939520 159.452821 1.383211 2.343814
103050552 -1.092592 0.409014 1.545069 1.936050 37.055481 159.476527 1.383552 2.347559
103050553 -1.093967 0.409014 1.540262 1.932993 37.171813 159.500182 1.383882 2.351306
103050554 -1.095343 0.409014 1.535455 1.929945 37.288518 159.523784 1.384201 2.355054
103050555 -1.096718 0.409014 1.530648 1.926905 37.405597 159.547334 1.384507 2.358804
103050556 -1.098093 0.409014 1.525840 1.923874 37.523049 159.570833 1.384802 2.362555
103050557 -1.099469 0.409014 1.521033 1.920850 37.640877 159.594280 1.385086 2.366307
103050558 -1.100844 0.409014 1.516226 1.917835 37.759080 159.617675 1.385356 2.370061
103050559 -1.102219 0.409014 1.511419 1.914828 37.877660 159.641020 1.385615 2.373815
103050560 -1.103595 0.409014 1.506612 1.911830 37.996616 159.664313 1.385862 2.377571
103050561 -1.104970 0.409014 1.501805 1.908840 38.115950 159.687555 1.386095 2.381327
103050562 -1.106345 0.409014 1.496998 1.905858 38.235663 159.710746 1.386317 2.385084
103050563 -1.107721 0.409014 1.492191 1.902885 38.355755 159.733886 1.386525 2.388842
103050564 -1.109096 0.409014 1.487383 1.899920 38.476227 159.756976 1.386720 2.392600
103050565 -1.110471 0.409014 1.482576 1.896964 38.597080 159.780016 1.386903 2.396359
103050566 -1.111847 0.409014 1.477769 1.894016 38.718314 159.803005 1.387072 2.400118
103050567 -1.113222 0.409014 1.472962 1.891077 38.839929 159.825945 1.387228 2.403878
103050568 -1.114597 0.409014 1.468155 1.888147 38.961927 159.848834 1.387370 2.407637
103050569 -1.115973 0.409014 1.463348 1.885225 39.084309 159.871674 1.387498 2.411397
103050570 -1.117348 0.409014 1.458541 1.882312 39.207074 159.894464 1.387613 2.415157
103050571 -1.118723 0.409014 1.453734 1.879408 39.330223 159.917205 1.387714 2.418917
103050572 -1.120099 0.409014 1.448926 1.876513 39.453758 159.939897 1.387801 2.422676
103050573 -1.121474 0.409014 1.444119 1.873627 39.577678 159.962539 1.387873 2.426436
103050574 -1.122849 0.409014 1.439312 1.870749 39.701984 159.985133 1.387931 2.430194
103050575 -1.124225 0.409014 1.434505 1.867881 39.826677 160.007677 1.387975 2.433953
103050576 -1.125600 0.409014 1.429698 1.865021 39.951758 160.030173 1.388003 2.437710
103050577 -1.126975 0.409014 1.424891 1.862171 40.077226 160.052621 1.388017 2.441467
103050578 -1.128351 0.409014 1.420084 1.859329 40.203083 160.075020 1.388016 2.445223
103050579 -1.129726 0.409014 1.415276 1.856497 40.329329 160.097371 1.388000 2.448978
103050580 -1.131101 0.409014 1.410469 1.853674 40.455964 160.119674 1.387968 2.452733
103050581 -1.132477 0.409014 1.405662 1.850860 40.582989 160.141929 1.387921 2.456485
103050582 -1.133852 0.409014 1.400855 1.848055 40.710404 160.164136 1.387859 2.460237
103050583 -1.135227 0.409014 1.396048 1.845260 40.838211 160.186295 1.387780 2.463987
103050584 -1.136603 0.409014 1.391241 1.842474 40.966409 160.208407 1.387686 2.467736
103050585 -1.137978 0.409014 1.386434 1.839697 41.094999 160.230472 1.387575 2.471483
103050586 -1.139353 0.409014 1.381627 1.836929 41.223981 160.252490 1.387449 2.475228
103050587 -1.140729 0.409014 1.376819 1.834172 41.353356 160.274460 1.387306 2.478971
103050588 -1.142104 0.409014 1.372012 1.831423 41.483124 160.296384 1.387146 2.482712
103050589 -1.143479 0.409014 1.367205 1.828684 41.613285 160.318261 1.386970 2.486451
103050590 -1.144855 0.409014 1.362398 1.825955 41.743841 160.340091 1.386777 2.490188
103050591 -1.146230 0.409014 1.357591 1.823236 41.874790 160.361875 1.386567 2.493923
103050592 -1.147605 0.409014 1.352784 1.820526 42.006135 160.383612 1.386340 2.497655
103050593 -1.148980 0.409014 1.347977 1.817825 42.137874 160.405304 1.386095 2.501384
103050594 -1.150356 0.409014 1.343170 1.815135 42.270009 160.426949 1.385833 2.505111
103050595 -1.151731 0.409014 1.338362 1.812454 42.402539 160.448548 1.385553 2.508834
103050596 -1.153106 0.409014 1.333555 1.809784 42.535466 160.470102 1.385256 2.512555
103050597 -1.154482 0.409014 1.328748 1.807123 42.668788 160.491610 1.384940 2.516272
103050598 -1.155857 0.409014 1.323941 1.804472 42.802507 160.513072 1.384606 2.519986
103050599 -1.157232 0.409014 1.319134 1.801831 42.936623 160.534489 1.384255 2.523697
103050600 -1.158608 0.409014 1.314327 1.799200 43.071136 160.555861 1.383884 2.527404
103050601 -1.014600 0.434119 1.787986 2.101135 31.683519 156.835261 1.387198 2.157110
103050602 -1.015975 0.434119 1.783179 2.097711 31.781873 156.863318 1.387950 2.160718
103050603 -1.017351 0.434119 1.778372 2.094294 31.880555 156.891310 1.388695 2.164331
103050604 -1.018726 0.434119 1.773565 2.090884 31.979565 156.919239 1.389434 2.167948
103050605 -1.020101 0.434119 1.768758 2.087479 32.078904 156.947104 1.390167 2.171569
103050606 -1.021477 0.434119 1.763951 2.084082 32.178574 156.974906 1.390894 2.175195
103050607 -1.022852 0.434119 1.759144 2.080690 32.278575 157.002644 1.391615 2.178825
103050608 -1.024227 0.434119 1.754336 2.077305 32.378908 157.030318 1.392329 2.182460
103050609 -1.025602 0.434119 1.749529 2.073927 32.479575 157.057930 1.393037 2.186098
103050610 -1.026978 0.434119 1.744722 2.070555 32.580575 157.085480 1.393737 2.189742
103050611 -1.028353 0.434119 1.739915 2.067190 32.681911 157.112966 1.394432 2.193389
103050612 -1.029728 0.434119 1.735108 2.063831 32.783583 157.140391 1.395119 2.197040
103050613 -1.031104 0.434119 1.730301 2.060479 32.885592 157.167753 1.395799 2.200696
103050614 -1.032479 0.434119 1.725494 2.057134 32.987939 157.195053 1.396472 2.204355
103050615 -1.033854 0.434119 1.720687 2.053796 33.090625 157.222292 1.397139 2.208019
103050616 -1.035230 0.434119 1.715879 2.050464 33.193651 157.249469 1.397797 2.211686
103050617 -1.036605 0.434119 1.711072 2.047139 33.297018 157.276585 1.398449 2.215357
103050618 -1.037980 0.434119 1.706265 2.043821 33.400727 157.303639 1.399093 2.219033
103050619 -1.039356 0.434119 1.701458 2.040510 33.504779 157.330633 1.399729 2.222712
103050620 -1.040731 0.434119 1.696651 2.037205 33.609174 157.357566 1.400357 2.226395
103050621 -1.042106 0.434119 1.691844 2.033908 33.713914 157.384438 1.400978 2.230081
103050622 -1.043482 0.434119 1.687037 2.030617 33.819000 157.411250 1.401591 2.233771
103050623 -1.044857 0.434119 1.682230 2.027334 33.924432 157.438002 1.402196 2.237465
103050624 -1.046232 0.434119 1.677422 2.024057 34.030212 157.464694 1.402792 2.241162
103050625 -1.047608 0.434119 1.672615 2.020788 34.136340 157.491325 1.403380 2.244863
103050626 -1.048983 0.434119 1.667808 2.017525 34.242818 157.517898 1.403960 2.248567
103050627 -1.050358 0.434119 1.663001 2.014270 34.349646 157.544411 1.404532 2.252275
103050628 -1.051734 0.434119 1.658194 2.011022 34.456824 157.570864 1.405094 2.255986
103050629 -1.053109 0.434119 1.653387 2.007781 34.564356 157.597259 1.405648 2.259700
103050630 -1.054484 0.434119 1.648580 2.004548 34.672240 157.623595 1.406193 2.263418
103050631 -1.055860 0.434119 1.643773 2.001321 34.780477 157.649872 1.406729 2.267138
103050632 -1.057235 0.434119 1.638965 1.998102 34.889070 157.676091 1.407256 2.270862
103050633 -1.058610 0.434119 1.634158 1.994891 34.998019 157.702251 1.407774 2.274588
103050634 -1.059986 0.434119 1.629351 1.991686 35.107324 157.728353 1.408282 2.278318
103050635 -1.061361 0.434119 1.624544 1.988489 35.216986 157.754397 1.408781 2.282050
103050636 -1.062736 0.434119 1.619737 1.985300 35.327007 157.780384 1.409270 2.285786
103050637 -1.064112 0.434119 1.614930 1.982118 35.437387 157.806313 1.409750 2.289524
103050638 -1.065487 0.434119 1.610123 1.978943 35.548127 157.832184 1.410220 2.293264
103050639 -1.066862 0.434119 1.605316 1.975776 35.659228 157.857998 1.410679 2.297008
103050640 -1.068238 0.434119 1.600508 1.972617 35.770691 157.883756 1.411129 2.300753
103050641 -1.069613 0.434119 1.595701 1.969465 35.882516 157.909456 1.411568 2.304502
103050642 -1.070988 0.434119 1.590894 1.966321 35.994705 157.935100 1.411997 2.308253
103050643 -1.072364 0.434119 1.586087 1.963185 36.107259 157.960687 1.412416 2.312006
103050644 -1.073739 0.434119 1.581280 1.960056 36.220177 157.986218 1.412823 2.315761
103050645 -1.075114 0.434119 1.576473 1.956935 36.333462 158.011692 1.413220 2.319519
103050646 -1.076490 0.434119 1.571666 1.953822 36.447113 158.037111 1.413607 2.323278
103050647 -1.077865 0.434119 1.566859 1.950717 36.561132 158.062474 1.413982 2.327040
103050648 -1.079240 0.434119 1.562051 1.947620 36.675520 158.087781 1.414346 2.330804
103050649 -1.080616 0.434119 1.557244 1.944531 36.790277 158.113033 1.414698 2.334569
103050650 -1.081991 0.434119 1.552437 1.941449 36.905404 158.138230 1.415040 2.338336
103050651 -1.083366 0.434119 1.547630 1.938376 37.020902 158.163371 1.415369 2.342105
103050652 -1.084742 0.434119 1.542823 1.935310 37.136771 158.188458 1.415687 2.345876
103050653 -1.086117 0.434119 1.538016 1.932253 37.253013 158.213489 1.415993 2.349648
103050654 -1.087492 0.434119 1.533209 1.929204 37.369628 158.238467 1.416287 2.353422
103050655 -1.088867 0.434119 1.528401 1.926163 37.486618 158.263389 1.416569 2.357197
103050656 -1.090243 0.434119 1.523594 1.923130 37.603981 158.288258 1.416839 2.360974
103050657 -1.091618 0.434119 1.518787 1.920105 37.721721 158.313072 1.417097 2.364751
103050658 -1.092993 0.434119 1.513980 1.917089 37.839836 158.337832 1.417341 2.368530
103050659 -1.094369 0.434119 1.509173 1.914081 37.958329 158.362539 1.417573 2.372310
103050660 -1.095744 0.434119 1.504366 1.911081 38.077199 158.387192 1.417793 2.376091
103050661 -1.097119 0.434119 1.499559 1.908090 38.196448 158.411792 1.417999 2.379872
103050662 -1.098495 0.434119 1.494752 1.905107 38.316075 158.436338 1.418192 2.383655
103050663 -1.099870 0.434119 1.489944 1.902133 38.436082 158.460831 1.418372 2.387438
103050664 -1.101245 0.434119 1.485137 1.899167 38.556470 158.485272 1.418539 2.391221
103050665 -1.102621 0.434119 1.480330 1.896209 38.677239 158.509659 1.418692 2.395005
103050666 -1.103996 0.434119 1.475523 1.893260 38.798390 158.533994 1.418831 2.398790
103050667 -1.105371 0.434119 1.470716 1.890320 38.919923 158.558276 1.418956 2.402575
103050668 -1.106747 0.434119 1.465909 1.887389 39.041840 158.582507 1.419068 2.406360
103050669 -1.108122 0.434119 1.461102 1.884466 39.164140 158.606685 1.419165 2.410145
103050670 -1.109497 0.434119 1.456295 1.881552 39.286824 158.630811 1.419248 2.413930
103050671 -1.110873 0.434119 1.451487 1.878647 39.409894 158.654885 1.419316 2.417715
103050672 -1.112248 0.434119 1.446680 1.875750 39.533349 158.678907 1.419370 2.421500
103050673 -1.113623 0.434119 1.441873 1.872863 39.657190 158.702879 1.419409 2.425284
103050674 -1.114999 0.434119 1.437066 1.869984 39.781418 158.726798 1.419434 2.429068
103050675 -1.116374 0.434119 1.432259 1.867114 39.906034 158.750667 1.419443 2.432852
103050676 -1.117749 0.434119 1.427452 1.864254 40.031037 158.774484 1.419437 2.436634
103050677 -1.119125 0.434119 1.422645 1.861402 40.156429 158.798251 1.419415 2.440417
103050678 -1.120500 0.434119 1.417838 1.858559 40.282210 158.821967 1.419378 2.444198
103050679 -1.121875 0.434119 1.413030 1.855726 40.408381 158.845632 1.419326 2.447978
103050680 -1.123251 0.434119 1.408223 1.852902 40.534942 158.869247 1.419257 2.451757
103050681 -1.124626 0.434119 1.403416 1.850086 40.661893 158.892812 1.419173 2.455535
103050682 -1.126001 0.434119 1.398609 1.847281 40.789235 158.916326 1.419072 2.459312
103050683 -1.127377 0.434119 1.393802 1.844484 40.916969 158.939791 1.418956 2.463087
103050684 -1.128752 0.434119 1.388995 1.841697 41.045095 158.963206 1.418822 2.466861
103050685 -1.130127 0.434119 1.384188 1.838919 41.173613 158.986571 1.418672 2.470633
103050686 -1.131503 0.434119 1.379381 1.836150 41.302524 159.009887 1.418506 2.474403
103050687 -1.132878 0.434119 1.374573 1.833391 41.431829 159.033153 1.418322 2.478172
103050688 -1.134253 0.434119 1.369766 1.830642 41.561528 159.056370 1.418121 2.481938
103050689 -1.135629 0.434119 1.364959 1.827902 41.691620 159.079538 1.417903 2.485702
103050690 -1.137004 0.434119 1.360152 1.825171 41.822107 159.102657 1.417668 2.489464
103050691 -1.138379 0.434119 1.355345 1.822451 41.952989 159.125728 1.417415 2.493223
103050692 -1.139755 0.434119 1.350538 1.819740 42.084267 159.148749 1.417144 2.496980
103050693 -1.141130 0.434119 1.345731 1.817038 42.215940 159.171723 1.416856 2.500735
103050694 -1.142505 0.434119 1.340923 1.814347 42.348009 159.194647 1.416549 2.504486
103050695 -1.143881 0.434119 1.336116 1.811665 42.480474 159.217524 1.416225 2.508235
103050696 -1.145256 0.434119 1.331309 1.808993 42.613336 159.240353 1.415881 2.511981
103050697 -1.146631 0.434119 1.326502 1.806331 42.746595 159.263134 1.415520 2.515723
103050698 -1.148007 0.434119 1.321695 1.803678 42.880251 159.285867 1.415139 2.519462
103050699 -1.149382 0.434119 1.316888 1.801036 43.014304 159.308552 1.414740 2.523198
103050700 -1.150757 0.434119 1.312081 1.798404 43.148755 159.331190 1.414322 2.526930
103050701 -1.006749 0.459225 1.785740 2.100786 31.784570 155.480092 1.418810 2.152585
103050702 -1.008125 0.459225 1.780933 2.097362 31.882801 155.509613 1.419556 2.156218
103050703 -1.009500 0.459225 1.776126 2.093944 31.981359 155.539067 1.420296 2.159855
103050704 -1.010875 0.459225 1.771319 2.090533 32.080246 155.568455 1.421030 2.163497
103050705 -1.012251 0.459225 1.766512 2.087128 32.179463 155.597777 1.421758 2.167143
103050706 -1.013626 0.459225 1.761705 2.083729 32.279011 155.627032 1.422479 2.170793
103050707 -1.015001 0.459225 1.756898 2.080337 32.378890 155.656222 1.423193 2.174448
103050708 -1.016377 0.459225 1.752090 2.076952 32.479102 155.685346 1.423900 2.178107
103050709 -1.017752 0.459225 1.747283 2.073573 32.579647 155.714405 1.424601 2.181771
103050710 -1.019127 0.459225 1.742476 2.070201 32.680527 155.743398 1.425295 2.185438
103050711 -1.020503 0.459225 1.737669 2.066835 32.781743 155.772327 1.425981 2.189110
103050712 -1.021878 0.459225 1.732862 2.063476 32.883295 155.801191 1.426660 2.192786
103050713 -1.023253 0.459225 1.728055 2.060123 32.985184 155.829990 1.427333 2.196466
103050714 -1.024629 0.459225 1.723248 2.056777 33.087412 155.858725 1.427997 2.200150
103050715 -1.026004 0.459225 1.718441 2.053438 33.189980 155.887396 1.428655 2.203838
103050716 -1.027379 0.459225 1.713633 2.050106 33.292887 155.916003 1.429304 2.207529
103050717 -1.028754 0.459225 1.708826 2.046780 33.396136 155.944546 1.429946 2.211225
103050718 -1.030130 0.459225 1.704019 2.043462 33.499728 155.973025 1.430580 2.214925
103050719 -1.031505 0.459225 1.699212 2.040150 33.603662 156.001441 1.431206 2.218628
103050720 -1.032880 0.459225 1.694405 2.036845 33.707940 156.029794 1.431824 2.222335
103050721 -1.034256 0.459225 1.689598 2.033547 33.812564 156.058084 1.432434 2.226046
103050722 -1.035631 0.459225 1.684791 2.030256 33.917534 156.086311 1.433036 2.229761
103050723 -1.037006 0.459225 1.679984 2.026972 34.022850 156.114476 1.433629 2.233479
103050724 -1.038382 0.459225 1.675176 2.023695 34.128515 156.142578 1.434213 2.237200
103050725 -1.039757 0.459225 1.670369 2.020425 34.234528 156.170618 1.434789 2.240925
103050726 -1.041132 0.459225 1.665562 2.017162 34.340891 156.198596 1.435357 2.244654
103050727 -1.042508 0.459225 1.660755 2.013906 34.447604 156.226512 1.435915 2.248385
103050728 -1.043883 0.459225 1.655948 2.010657 34.554670 156.254367 1.436464 2.252121
103050729 -1.045258 0.459225 1.651141 2.007416 34.662087 156.282160 1.437005 2.255859
103050730 -1.046634 0.459225 1.646334 2.004182 34.769858 156.309892 1.437536 2.259600
103050731 -1.048009 0.459225 1.641526 2.000955 34.877984 156.337563 1.438057 2.263345
103050732 -1.049384 0.459225 1.636719 1.997735 34.986464 156.365172 1.438569 2.267093
103050733 -1.050760 0.459225 1.631912 1.994523 35.095301 156.392722 1.439072 2.270843
103050734 -1.052135 0.459225 1.627105 1.991318 35.204494 156.420211 1.439565 2.274597
103050735 -1.053510 0.459225 1.622298 1.988120 35.314045 156.447639 1.440048 2.278354
103050736 -1.054886 0.459225 1.617491 1.984930 35.423955 156.475008 1.440520 2.282113
103050737 -1.056261 0.459225 1.612684 1.981748 35.534225 156.502316 1.440983 2.285875
103050738 -1.057636 0.459225 1.607877 1.978572 35.644855 156.529565 1.441436 2.289640
103050739 -1.059012 0.459225 1.603069 1.975405 35.755847 156.556754 1.441878 2.293407
103050740 -1.060387 0.459225 1.598262 1.972245 35.867201 156.583884 1.442310 2.297177
103050741 -1.061762 0.459225 1.593455 1.969093 35.978917 156.610954 1.442731 2.300949
103050742 -1.063138 0.459225 1.588648 1.965948 36.090998 156.637966 1.443141 2.304724
103050743 -1.064513 0.459225 1.583841 1.962811 36.203444 156.664919 1.443540 2.308501
103050744 -1.065888 0.459225 1.579034 1.959682 36.316255 156.691813 1.443929 2.312280
103050745 -1.067264 0.459225 1.574227 1.956560 36.429432 156.718648 1.444306 2.316061
103050746 -1.068639 0.459225 1.569420 1.953447 36.542977 156.745426 1.444672 2.319845
103050747 -1.070014 0.459225 1.564612 1.950341 36.656889 156.772145 1.445026 2.323630
103050748 -1.071390 0.459225 1.559805 1.947243 36.771171 156.798806 1.445369 2.327418
103050749 -1.072765 0.459225 1.554998 1.944153 36.885822 156.825410 1.445700 2.331207
103050750 -1.074140 0.459225 1.550191 1.941071 37.000844 156.851956 1.446019 2.334998
103050751 -1.075516 0.459225 1.545384 1.937997 37.116237 156.878444 1.446327 2.338791
103050752 -1.076891 0.459225 1.540577 1.934931 37.232002 156.904876 1.446622 2.342586
103050753 -1.078266 0.459225 1.535770 1.931873 37.348140 156.931250 1.446905 2.346382
103050754 -1.079642 0.459225 1.530963 1.928823 37.464652 156.957567 1.447175 2.350179
103050755 -1.081017 0.459225 1.526155 1.925782 37.581538 156.983828 1.447433 2.353978
103050756 -1.082392 0.459225 1.521348 1.922748 37.698799 157.010032 1.447678 2.357778
103050757 -1.083768 0.459225 1.516541 1.919723 37.816436 157.036179 1.447910 2.361580
103050758 -1.085143 0.459225 1.511734 1.916706 37.934450 157.062271 1.448130 2.365382
103050759 -1.086518 0.459225 1.506927 1.913697 38.052841 157.088306 1.448336 2.369186
103050760 -1.087894 0.459225 1.502120 1.910697 38.171610 157.114286 1.448529 2.372990
103050761 -1.089269 0.459225 1.497313 1.907705 38.290757 157.140210 1.448708 2.376795
103050762 -1.090644 0.459225 1.492506 1.904722 38.410285 157.166078 1.448874 2.380601
103050763 -1.092019 0.459225 1.487698 1.901747 38.530192 157.191891 1.449026 2.384408
103050764 -1.093395 0.459225 1.482891 1.898780 38.650480 157.217649 1.449165 2.388215
103050765 -1.094770 0.459225 1.478084 1.895822 38.771150 157.243352 1.449289 2.392023
103050766 -1.096145 0.459225 1.473277 1.892873 38.892202 157.269000 1.449399 2.395831
103050767 -1.097521 0.459225 1.468470 1.889932 39.013637 157.294593 1.449495 2.399639
103050768 -1.098896 0.459225 1.463663 1.887000 39.135456 157.320132 1.449576 2.403448
103050769 -1.100271 0.459225 1.458856 1.884076 39.257658 157.345616 1.449643 2.407257
103050770 -1.101647 0.459225 1.454048 1.881162 39.380246 157.371046 1.449694 2.411065
103050771 -1.103022 0.459225 1.449241 1.878256 39.503219 157.396423 1.449731 2.414874
103050772 -1.104397 0.459225 1.444434 1.875359 39.626578 157.421745 1.449753 2.418682
103050773 -1.105773 0.459225 1.439627 1.872471 39.750323 157.447013 1.449760 2.422490
103050774 -1.107148 0.459225 1.434820 1.869592 39.874456 157.472228 1.449751 2.426297
103050775 -1.108523 0.459225 1.430013 1.866721 39.998976 157.497390 1.449727 2.430104
103050776 -1.109899 0.459225 1.425206 1.863860 40.123885 157.522498 1.449687 2.433911
103050777 -1.111274 0.459225 1.420399 1.861008 40.249183 157.547554 1.449631 2.437716
103050778 -1.112649 0.459225 1.415591 1.858164 40.374870 157.572556 1.449559 2.441521
103050779 -1.114025 0.459225 1.410784 1.855330 40.500948 157.597506 1.449470 2.445324
103050780 -1.115400 0.459225 1.405977 1.852505 40.627415 157.622403 1.449366 2.449127
103050781 -1.116775 0.459225 1.401170 1.849690 40.754274 157.647247 1.449245 2.452928
103050782 -1.118151 0.459225 1.396363 1.846883 40.881524 157.672039 1.449107 2.456728
103050783 -1.119526 0.459225 1.391556 1.844086 41.009167 157.696780 1.448953 2.460527
103050784 -1.120901 0.459225 1.386749 1.841298 41.137201 157.721468 1.448781 2.464324
103050785 -1.122277 0.459225 1.381942 1.838520 41.265629 157.746104 1.448592 2.468120
103050786 -1.123652 0.459225 1.377134 1.835751 41.394450 157.770689 1.448386 2.471913
103050787 -1.125027 0.459225 1.372327 1.832991 41.523665 157.795222 1.448163 2.475705
103050788 -1.126403 0.459225 1.367520 1.830241 41.653273 157.819704 1.447922 2.479494
103050789 -1.127778 0.459225 1.362713 1.827500 41.783277 157.844134 1.447663 2.483282
103050790 -1.129153 0.459225 1.357906 1.824769 41.913675 157.868514 1.447386 2.487067
103050791 -1.130529 0.459225 1.353099 1.822048 42.044469 157.892842 1.447091 2.490850
103050792 -1.131904 0.459225 1.348292 1.819336 42.175659 157.917120 1.446778 2.494630
103050793 -1.133279 0.459225 1.343485 1.816634 42.307245 157.941348 1.446447 2.498408
103050794 -1.134655 0.459225 1.338677 1.813942 42.439227 157.965524 1.446096 2.502182
103050795 -1.136030 0.459225 1.333870 1.811260 42.571605 157.989651 1.445727 2.505954
103050796 -1.137405 0.459225 1.329063 1.808587 42.704381 158.013727 1.445339 2.509723
103050797 -1.138781 0.459225 1.324256 1.805924 42.837554 158.037754 1.444932 2.513489
103050798 -1.140156 0.459225 1.319449 1.803272 42.971125 158.061730 1.444506 2.517251
103050799 -1.141531 0.459225 1.314642 1.800629 43.105094 158.085657 1.444060 2.521010
103050800 -1.142907 0.459225 1.309835 1.797996 43.239460 158.109534 1.443595 2.524765
