# pixelID   x   y   z   l2  two_theta   azimuthal   polar_width azimuthal_width
112050001 1.199236 0.283487 1.320750 1.806353 43.015490 13.299964 1.217013 2.508000
112050002 1.197860 0.283487 1.325557 1.808960 42.880625 13.314691 1.217148 2.504444
112050003 1.196485 0.283487 1.330364 1.811577 42.746150 13.329450 1.217267 2.500884
112050004 1.195110 0.283487 1.335171 1.814204 42.612066 13.344241 1.217371 2.497321
112050005 1.193735 0.283487 1.339978 1.816840 42.478373 13.359064 1.217460 2.493755
112050006 1.192359 0.283487 1.344786 1.819487 42.345070 13.373920 1.217533 2.490185
112050007 1.190984 0.283487 1.349593 1.822144 42.212156 13.388808 1.217592 2.486612
112050008 1.189609 0.283487 1.354400 1.824810 42.079633 13.403728 1.217636 2.483035
112050009 1.188233 0.283487 1.359207 1.827486 41.947498 13.418682 1.217664 2.479457
112050010 1.186858 0.283487 1.364014 1.830172 41.815753 13.433668 1.217679 2.475875
112050011 1.185483 0.283487 1.368821 1.832868 41.684396 13.448687 1.217679 2.472290
112050012 1.184107 0.283487 1.373628 1.835573 41.553428 13.463739 1.217664 2.468703
112050013 1.182732 0.283487 1.378435 1.838288 41.422848 13.478824 1.217635 2.465114
112050014 1.181357 0.283487 1.383243 1.841013 41.292656 13.493943 1.217593 2.461523
112050015 1.179981 0.283487 1.388050 1.843747 41.162852 13.509095 1.217536 2.457929
112050016 1.178606 0.283487 1.392857 1.846490 41.033434 13.524280 1.217466 2.454333
112050017 1.177231 0.283487 1.397664 1.849243 40.904403 13.539498 1.217382 2.450736
112050018 1.175855 0.283487 1.402471 1.852006 40.775758 13.554751 1.217284 2.447136
112050019 1.174480 0.283487 1.407278 1.854778 40.647499 13.570037 1.217173 2.443535
112050020 1.173105 0.283487 1.412085 1.857559 40.519626 13.585357 1.217049 2.439932
112050021 1.171729 0.283487 1.416892 1.860349 40.392137 13.600711 1.216912 2.436328
112050022 1.170354 0.283487 1.421700 1.863149 40.265034 13.616099 1.216762 2.432723
112050023 1.168979 0.283487 1.426507 1.865957 40.138314 13.631521 1.216599 2.429116
112050024 1.167603 0.283487 1.431314 1.868775 40.011977 13.646978 1.216423 2.425509
112050025 1.166228 0.283487 1.436121 1.871602 39.886024 13.662468 1.216235 2.421900
112050026 1.164853 0.283487 1.440928 1.874439 39.760454 13.677994 1.216035 2.418290
112050027 1.163477 0.283487 1.445735 1.877284 39.635265 13.693554 1.215822 2.414680
112050028 1.162102 0.283487 1.450542 1.880138 39.510458 13.709149 1.215597 2.411069
112050029 1.160727 0.283487 1.455350 1.883001 39.386033 13.724779 1.215360 2.407457
112050030 1.159351 0.283487 1.460157 1.885873 39.261987 13.740444 1.215111 2.403845
112050031 1.157976 0.283487 1.464964 1.888754 39.138322 13.756144 1.214850 2.400233
112050032 1.156601 0.283487 1.469771 1.891644 39.015036 13.771879 1.214577 2.396620
112050033 1.155225 0.283487 1.474578 1.894542 38.892128 13.787649 1.214294 2.393008
112050034 1.153850 0.283487 1.479385 1.897450 38.769599 13.803455 1.213998 2.389395
112050035 1.152475 0.283487 1.484192 1.900366 38.647448 13.819297 1.213692 2.385782
112050036 1.151099 0.283487 1.488999 1.903290 38.525673 13.835174 1.213374 2.382170
112050037 1.149724 0.283487 1.493807 1.906224 38.404275 13.851087 1.213046 2.378557
112050038 1.148349 0.283487 1.498614 1.909165 38.283253 13.867036 1.212706 2.374945
112050039 1.146973 0.283487 1.503421 1.912116 38.162605 13.883021 1.212356 2.371334
112050040 1.145598 0.283487 1.508228 1.915075 38.042332 13.899042 1.211995 2.367723
112050041 1.144223 0.283487 1.513035 1.918042 37.922433 13.915099 1.211624 2.364112
112050042 1.142847 0.283487 1.517842 1.921018 37.802907 13.931193 1.211242 2.360503
112050043 1.141472 0.283487 1.522649 1.924002 37.683754 13.947323 1.210850 2.356894
112050044 1.140097 0.283487 1.527456 1.926995 37.564972 13.963490 1.210448 2.353286
112050045 1.138721 0.283487 1.532264 1.929996 37.446561 13.979694 1.210036 2.349679
112050046 1.137346 0.283487 1.537071 1.933005 37.328521 13.995935 1.209614 2.346073
112050047 1.135971 0.283487 1.541878 1.936022 37.210851 14.012213 1.209182 2.342469
112050048 1.134595 0.283487 1.546685 1.939048 37.093549 14.028528 1.208741 2.338865
112050049 1.133220 0.283487 1.551492 1.942081 36.976615 14.044880 1.208290 2.335263
112050050 1.131845 0.283487 1.556299 1.945123 36.860049 14.061269 1.207829 2.331662
112050051 1.130470 0.283487 1.561106 1.948173 36.743850 14.077696 1.207360 2.328063
112050052 1.129094 0.283487 1.565913 1.951231 36.628017 14.094161 1.206881 2.324466
112050053 1.127719 0.283487 1.570721 1.954297 36.512549 14.110663 1.206393 2.320870
112050054 1.126344 0.283487 1.575528 1.957371 36.397445 14.127204 1.205896 2.317276
112050055 1.124968 0.283487 1.580335 1.960453 36.282706 14.143782 1.205391 2.313683
112050056 1.123593 0.283487 1.585142 1.963543 36.168329 14.160399 1.204877 2.310093
112050057 1.122218 0.283487 1.589949 1.966641 36.054314 14.177054 1.204354 2.306505
112050058 1.120842 0.283487 1.594756 1.969746 35.940661 14.193747 1.203822 2.302918
112050059 1.119467 0.283487 1.599563 1.972859 35.827368 14.210479 1.203283 2.299334
112050060 1.118092 0.283487 1.604370 1.975980 35.714435 14.227249 1.202735 2.295752
112050061 1.116716 0.283487 1.609178 1.979109 35.601861 14.244059 1.202179 2.292172
112050062 1.115341 0.283487 1.613985 1.982245 35.489645 14.260907 1.201614 2.288595
112050063 1.113966 0.283487 1.618792 1.985389 35.377786 14.277794 1.201042 2.285020
112050064 1.112590 0.283487 1.623599 1.988541 35.266284 14.294721 1.200462 2.281447
112050065 1.111215 0.283487 1.628406 1.991700 35.155138 14.311687 1.199875 2.277877
112050066 1.109840 0.283487 1.633213 1.994867 35.044346 14.328692 1.199280 2.274310
112050067 1.108464 0.283487 1.638020 1.998041 34.933908 14.345737 1.198677 2.270746
112050068 1.107089 0.283487 1.642828 2.001223 34.823824 14.362822 1.198067 2.267184
112050069 1.105714 0.283487 1.647635 2.004412 34.714092 14.379946 1.197449 2.263625
112050070 1.104338 0.283487 1.652442 2.007608 34.604711 14.397111 1.196825 2.260069
112050071 1.102963 0.283487 1.657249 2.010812 34.495680 14.414316 1.196193 2.256516
112050072 1.101588 0.283487 1.662056 2.014023 34.387000 14.431561 1.195554 2.252966
112050073 1.100212 0.283487 1.666863 2.017242 34.278668 14.448846 1.194909 2.249419
112050074 1.098837 0.283487 1.671670 2.020468 34.170684 14.466173 1.194257 2.245875
112050075 1.097462 0.283487 1.676477 2.023700 34.063048 14.483539 1.193598 2.242334
112050076 1.096086 0.283487 1.681285 2.026940 33.955757 14.500947 1.192932 2.238797
112050077 1.094711 0.283487 1.686092 2.030188 33.848812 14.518396 1.192260 2.235263
112050078 1.093336 0.283487 1.690899 2.033442 33.742211 14.535885 1.191582 2.231732
112050079 1.091960 0.283487 1.695706 2.036703 33.635953 14.553416 1.190897 2.228205
112050080 1.090585 0.283487 1.700513 2.039972 33.530039 14.570989 1.190206 2.224681
112050081 1.089210 0.283487 1.705320 2.043247 33.424466 14.588603 1.189509 2.221161
112050082 1.087834 0.283487 1.710127 2.046530 33.319233 14.606259 1.188806 2.217644
112050083 1.086459 0.283487 1.714934 2.049819 33.214341 14.623956 1.188097 2.214131
112050084 1.085084 0.283487 1.719742 2.053115 33.109787 14.641696 1.187383 2.210622
112050085 1.083708 0.283487 1.724549 2.056418 33.005572 14.659478 1.186663 2.207117
112050086 1.082333 0.283487 1.729356 2.059728 32.901694 14.677302 1.185937 2.203615
112050087 1.080958 0.283487 1.734163 2.063045 32.798152 14.695168 1.185205 2.200117
112050088 1.079582 0.283487 1.738970 2.066369 32.694945 14.713077 1.184468 2.196623
112050089 1.078207 0.283487 1.743777 2.069699 32.592072 14.731029 1.183726 2.193133
112050090 1.076832 0.283487 1.748584 2.073036 32.489533 14.749024 1.182978 2.189648
112050091 1.075456 0.283487 1.753391 2.076380 32.387327 14.767062 1.182226 2.186166
112050092 1.074081 0.283487 1.758199 2.079730 32.285452 14.785142 1.181468 2.182688
112050093 1.072706 0.283487 1.763006 2.083087 32.183907 14.803267 1.180705 2.179214
112050094 1.071330 0.283487 1.767813 2.086451 32.082692 14.821435 1.179938 2.175745
112050095 1.069955 0.283487 1.772620 2.089821 31.981806 14.839646 1.179165 2.172280
112050096 1.068580 0.283487 1.777427 2.093197 31.881248 14.857901 1.178388 2.168819
112050097 1.067205 0.283487 1.782234 2.096580 31.781017 14.876200 1.177606 2.165363
112050098 1.065829 0.283487 1.787041 2.099970 31.681111 14.894544 1.176820 2.161910
112050099 1.064454 0.283487 1.791848 2.103366 31.581530 14.912931 1.176029 2.158463
112050100 1.063079 0.283487 1.796656 2.106768 31.482274 14.931363 1.175233 2.155019
112050101 1.191385 0.308592 1.318504 1.803630 43.027354 14.521581 1.251949 2.515963
112050102 1.190010 0.308592 1.323311 1.806240 42.892432 14.537653 1.252136 2.512375
112050103 1.188635 0.308592 1.328118 1.808861 42.757903 14.553761 1.252307 2.508783
112050104 1.187259 0.308592 1.332925 1.811492 42.623766 14.569903 1.252462 2.505188
112050105 1.185884 0.308592 1.337732 1.814133 42.490021 14.586080 1.252601 2.501589
112050106 1.184509 0.308592 1.342540 1.816783 42.356668 14.602292 1.252724 2.497987
112050107 1.183133 0.308592 1.347347 1.819444 42.223707 14.618540 1.252831 2.494382
112050108 1.181758 0.308592 1.352154 1.822114 42.091137 14.634823 1.252923 2.490774
112050109 1.180383 0.308592 1.356961 1.824795 41.958958 14.651141 1.253000 2.487163
112050110 1.179007 0.308592 1.361768 1.827484 41.827169 14.667495 1.253062 2.483549
112050111 1.177632 0.308592 1.366575 1.830184 41.695771 14.683885 1.253108 2.479932
112050112 1.176257 0.308592 1.371382 1.832893 41.564763 14.700311 1.253140 2.476313
112050113 1.174881 0.308592 1.376189 1.835612 41.434145 14.716773 1.253157 2.472692
112050114 1.173506 0.308592 1.380997 1.838341 41.303916 14.733271 1.253159 2.469068
112050115 1.172131 0.308592 1.385804 1.841079 41.174077 14.749805 1.253147 2.465443
112050116 1.170755 0.308592 1.390611 1.843826 41.044626 14.766375 1.253120 2.461815
112050117 1.169380 0.308592 1.395418 1.846583 40.915563 14.782982 1.253080 2.458185
112050118 1.168005 0.308592 1.400225 1.849350 40.786888 14.799625 1.253025 2.454554
112050119 1.166629 0.308592 1.405032 1.852125 40.658600 14.816306 1.252956 2.450921
112050120 1.165254 0.308592 1.409839 1.854910 40.530700 14.833022 1.252874 2.447286
112050121 1.163879 0.308592 1.414646 1.857705 40.403186 14.849776 1.252778 2.443650
112050122 1.162503 0.308592 1.419454 1.860508 40.276058 14.866567 1.252668 2.440013
112050123 1.161128 0.308592 1.424261 1.863321 40.149315 14.883395 1.252545 2.436374
112050124 1.159753 0.308592 1.429068 1.866143 40.022958 14.900260 1.252409 2.432734
112050125 1.158377 0.308592 1.433875 1.868974 39.896986 14.917163 1.252260 2.429094
112050126 1.157002 0.308592 1.438682 1.871814 39.771397 14.934103 1.252098 2.425452
112050127 1.155627 0.308592 1.443489 1.874663 39.646192 14.951081 1.251923 2.421810
112050128 1.154251 0.308592 1.448296 1.877522 39.521371 14.968096 1.251736 2.418167
112050129 1.152876 0.308592 1.453103 1.880389 39.396931 14.985150 1.251536 2.414524
112050130 1.151501 0.308592 1.457911 1.883265 39.272874 15.002241 1.251323 2.410880
112050131 1.150125 0.308592 1.462718 1.886150 39.149198 15.019371 1.251099 2.407236
112050132 1.148750 0.308592 1.467525 1.889043 39.025903 15.036539 1.250862 2.403591
112050133 1.147375 0.308592 1.472332 1.891946 38.902989 15.053745 1.250613 2.399947
112050134 1.145999 0.308592 1.477139 1.894857 38.780454 15.070990 1.250352 2.396302
112050135 1.144624 0.308592 1.481946 1.897777 38.658298 15.088273 1.250080 2.392658
112050136 1.143249 0.308592 1.486753 1.900706 38.536520 15.105595 1.249796 2.389014
112050137 1.141873 0.308592 1.491560 1.903643 38.415120 15.122956 1.249500 2.385370
112050138 1.140498 0.308592 1.496368 1.906589 38.294098 15.140356 1.249193 2.381726
112050139 1.139123 0.308592 1.501175 1.909543 38.173451 15.157796 1.248875 2.378083
112050140 1.137748 0.308592 1.505982 1.912506 38.053181 15.175274 1.248546 2.374440
112050141 1.136372 0.308592 1.510789 1.915478 37.933286 15.192792 1.248206 2.370798
112050142 1.134997 0.308592 1.515596 1.918457 37.813766 15.210349 1.247855 2.367157
112050143 1.133622 0.308592 1.520403 1.921445 37.694619 15.227946 1.247494 2.363517
112050144 1.132246 0.308592 1.525210 1.924442 37.575845 15.245583 1.247122 2.359877
112050145 1.130871 0.308592 1.530017 1.927447 37.457444 15.263260 1.246739 2.356239
112050146 1.129496 0.308592 1.534825 1.930460 37.339415 15.280977 1.246346 2.352601
112050147 1.128120 0.308592 1.539632 1.933481 37.221756 15.298734 1.245943 2.348965
112050148 1.126745 0.308592 1.544439 1.936511 37.104468 15.316531 1.245530 2.345330
112050149 1.125370 0.308592 1.549246 1.939549 36.987550 15.334369 1.245107 2.341697
112050150 1.123994 0.308592 1.554053 1.942594 36.871000 15.352248 1.244674 2.338065
112050151 1.122619 0.308592 1.558860 1.945648 36.754818 15.370167 1.244231 2.334434
112050152 1.121244 0.308592 1.563667 1.948710 36.639004 15.388127 1.243779 2.330806
112050153 1.119868 0.308592 1.568475 1.951780 36.523556 15.406128 1.243317 2.327178
112050154 1.118493 0.308592 1.573282 1.954858 36.408474 15.424170 1.242846 2.323553
112050155 1.117118 0.308592 1.578089 1.957944 36.293757 15.442254 1.242366 2.319929
112050156 1.115742 0.308592 1.582896 1.961038 36.179405 15.460379 1.241877 2.316308
112050157 1.114367 0.308592 1.587703 1.964139 36.065415 15.478545 1.241378 2.312688
112050158 1.112992 0.308592 1.592510 1.967249 35.951789 15.496753 1.240871 2.309071
112050159 1.111616 0.308592 1.597317 1.970366 35.838524 15.515003 1.240355 2.305455
112050160 1.110241 0.308592 1.602124 1.973491 35.725620 15.533295 1.239830 2.301842
112050161 1.108866 0.308592 1.606932 1.976624 35.613076 15.551629 1.239297 2.298231
112050162 1.107490 0.308592 1.611739 1.979764 35.500892 15.570006 1.238756 2.294623
112050163 1.106115 0.308592 1.616546 1.982912 35.389066 15.588424 1.238206 2.291017
112050164 1.104740 0.308592 1.621353 1.986067 35.277598 15.606886 1.237648 2.287414
112050165 1.103364 0.308592 1.626160 1.989231 35.166487 15.625390 1.237081 2.283813
112050166 1.101989 0.308592 1.630967 1.992401 35.055732 15.643936 1.236507 2.280215
112050167 1.100614 0.308592 1.635774 1.995579 34.945332 15.662526 1.235925 2.276619
112050168 1.099238 0.308592 1.640581 1.998765 34.835287 15.681159 1.235336 2.273026
112050169 1.097863 0.308592 1.645389 2.001958 34.725595 15.699835 1.234738 2.269437
112050170 1.096488 0.308592 1.650196 2.005158 34.616255 15.718555 1.234133 2.265850
112050171 1.095112 0.308592 1.655003 2.008366 34.507267 15.737318 1.233521 2.262266
112050172 1.093737 0.308592 1.659810 2.011581 34.398631 15.756125 1.232901 2.258685
112050173 1.092362 0.308592 1.664617 2.014804 34.290344 15.774976 1.232275 2.255107
112050174 1.090986 0.308592 1.669424 2.018033 34.182406 15.793870 1.231641 2.251533
112050175 1.089611 0.308592 1.674231 2.021270 34.074816 15.812809 1.231000 2.247961
112050176 1.088236 0.308592 1.679038 2.024514 33.967574 15.831792 1.230352 2.244393
112050177 1.086860 0.308592 1.683846 2.027765 33.860678 15.850820 1.229697 2.240829
112050178 1.085485 0.308592 1.688653 2.031023 33.754128 15.869892 1.229036 2.237267
112050179 1.084110 0.308592 1.693460 2.034288 33.647922 15.889009 1.228368 2.233710
112050180 1.082734 0.308592 1.698267 2.037561 33.542060 15.908171 1.227693 2.230155
112050181 1.081359 0.308592 1.703074 2.040840 33.436541 15.927378 1.227012 2.226605
112050182 1.079984 0.308592 1.707881 2.044126 33.331363 15.946631 1.226325 2.223058
112050183 1.078608 0.308592 1.712688 2.047420 33.226527 15.965928 1.225632 2.219514
112050184 1.077233 0.308592 1.717495 2.050720 33.122031 15.985272 1.224932 2.215975
112050185 1.075858 0.308592 1.722303 2.054027 33.017873 16.004661 1.224227 2.212439
112050186 1.074483 0.308592 1.727110 2.057340 32.914054 16.024095 1.223515 2.208907
112050187 1.073107 0.308592 1.731917 2.060661 32.810573 16.043576 1.222798 2.205379
112050188 1.071732 0.308592 1.736724 2.063988 32.707427 16.063103 1.222075 2.201855
112050189 1.070357 0.308592 1.741531 2.067323 32.604617 16.082676 1.221347 2.198335
112050190 1.068981 0.308592 1.746338 2.070663 32.502142 16.102296 1.220612 2.194819
112050191 1.067606 0.308592 1.751145 2.074011 32.399999 16.121963 1.219873 2.191307
112050192 1.066231 0.308592 1.755953 2.077365 32.298190 16.141676 1.219128 2.187799
112050193 1.064855 0.308592 1.760760 2.080726 32.196712 16.161436 1.218378 2.184295
112050194 1.063480 0.308592 1.765567 2.084093 32.095565 16.181243 1.217622 2.180796
112050195 1.062105 0.308592 1.770374 2.087467 31.994747 16.201098 1.216862 2.177300
112050196 1.060729 0.308592 1.775181 2.090847 31.894259 16.221000 1.216096 2.173809
112050197 1.059354 0.308592 1.779988 2.094234 31.794098 16.240950 1.215326 2.170323
112050198 1.057979 0.308592 1.784795 2.097628 31.694264 16.260948 1.214551 2.166841
112050199 1.056603 0.308592 1.789602 2.101027 31.594756 16.280993 1.213771 2.163363
112050200 1.055228 0.308592 1.794410 2.104434 31.495573 16.301087 1.212986 2.159890
112050201 1.183535 0.333697 1.316258 1.801289 43.052291 15.745791 1.286159 2.522274
112050202 1.182159 0.333697 1.321065 1.803903 42.917337 15.763199 1.286397 2.518655
112050203 1.180784 0.333697 1.325872 1.806527 42.782777 15.780646 1.286619 2.515033
112050204 1.179409 0.333697 1.330679 1.809162 42.648610 15.798130 1.286824 2.511406
112050205 1.178033 0.333697 1.335486 1.811806 42.514837 15.815651 1.287012 2.507777
112050206 1.176658 0.333697 1.340293 1.814460 42.381457 15.833211 1.287185 2.504144
112050207 1.175283 0.333697 1.345101 1.817124 42.248471 15.850809 1.287341 2.500508
112050208 1.173907 0.333697 1.349908 1.819798 42.115877 15.868444 1.287481 2.496868
112050209 1.172532 0.333697 1.354715 1.822481 41.983676 15.886119 1.287605 2.493226
112050210 1.171157 0.333697 1.359522 1.825174 41.851866 15.903831 1.287713 2.489582
112050211 1.169781 0.333697 1.364329 1.827878 41.720449 15.921582 1.287806 2.485934
112050212 1.168406 0.333697 1.369136 1.830590 41.589423 15.939372 1.287883 2.482284
112050213 1.167031 0.333697 1.373943 1.833313 41.458789 15.957200 1.287945 2.478632
112050214 1.165655 0.333697 1.378750 1.836044 41.328545 15.975067 1.287992 2.474978
112050215 1.164280 0.333697 1.383558 1.838786 41.198691 15.992974 1.288023 2.471321
112050216 1.162905 0.333697 1.388365 1.841537 41.069228 16.010919 1.288040 2.467662
112050217 1.161529 0.333697 1.393172 1.844297 40.940154 16.028904 1.288042 2.464002
112050218 1.160154 0.333697 1.397979 1.847067 40.811470 16.046928 1.288030 2.460340
112050219 1.158779 0.333697 1.402786 1.849846 40.683175 16.064992 1.288003 2.456676
112050220 1.157403 0.333697 1.407593 1.852635 40.555267 16.083095 1.287962 2.453010
112050221 1.156028 0.333697 1.412400 1.855432 40.427748 16.101238 1.287906 2.449343
112050222 1.154653 0.333697 1.417207 1.858240 40.300616 16.119421 1.287837 2.445675
112050223 1.153277 0.333697 1.422015 1.861056 40.173872 16.137644 1.287754 2.442006
112050224 1.151902 0.333697 1.426822 1.863881 40.047513 16.155907 1.287657 2.438335
112050225 1.150527 0.333697 1.431629 1.866716 39.921541 16.174210 1.287546 2.434664
112050226 1.149151 0.333697 1.436436 1.869559 39.795954 16.192554 1.287422 2.430991
112050227 1.147776 0.333697 1.441243 1.872412 39.670752 16.210938 1.287285 2.427318
112050228 1.146401 0.333697 1.446050 1.875273 39.545935 16.229363 1.287134 2.423645
112050229 1.145025 0.333697 1.450857 1.878144 39.421501 16.247829 1.286970 2.419970
112050230 1.143650 0.333697 1.455665 1.881023 39.297451 16.266336 1.286794 2.416296
112050231 1.142275 0.333697 1.460472 1.883912 39.173783 16.284883 1.286605 2.412621
112050232 1.140900 0.333697 1.465279 1.886809 39.050497 16.303472 1.286403 2.408946
112050233 1.139524 0.333697 1.470086 1.889715 38.927593 16.322103 1.286188 2.405271
112050234 1.138149 0.333697 1.474893 1.892629 38.805070 16.340774 1.285962 2.401595
112050235 1.136774 0.333697 1.479700 1.895553 38.682928 16.359488 1.285723 2.397920
112050236 1.135398 0.333697 1.484507 1.898485 38.561165 16.378243 1.285472 2.394245
112050237 1.134023 0.333697 1.489314 1.901426 38.439781 16.397040 1.285209 2.390571
112050238 1.132648 0.333697 1.494122 1.904375 38.318776 16.415879 1.284934 2.386896
112050239 1.131272 0.333697 1.498929 1.907333 38.198148 16.434760 1.284648 2.383222
112050240 1.129897 0.333697 1.503736 1.910299 38.077897 16.453683 1.284350 2.379549
112050241 1.128522 0.333697 1.508543 1.913274 37.958023 16.472649 1.284041 2.375877
112050242 1.127146 0.333697 1.513350 1.916257 37.838525 16.491657 1.283720 2.372205
112050243 1.125771 0.333697 1.518157 1.919249 37.719401 16.510709 1.283388 2.368534
112050244 1.124396 0.333697 1.522964 1.922249 37.600653 16.529802 1.283045 2.364864
112050245 1.123020 0.333697 1.527771 1.925257 37.482277 16.548939 1.282692 2.361195
112050246 1.121645 0.333697 1.532579 1.928273 37.364275 16.568119 1.282327 2.357527
112050247 1.120270 0.333697 1.537386 1.931298 37.246645 16.587343 1.281952 2.353861
112050248 1.118894 0.333697 1.542193 1.934331 37.129386 16.606609 1.281567 2.350195
112050249 1.117519 0.333697 1.547000 1.937372 37.012498 16.625920 1.281171 2.346531
112050250 1.116144 0.333697 1.551807 1.940422 36.895981 16.645273 1.280764 2.342869
112050251 1.114768 0.333697 1.556614 1.943479 36.779832 16.664671 1.280348 2.339208
112050252 1.113393 0.333697 1.561421 1.946544 36.664052 16.684113 1.279922 2.335549
112050253 1.112018 0.333697 1.566228 1.949618 36.548639 16.703599 1.279486 2.331891
112050254 1.110642 0.333697 1.571036 1.952699 36.433594 16.723129 1.279040 2.328235
112050255 1.109267 0.333697 1.575843 1.955788 36.318915 16.742703 1.278584 2.324581
112050256 1.107892 0.333697 1.580650 1.958885 36.204601 16.762322 1.278119 2.320930
112050257 1.106516 0.333697 1.585457 1.961990 36.090651 16.781986 1.277644 2.317280
112050258 1.105141 0.333697 1.590264 1.965103 35.977066 16.801695 1.277161 2.313632
112050259 1.103766 0.333697 1.595071 1.968224 35.863843 16.821448 1.276668 2.309986
112050260 1.102390 0.333697 1.599878 1.971352 35.750983 16.841247 1.276166 2.306343
112050261 1.101015 0.333697 1.604685 1.974488 35.638484 16.861091 1.275655 2.302702
112050262 1.099640 0.333697 1.609493 1.977632 35.526345 16.880981 1.275135 2.299063
112050263 1.098264 0.333697 1.614300 1.980783 35.414566 16.900916 1.274607 2.295427
112050264 1.096889 0.333697 1.619107 1.983942 35.303146 16.920897 1.274070 2.291794
112050265 1.095514 0.333697 1.623914 1.987109 35.192083 16.940924 1.273525 2.288163
112050266 1.094138 0.333697 1.628721 1.990283 35.081378 16.960997 1.272971 2.284534
112050267 1.092763 0.333697 1.633528 1.993464 34.971029 16.981116 1.272409 2.280909
112050268 1.091388 0.333697 1.638335 1.996653 34.861036 17.001282 1.271839 2.277286
112050269 1.090012 0.333697 1.643142 1.999850 34.751397 17.021494 1.271261 2.273666
112050270 1.088637 0.333697 1.647950 2.003053 34.642112 17.041752 1.270675 2.270049
112050271 1.087262 0.333697 1.652757 2.006264 34.533179 17.062058 1.270081 2.266435
112050272 1.085886 0.333697 1.657564 2.009483 34.424598 17.082411 1.269480 2.262824
112050273 1.084511 0.333697 1.662371 2.012709 34.316369 17.102810 1.268871 2.259217
112050274 1.083136 0.333697 1.667178 2.015941 34.208489 17.123257 1.268255 2.255612
112050275 1.081760 0.333697 1.671985 2.019182 34.100959 17.143752 1.267631 2.252011
112050276 1.080385 0.333697 1.676792 2.022429 33.993777 17.164294 1.267000 2.248413
112050277 1.079010 0.333697 1.681600 2.025683 33.886943 17.184884 1.266362 2.244819
112050278 1.077635 0.333697 1.686407 2.028945 33.780455 17.205522 1.265717 2.241227
112050279 1.076259 0.333697 1.691214 2.032214 33.674312 17.226208 1.265065 2.237640
112050280 1.074884 0.333697 1.696021 2.035489 33.568515 17.246942 1.264406 2.234056
112050281 1.073509 0.333697 1.700828 2.038772 33.463061 17.267725 1.263740 2.230475
112050282 1.072133 0.333697 1.705635 2.042061 33.357950 17.288557 1.263068 2.226898
112050283 1.070758 0.333697 1.710442 2.045358 33.253181 17.309437 1.262389 2.223325
112050284 1.069383 0.333697 1.715249 2.048661 33.148753 17.330366 1.261704 2.219756
112050285 1.068007 0.333697 1.720057 2.051972 33.044665 17.351344 1.261012 2.216190
112050286 1.066632 0.333697 1.724864 2.055289 32.940916 17.372372 1.260315 2.212629
112050287 1.065257 0.333697 1.729671 2.058613 32.837506 17.393449 1.259611 2.209071
112050288 1.063881 0.333697 1.734478 2.061943 32.734433 17.414576 1.258901 2.205517
112050289 1.062506 0.333697 1.739285 2.065281 32.631696 17.435752 1.258185 2.201967
112050290 1.061131 0.333697 1.744092 2.068625 32.529294 17.456978 1.257464 2.198422
112050291 1.059755 0.333697 1.748899 2.071976 32.427227 17.478255 1.256736 2.194880
112050292 1.058380 0.333697 1.753706 2.075333 32.325493 17.499582 1.256003 2.191343
112050293 1.057005 0.333697 1.758514 2.078697 32.224092 17.520959 1.255265 2.187809
112050294 1.055629 0.333697 1.763321 2.082068 32.123023 17.542387 1.254521 2.184280
112050295 1.054254 0.333697 1.768128 2.085445 32.022284 17.563866 1.253771 2.180756
112050296 1.052879 0.333697 1.772935 2.088829 31.921875 17.585395 1.253017 2.177235
112050297 1.051503 0.333697 1.777742 2.092219 31.821795 17.606976 1.252257 2.173719
112050298 1.050128 0.333697 1.782549 2.095616 31.722042 17.628609 1.251492 2.170208
112050299 1.048753 0.333697 1.787356 2.099019 31.622616 17.650292 1.250722 2.166700
112050300 1.047377 0.333697 1.792163 2.102428 31.523516 17.672028 1.249947 2.163198
112050301 1.175684 0.358803 1.314012 1.799333 43.090368 16.971480 1.319547 2.526911
112050302 1.174309 0.358803 1.318819 1.801950 42.955405 16.990213 1.319836 2.523263
112050303 1.172933 0.358803 1.323626 1.804577 42.820837 17.008985 1.320108 2.519610
112050304 1.171558 0.358803 1.328433 1.807214 42.686665 17.027798 1.320363 2.515954
112050305 1.170183 0.358803 1.333240 1.809861 42.552887 17.046651 1.320601 2.512295
112050306 1.168807 0.358803 1.338047 1.812518 42.419504 17.065545 1.320821 2.508633
112050307 1.167432 0.358803 1.342855 1.815185 42.286515 17.084480 1.321025 2.504967
112050308 1.166057 0.358803 1.347662 1.817861 42.153920 17.103455 1.321212 2.501298
112050309 1.164681 0.358803 1.352469 1.820548 42.021718 17.122471 1.321383 2.497626
112050310 1.163306 0.358803 1.357276 1.823244 41.889911 17.141529 1.321538 2.493952
112050311 1.161931 0.358803 1.362083 1.825950 41.758496 17.160627 1.321676 2.490275
112050312 1.160555 0.358803 1.366890 1.828665 41.627474 17.179767 1.321798 2.486595
112050313 1.159180 0.358803 1.371697 1.831391 41.496845 17.198948 1.321904 2.482914
112050314 1.157805 0.358803 1.376504 1.834125 41.366607 17.218171 1.321995 2.479229
112050315 1.156429 0.358803 1.381312 1.836870 41.236761 17.237436 1.322070 2.475543
112050316 1.155054 0.358803 1.386119 1.839623 41.107307 17.256742 1.322130 2.471855
112050317 1.153679 0.358803 1.390926 1.842387 40.978243 17.276090 1.322174 2.468165
112050318 1.152303 0.358803 1.395733 1.845159 40.849570 17.295481 1.322203 2.464473
112050319 1.150928 0.358803 1.400540 1.847941 40.721287 17.314914 1.322217 2.460779
112050320 1.149553 0.358803 1.405347 1.850733 40.593393 17.334389 1.322217 2.457084
112050321 1.148177 0.358803 1.410154 1.853533 40.465889 17.353906 1.322201 2.453388
112050322 1.146802 0.358803 1.414961 1.856343 40.338773 17.373466 1.322171 2.449690
112050323 1.145427 0.358803 1.419769 1.859162 40.212046 17.393070 1.322127 2.445991
112050324 1.144052 0.358803 1.424576 1.861991 40.085706 17.412715 1.322068 2.442291
112050325 1.142676 0.358803 1.429383 1.864828 39.959753 17.432404 1.321996 2.438590
112050326 1.141301 0.358803 1.434190 1.867674 39.834187 17.452137 1.321909 2.434888
112050327 1.139926 0.358803 1.438997 1.870530 39.709007 17.471912 1.321809 2.431185
112050328 1.138550 0.358803 1.443804 1.873394 39.584212 17.491731 1.321694 2.427482
112050329 1.137175 0.358803 1.448611 1.876268 39.459803 17.511594 1.321567 2.423778
112050330 1.135800 0.358803 1.453418 1.879150 39.335778 17.531500 1.321425 2.420074
112050331 1.134424 0.358803 1.458226 1.882041 39.212137 17.551450 1.321271 2.416369
112050332 1.133049 0.358803 1.463033 1.884941 39.088879 17.571445 1.321104 2.412665
112050333 1.131674 0.358803 1.467840 1.887850 38.966004 17.591483 1.320923 2.408960
112050334 1.130298 0.358803 1.472647 1.890768 38.843511 17.611566 1.320730 2.405255
112050335 1.128923 0.358803 1.477454 1.893694 38.721399 17.631693 1.320524 2.401550
112050336 1.127548 0.358803 1.482261 1.896629 38.599668 17.651865 1.320305 2.397846
112050337 1.126172 0.358803 1.487068 1.899573 38.478317 17.672081 1.320074 2.394142
112050338 1.124797 0.358803 1.491875 1.902525 38.357346 17.692342 1.319831 2.390438
112050339 1.123422 0.358803 1.496683 1.905485 38.236754 17.712649 1.319576 2.386735
112050340 1.122046 0.358803 1.501490 1.908455 38.116540 17.733000 1.319308 2.383032
112050341 1.120671 0.358803 1.506297 1.911432 37.996703 17.753397 1.319029 2.379330
112050342 1.119296 0.358803 1.511104 1.914418 37.877244 17.773839 1.318738 2.375629
112050343 1.117920 0.358803 1.515911 1.917413 37.758160 17.794327 1.318435 2.371928
112050344 1.116545 0.358803 1.520718 1.920416 37.639452 17.814861 1.318121 2.368229
112050345 1.115170 0.358803 1.525525 1.923427 37.521118 17.835441 1.317796 2.364531
112050346 1.113794 0.358803 1.530332 1.926446 37.403159 17.856066 1.317459 2.360833
112050347 1.112419 0.358803 1.535140 1.929474 37.285573 17.876738 1.317111 2.357137
112050348 1.111044 0.358803 1.539947 1.932510 37.168359 17.897456 1.316753 2.353443
112050349 1.109668 0.358803 1.544754 1.935554 37.051518 17.918221 1.316383 2.349749
112050350 1.108293 0.358803 1.549561 1.938606 36.935047 17.939032 1.316003 2.346057
112050351 1.106918 0.358803 1.554368 1.941666 36.818946 17.959890 1.315613 2.342367
112050352 1.105542 0.358803 1.559175 1.944734 36.703215 17.980795 1.315211 2.338679
112050353 1.104167 0.358803 1.563982 1.947810 36.587853 18.001748 1.314800 2.334992
112050354 1.102792 0.358803 1.568790 1.950895 36.472859 18.022747 1.314379 2.331307
112050355 1.101416 0.358803 1.573597 1.953987 36.358232 18.043794 1.313947 2.327623
112050356 1.100041 0.358803 1.578404 1.957087 36.243971 18.064888 1.313505 2.323942
112050357 1.098666 0.358803 1.583211 1.960195 36.130076 18.086031 1.313054 2.320263
112050358 1.097290 0.358803 1.588018 1.963310 36.016545 18.107221 1.312593 2.316586
112050359 1.095915 0.358803 1.592825 1.966434 35.903379 18.128459 1.312122 2.312911
112050360 1.094540 0.358803 1.597632 1.969565 35.790576 18.149745 1.311643 2.309238
112050361 1.093164 0.358803 1.602439 1.972704 35.678134 18.171080 1.311153 2.305568
112050362 1.091789 0.358803 1.607247 1.975850 35.566055 18.192463 1.310655 2.301900
112050363 1.090414 0.358803 1.612054 1.979004 35.454336 18.213895 1.310147 2.298235
112050364 1.089038 0.358803 1.616861 1.982166 35.342977 18.235376 1.309631 2.294572
112050365 1.087663 0.358803 1.621668 1.985336 35.231976 18.256905 1.309105 2.290912
112050366 1.086288 0.358803 1.626475 1.988512 35.121334 18.278484 1.308571 2.287254
112050367 1.084912 0.358803 1.631282 1.991697 35.011049 18.300112 1.308029 2.283600
112050368 1.083537 0.358803 1.636089 1.994889 34.901120 18.321790 1.307478 2.279948
112050369 1.082162 0.358803 1.640896 1.998088 34.791547 18.343517 1.306918 2.276299
112050370 1.080787 0.358803 1.645704 2.001294 34.682328 18.365294 1.306351 2.272653
112050371 1.079411 0.358803 1.650511 2.004508 34.573464 18.387122 1.305775 2.269010
112050372 1.078036 0.358803 1.655318 2.007730 34.464951 18.408999 1.305191 2.265370
112050373 1.076661 0.358803 1.660125 2.010958 34.356791 18.430926 1.304599 2.261733
112050374 1.075285 0.358803 1.664932 2.014194 34.248982 18.452904 1.303999 2.258100
112050375 1.073910 0.358803 1.669739 2.017437 34.141523 18.474933 1.303392 2.254469
112050376 1.072535 0.358803 1.674546 2.020687 34.034413 18.497013 1.302777 2.250842
112050377 1.071159 0.358803 1.679353 2.023944 33.927652 18.519143 1.302155 2.247219
112050378 1.069784 0.358803 1.684161 2.027208 33.821238 18.541325 1.301525 2.243599
112050379 1.068409 0.358803 1.688968 2.030480 33.715170 18.563558 1.300888 2.239982
112050380 1.067033 0.358803 1.693775 2.033758 33.609448 18.585842 1.300244 2.236369
112050381 1.065658 0.358803 1.698582 2.037044 33.504071 18.608178 1.299593 2.232759
112050382 1.064283 0.358803 1.703389 2.040336 33.399037 18.630566 1.298935 2.229154
112050383 1.062907 0.358803 1.708196 2.043635 33.294347 18.653006 1.298270 2.225551
112050384 1.061532 0.358803 1.713003 2.046942 33.189998 18.675498 1.297598 2.221953
112050385 1.060157 0.358803 1.717810 2.050255 33.085990 18.698043 1.296920 2.218359
112050386 1.058781 0.358803 1.722618 2.053575 32.982322 18.720640 1.296235 2.214768
112050387 1.057406 0.358803 1.727425 2.056901 32.878993 18.743290 1.295544 2.211181
112050388 1.056031 0.358803 1.732232 2.060235 32.776002 18.765993 1.294846 2.207599
112050389 1.054655 0.358803 1.737039 2.063575 32.673349 18.788748 1.294143 2.204020
112050390 1.053280 0.358803 1.741846 2.066922 32.571031 18.811558 1.293433 2.200445
112050391 1.051905 0.358803 1.746653 2.070275 32.469049 18.834420 1.292717 2.196875
112050392 1.050529 0.358803 1.751460 2.073636 32.367402 18.857336 1.291995 2.193308
112050393 1.049154 0.358803 1.756267 2.077002 32.266087 18.880306 1.291267 2.189746
112050394 1.047779 0.358803 1.761075 2.080376 32.165105 18.903330 1.290533 2.186188
112050395 1.046403 0.358803 1.765882 2.083756 32.064455 18.926408 1.289794 2.182635
112050396 1.045028 0.358803 1.770689 2.087142 31.964135 18.949540 1.289049 2.179086
112050397 1.043653 0.358803 1.775496 2.090535 31.864144 18.972727 1.288299 2.175541
112050398 1.042277 0.358803 1.780303 2.093934 31.764482 18.995969 1.287544 2.172000
112050399 1.040902 0.358803 1.785110 2.097340 31.665148 19.019265 1.286783 2.168464
112050400 1.039527 0.358803 1.789917 2.100752 31.566140 19.042617 1.286017 2.164933
112050401 1.167833 0.383908 1.311766 1.797762 43.141619 18.197530 1.352022 2.529859
112050402 1.166458 0.383908 1.316573 1.800382 43.006671 18.217570 1.352362 2.526182
112050403 1.165083 0.383908 1.321380 1.803011 42.872119 18.237652 1.352683 2.522501
112050404 1.163707 0.383908 1.326187 1.805650 42.737963 18.257777 1.352987 2.518817
112050405 1.162332 0.383908 1.330994 1.808299 42.604203 18.277945 1.353273 2.515130
112050406 1.160957 0.383908 1.335801 1.810959 42.470839 18.298156 1.353541 2.511439
112050407 1.159581 0.383908 1.340608 1.813628 42.337870 18.318411 1.353792 2.507745
112050408 1.158206 0.383908 1.345416 1.816307 42.205297 18.338708 1.354026 2.504048
112050409 1.156831 0.383908 1.350223 1.818995 42.073118 18.359050 1.354243 2.500348
112050410 1.155455 0.383908 1.355030 1.821694 41.941333 18.379434 1.354443 2.496645
112050411 1.154080 0.383908 1.359837 1.824402 41.809943 18.399863 1.354626 2.492940
112050412 1.152705 0.383908 1.364644 1.827120 41.678947 18.420335 1.354792 2.489232
112050413 1.151329 0.383908 1.369451 1.829847 41.548344 18.440852 1.354943 2.485522
112050414 1.149954 0.383908 1.374258 1.832585 41.418134 18.461413 1.355076 2.481810
112050415 1.148579 0.383908 1.379065 1.835331 41.288316 18.482017 1.355194 2.478095
112050416 1.147204 0.383908 1.383873 1.838087 41.158892 18.502667 1.355296 2.474379
112050417 1.145828 0.383908 1.388680 1.840853 41.029859 18.523361 1.355381 2.470660
112050418 1.144453 0.383908 1.393487 1.843628 40.901217 18.544099 1.355452 2.466940
112050419 1.143078 0.383908 1.398294 1.846412 40.772967 18.564883 1.355506 2.463218
112050420 1.141702 0.383908 1.403101 1.849206 40.645107 18.585711 1.355545 2.459495
112050421 1.140327 0.383908 1.407908 1.852009 40.517637 18.606585 1.355569 2.455770
112050422 1.138952 0.383908 1.412715 1.854821 40.390557 18.627504 1.355578 2.452044
112050423 1.137576 0.383908 1.417522 1.857642 40.263866 18.648468 1.355572 2.448317
112050424 1.136201 0.383908 1.422330 1.860473 40.137564 18.669478 1.355551 2.444589
112050425 1.134826 0.383908 1.427137 1.863313 40.011649 18.690534 1.355516 2.440859
112050426 1.133450 0.383908 1.431944 1.866161 39.886123 18.711635 1.355466 2.437129
112050427 1.132075 0.383908 1.436751 1.869019 39.760983 18.732782 1.355402 2.433398
112050428 1.130700 0.383908 1.441558 1.871886 39.636231 18.753976 1.355323 2.429667
112050429 1.129324 0.383908 1.446365 1.874762 39.511864 18.775216 1.355231 2.425935
112050430 1.127949 0.383908 1.451172 1.877646 39.387882 18.796502 1.355124 2.422202
112050431 1.126574 0.383908 1.455980 1.880540 39.264286 18.817835 1.355004 2.418470
112050432 1.125198 0.383908 1.460787 1.883442 39.141073 18.839214 1.354870 2.414737
112050433 1.123823 0.383908 1.465594 1.886353 39.018244 18.860641 1.354723 2.411004
112050434 1.122448 0.383908 1.470401 1.889273 38.895799 18.882114 1.354563 2.407271
112050435 1.121072 0.383908 1.475208 1.892202 38.773735 18.903635 1.354389 2.403538
112050436 1.119697 0.383908 1.480015 1.895139 38.652054 18.925203 1.354202 2.399805
112050437 1.118322 0.383908 1.484822 1.898085 38.530753 18.946818 1.354002 2.396073
112050438 1.116946 0.383908 1.489629 1.901039 38.409833 18.968481 1.353790 2.392341
112050439 1.115571 0.383908 1.494437 1.904002 38.289293 18.990192 1.353565 2.388609
112050440 1.114196 0.383908 1.499244 1.906974 38.169132 19.011950 1.353327 2.384878
112050441 1.112820 0.383908 1.504051 1.909954 38.049349 19.033757 1.353077 2.381148
112050442 1.111445 0.383908 1.508858 1.912942 37.929944 19.055612 1.352815 2.377418
112050443 1.110070 0.383908 1.513665 1.915939 37.810916 19.077515 1.352541 2.373690
112050444 1.108694 0.383908 1.518472 1.918944 37.692265 19.099467 1.352255 2.369962
112050445 1.107319 0.383908 1.523279 1.921958 37.573989 19.121467 1.351957 2.366236
112050446 1.105944 0.383908 1.528086 1.924979 37.456088 19.143517 1.351648 2.362510
112050447 1.104568 0.383908 1.532894 1.928009 37.338561 19.165615 1.351327 2.358786
112050448 1.103193 0.383908 1.537701 1.931047 37.221408 19.187763 1.350994 2.355063
112050449 1.101818 0.383908 1.542508 1.934094 37.104627 19.209960 1.350651 2.351342
112050450 1.100442 0.383908 1.547315 1.937148 36.988218 19.232206 1.350296 2.347622
112050451 1.099067 0.383908 1.552122 1.940211 36.872180 19.254502 1.349930 2.343903
112050452 1.097692 0.383908 1.556929 1.943281 36.756513 19.276847 1.349554 2.340186
112050453 1.096316 0.383908 1.561736 1.946360 36.641215 19.299243 1.349166 2.336471
112050454 1.094941 0.383908 1.566543 1.949446 36.526287 19.321689 1.348768 2.332758
112050455 1.093566 0.383908 1.571351 1.952540 36.411726 19.344185 1.348360 2.329047
112050456 1.092190 0.383908 1.576158 1.955643 36.297532 19.366731 1.347941 2.325337
112050457 1.090815 0.383908 1.580965 1.958753 36.183705 19.389328 1.347513 2.321630
112050458 1.089440 0.383908 1.585772 1.961871 36.070243 19.411976 1.347074 2.317925
112050459 1.088064 0.383908 1.590579 1.964997 35.957147 19.434675 1.346625 2.314222
112050460 1.086689 0.383908 1.595386 1.968130 35.844414 19.457425 1.346166 2.310521
112050461 1.085314 0.383908 1.600193 1.971271 35.732044 19.480226 1.345698 2.306823
112050462 1.083939 0.383908 1.605000 1.974420 35.620037 19.503078 1.345220 2.303127
112050463 1.082563 0.383908 1.609808 1.977577 35.508391 19.525982 1.344732 2.299433
112050464 1.081188 0.383908 1.614615 1.980741 35.397105 19.548938 1.344235 2.295742
112050465 1.079813 0.383908 1.619422 1.983912 35.286180 19.571946 1.343729 2.292054
112050466 1.078437 0.383908 1.624229 1.987091 35.175613 19.595006 1.343214 2.288368
112050467 1.077062 0.383908 1.629036 1.990278 35.065404 19.618118 1.342690 2.284685
112050468 1.075687 0.383908 1.633843 1.993472 34.955552 19.641283 1.342157 2.281005
112050469 1.074311 0.383908 1.638650 1.996674 34.846057 19.664500 1.341616 2.277328
112050470 1.072936 0.383908 1.643457 1.999882 34.736917 19.687770 1.341065 2.273654
112050471 1.071561 0.383908 1.648265 2.003099 34.628132 19.711092 1.340506 2.269983
112050472 1.070185 0.383908 1.653072 2.006322 34.519700 19.734468 1.339939 2.266315
112050473 1.068810 0.383908 1.657879 2.009553 34.411621 19.757898 1.339364 2.262650
112050474 1.067435 0.383908 1.662686 2.012791 34.303893 19.781380 1.338780 2.258989
112050475 1.066059 0.383908 1.667493 2.016036 34.196517 19.804917 1.338189 2.255330
112050476 1.064684 0.383908 1.672300 2.019288 34.089491 19.828507 1.337589 2.251675
112050477 1.063309 0.383908 1.677107 2.022548 33.982813 19.852151 1.336982 2.248024
112050478 1.061933 0.383908 1.681915 2.025814 33.876484 19.875850 1.336367 2.244375
112050479 1.060558 0.383908 1.686722 2.029088 33.770502 19.899602 1.335744 2.240731
112050480 1.059183 0.383908 1.691529 2.032369 33.664867 19.923410 1.335114 2.237089
112050481 1.057807 0.383908 1.696336 2.035657 33.559577 19.947272 1.334476 2.233452
112050482 1.056432 0.383908 1.701143 2.038951 33.454631 19.971188 1.333832 2.229818
112050483 1.055057 0.383908 1.705950 2.042253 33.350029 19.995160 1.333180 2.226188
112050484 1.053681 0.383908 1.710757 2.045561 33.245770 20.019188 1.332521 2.222562
112050485 1.052306 0.383908 1.715564 2.048876 33.141852 20.043270 1.331855 2.218939
112050486 1.050931 0.383908 1.720372 2.052199 33.038275 20.067408 1.331182 2.215320
112050487 1.049555 0.383908 1.725179 2.055528 32.935038 20.091602 1.330502 2.211706
112050488 1.048180 0.383908 1.729986 2.058863 32.832139 20.115852 1.329816 2.208095
112050489 1.046805 0.383908 1.734793 2.062206 32.729579 20.140159 1.329123 2.204488
112050490 1.045429 0.383908 1.739600 2.065555 32.627355 20.164521 1.328424 2.200886
112050491 1.044054 0.383908 1.744407 2.068911 32.525468 20.188940 1.327718 2.197287
112050492 1.042679 0.383908 1.749214 2.072273 32.423915 20.213416 1.327007 2.193693
112050493 1.041303 0.383908 1.754021 2.075642 32.322697 20.237949 1.326289 2.190103
112050494 1.039928 0.383908 1.758829 2.079018 32.221812 20.262539 1.325565 2.186517
112050495 1.038553 0.383908 1.763636 2.082400 32.121258 20.287186 1.324835 2.182935
112050496 1.037177 0.383908 1.768443 2.085788 32.021037 20.311891 1.324099 2.179358
112050497 1.035802 0.383908 1.773250 2.089183 31.921145 20.336653 1.323357 2.175785
112050498 1.034427 0.383908 1.778057 2.092585 31.821582 20.361473 1.322610 2.172217
112050499 1.033051 0.383908 1.782864 2.095993 31.722348 20.386352 1.321858 2.168653
112050500 1.031676 0.383908 1.787671 2.099407 31.623441 20.411288 1.321099 2.165093
112050501 1.159983 0.409014 1.309520 1.796578 43.206042 19.422818 1.383496 2.531108
112050502 1.158607 0.409014 1.314327 1.799199 43.071132 19.444145 1.383885 2.527405
112050503 1.157232 0.409014 1.319134 1.801830 42.936619 19.465516 1.384255 2.523697
112050504 1.155857 0.409014 1.323941 1.804471 42.802503 19.486934 1.384607 2.519987
112050505 1.154482 0.409014 1.328748 1.807122 42.668784 19.508396 1.384940 2.516273
112050506 1.153106 0.409014 1.333555 1.809783 42.535461 19.529904 1.385256 2.512555
112050507 1.151731 0.409014 1.338362 1.812454 42.402535 19.551458 1.385553 2.508834
112050508 1.150356 0.409014 1.343169 1.815135 42.270005 19.573057 1.385833 2.505111
112050509 1.148980 0.409014 1.347977 1.817825 42.137870 19.594702 1.386095 2.501384
112050510 1.147605 0.409014 1.352784 1.820525 42.006130 19.616394 1.386340 2.497655
112050511 1.146230 0.409014 1.357591 1.823235 41.874786 19.638131 1.386567 2.493923
112050512 1.144854 0.409014 1.362398 1.825955 41.743836 19.659915 1.386777 2.490189
112050513 1.143479 0.409014 1.367205 1.828684 41.613281 19.681745 1.386970 2.486452
112050514 1.142104 0.409014 1.372012 1.831423 41.483119 19.703622 1.387147 2.482713
112050515 1.140728 0.409014 1.376819 1.834171 41.353351 19.725546 1.387306 2.478971
112050516 1.139353 0.409014 1.381627 1.836929 41.223976 19.747517 1.387449 2.475228
112050517 1.137978 0.409014 1.386434 1.839697 41.094994 19.769534 1.387576 2.471483
112050518 1.136602 0.409014 1.391241 1.842473 40.966404 19.791599 1.387686 2.467736
112050519 1.135227 0.409014 1.396048 1.845259 40.838207 19.813711 1.387781 2.463987
112050520 1.133852 0.409014 1.400855 1.848055 40.710400 19.835870 1.387859 2.460237
112050521 1.132476 0.409014 1.405662 1.850859 40.582984 19.858078 1.387922 2.456486
112050522 1.131101 0.409014 1.410469 1.853673 40.455959 19.880333 1.387969 2.452733
112050523 1.129726 0.409014 1.415276 1.856497 40.329324 19.902635 1.388000 2.448979
112050524 1.128350 0.409014 1.420084 1.859329 40.203078 19.924986 1.388016 2.445224
112050525 1.126975 0.409014 1.424891 1.862170 40.077222 19.947386 1.388018 2.441468
112050526 1.125600 0.409014 1.429698 1.865021 39.951753 19.969833 1.388004 2.437711
112050527 1.124224 0.409014 1.434505 1.867880 39.826673 19.992329 1.387975 2.433953
112050528 1.122849 0.409014 1.439312 1.870749 39.701980 20.014874 1.387931 2.430195
112050529 1.121474 0.409014 1.444119 1.873626 39.577673 20.037467 1.387873 2.426436
112050530 1.120098 0.409014 1.448926 1.876513 39.453753 20.060110 1.387801 2.422677
112050531 1.118723 0.409014 1.453733 1.879408 39.330219 20.082801 1.387714 2.418917
112050532 1.117348 0.409014 1.458541 1.882312 39.207069 20.105542 1.387614 2.415157
112050533 1.115972 0.409014 1.463348 1.885225 39.084304 20.128332 1.387499 2.411398
112050534 1.114597 0.409014 1.468155 1.888147 38.961923 20.151172 1.387370 2.407638
112050535 1.113222 0.409014 1.472962 1.891077 38.839925 20.174061 1.387228 2.403878
112050536 1.111846 0.409014 1.477769 1.894016 38.718309 20.197001 1.387072 2.400118
112050537 1.110471 0.409014 1.482576 1.896963 38.597075 20.219990 1.386903 2.396359
112050538 1.109096 0.409014 1.487383 1.899920 38.476223 20.243030 1.386721 2.392600
112050539 1.107720 0.409014 1.492190 1.902884 38.355751 20.266120 1.386525 2.388842
112050540 1.106345 0.409014 1.496998 1.905858 38.235659 20.289261 1.386317 2.385084
112050541 1.104970 0.409014 1.501805 1.908839 38.115946 20.312452 1.386096 2.381327
112050542 1.103594 0.409014 1.506612 1.911830 37.996611 20.335694 1.385862 2.377571
112050543 1.102219 0.409014 1.511419 1.914828 37.877655 20.358987 1.385616 2.373815
112050544 1.100844 0.409014 1.516226 1.917835 37.759075 20.382331 1.385357 2.370061
112050545 1.099468 0.409014 1.521033 1.920850 37.640872 20.405726 1.385086 2.366308
112050546 1.098093 0.409014 1.525840 1.923874 37.523045 20.429173 1.384803 2.362555
112050547 1.096718 0.409014 1.530647 1.926905 37.405592 20.452672 1.384508 2.358804
112050548 1.095342 0.409014 1.535455 1.929945 37.288514 20.476222 1.384201 2.355054
112050549 1.093967 0.409014 1.540262 1.932993 37.171809 20.499825 1.383882 2.351306
112050550 1.092592 0.409014 1.545069 1.936049 37.055476 20.523479 1.383552 2.347559
112050551 1.091217 0.409014 1.549876 1.939114 36.939516 20.547186 1.383211 2.343814
112050552 1.089841 0.409014 1.554683 1.942186 36.823926 20.570945 1.382858 2.340070
112050553 1.088466 0.409014 1.559490 1.945266 36.708707 20.594757 1.382494 2.336328
112050554 1.087091 0.409014 1.564297 1.948354 36.593858 20.618622 1.382119 2.332588
112050555 1.085715 0.409014 1.569105 1.951450 36.479377 20.642539 1.381734 2.328850
112050556 1.084340 0.409014 1.573912 1.954554 36.365264 20.666510 1.381337 2.325114
112050557 1.082965 0.409014 1.578719 1.957666 36.251518 20.690534 1.380930 2.321380
112050558 1.081589 0.409014 1.583526 1.960786 36.138139 20.714611 1.380512 2.317647
112050559 1.080214 0.409014 1.588333 1.963913 36.025125 20.738742 1.380084 2.313918
112050560 1.078839 0.409014 1.593140 1.967049 35.912475 20.762927 1.379646 2.310190
112050561 1.077463 0.409014 1.597947 1.970192 35.800190 20.787166 1.379198 2.306465
112050562 1.076088 0.409014 1.602754 1.973342 35.688267 20.811459 1.378739 2.302742
112050563 1.074713 0.409014 1.607562 1.976500 35.576707 20.835806 1.378271 2.299021
112050564 1.073337 0.409014 1.612369 1.979666 35.465508 20.860208 1.377793 2.295304
112050565 1.071962 0.409014 1.617176 1.982839 35.354669 20.884665 1.377306 2.291588
112050566 1.070587 0.409014 1.621983 1.986020 35.244190 20.909176 1.376809 2.287876
112050567 1.069211 0.409014 1.626790 1.989209 35.134069 20.933742 1.376303 2.284166
112050568 1.067836 0.409014 1.631597 1.992404 35.024306 20.958364 1.375787 2.280459
112050569 1.066461 0.409014 1.636404 1.995608 34.914901 20.983041 1.375263 2.276755
112050570 1.065085 0.409014 1.641211 1.998818 34.805851 21.007773 1.374729 2.273054
112050571 1.063710 0.409014 1.646019 2.002036 34.697156 21.032561 1.374186 2.269356
112050572 1.062335 0.409014 1.650826 2.005261 34.588816 21.057406 1.373635 2.265661
112050573 1.060959 0.409014 1.655633 2.008494 34.480829 21.082306 1.373075 2.261970
112050574 1.059584 0.409014 1.660440 2.011733 34.373195 21.107262 1.372507 2.258281
112050575 1.058209 0.409014 1.665247 2.014980 34.265912 21.132275 1.371930 2.254596
112050576 1.056833 0.409014 1.670054 2.018234 34.158980 21.157345 1.371345 2.250914
112050577 1.055458 0.409014 1.674861 2.021496 34.052397 21.182471 1.370752 2.247235
112050578 1.054083 0.409014 1.679668 2.024764 33.946164 21.207654 1.370151 2.243560
112050579 1.052707 0.409014 1.684476 2.028039 33.840278 21.232895 1.369541 2.239888
112050580 1.051332 0.409014 1.689283 2.031322 33.734739 21.258193 1.368924 2.236220
112050581 1.049957 0.409014 1.694090 2.034611 33.629546 21.283548 1.368300 2.232556
112050582 1.048581 0.409014 1.698897 2.037907 33.524699 21.308961 1.367667 2.228895
112050583 1.047206 0.409014 1.703704 2.041211 33.420195 21.334432 1.367027 2.225238
112050584 1.045831 0.409014 1.708511 2.044521 33.316035 21.359962 1.366380 2.221585
112050585 1.044455 0.409014 1.713318 2.047838 33.212217 21.385549 1.365726 2.217935
112050586 1.043080 0.409014 1.718125 2.051161 33.108741 21.411195 1.365064 2.214289
112050587 1.041705 0.409014 1.722933 2.054492 33.005605 21.436900 1.364395 2.210648
112050588 1.040329 0.409014 1.727740 2.057829 32.902808 21.462663 1.363720 2.207010
112050589 1.038954 0.409014 1.732547 2.061174 32.800350 21.488486 1.363037 2.203376
112050590 1.037579 0.409014 1.737354 2.064524 32.698229 21.514368 1.362348 2.199747
112050591 1.036203 0.409014 1.742161 2.067882 32.596445 21.540309 1.361652 2.196121
112050592 1.034828 0.409014 1.746968 2.071246 32.494997 21.566310 1.360949 2.192500
112050593 1.033453 0.409014 1.751775 2.074617 32.393883 21.592371 1.360240 2.188883
112050594 1.032077 0.409014 1.756582 2.077994 32.293103 21.618492 1.359525 2.185270
112050595 1.030702 0.409014 1.761390 2.081378 32.192656 21.644673 1.358803 2.181661
112050596 1.029327 0.409014 1.766197 2.084768 32.092541 21.670915 1.358075 2.178057
112050597 1.027952 0.409014 1.771004 2.088165 31.992756 21.697217 1.357342 2.174457
112050598 1.026576 0.409014 1.775811 2.091568 31.893301 21.723580 1.356602 2.170861
112050599 1.025201 0.409014 1.780618 2.094977 31.794176 21.750004 1.355856 2.167270
112050600 1.023826 0.409014 1.785425 2.098393 31.695378 21.776489 1.355105 2.163684
112050601 1.152132 0.434119 1.307274 1.795782 43.283599 20.646225 1.413885 2.530659
112050602 1.150757 0.434119 1.312081 1.798404 43.148751 20.668816 1.414322 2.526930
112050603 1.149382 0.434119 1.316888 1.801036 43.014300 20.691454 1.414741 2.523198
112050604 1.148006 0.434119 1.321695 1.803678 42.880246 20.714139 1.415140 2.519462
112050605 1.146631 0.434119 1.326502 1.806330 42.746591 20.736872 1.415520 2.515723
112050606 1.145256 0.434119 1.331309 1.808993 42.613332 20.759653 1.415882 2.511981
112050607 1.143880 0.434119 1.336116 1.811664 42.480470 20.782482 1.416225 2.508235
112050608 1.142505 0.434119 1.340923 1.814346 42.348005 20.805359 1.416550 2.504487
112050609 1.141130 0.434119 1.345731 1.817038 42.215936 20.828284 1.416856 2.500735
112050610 1.139754 0.434119 1.350538 1.819739 42.084262 20.851257 1.417145 2.496981
112050611 1.138379 0.434119 1.355345 1.822450 41.952985 20.874279 1.417415 2.493224
112050612 1.137004 0.434119 1.360152 1.825171 41.822103 20.897349 1.417668 2.489464
112050613 1.135628 0.434119 1.364959 1.827902 41.691616 20.920468 1.417904 2.485702
112050614 1.134253 0.434119 1.369766 1.830642 41.561523 20.943636 1.418122 2.481938
112050615 1.132878 0.434119 1.374573 1.833391 41.431825 20.966853 1.418322 2.478172
112050616 1.131502 0.434119 1.379380 1.836150 41.302520 20.990120 1.418506 2.474403
112050617 1.130127 0.434119 1.384188 1.838919 41.173609 21.013435 1.418673 2.470633
112050618 1.128752 0.434119 1.388995 1.841697 41.045090 21.036801 1.418823 2.466861
112050619 1.127376 0.434119 1.393802 1.844484 40.916964 21.060215 1.418956 2.463087
112050620 1.126001 0.434119 1.398609 1.847280 40.789231 21.083680 1.419073 2.459312
112050621 1.124626 0.434119 1.403416 1.850086 40.661888 21.107195 1.419173 2.455535
112050622 1.123250 0.434119 1.408223 1.852901 40.534937 21.130759 1.419258 2.451757
112050623 1.121875 0.434119 1.413030 1.855726 40.408376 21.154374 1.419326 2.447978
112050624 1.120500 0.434119 1.417837 1.858559 40.282206 21.178040 1.419379 2.444198
112050625 1.119124 0.434119 1.422645 1.861402 40.156425 21.201756 1.419416 2.440417
112050626 1.117749 0.434119 1.427452 1.864253 40.031033 21.225522 1.419437 2.436635
112050627 1.116374 0.434119 1.432259 1.867114 39.906030 21.249340 1.419443 2.432852
112050628 1.114998 0.434119 1.437066 1.869984 39.781414 21.273208 1.419434 2.429068
112050629 1.113623 0.434119 1.441873 1.872862 39.657186 21.297128 1.419410 2.425284
112050630 1.112248 0.434119 1.446680 1.875750 39.533345 21.321099 1.419371 2.421500
112050631 1.110872 0.434119 1.451487 1.878646 39.409889 21.345122 1.419317 2.417715
112050632 1.109497 0.434119 1.456294 1.881552 39.286820 21.369196 1.419248 2.413930
112050633 1.108122 0.434119 1.461102 1.884466 39.164135 21.393322 1.419165 2.410145
112050634 1.106746 0.434119 1.465909 1.887389 39.041835 21.417500 1.419068 2.406360
112050635 1.105371 0.434119 1.470716 1.890320 38.919919 21.441730 1.418957 2.402575
112050636 1.103996 0.434119 1.475523 1.893260 38.798386 21.466013 1.418831 2.398790
112050637 1.102620 0.434119 1.480330 1.896209 38.677235 21.490347 1.418692 2.395006
112050638 1.101245 0.434119 1.485137 1.899166 38.556466 21.514735 1.418539 2.391222
112050639 1.099870 0.434119 1.489944 1.902132 38.436078 21.539175 1.418372 2.387438
112050640 1.098494 0.434119 1.494752 1.905107 38.316071 21.563669 1.418193 2.383655
112050641 1.097119 0.434119 1.499559 1.908090 38.196443 21.588215 1.417999 2.379872
112050642 1.095744 0.434119 1.504366 1.911081 38.077194 21.612815 1.417793 2.376091
112050643 1.094369 0.434119 1.509173 1.914081 37.958324 21.637468 1.417574 2.372310
112050644 1.092993 0.434119 1.513980 1.917089 37.839832 21.662174 1.417342 2.368530
112050645 1.091618 0.434119 1.518787 1.920105 37.721716 21.686935 1.417097 2.364752
112050646 1.090243 0.434119 1.523594 1.923130 37.603977 21.711749 1.416840 2.360974
112050647 1.088867 0.434119 1.528401 1.926163 37.486613 21.736617 1.416570 2.357197
112050648 1.087492 0.434119 1.533209 1.929204 37.369624 21.761540 1.416288 2.353422
112050649 1.086117 0.434119 1.538016 1.932253 37.253009 21.786517 1.415994 2.349649
112050650 1.084741 0.434119 1.542823 1.935310 37.136767 21.811549 1.415688 2.345876
112050651 1.083366 0.434119 1.547630 1.938375 37.020897 21.836636 1.415370 2.342106
112050652 1.081991 0.434119 1.552437 1.941449 36.905399 21.861777 1.415040 2.338337
112050653 1.080615 0.434119 1.557244 1.944530 36.790272 21.886974 1.414699 2.334569
112050654 1.079240 0.434119 1.562051 1.947620 36.675516 21.912225 1.414346 2.330804
112050655 1.077865 0.434119 1.566858 1.950717 36.561128 21.937533 1.413982 2.327040
112050656 1.076489 0.434119 1.571666 1.953822 36.447109 21.962896 1.413607 2.323278
112050657 1.075114 0.434119 1.576473 1.956935 36.333457 21.988314 1.413221 2.319519
112050658 1.073739 0.434119 1.581280 1.960056 36.220173 22.013789 1.412824 2.315761
112050659 1.072363 0.434119 1.586087 1.963185 36.107254 22.039320 1.412416 2.312006
112050660 1.070988 0.434119 1.590894 1.966321 35.994701 22.064907 1.411997 2.308253
112050661 1.069613 0.434119 1.595701 1.969465 35.882512 22.090551 1.411569 2.304502
112050662 1.068237 0.434119 1.600508 1.972617 35.770686 22.116251 1.411129 2.300754
112050663 1.066862 0.434119 1.605315 1.975776 35.659223 22.142009 1.410680 2.297008
112050664 1.065487 0.434119 1.610123 1.978943 35.548122 22.167823 1.410220 2.293265
112050665 1.064111 0.434119 1.614930 1.982118 35.437382 22.193694 1.409750 2.289524
112050666 1.062736 0.434119 1.619737 1.985300 35.327002 22.219623 1.409271 2.285786
112050667 1.061361 0.434119 1.624544 1.988489 35.216981 22.245610 1.408782 2.282051
112050668 1.059985 0.434119 1.629351 1.991686 35.107319 22.271654 1.408283 2.278318
112050669 1.058610 0.434119 1.634158 1.994890 34.998014 22.297756 1.407774 2.274589
112050670 1.057235 0.434119 1.638965 1.998102 34.889066 22.323917 1.407257 2.270862
112050671 1.055859 0.434119 1.643772 2.001321 34.780473 22.350135 1.406730 2.267138
112050672 1.054484 0.434119 1.648580 2.004548 34.672235 22.376412 1.406194 2.263418
112050673 1.053109 0.434119 1.653387 2.007781 34.564351 22.402748 1.405649 2.259700
112050674 1.051733 0.434119 1.658194 2.011022 34.456820 22.429143 1.405095 2.255986
112050675 1.050358 0.434119 1.663001 2.014270 34.349641 22.455596 1.404532 2.252275
112050676 1.048983 0.434119 1.667808 2.017525 34.242813 22.482109 1.403961 2.248568
112050677 1.047607 0.434119 1.672615 2.020788 34.136336 22.508682 1.403381 2.244863
112050678 1.046232 0.434119 1.677422 2.024057 34.030207 22.535314 1.402793 2.241163
112050679 1.044857 0.434119 1.682230 2.027334 33.924428 22.562005 1.402196 2.237465
112050680 1.043481 0.434119 1.687037 2.030617 33.818995 22.588757 1.401591 2.233772
112050681 1.042106 0.434119 1.691844 2.033908 33.713910 22.615569 1.400978 2.230081
112050682 1.040731 0.434119 1.696651 2.037205 33.609170 22.642441 1.400358 2.226395
112050683 1.039355 0.434119 1.701458 2.040509 33.504774 22.669374 1.399729 2.222712
112050684 1.037980 0.434119 1.706265 2.043821 33.400722 22.696368 1.399093 2.219033
112050685 1.036605 0.434119 1.711072 2.047139 33.297014 22.723422 1.398449 2.215358
112050686 1.035229 0.434119 1.715879 2.050464 33.193647 22.750538 1.397798 2.211686
112050687 1.033854 0.434119 1.720687 2.053796 33.090621 22.777715 1.397139 2.208019
112050688 1.032479 0.434119 1.725494 2.057134 32.987934 22.804954 1.396473 2.204355
112050689 1.031104 0.434119 1.730301 2.060479 32.885587 22.832254 1.395800 2.200696
112050690 1.029728 0.434119 1.735108 2.063831 32.783578 22.859616 1.395119 2.197040
112050691 1.028353 0.434119 1.739915 2.067190 32.681906 22.887041 1.394432 2.193389
112050692 1.026978 0.434119 1.744722 2.070555 32.580571 22.914528 1.393738 2.189742
112050693 1.025602 0.434119 1.749529 2.073927 32.479570 22.942077 1.393037 2.186099
112050694 1.024227 0.434119 1.754336 2.077305 32.378903 22.969689 1.392329 2.182460
112050695 1.022852 0.434119 1.759144 2.080690 32.278570 22.997364 1.391615 2.178825
112050696 1.021476 0.434119 1.763951 2.084081 32.178569 23.025102 1.390895 2.175195
112050697 1.020101 0.434119 1.768758 2.087479 32.078900 23.052903 1.390168 2.171569
112050698 1.018726 0.434119 1.773565 2.090884 31.979560 23.080768 1.389435 2.167948
112050699 1.017350 0.434119 1.778372 2.094294 31.880550 23.108697 1.388695 2.164331
112050700 1.015975 0.434119 1.783179 2.097711 31.781869 23.136690 1.387950 2.160718
112050701 1.144282 0.459225 1.305027 1.795373 43.374221 21.866645 1.443110 2.528517
112050702 1.142906 0.459225 1.309835 1.797996 43.239456 21.890472 1.443596 2.524765
112050703 1.141531 0.459225 1.314642 1.800629 43.105089 21.914350 1.444061 2.521010
112050704 1.140156 0.459225 1.319449 1.803271 42.971121 21.938276 1.444507 2.517251
112050705 1.138780 0.459225 1.324256 1.805924 42.837550 21.962253 1.444933 2.513489
112050706 1.137405 0.459225 1.329063 1.808587 42.704377 21.986279 1.445340 2.509723
112050707 1.136030 0.459225 1.333870 1.811259 42.571601 22.010356 1.445728 2.505955
112050708 1.134654 0.459225 1.338677 1.813942 42.439222 22.034482 1.446097 2.502183
112050709 1.133279 0.459225 1.343484 1.816634 42.307240 22.058659 1.446447 2.498408
112050710 1.131904 0.459225 1.348292 1.819336 42.175655 22.082886 1.446779 2.494630
112050711 1.130528 0.459225 1.353099 1.822048 42.044465 22.107164 1.447092 2.490850
112050712 1.129153 0.459225 1.357906 1.824769 41.913671 22.131493 1.447387 2.487067
112050713 1.127778 0.459225 1.362713 1.827500 41.783273 22.155872 1.447664 2.483282
112050714 1.126402 0.459225 1.367520 1.830241 41.653269 22.180303 1.447922 2.479495
112050715 1.125027 0.459225 1.372327 1.832991 41.523660 22.204785 1.448163 2.475705
112050716 1.123652 0.459225 1.377134 1.835750 41.394445 22.229318 1.448387 2.471913
112050717 1.122276 0.459225 1.381942 1.838519 41.265625 22.253903 1.448593 2.468120
112050718 1.120901 0.459225 1.386749 1.841298 41.137197 22.278539 1.448781 2.464324
112050719 1.119526 0.459225 1.391556 1.844086 41.009162 22.303227 1.448953 2.460527
112050720 1.118150 0.459225 1.396363 1.846883 40.881520 22.327967 1.449108 2.456729
112050721 1.116775 0.459225 1.401170 1.849690 40.754270 22.352760 1.449245 2.452929
112050722 1.115400 0.459225 1.405977 1.852505 40.627411 22.377604 1.449366 2.449127
112050723 1.114024 0.459225 1.410784 1.855330 40.500943 22.402501 1.449471 2.445325
112050724 1.112649 0.459225 1.415591 1.858164 40.374866 22.427451 1.449559 2.441521
112050725 1.111274 0.459225 1.420399 1.861007 40.249179 22.452453 1.449631 2.437716
112050726 1.109898 0.459225 1.425206 1.863860 40.123881 22.477508 1.449687 2.433911
112050727 1.108523 0.459225 1.430013 1.866721 39.998972 22.502617 1.449727 2.430105
112050728 1.107148 0.459225 1.434820 1.869591 39.874452 22.527778 1.449751 2.426298
112050729 1.105772 0.459225 1.439627 1.872471 39.750319 22.552993 1.449760 2.422490
112050730 1.104397 0.459225 1.444434 1.875359 39.626573 22.578262 1.449754 2.418682
112050731 1.103022 0.459225 1.449241 1.878256 39.503214 22.603584 1.449732 2.414874
112050732 1.101646 0.459225 1.454048 1.881162 39.380241 22.628960 1.449695 2.411065
112050733 1.100271 0.459225 1.458856 1.884076 39.257654 22.654391 1.449643 2.407257
112050734 1.098896 0.459225 1.463663 1.887000 39.135451 22.679875 1.449576 2.403448
112050735 1.097521 0.459225 1.468470 1.889932 39.013633 22.705414 1.449495 2.399640
112050736 1.096145 0.459225 1.473277 1.892873 38.892198 22.731007 1.449399 2.395831
112050737 1.094770 0.459225 1.478084 1.895822 38.771146 22.756655 1.449289 2.392023
112050738 1.093395 0.459225 1.482891 1.898780 38.650476 22.782358 1.449165 2.388215
112050739 1.092019 0.459225 1.487698 1.901746 38.530188 22.808116 1.449027 2.384408
112050740 1.090644 0.459225 1.492505 1.904721 38.410280 22.833929 1.448875 2.380601
112050741 1.089269 0.459225 1.497313 1.907705 38.290753 22.859797 1.448709 2.376795
112050742 1.087893 0.459225 1.502120 1.910697 38.171605 22.885721 1.448529 2.372990
112050743 1.086518 0.459225 1.506927 1.913697 38.052836 22.911701 1.448336 2.369186
112050744 1.085143 0.459225 1.511734 1.916706 37.934445 22.937736 1.448130 2.365382
112050745 1.083767 0.459225 1.516541 1.919723 37.816432 22.963828 1.447911 2.361580
112050746 1.082392 0.459225 1.521348 1.922748 37.698795 22.989975 1.447679 2.357778
112050747 1.081017 0.459225 1.526155 1.925781 37.581534 23.016179 1.447433 2.353978
112050748 1.079641 0.459225 1.530962 1.928823 37.464648 23.042440 1.447175 2.350179
112050749 1.078266 0.459225 1.535770 1.931873 37.348136 23.068757 1.446905 2.346382
112050750 1.076891 0.459225 1.540577 1.934931 37.231998 23.095132 1.446622 2.342586
112050751 1.075515 0.459225 1.545384 1.937997 37.116233 23.121563 1.446327 2.338792
112050752 1.074140 0.459225 1.550191 1.941071 37.000840 23.148051 1.446020 2.334999
112050753 1.072765 0.459225 1.554998 1.944153 36.885818 23.174597 1.445701 2.331208
112050754 1.071389 0.459225 1.559805 1.947243 36.771167 23.201201 1.445369 2.327418
112050755 1.070014 0.459225 1.564612 1.950341 36.656885 23.227862 1.445027 2.323631
112050756 1.068639 0.459225 1.569419 1.953447 36.542972 23.254581 1.444672 2.319845
112050757 1.067263 0.459225 1.574227 1.956560 36.429427 23.281359 1.444306 2.316062
112050758 1.065888 0.459225 1.579034 1.959682 36.316250 23.308194 1.443929 2.312280
112050759 1.064513 0.459225 1.583841 1.962811 36.203439 23.335088 1.443541 2.308501
112050760 1.063137 0.459225 1.588648 1.965948 36.090994 23.362041 1.443141 2.304724
112050761 1.061762 0.459225 1.593455 1.969092 35.978913 23.389053 1.442731 2.300949
112050762 1.060387 0.459225 1.598262 1.972245 35.867196 23.416123 1.442310 2.297177
112050763 1.059011 0.459225 1.603069 1.975405 35.755842 23.443253 1.441878 2.293407
112050764 1.057636 0.459225 1.607877 1.978572 35.644851 23.470442 1.441436 2.289640
112050765 1.056261 0.459225 1.612684 1.981747 35.534221 23.497691 1.440984 2.285875
112050766 1.054885 0.459225 1.617491 1.984930 35.423951 23.525000 1.440521 2.282113
112050767 1.053510 0.459225 1.622298 1.988120 35.314041 23.552368 1.440048 2.278354
112050768 1.052135 0.459225 1.627105 1.991318 35.204490 23.579797 1.439565 2.274597
112050769 1.050759 0.459225 1.631912 1.994522 35.095296 23.607285 1.439072 2.270844
112050770 1.049384 0.459225 1.636719 1.997735 34.986459 23.634835 1.438570 2.267093
112050771 1.048009 0.459225 1.641526 2.000954 34.877979 23.662445 1.438058 2.263345
112050772 1.046633 0.459225 1.646334 2.004181 34.769854 23.690116 1.437536 2.259601
112050773 1.045258 0.459225 1.651141 2.007416 34.662083 23.717848 1.437005 2.255859
112050774 1.043883 0.459225 1.655948 2.010657 34.554665 23.745641 1.436465 2.252121
112050775 1.042507 0.459225 1.660755 2.013906 34.447600 23.773495 1.435915 2.248386
112050776 1.041132 0.459225 1.665562 2.017161 34.340886 23.801411 1.435357 2.244654
112050777 1.039757 0.459225 1.670369 2.020424 34.234523 23.829390 1.434790 2.240925
112050778 1.038381 0.459225 1.675176 2.023694 34.128510 23.857430 1.434214 2.237200
112050779 1.037006 0.459225 1.679983 2.026971 34.022846 23.885532 1.433629 2.233479
112050780 1.035631 0.459225 1.684791 2.030256 33.917529 23.913696 1.433036 2.229761
112050781 1.034256 0.459225 1.689598 2.033547 33.812560 23.941923 1.432434 2.226046
112050782 1.032880 0.459225 1.694405 2.036845 33.707936 23.970213 1.431824 2.222336
112050783 1.031505 0.459225 1.699212 2.040150 33.603657 23.998566 1.431206 2.218628
112050784 1.030130 0.459225 1.704019 2.043462 33.499723 24.026982 1.430580 2.214925
112050785 1.028754 0.459225 1.708826 2.046780 33.396132 24.055462 1.429946 2.211225
112050786 1.027379 0.459225 1.713633 2.050106 33.292883 24.084005 1.429304 2.207530
112050787 1.026004 0.459225 1.718440 2.053438 33.189975 24.112612 1.428655 2.203838
112050788 1.024628 0.459225 1.723248 2.056777 33.087408 24.141282 1.427998 2.200150
112050789 1.023253 0.459225 1.728055 2.060123 32.985180 24.170017 1.427333 2.196466
112050790 1.021878 0.459225 1.732862 2.063476 32.883290 24.198817 1.426661 2.192786
112050791 1.020502 0.459225 1.737669 2.066835 32.781738 24.227681 1.425981 2.189110
112050792 1.019127 0.459225 1.742476 2.070200 32.680523 24.256609 1.425295 2.185438
112050793 1.017752 0.459225 1.747283 2.073573 32.579643 24.285603 1.424601 2.181771
112050794 1.016376 0.459225 1.752090 2.076952 32.479097 24.314662 1.423901 2.178107
112050795 1.015001 0.459225 1.756897 2.080337 32.378885 24.343786 1.423193 2.174448
112050796 1.013626 0.459225 1.761705 2.083729 32.279006 24.372975 1.422479 2.170793
112050797 1.012250 0.459225 1.766512 2.087128 32.179459 24.402231 1.421758 2.167143
112050798 1.010875 0.459225 1.771319 2.090532 32.080242 24.431553 1.421031 2.163497
112050799 1.009500 0.459225 1.776126 2.093944 31.981355 24.460940 1.420297 2.159855
112050800 1.008124 0.459225 1.780933 2.097361 31.882796 24.490395 1.419556 2.156218
