# pixelID   x   y   z   l2  two_theta   azimuthal   polar_width azimuthal_width
111070001 1.144749 0.583346 0.521137 1.386479 67.921872 27.002664 1.180017 3.275125
111070002 1.144749 0.583346 0.526137 1.388367 67.730660 27.002664 1.186270 3.270676
111070003 1.144749 0.583346 0.531137 1.390269 67.539969 27.002664 1.192458 3.266202
111070004 1.144749 0.583346 0.536137 1.392187 67.349801 27.002664 1.198581 3.261705
111070005 1.144749 0.583346 0.541137 1.394120 67.160159 27.002664 1.204640 3.257185
111070006 1.144749 0.583346 0.546137 1.396068 66.971044 27.002664 1.210634 3.252641
111070007 1.144749 0.583346 0.551137 1.398032 66.782458 27.002664 1.216563 3.248075
111070008 1.144749 0.583346 0.556137 1.400011 66.594403 27.002664 1.222429 3.243487
111070009 1.144749 0.583346 0.561137 1.402004 66.406881 27.002664 1.228230 3.238877
111070010 1.144749 0.583346 0.566137 1.404013 66.219894 27.002664 1.233967 3.234246
111070011 1.144749 0.583346 0.571137 1.406037 66.033443 27.002664 1.239639 3.229594
111070012 1.144749 0.583346 0.576137 1.408075 65.847529 27.002664 1.245248 3.224921
111070013 1.144749 0.583346 0.581137 1.410128 65.662155 27.002664 1.250793 3.220228
111070014 1.144749 0.583346 0.586137 1.412196 65.477322 27.002664 1.256275 3.215515
111070015 1.144749 0.583346 0.591137 1.414279 65.293032 27.002664 1.261692 3.210782
111070016 1.144749 0.583346 0.596137 1.416376 65.109285 27.002664 1.267047 3.206031
111070017 1.144749 0.583346 0.601137 1.418488 64.926084 27.002664 1.272338 3.201260
111070018 1.144749 0.583346 0.606137 1.420614 64.743429 27.002664 1.277566 3.196472
111070019 1.144749 0.583346 0.611137 1.422754 64.561322 27.002664 1.282731 3.191665
111070020 1.144749 0.583346 0.616137 1.424909 64.379764 27.002664 1.287834 3.186841
111070021 1.144749 0.583346 0.621137 1.427078 64.198756 27.002664 1.292874 3.181999
111070022 1.144749 0.583346 0.626137 1.429262 64.018299 27.002664 1.297852 3.177141
111070023 1.144749 0.583346 0.631137 1.431459 63.838394 27.002664 1.302768 3.172266
111070024 1.144749 0.583346 0.636137 1.433671 63.659043 27.002664 1.307621 3.167375
111070025 1.144749 0.583346 0.641137 1.435896 63.480246 27.002664 1.312414 3.162469
111070026 1.144749 0.583346 0.646137 1.438136 63.302004 27.002664 1.317144 3.157546
111070027 1.144749 0.583346 0.651137 1.440389 63.124318 27.002664 1.321814 3.152609
111070028 1.144749 0.583346 0.656137 1.442656 62.947189 27.002664 1.326422 3.147657
111070029 1.144749 0.583346 0.661137 1.444937 62.770617 27.002664 1.330970 3.142691
111070030 1.144749 0.583346 0.666137 1.447232 62.594604 27.002664 1.335457 3.137711
111070031 1.144749 0.583346 0.671137 1.449540 62.419149 27.002664 1.339885 3.132717
111070032 1.144749 0.583346 0.676137 1.451862 62.244254 27.002664 1.344252 3.127710
111070033 1.144749 0.583346 0.681137 1.454197 62.069919 27.002664 1.348559 3.122689
111070034 1.144749 0.583346 0.686137 1.456546 61.896145 27.002664 1.352807 3.117656
111070035 1.144749 0.583346 0.691137 1.458908 61.722932 27.002664 1.356996 3.112611
111070036 1.144749 0.583346 0.696137 1.461283 61.550280 27.002664 1.361126 3.107554
111070037 1.144749 0.583346 0.701137 1.463672 61.378190 27.002664 1.365197 3.102486
111070038 1.144749 0.583346 0.706137 1.466073 61.206663 27.002664 1.369210 3.097406
111070039 1.144749 0.583346 0.711137 1.468488 61.035698 27.002664 1.373165 3.092315
111070040 1.144749 0.583346 0.716137 1.470916 60.865296 27.002664 1.377062 3.087213
111070041 1.144749 0.583346 0.721137 1.473357 60.695457 27.002664 1.380902 3.082101
111070042 1.144749 0.583346 0.726137 1.475810 60.526182 27.002664 1.384684 3.076979
111070043 1.144749 0.583346 0.731137 1.478277 60.357469 27.002664 1.388410 3.071848
111070044 1.144749 0.583346 0.736137 1.480756 60.189321 27.002664 1.392080 3.066707
111070045 1.144749 0.583346 0.741137 1.483248 60.021736 27.002664 1.395693 3.061557
111070046 1.144749 0.583346 0.746137 1.485753 59.854714 27.002664 1.399250 3.056398
111070047 1.144749 0.583346 0.751137 1.488270 59.688256 27.002664 1.402752 3.051231
111070048 1.144749 0.583346 0.756137 1.490800 59.522362 27.002664 1.406198 3.046056
111070049 1.144749 0.583346 0.761137 1.493342 59.357031 27.002664 1.409590 3.040873
111070050 1.144749 0.583346 0.766137 1.495897 59.192263 27.002664 1.412927 3.035682
111070051 1.144749 0.583346 0.771137 1.498464 59.028059 27.002664 1.416210 3.030484
111070052 1.144749 0.583346 0.776137 1.501043 58.864417 27.002664 1.419438 3.025280
111070053 1.144749 0.583346 0.781137 1.503634 58.701339 27.002664 1.422614 3.020068
111070054 1.144749 0.583346 0.786137 1.506238 58.538822 27.002664 1.425736 3.014850
111070055 1.144749 0.583346 0.791137 1.508854 58.376868 27.002664 1.428805 3.009626
111070056 1.144749 0.583346 0.796137 1.511481 58.215476 27.002664 1.431822 3.004397
111070057 1.144749 0.583346 0.801137 1.514121 58.054645 27.002664 1.434786 2.999161
111070058 1.144749 0.583346 0.806137 1.516772 57.894375 27.002664 1.437699 2.993921
111070059 1.144749 0.583346 0.811137 1.519436 57.734666 27.002664 1.440560 2.988676
111070060 1.144749 0.583346 0.816137 1.522111 57.575517 27.002664 1.443370 2.983425
111070061 1.144749 0.583346 0.821137 1.524797 57.416927 27.002664 1.446130 2.978171
111070062 1.144749 0.583346 0.826137 1.527496 57.258897 27.002664 1.448839 2.972912
111070063 1.144749 0.583346 0.831137 1.530206 57.101425 27.002664 1.451497 2.967649
111070064 1.144749 0.583346 0.836137 1.532927 56.944511 27.002664 1.454107 2.962383
111070065 1.144749 0.583346 0.841137 1.535660 56.788155 27.002664 1.456666 2.957113
111070066 1.144749 0.583346 0.846137 1.538405 56.632355 27.002664 1.459177 2.951840
111070067 1.144749 0.583346 0.851137 1.541160 56.477111 27.002664 1.461640 2.946565
111070068 1.144749 0.583346 0.856137 1.543927 56.322423 27.002664 1.464054 2.941286
111070069 1.144749 0.583346 0.861137 1.546706 56.168289 27.002664 1.466420 2.936005
111070070 1.144749 0.583346 0.866137 1.549495 56.014709 27.002664 1.468738 2.930722
111070071 1.144749 0.583346 0.871137 1.552295 55.861682 27.002664 1.471010 2.925437
111070072 1.144749 0.583346 0.876137 1.555107 55.709207 27.002664 1.473235 2.920151
111070073 1.144749 0.583346 0.881137 1.557929 55.557283 27.002664 1.475413 2.914863
111070074 1.144749 0.583346 0.886137 1.560763 55.405910 27.002664 1.477545 2.909574
111070075 1.144749 0.583346 0.891137 1.563607 55.255087 27.002664 1.479632 2.904283
111070076 1.144749 0.583346 0.896137 1.566462 55.104813 27.002664 1.481673 2.898992
111070077 1.144749 0.583346 0.901137 1.569328 54.955086 27.002664 1.483670 2.893701
111070078 1.144749 0.583346 0.906137 1.572204 54.805906 27.002664 1.485621 2.888409
111070079 1.144749 0.583346 0.911137 1.575091 54.657272 27.002664 1.487529 2.883117
111070080 1.144749 0.583346 0.916137 1.577989 54.509183 27.002664 1.489393 2.877825
111070081 1.144749 0.583346 0.921137 1.580897 54.361638 27.002664 1.491213 2.872533
111070082 1.144749 0.583346 0.926137 1.583815 54.214635 27.002664 1.492990 2.867242
111070083 1.144749 0.583346 0.931137 1.586744 54.068175 27.002664 1.494725 2.861952
111070084 1.144749 0.583346 0.936137 1.589684 53.922255 27.002664 1.496417 2.856662
111070085 1.144749 0.583346 0.941137 1.592633 53.776874 27.002664 1.498067 2.851374
111070086 1.144749 0.583346 0.946137 1.595593 53.632032 27.002664 1.499676 2.846087
111070087 1.144749 0.583346 0.951137 1.598563 53.487727 27.002664 1.501243 2.840801
111070088 1.144749 0.583346 0.956137 1.601543 53.343958 27.002664 1.502770 2.835518
111070089 1.144749 0.583346 0.961137 1.604533 53.200725 27.002664 1.504255 2.830236
111070090 1.144749 0.583346 0.966137 1.607533 53.058024 27.002664 1.505701 2.824956
111070091 1.144749 0.583346 0.971137 1.610543 52.915857 27.002664 1.507107 2.819679
111070092 1.144749 0.583346 0.976137 1.613563 52.774221 27.002664 1.508474 2.814403
111070093 1.144749 0.583346 0.981137 1.616592 52.633114 27.002664 1.509801 2.809131
111070094 1.144749 0.583346 0.986137 1.619632 52.492537 27.002664 1.511090 2.803861
111070095 1.144749 0.583346 0.991137 1.622681 52.352487 27.002664 1.512340 2.798595
111070096 1.144749 0.583346 0.996137 1.625740 52.212963 27.002664 1.513553 2.793331
111070097 1.144749 0.583346 1.001137 1.628808 52.073964 27.002664 1.514727 2.788071
111070098 1.144749 0.583346 1.006137 1.631886 51.935489 27.002664 1.515865 2.782815
111070099 1.144749 0.583346 1.011137 1.634974 51.797535 27.002664 1.516966 2.777562
111070100 1.144749 0.583346 1.016137 1.638071 51.660103 27.002664 1.518030 2.772312
111070101 1.133030 0.607002 0.521137 1.387009 67.930739 28.179447 1.194059 3.272473
111070102 1.133030 0.607002 0.526137 1.388895 67.739588 28.179447 1.200412 3.268031
111070103 1.133030 0.607002 0.531137 1.390797 67.548957 28.179447 1.206698 3.263565
111070104 1.133030 0.607002 0.536137 1.392714 67.358849 28.179447 1.212919 3.259075
111070105 1.133030 0.607002 0.541137 1.394646 67.169266 28.179447 1.219074 3.254561
111070106 1.133030 0.607002 0.546137 1.396594 66.980209 28.179447 1.225164 3.250025
111070107 1.133030 0.607002 0.551137 1.398557 66.791681 28.179447 1.231189 3.245466
111070108 1.133030 0.607002 0.556137 1.400535 66.603684 28.179447 1.237148 3.240885
111070109 1.133030 0.607002 0.561137 1.402528 66.416219 28.179447 1.243043 3.236283
111070110 1.133030 0.607002 0.566137 1.404536 66.229288 28.179447 1.248872 3.231658
111070111 1.133030 0.607002 0.571137 1.406558 66.042892 28.179447 1.254636 3.227013
111070112 1.133030 0.607002 0.576137 1.408596 65.857034 28.179447 1.260336 3.222348
111070113 1.133030 0.607002 0.581137 1.410649 65.671715 28.179447 1.265971 3.217662
111070114 1.133030 0.607002 0.586137 1.412716 65.486936 28.179447 1.271541 3.212956
111070115 1.133030 0.607002 0.591137 1.414798 65.302699 28.179447 1.277047 3.208231
111070116 1.133030 0.607002 0.596137 1.416894 65.119005 28.179447 1.282488 3.203486
111070117 1.133030 0.607002 0.601137 1.419005 64.935856 28.179447 1.287866 3.198723
111070118 1.133030 0.607002 0.606137 1.421130 64.753253 28.179447 1.293180 3.193942
111070119 1.133030 0.607002 0.611137 1.423270 64.571197 28.179447 1.298430 3.189142
111070120 1.133030 0.607002 0.616137 1.425424 64.389690 28.179447 1.303616 3.184326
111070121 1.133030 0.607002 0.621137 1.427592 64.208732 28.179447 1.308739 3.179491
111070122 1.133030 0.607002 0.626137 1.429775 64.028324 28.179447 1.313799 3.174640
111070123 1.133030 0.607002 0.631137 1.431972 63.848469 28.179447 1.318796 3.169773
111070124 1.133030 0.607002 0.636137 1.434182 63.669166 28.179447 1.323731 3.164889
111070125 1.133030 0.607002 0.641137 1.436407 63.490417 28.179447 1.328602 3.159990
111070126 1.133030 0.607002 0.646137 1.438646 63.312223 28.179447 1.333412 3.155075
111070127 1.133030 0.607002 0.651137 1.440899 63.134583 28.179447 1.338159 3.150145
111070128 1.133030 0.607002 0.656137 1.443165 62.957501 28.179447 1.342845 3.145201
111070129 1.133030 0.607002 0.661137 1.445445 62.780975 28.179447 1.347469 3.140242
111070130 1.133030 0.607002 0.666137 1.447739 62.605007 28.179447 1.352032 3.135269
111070131 1.133030 0.607002 0.671137 1.450046 62.429597 28.179447 1.356533 3.130282
111070132 1.133030 0.607002 0.676137 1.452367 62.254746 28.179447 1.360974 3.125282
111070133 1.133030 0.607002 0.681137 1.454702 62.080455 28.179447 1.365355 3.120269
111070134 1.133030 0.607002 0.686137 1.457049 61.906724 28.179447 1.369675 3.115244
111070135 1.133030 0.607002 0.691137 1.459411 61.733553 28.179447 1.373935 3.110206
111070136 1.133030 0.607002 0.696137 1.461785 61.560944 28.179447 1.378135 3.105157
111070137 1.133030 0.607002 0.701137 1.464173 61.388895 28.179447 1.382276 3.100095
111070138 1.133030 0.607002 0.706137 1.466574 61.217409 28.179447 1.386358 3.095023
111070139 1.133030 0.607002 0.711137 1.468988 61.046485 28.179447 1.390381 3.089939
111070140 1.133030 0.607002 0.716137 1.471415 60.876123 28.179447 1.394346 3.084845
111070141 1.133030 0.607002 0.721137 1.473855 60.706323 28.179447 1.398252 3.079740
111070142 1.133030 0.607002 0.726137 1.476308 60.537087 28.179447 1.402100 3.074626
111070143 1.133030 0.607002 0.731137 1.478773 60.368413 28.179447 1.405891 3.069502
111070144 1.133030 0.607002 0.736137 1.481252 60.200302 28.179447 1.409624 3.064368
111070145 1.133030 0.607002 0.741137 1.483743 60.032755 28.179447 1.413301 3.059226
111070146 1.133030 0.607002 0.746137 1.486247 59.865770 28.179447 1.416920 3.054074
111070147 1.133030 0.607002 0.751137 1.488763 59.699349 28.179447 1.420484 3.048914
111070148 1.133030 0.607002 0.756137 1.491292 59.533491 28.179447 1.423991 3.043747
111070149 1.133030 0.607002 0.761137 1.493834 59.368195 28.179447 1.427443 3.038571
111070150 1.133030 0.607002 0.766137 1.496387 59.203463 28.179447 1.430839 3.033388
111070151 1.133030 0.607002 0.771137 1.498953 59.039293 28.179447 1.434181 3.028197
111070152 1.133030 0.607002 0.776137 1.501532 58.875685 28.179447 1.437467 3.022999
111070153 1.133030 0.607002 0.781137 1.504122 58.712640 28.179447 1.440700 3.017795
111070154 1.133030 0.607002 0.786137 1.506725 58.550157 28.179447 1.443878 3.012585
111070155 1.133030 0.607002 0.791137 1.509340 58.388235 28.179447 1.447003 3.007368
111070156 1.133030 0.607002 0.796137 1.511967 58.226875 28.179447 1.450075 3.002146
111070157 1.133030 0.607002 0.801137 1.514605 58.066076 28.179447 1.453093 2.996918
111070158 1.133030 0.607002 0.806137 1.517256 57.905837 28.179447 1.456059 2.991685
111070159 1.133030 0.607002 0.811137 1.519919 57.746158 28.179447 1.458973 2.986446
111070160 1.133030 0.607002 0.816137 1.522593 57.587040 28.179447 1.461835 2.981203
111070161 1.133030 0.607002 0.821137 1.525279 57.428480 28.179447 1.464646 2.975956
111070162 1.133030 0.607002 0.826137 1.527976 57.270479 28.179447 1.467405 2.970705
111070163 1.133030 0.607002 0.831137 1.530685 57.113036 28.179447 1.470113 2.965449
111070164 1.133030 0.607002 0.836137 1.533406 56.956150 28.179447 1.472772 2.960190
111070165 1.133030 0.607002 0.841137 1.536138 56.799822 28.179447 1.475380 2.954927
111070166 1.133030 0.607002 0.846137 1.538882 56.644050 28.179447 1.477938 2.949662
111070167 1.133030 0.607002 0.851137 1.541637 56.488833 28.179447 1.480447 2.944393
111070168 1.133030 0.607002 0.856137 1.544403 56.334171 28.179447 1.482908 2.939122
111070169 1.133030 0.607002 0.861137 1.547180 56.180063 28.179447 1.485319 2.933848
111070170 1.133030 0.607002 0.866137 1.549968 56.026509 28.179447 1.487683 2.928572
111070171 1.133030 0.607002 0.871137 1.552768 55.873507 28.179447 1.489998 2.923294
111070172 1.133030 0.607002 0.876137 1.555579 55.721057 28.179447 1.492266 2.918015
111070173 1.133030 0.607002 0.881137 1.558400 55.569159 28.179447 1.494487 2.912734
111070174 1.133030 0.607002 0.886137 1.561233 55.417810 28.179447 1.496662 2.907452
111070175 1.133030 0.607002 0.891137 1.564076 55.267010 28.179447 1.498790 2.902168
111070176 1.133030 0.607002 0.896137 1.566930 55.116759 28.179447 1.500872 2.896884
111070177 1.133030 0.607002 0.901137 1.569795 54.967055 28.179447 1.502908 2.891600
111070178 1.133030 0.607002 0.906137 1.572671 54.817898 28.179447 1.504899 2.886315
111070179 1.133030 0.607002 0.911137 1.575557 54.669286 28.179447 1.506846 2.881030
111070180 1.133030 0.607002 0.916137 1.578454 54.521218 28.179447 1.508748 2.875745
111070181 1.133030 0.607002 0.921137 1.581361 54.373694 28.179447 1.510606 2.870460
111070182 1.133030 0.607002 0.926137 1.584279 54.226712 28.179447 1.512420 2.865176
111070183 1.133030 0.607002 0.931137 1.587207 54.080272 28.179447 1.514190 2.859892
111070184 1.133030 0.607002 0.936137 1.590145 53.934372 28.179447 1.515918 2.854610
111070185 1.133030 0.607002 0.941137 1.593094 53.789011 28.179447 1.517603 2.849328
111070186 1.133030 0.607002 0.946137 1.596053 53.644188 28.179447 1.519246 2.844048
111070187 1.133030 0.607002 0.951137 1.599022 53.499902 28.179447 1.520847 2.838770
111070188 1.133030 0.607002 0.956137 1.602001 53.356152 28.179447 1.522407 2.833493
111070189 1.133030 0.607002 0.961137 1.604990 53.212937 28.179447 1.523925 2.828218
111070190 1.133030 0.607002 0.966137 1.607989 53.070254 28.179447 1.525403 2.822944
111070191 1.133030 0.607002 0.971137 1.610998 52.928104 28.179447 1.526840 2.817674
111070192 1.133030 0.607002 0.976137 1.614017 52.786485 28.179447 1.528237 2.812405
111070193 1.133030 0.607002 0.981137 1.617046 52.645395 28.179447 1.529595 2.807140
111070194 1.133030 0.607002 0.986137 1.620085 52.504834 28.179447 1.530913 2.801877
111070195 1.133030 0.607002 0.991137 1.623133 52.364800 28.179447 1.532193 2.796617
111070196 1.133030 0.607002 0.996137 1.626191 52.225292 28.179447 1.533434 2.791360
111070197 1.133030 0.607002 1.001137 1.629259 52.086308 28.179447 1.534636 2.786106
111070198 1.133030 0.607002 1.006137 1.632336 51.947848 28.179447 1.535801 2.780856
111070199 1.133030 0.607002 1.011137 1.635423 51.809909 28.179447 1.536928 2.775610
111070200 1.133030 0.607002 1.016137 1.638519 51.672491 28.179447 1.538019 2.770367
111070201 1.121312 0.630659 0.521137 1.388040 67.947996 29.354690 1.206846 3.267268
111070202 1.121312 0.630659 0.526137 1.389925 67.756963 29.354690 1.213292 3.262839
111070203 1.121312 0.630659 0.531137 1.391825 67.566450 29.354690 1.219671 3.258387
111070204 1.121312 0.630659 0.536137 1.393741 67.376458 29.354690 1.225984 3.253910
111070205 1.121312 0.630659 0.541137 1.395672 67.186990 29.354690 1.232231 3.249411
111070206 1.121312 0.630659 0.546137 1.397618 66.998047 29.354690 1.238412 3.244888
111070207 1.121312 0.630659 0.551137 1.399580 66.809632 29.354690 1.244527 3.240343
111070208 1.121312 0.630659 0.556137 1.401556 66.621746 29.354690 1.250575 3.235776
111070209 1.121312 0.630659 0.561137 1.403548 66.434392 29.354690 1.256558 3.231188
111070210 1.121312 0.630659 0.566137 1.405554 66.247570 29.354690 1.262475 3.226577
111070211 1.121312 0.630659 0.571137 1.407575 66.061283 29.354690 1.268326 3.221946
111070212 1.121312 0.630659 0.576137 1.409612 65.875533 29.354690 1.274112 3.217295
111070213 1.121312 0.630659 0.581137 1.411663 65.690320 29.354690 1.279832 3.212623
111070214 1.121312 0.630659 0.586137 1.413728 65.505646 29.354690 1.285487 3.207931
111070215 1.121312 0.630659 0.591137 1.415809 65.321513 29.354690 1.291077 3.203220
111070216 1.121312 0.630659 0.596137 1.417903 65.137922 29.354690 1.296602 3.198490
111070217 1.121312 0.630659 0.601137 1.420013 64.954875 29.354690 1.302062 3.193741
111070218 1.121312 0.630659 0.606137 1.422137 64.772373 29.354690 1.307457 3.188973
111070219 1.121312 0.630659 0.611137 1.424275 64.590417 29.354690 1.312788 3.184188
111070220 1.121312 0.630659 0.616137 1.426428 64.409009 29.354690 1.318054 3.179386
111070221 1.121312 0.630659 0.621137 1.428594 64.228148 29.354690 1.323257 3.174566
111070222 1.121312 0.630659 0.626137 1.430775 64.047838 29.354690 1.328396 3.169729
111070223 1.121312 0.630659 0.631137 1.432971 63.868078 29.354690 1.333471 3.164876
111070224 1.121312 0.630659 0.636137 1.435180 63.688869 29.354690 1.338482 3.160006
111070225 1.121312 0.630659 0.641137 1.437403 63.510214 29.354690 1.343430 3.155121
111070226 1.121312 0.630659 0.646137 1.439640 63.332112 29.354690 1.348315 3.150221
111070227 1.121312 0.630659 0.651137 1.441891 63.154564 29.354690 1.353138 3.145305
111070228 1.121312 0.630659 0.656137 1.444156 62.977571 29.354690 1.357898 3.140375
111070229 1.121312 0.630659 0.661137 1.446435 62.801135 29.354690 1.362595 3.135431
111070230 1.121312 0.630659 0.666137 1.448727 62.625255 29.354690 1.367231 3.130472
111070231 1.121312 0.630659 0.671137 1.451033 62.449932 29.354690 1.371804 3.125500
111070232 1.121312 0.630659 0.676137 1.453352 62.275167 29.354690 1.376316 3.120515
111070233 1.121312 0.630659 0.681137 1.455685 62.100961 29.354690 1.380767 3.115516
111070234 1.121312 0.630659 0.686137 1.458031 61.927314 29.354690 1.385157 3.110505
111070235 1.121312 0.630659 0.691137 1.460391 61.754227 29.354690 1.389486 3.105482
111070236 1.121312 0.630659 0.696137 1.462764 61.581699 29.354690 1.393755 3.100447
111070237 1.121312 0.630659 0.701137 1.465150 61.409732 29.354690 1.397964 3.095400
111070238 1.121312 0.630659 0.706137 1.467549 61.238326 29.354690 1.402112 3.090341
111070239 1.121312 0.630659 0.711137 1.469961 61.067480 29.354690 1.406201 3.085272
111070240 1.121312 0.630659 0.716137 1.472387 60.897196 29.354690 1.410231 3.080193
111070241 1.121312 0.630659 0.721137 1.474825 60.727474 29.354690 1.414202 3.075102
111070242 1.121312 0.630659 0.726137 1.477276 60.558313 29.354690 1.418114 3.070002
111070243 1.121312 0.630659 0.731137 1.479741 60.389715 29.354690 1.421968 3.064893
111070244 1.121312 0.630659 0.736137 1.482217 60.221678 29.354690 1.425764 3.059773
111070245 1.121312 0.630659 0.741137 1.484707 60.054203 29.354690 1.429503 3.054645
111070246 1.121312 0.630659 0.746137 1.487209 59.887291 29.354690 1.433184 3.049508
111070247 1.121312 0.630659 0.751137 1.489724 59.720941 29.354690 1.436807 3.044363
111070248 1.121312 0.630659 0.756137 1.492251 59.555152 29.354690 1.440374 3.039209
111070249 1.121312 0.630659 0.761137 1.494791 59.389926 29.354690 1.443885 3.034048
111070250 1.121312 0.630659 0.766137 1.497343 59.225262 29.354690 1.447340 3.028879
111070251 1.121312 0.630659 0.771137 1.499908 59.061159 29.354690 1.450739 3.023703
111070252 1.121312 0.630659 0.776137 1.502484 58.897618 29.354690 1.454083 3.018519
111070253 1.121312 0.630659 0.781137 1.505073 58.734638 29.354690 1.457371 3.013329
111070254 1.121312 0.630659 0.786137 1.507674 58.572219 29.354690 1.460605 3.008133
111070255 1.121312 0.630659 0.791137 1.510288 58.410361 29.354690 1.463785 3.002931
111070256 1.121312 0.630659 0.796137 1.512913 58.249064 29.354690 1.466911 2.997723
111070257 1.121312 0.630659 0.801137 1.515550 58.088326 29.354690 1.469983 2.992509
111070258 1.121312 0.630659 0.806137 1.518199 57.928148 29.354690 1.473002 2.987290
111070259 1.121312 0.630659 0.811137 1.520860 57.768529 29.354690 1.475968 2.982066
111070260 1.121312 0.630659 0.816137 1.523532 57.609469 29.354690 1.478881 2.976837
111070261 1.121312 0.630659 0.821137 1.526216 57.450968 29.354690 1.481743 2.971604
111070262 1.121312 0.630659 0.826137 1.528912 57.293024 29.354690 1.484552 2.966366
111070263 1.121312 0.630659 0.831137 1.531620 57.135637 29.354690 1.487310 2.961125
111070264 1.121312 0.630659 0.836137 1.534339 56.978807 29.354690 1.490017 2.955880
111070265 1.121312 0.630659 0.841137 1.537069 56.822533 29.354690 1.492674 2.950631
111070266 1.121312 0.630659 0.846137 1.539811 56.666815 29.354690 1.495280 2.945380
111070267 1.121312 0.630659 0.851137 1.542564 56.511651 29.354690 1.497836 2.940125
111070268 1.121312 0.630659 0.856137 1.545329 56.357041 29.354690 1.500342 2.934868
111070269 1.121312 0.630659 0.861137 1.548105 56.202984 29.354690 1.502800 2.929608
111070270 1.121312 0.630659 0.866137 1.550891 56.049480 29.354690 1.505208 2.924346
111070271 1.121312 0.630659 0.871137 1.553689 55.896528 29.354690 1.507568 2.919082
111070272 1.121312 0.630659 0.876137 1.556498 55.744127 29.354690 1.509880 2.913816
111070273 1.121312 0.630659 0.881137 1.559318 55.592275 29.354690 1.512144 2.908549
111070274 1.121312 0.630659 0.886137 1.562149 55.440974 29.354690 1.514361 2.903281
111070275 1.121312 0.630659 0.891137 1.564991 55.290220 29.354690 1.516531 2.898011
111070276 1.121312 0.630659 0.896137 1.567843 55.140014 29.354690 1.518654 2.892741
111070277 1.121312 0.630659 0.901137 1.570706 54.990355 29.354690 1.520732 2.887470
111070278 1.121312 0.630659 0.906137 1.573580 54.841241 29.354690 1.522763 2.882199
111070279 1.121312 0.630659 0.911137 1.576465 54.692672 29.354690 1.524749 2.876927
111070280 1.121312 0.630659 0.916137 1.579360 54.544647 29.354690 1.526690 2.871656
111070281 1.121312 0.630659 0.921137 1.582266 54.397164 29.354690 1.528586 2.866385
111070282 1.121312 0.630659 0.926137 1.585182 54.250223 29.354690 1.530437 2.861114
111070283 1.121312 0.630659 0.931137 1.588108 54.103823 29.354690 1.532245 2.855844
111070284 1.121312 0.630659 0.936137 1.591045 53.957962 29.354690 1.534010 2.850575
111070285 1.121312 0.630659 0.941137 1.593992 53.812639 29.354690 1.535731 2.845307
111070286 1.121312 0.630659 0.946137 1.596949 53.667854 29.354690 1.537409 2.840040
111070287 1.121312 0.630659 0.951137 1.599916 53.523605 29.354690 1.539045 2.834775
111070288 1.121312 0.630659 0.956137 1.602894 53.379891 29.354690 1.540639 2.829511
111070289 1.121312 0.630659 0.961137 1.605881 53.236710 29.354690 1.542191 2.824249
111070290 1.121312 0.630659 0.966137 1.608879 53.094063 29.354690 1.543702 2.818989
111070291 1.121312 0.630659 0.971137 1.611886 52.951947 29.354690 1.545172 2.813732
111070292 1.121312 0.630659 0.976137 1.614904 52.810361 29.354690 1.546601 2.808476
111070293 1.121312 0.630659 0.981137 1.617931 52.669303 29.354690 1.547990 2.803224
111070294 1.121312 0.630659 0.986137 1.620968 52.528774 29.354690 1.549339 2.797974
111070295 1.121312 0.630659 0.991137 1.624015 52.388771 29.354690 1.550649 2.792727
111070296 1.121312 0.630659 0.996137 1.627071 52.249293 29.354690 1.551920 2.787483
111070297 1.121312 0.630659 1.001137 1.630137 52.110339 29.354690 1.553152 2.782243
111070298 1.121312 0.630659 1.006137 1.633212 51.971908 29.354690 1.554346 2.777005
111070299 1.121312 0.630659 1.011137 1.636297 51.833998 29.354690 1.555501 2.771772
111070300 1.121312 0.630659 1.016137 1.639392 51.696607 29.354690 1.556619 2.766542
111070301 1.109594 0.654316 0.521137 1.389572 67.973585 30.527410 1.218339 3.259533
111070302 1.109594 0.654316 0.526137 1.391455 67.782727 30.527410 1.224873 3.255125
111070303 1.109594 0.654316 0.531137 1.393353 67.592388 30.527410 1.231339 3.250692
111070304 1.109594 0.654316 0.536137 1.395267 67.402568 30.527410 1.237739 3.246236
111070305 1.109594 0.654316 0.541137 1.397196 67.213271 30.527410 1.244072 3.241757
111070306 1.109594 0.654316 0.546137 1.399140 67.024497 30.527410 1.250338 3.237255
111070307 1.109594 0.654316 0.551137 1.401099 66.836249 30.527410 1.256537 3.232731
111070308 1.109594 0.654316 0.556137 1.403073 66.648530 30.527410 1.262670 3.228184
111070309 1.109594 0.654316 0.561137 1.405063 66.461339 30.527410 1.268736 3.223616
111070310 1.109594 0.654316 0.566137 1.407067 66.274680 30.527410 1.274735 3.219026
111070311 1.109594 0.654316 0.571137 1.409086 66.088554 30.527410 1.280669 3.214416
111070312 1.109594 0.654316 0.576137 1.411120 65.902963 30.527410 1.286536 3.209785
111070313 1.109594 0.654316 0.581137 1.413169 65.717908 30.527410 1.292337 3.205134
111070314 1.109594 0.654316 0.586137 1.415233 65.533390 30.527410 1.298072 3.200463
111070315 1.109594 0.654316 0.591137 1.417311 65.349412 30.527410 1.303741 3.195773
111070316 1.109594 0.654316 0.596137 1.419403 65.165974 30.527410 1.309345 3.191064
111070317 1.109594 0.654316 0.601137 1.421511 64.983079 30.527410 1.314883 3.186336
111070318 1.109594 0.654316 0.606137 1.423632 64.800726 30.527410 1.320356 3.181590
111070319 1.109594 0.654316 0.611137 1.425768 64.618919 30.527410 1.325764 3.176826
111070320 1.109594 0.654316 0.616137 1.427919 64.437657 30.527410 1.331107 3.172044
111070321 1.109594 0.654316 0.621137 1.430083 64.256941 30.527410 1.336385 3.167245
111070322 1.109594 0.654316 0.626137 1.432262 64.076774 30.527410 1.341599 3.162430
111070323 1.109594 0.654316 0.631137 1.434455 63.897156 30.527410 1.346748 3.157598
111070324 1.109594 0.654316 0.636137 1.436662 63.718088 30.527410 1.351833 3.152750
111070325 1.109594 0.654316 0.641137 1.438883 63.539571 30.527410 1.356854 3.147886
111070326 1.109594 0.654316 0.646137 1.441117 63.361606 30.527410 1.361812 3.143007
111070327 1.109594 0.654316 0.651137 1.443366 63.184194 30.527410 1.366706 3.138112
111070328 1.109594 0.654316 0.656137 1.445629 63.007336 30.527410 1.371537 3.133203
111070329 1.109594 0.654316 0.661137 1.447905 62.831031 30.527410 1.376305 3.128280
111070330 1.109594 0.654316 0.666137 1.450195 62.655282 30.527410 1.381011 3.123343
111070331 1.109594 0.654316 0.671137 1.452498 62.480089 30.527410 1.385653 3.118392
111070332 1.109594 0.654316 0.676137 1.454815 62.305452 30.527410 1.390234 3.113428
111070333 1.109594 0.654316 0.681137 1.457146 62.131373 30.527410 1.394753 3.108451
111070334 1.109594 0.654316 0.686137 1.459490 61.957850 30.527410 1.399210 3.103461
111070335 1.109594 0.654316 0.691137 1.461847 61.784886 30.527410 1.403606 3.098459
111070336 1.109594 0.654316 0.696137 1.464218 61.612480 30.527410 1.407941 3.093445
111070337 1.109594 0.654316 0.701137 1.466601 61.440634 30.527410 1.412215 3.088420
111070338 1.109594 0.654316 0.706137 1.468998 61.269346 30.527410 1.416428 3.083383
111070339 1.109594 0.654316 0.711137 1.471408 61.098618 30.527410 1.420581 3.078335
111070340 1.109594 0.654316 0.716137 1.473831 60.928450 30.527410 1.424675 3.073277
111070341 1.109594 0.654316 0.721137 1.476267 60.758842 30.527410 1.428708 3.068208
111070342 1.109594 0.654316 0.726137 1.478716 60.589794 30.527410 1.432683 3.063129
111070343 1.109594 0.654316 0.731137 1.481178 60.421307 30.527410 1.436598 3.058041
111070344 1.109594 0.654316 0.736137 1.483652 60.253380 30.527410 1.440455 3.052943
111070345 1.109594 0.654316 0.741137 1.486139 60.086014 30.527410 1.444254 3.047836
111070346 1.109594 0.654316 0.746137 1.488639 59.919208 30.527410 1.447994 3.042720
111070347 1.109594 0.654316 0.751137 1.491152 59.752964 30.527410 1.451677 3.037596
111070348 1.109594 0.654316 0.756137 1.493677 59.587280 30.527410 1.455303 3.032464
111070349 1.109594 0.654316 0.761137 1.496214 59.422156 30.527410 1.458871 3.027324
111070350 1.109594 0.654316 0.766137 1.498764 59.257593 30.527410 1.462383 3.022176
111070351 1.109594 0.654316 0.771137 1.501326 59.093590 30.527410 1.465839 3.017021
111070352 1.109594 0.654316 0.776137 1.503900 58.930148 30.527410 1.469238 3.011859
111070353 1.109594 0.654316 0.781137 1.506486 58.767265 30.527410 1.472582 3.006690
111070354 1.109594 0.654316 0.786137 1.509085 58.604942 30.527410 1.475871 3.001515
111070355 1.109594 0.654316 0.791137 1.511696 58.443178 30.527410 1.479105 2.996334
111070356 1.109594 0.654316 0.796137 1.514319 58.281973 30.527410 1.482284 2.991147
111070357 1.109594 0.654316 0.801137 1.516953 58.121328 30.527410 1.485409 2.985954
111070358 1.109594 0.654316 0.806137 1.519600 57.961240 30.527410 1.488480 2.980756
111070359 1.109594 0.654316 0.811137 1.522258 57.801710 30.527410 1.491498 2.975553
111070360 1.109594 0.654316 0.816137 1.524928 57.642738 30.527410 1.494463 2.970345
111070361 1.109594 0.654316 0.821137 1.527610 57.484322 30.527410 1.497375 2.965133
111070362 1.109594 0.654316 0.826137 1.530303 57.326464 30.527410 1.500234 2.959916
111070363 1.109594 0.654316 0.831137 1.533009 57.169161 30.527410 1.503042 2.954696
111070364 1.109594 0.654316 0.836137 1.535725 57.012413 30.527410 1.505797 2.949471
111070365 1.109594 0.654316 0.841137 1.538453 56.856220 30.527410 1.508502 2.944244
111070366 1.109594 0.654316 0.846137 1.541192 56.700581 30.527410 1.511155 2.939013
111070367 1.109594 0.654316 0.851137 1.543943 56.545496 30.527410 1.513759 2.933779
111070368 1.109594 0.654316 0.856137 1.546705 56.390963 30.527410 1.516311 2.928542
111070369 1.109594 0.654316 0.861137 1.549478 56.236982 30.527410 1.518815 2.923303
111070370 1.109594 0.654316 0.866137 1.552263 56.083553 30.527410 1.521268 2.918062
111070371 1.109594 0.654316 0.871137 1.555058 55.930674 30.527410 1.523673 2.912818
111070372 1.109594 0.654316 0.876137 1.557865 55.778345 30.527410 1.526029 2.907573
111070373 1.109594 0.654316 0.881137 1.560682 55.626565 30.527410 1.528337 2.902326
111070374 1.109594 0.654316 0.886137 1.563511 55.475333 30.527410 1.530597 2.897078
111070375 1.109594 0.654316 0.891137 1.566350 55.324648 30.527410 1.532809 2.891829
111070376 1.109594 0.654316 0.896137 1.569200 55.174510 30.527410 1.534974 2.886579
111070377 1.109594 0.654316 0.901137 1.572061 55.024917 30.527410 1.537093 2.881329
111070378 1.109594 0.654316 0.906137 1.574932 54.875868 30.527410 1.539165 2.876078
111070379 1.109594 0.654316 0.911137 1.577814 54.727363 30.527410 1.541191 2.870826
111070380 1.109594 0.654316 0.916137 1.580707 54.579400 30.527410 1.543171 2.865575
111070381 1.109594 0.654316 0.921137 1.583610 54.431979 30.527410 1.545107 2.860324
111070382 1.109594 0.654316 0.926137 1.586523 54.285099 30.527410 1.546997 2.855073
111070383 1.109594 0.654316 0.931137 1.589447 54.138757 30.527410 1.548843 2.849823
111070384 1.109594 0.654316 0.936137 1.592382 53.992955 30.527410 1.550645 2.844574
111070385 1.109594 0.654316 0.941137 1.595326 53.847689 30.527410 1.552403 2.839326
111070386 1.109594 0.654316 0.946137 1.598281 53.702960 30.527410 1.554118 2.834079
111070387 1.109594 0.654316 0.951137 1.601246 53.558766 30.527410 1.555789 2.828833
111070388 1.109594 0.654316 0.956137 1.604221 53.415105 30.527410 1.557419 2.823589
111070389 1.109594 0.654316 0.961137 1.607206 53.271978 30.527410 1.559006 2.818347
111070390 1.109594 0.654316 0.966137 1.610201 53.129382 30.527410 1.560551 2.813107
111070391 1.109594 0.654316 0.971137 1.613206 52.987316 30.527410 1.562055 2.807869
111070392 1.109594 0.654316 0.976137 1.616221 52.845779 30.527410 1.563517 2.802633
111070393 1.109594 0.654316 0.981137 1.619246 52.704771 30.527410 1.564939 2.797400
111070394 1.109594 0.654316 0.986137 1.622280 52.564289 30.527410 1.566321 2.792170
111070395 1.109594 0.654316 0.991137 1.625324 52.424332 30.527410 1.567663 2.786942
111070396 1.109594 0.654316 0.996137 1.628378 52.284900 30.527410 1.568965 2.781717
111070397 1.109594 0.654316 1.001137 1.631442 52.145990 30.527410 1.570228 2.776496
111070398 1.109594 0.654316 1.006137 1.634515 52.007602 30.527410 1.571452 2.771278
111070399 1.109594 0.654316 1.011137 1.637597 51.869734 30.527410 1.572637 2.766064
111070400 1.109594 0.654316 1.016137 1.640689 51.732385 30.527410 1.573785 2.760853
111070401 1.097875 0.677972 0.521137 1.391603 68.007417 31.696635 1.228508 3.249305
111070402 1.097875 0.677972 0.526137 1.393484 67.816791 31.696635 1.235123 3.244923
111070403 1.097875 0.677972 0.531137 1.395379 67.626682 31.696635 1.241671 3.240517
111070404 1.097875 0.677972 0.536137 1.397290 67.437091 31.696635 1.248151 3.236088
111070405 1.097875 0.677972 0.541137 1.399216 67.248019 31.696635 1.254564 3.231636
111070406 1.097875 0.677972 0.546137 1.401157 67.059469 31.696635 1.260910 3.227161
111070407 1.097875 0.677972 0.551137 1.403114 66.871444 31.696635 1.267188 3.222663
111070408 1.097875 0.677972 0.556137 1.405085 66.683943 31.696635 1.273399 3.218144
111070409 1.097875 0.677972 0.561137 1.407072 66.496970 31.696635 1.279544 3.213603
111070410 1.097875 0.677972 0.566137 1.409073 66.310527 31.696635 1.285621 3.209041
111070411 1.097875 0.677972 0.571137 1.411090 66.124614 31.696635 1.291631 3.204458
111070412 1.097875 0.677972 0.576137 1.413121 65.939234 31.696635 1.297575 3.199854
111070413 1.097875 0.677972 0.581137 1.415167 65.754387 31.696635 1.303452 3.195231
111070414 1.097875 0.677972 0.586137 1.417227 65.570077 31.696635 1.309263 3.190587
111070415 1.097875 0.677972 0.591137 1.419302 65.386303 31.696635 1.315007 3.185925
111070416 1.097875 0.677972 0.596137 1.421392 65.203068 31.696635 1.320685 3.181243
111070417 1.097875 0.677972 0.601137 1.423496 65.020373 31.696635 1.326297 3.176543
111070418 1.097875 0.677972 0.606137 1.425615 64.838219 31.696635 1.331844 3.171825
111070419 1.097875 0.677972 0.611137 1.427748 64.656607 31.696635 1.337324 3.167088
111070420 1.097875 0.677972 0.616137 1.429895 64.475539 31.696635 1.342740 3.162334
111070421 1.097875 0.677972 0.621137 1.432057 64.295016 31.696635 1.348089 3.157564
111070422 1.097875 0.677972 0.626137 1.434233 64.115039 31.696635 1.353374 3.152776
111070423 1.097875 0.677972 0.631137 1.436423 63.935609 31.696635 1.358594 3.147972
111070424 1.097875 0.677972 0.636137 1.438627 63.756727 31.696635 1.363750 3.143152
111070425 1.097875 0.677972 0.641137 1.440844 63.578393 31.696635 1.368840 3.138316
111070426 1.097875 0.677972 0.646137 1.443076 63.400610 31.696635 1.373867 3.133465
111070427 1.097875 0.677972 0.651137 1.445322 63.223378 31.696635 1.378830 3.128598
111070428 1.097875 0.677972 0.656137 1.447581 63.046697 31.696635 1.383729 3.123718
111070429 1.097875 0.677972 0.661137 1.449855 62.870568 31.696635 1.388564 3.118822
111070430 1.097875 0.677972 0.666137 1.452141 62.694992 31.696635 1.393336 3.113913
111070431 1.097875 0.677972 0.671137 1.454442 62.519971 31.696635 1.398045 3.108991
111070432 1.097875 0.677972 0.676137 1.456756 62.345503 31.696635 1.402692 3.104055
111070433 1.097875 0.677972 0.681137 1.459083 62.171591 31.696635 1.407276 3.099106
111070434 1.097875 0.677972 0.686137 1.461424 61.998234 31.696635 1.411798 3.094144
111070435 1.097875 0.677972 0.691137 1.463778 61.825433 31.696635 1.416258 3.089170
111070436 1.097875 0.677972 0.696137 1.466146 61.653189 31.696635 1.420656 3.084185
111070437 1.097875 0.677972 0.701137 1.468526 61.481501 31.696635 1.424993 3.079187
111070438 1.097875 0.677972 0.706137 1.470920 61.310371 31.696635 1.429269 3.074179
111070439 1.097875 0.677972 0.711137 1.473327 61.139799 31.696635 1.433484 3.069159
111070440 1.097875 0.677972 0.716137 1.475747 60.969784 31.696635 1.437639 3.064129
111070441 1.097875 0.677972 0.721137 1.478179 60.800327 31.696635 1.441733 3.059088
111070442 1.097875 0.677972 0.726137 1.480625 60.631429 31.696635 1.445768 3.054037
111070443 1.097875 0.677972 0.731137 1.483084 60.463090 31.696635 1.449743 3.048977
111070444 1.097875 0.677972 0.736137 1.485555 60.295308 31.696635 1.453659 3.043907
111070445 1.097875 0.677972 0.741137 1.488039 60.128086 31.696635 1.457517 3.038829
111070446 1.097875 0.677972 0.746137 1.490536 59.961423 31.696635 1.461315 3.033741
111070447 1.097875 0.677972 0.751137 1.493045 59.795318 31.696635 1.465056 3.028645
111070448 1.097875 0.677972 0.756137 1.495567 59.629772 31.696635 1.468738 3.023541
111070449 1.097875 0.677972 0.761137 1.498101 59.464785 31.696635 1.472363 3.018429
111070450 1.097875 0.677972 0.766137 1.500647 59.300356 31.696635 1.475931 3.013309
111070451 1.097875 0.677972 0.771137 1.503206 59.136486 31.696635 1.479442 3.008182
111070452 1.097875 0.677972 0.776137 1.505777 58.973174 31.696635 1.482897 3.003048
111070453 1.097875 0.677972 0.781137 1.508360 58.810420 31.696635 1.486295 2.997907
111070454 1.097875 0.677972 0.786137 1.510956 58.648224 31.696635 1.489638 2.992760
111070455 1.097875 0.677972 0.791137 1.513563 58.486585 31.696635 1.492925 2.987606
111070456 1.097875 0.677972 0.796137 1.516183 58.325504 31.696635 1.496157 2.982447
111070457 1.097875 0.677972 0.801137 1.518814 58.164979 31.696635 1.499334 2.977282
111070458 1.097875 0.677972 0.806137 1.521457 58.005011 31.696635 1.502457 2.972112
111070459 1.097875 0.677972 0.811137 1.524113 57.845600 31.696635 1.505526 2.966936
111070460 1.097875 0.677972 0.816137 1.526779 57.686744 31.696635 1.508541 2.961756
111070461 1.097875 0.677972 0.821137 1.529458 57.528443 31.696635 1.511503 2.956572
111070462 1.097875 0.677972 0.826137 1.532148 57.370697 31.696635 1.514412 2.951383
111070463 1.097875 0.677972 0.831137 1.534850 57.213505 31.696635 1.517269 2.946190
111070464 1.097875 0.677972 0.836137 1.537563 57.056866 31.696635 1.520073 2.940993
111070465 1.097875 0.677972 0.841137 1.540288 56.900781 31.696635 1.522826 2.935792
111070466 1.097875 0.677972 0.846137 1.543024 56.745248 31.696635 1.525527 2.930589
111070467 1.097875 0.677972 0.851137 1.545772 56.590267 31.696635 1.528177 2.925382
111070468 1.097875 0.677972 0.856137 1.548530 56.435836 31.696635 1.530776 2.920173
111070469 1.097875 0.677972 0.861137 1.551300 56.281957 31.696635 1.533325 2.914961
111070470 1.097875 0.677972 0.866137 1.554081 56.128626 31.696635 1.535824 2.909747
111070471 1.097875 0.677972 0.871137 1.556874 55.975845 31.696635 1.538274 2.904531
111070472 1.097875 0.677972 0.876137 1.559677 55.823612 31.696635 1.540674 2.899312
111070473 1.097875 0.677972 0.881137 1.562491 55.671926 31.696635 1.543026 2.894093
111070474 1.097875 0.677972 0.886137 1.565316 55.520787 31.696635 1.545329 2.888872
111070475 1.097875 0.677972 0.891137 1.568152 55.370193 31.696635 1.547585 2.883649
111070476 1.097875 0.677972 0.896137 1.570999 55.220144 31.696635 1.549792 2.878426
111070477 1.097875 0.677972 0.901137 1.573856 55.070639 31.696635 1.551953 2.873202
111070478 1.097875 0.677972 0.906137 1.576725 54.921677 31.696635 1.554066 2.867978
111070479 1.097875 0.677972 0.911137 1.579603 54.773256 31.696635 1.556133 2.862753
111070480 1.097875 0.677972 0.916137 1.582493 54.625377 31.696635 1.558154 2.857529
111070481 1.097875 0.677972 0.921137 1.585392 54.478038 31.696635 1.560129 2.852304
111070482 1.097875 0.677972 0.926137 1.588303 54.331237 31.696635 1.562059 2.847080
111070483 1.097875 0.677972 0.931137 1.591223 54.184975 31.696635 1.563944 2.841856
111070484 1.097875 0.677972 0.936137 1.594154 54.039250 31.696635 1.565784 2.836633
111070485 1.097875 0.677972 0.941137 1.597096 53.894060 31.696635 1.567580 2.831412
111070486 1.097875 0.677972 0.946137 1.600047 53.749405 31.696635 1.569332 2.826191
111070487 1.097875 0.677972 0.951137 1.603009 53.605284 31.696635 1.571041 2.820971
111070488 1.097875 0.677972 0.956137 1.605981 53.461695 31.696635 1.572707 2.815753
111070489 1.097875 0.677972 0.961137 1.608962 53.318637 31.696635 1.574330 2.810537
111070490 1.097875 0.677972 0.966137 1.611954 53.176110 31.696635 1.575911 2.805323
111070491 1.097875 0.677972 0.971137 1.614956 53.034111 31.696635 1.577450 2.800111
111070492 1.097875 0.677972 0.976137 1.617968 52.892640 31.696635 1.578947 2.794901
111070493 1.097875 0.677972 0.981137 1.620989 52.751696 31.696635 1.580403 2.789693
111070494 1.097875 0.677972 0.986137 1.624020 52.611277 31.696635 1.581819 2.784488
111070495 1.097875 0.677972 0.991137 1.627061 52.471382 31.696635 1.583194 2.779286
111070496 1.097875 0.677972 0.996137 1.630112 52.332010 31.696635 1.584529 2.774087
111070497 1.097875 0.677972 1.001137 1.633172 52.193160 31.696635 1.585824 2.768891
111070498 1.097875 0.677972 1.006137 1.636242 52.054829 31.696635 1.587080 2.763698
111070499 1.097875 0.677972 1.011137 1.639321 51.917018 31.696635 1.588297 2.758509
111070500 1.097875 0.677972 1.016137 1.642410 51.779724 31.696635 1.589475 2.753323
111070501 1.086157 0.701629 0.521137 1.394132 68.049378 32.861413 1.237329 3.236631
111070502 1.086157 0.701629 0.526137 1.396009 67.859041 32.861413 1.244020 3.232282
111070503 1.086157 0.701629 0.531137 1.397901 67.669218 32.861413 1.250643 3.227909
111070504 1.086157 0.701629 0.536137 1.399808 67.479910 32.861413 1.257198 3.223513
111070505 1.086157 0.701629 0.541137 1.401731 67.291119 32.861413 1.263685 3.219094
111070506 1.086157 0.701629 0.546137 1.403668 67.102847 32.861413 1.270105 3.214652
111070507 1.086157 0.701629 0.551137 1.405621 66.915097 32.861413 1.276457 3.210188
111070508 1.086157 0.701629 0.556137 1.407589 66.727869 32.861413 1.282741 3.205702
111070509 1.086157 0.701629 0.561137 1.409572 66.541166 32.861413 1.288958 3.201195
111070510 1.086157 0.701629 0.566137 1.411570 66.354990 32.861413 1.295108 3.196666
111070511 1.086157 0.701629 0.571137 1.413583 66.169342 32.861413 1.301190 3.192117
111070512 1.086157 0.701629 0.576137 1.415611 65.984224 32.861413 1.307205 3.187547
111070513 1.086157 0.701629 0.581137 1.417653 65.799637 32.861413 1.313153 3.182958
111070514 1.086157 0.701629 0.586137 1.419710 65.615584 32.861413 1.319035 3.178348
111070515 1.086157 0.701629 0.591137 1.421781 65.432064 32.861413 1.324849 3.173720
111070516 1.086157 0.701629 0.596137 1.423868 65.249081 32.861413 1.330597 3.169072
111070517 1.086157 0.701629 0.601137 1.425968 65.066635 32.861413 1.336279 3.164406
111070518 1.086157 0.701629 0.606137 1.428083 64.884727 32.861413 1.341894 3.159722
111070519 1.086157 0.701629 0.611137 1.430213 64.703360 32.861413 1.347443 3.155020
111070520 1.086157 0.701629 0.616137 1.432356 64.522533 32.861413 1.352926 3.150301
111070521 1.086157 0.701629 0.621137 1.434514 64.342249 32.861413 1.358344 3.145564
111070522 1.086157 0.701629 0.626137 1.436686 64.162507 32.861413 1.363696 3.140811
111070523 1.086157 0.701629 0.631137 1.438872 63.983311 32.861413 1.368983 3.136041
111070524 1.086157 0.701629 0.636137 1.441072 63.804660 32.861413 1.374205 3.131256
111070525 1.086157 0.701629 0.641137 1.443287 63.626555 32.861413 1.379361 3.126455
111070526 1.086157 0.701629 0.646137 1.445515 63.448997 32.861413 1.384454 3.121638
111070527 1.086157 0.701629 0.651137 1.447757 63.271988 32.861413 1.389481 3.116807
111070528 1.086157 0.701629 0.656137 1.450012 63.095528 32.861413 1.394445 3.111960
111070529 1.086157 0.701629 0.661137 1.452282 62.919617 32.861413 1.399344 3.107100
111070530 1.086157 0.701629 0.666137 1.454565 62.744257 32.861413 1.404180 3.102226
111070531 1.086157 0.701629 0.671137 1.456861 62.569449 32.861413 1.408953 3.097338
111070532 1.086157 0.701629 0.676137 1.459171 62.395192 32.861413 1.413662 3.092436
111070533 1.086157 0.701629 0.681137 1.461495 62.221488 32.861413 1.418308 3.087522
111070534 1.086157 0.701629 0.686137 1.463832 62.048337 32.861413 1.422892 3.082595
111070535 1.086157 0.701629 0.691137 1.466182 61.875739 32.861413 1.427414 3.077656
111070536 1.086157 0.701629 0.696137 1.468546 61.703695 32.861413 1.431873 3.072706
111070537 1.086157 0.701629 0.701137 1.470922 61.532206 32.861413 1.436270 3.067743
111070538 1.086157 0.701629 0.706137 1.473312 61.361272 32.861413 1.440606 3.062769
111070539 1.086157 0.701629 0.711137 1.475715 61.190892 32.861413 1.444881 3.057784
111070540 1.086157 0.701629 0.716137 1.478131 61.021069 32.861413 1.449095 3.052789
111070541 1.086157 0.701629 0.721137 1.480560 60.851801 32.861413 1.453249 3.047783
111070542 1.086157 0.701629 0.726137 1.483002 60.683089 32.861413 1.457342 3.042767
111070543 1.086157 0.701629 0.731137 1.485456 60.514933 32.861413 1.461375 3.037742
111070544 1.086157 0.701629 0.736137 1.487924 60.347333 32.861413 1.465348 3.032707
111070545 1.086157 0.701629 0.741137 1.490404 60.180289 32.861413 1.469262 3.027662
111070546 1.086157 0.701629 0.746137 1.492896 60.013802 32.861413 1.473118 3.022610
111070547 1.086157 0.701629 0.751137 1.495402 59.847872 32.861413 1.476914 3.017548
111070548 1.086157 0.701629 0.756137 1.497919 59.682498 32.861413 1.480652 3.012479
111070549 1.086157 0.701629 0.761137 1.500450 59.517680 32.861413 1.484332 3.007401
111070550 1.086157 0.701629 0.766137 1.502992 59.353418 32.861413 1.487955 3.002316
111070551 1.086157 0.701629 0.771137 1.505547 59.189713 32.861413 1.491520 2.997223
111070552 1.086157 0.701629 0.776137 1.508114 59.026564 32.861413 1.495028 2.992124
111070553 1.086157 0.701629 0.781137 1.510693 58.863970 32.861413 1.498480 2.987018
111070554 1.086157 0.701629 0.786137 1.513285 58.701932 32.861413 1.501875 2.981905
111070555 1.086157 0.701629 0.791137 1.515888 58.540449 32.861413 1.505215 2.976786
111070556 1.086157 0.701629 0.796137 1.518504 58.379522 32.861413 1.508499 2.971661
111070557 1.086157 0.701629 0.801137 1.521131 58.219149 32.861413 1.511728 2.966530
111070558 1.086157 0.701629 0.806137 1.523770 58.059330 32.861413 1.514901 2.961394
111070559 1.086157 0.701629 0.811137 1.526422 57.900065 32.861413 1.518021 2.956253
111070560 1.086157 0.701629 0.816137 1.529084 57.741354 32.861413 1.521086 2.951107
111070561 1.086157 0.701629 0.821137 1.531759 57.583195 32.861413 1.524098 2.945957
111070562 1.086157 0.701629 0.826137 1.534445 57.425590 32.861413 1.527056 2.940802
111070563 1.086157 0.701629 0.831137 1.537143 57.268536 32.861413 1.529961 2.935643
111070564 1.086157 0.701629 0.836137 1.539852 57.112034 32.861413 1.532814 2.930480
111070565 1.086157 0.701629 0.841137 1.542573 56.956082 32.861413 1.535614 2.925314
111070566 1.086157 0.701629 0.846137 1.545305 56.800681 32.861413 1.538362 2.920144
111070567 1.086157 0.701629 0.851137 1.548048 56.645830 32.861413 1.541059 2.914971
111070568 1.086157 0.701629 0.856137 1.550803 56.491527 32.861413 1.543705 2.909796
111070569 1.086157 0.701629 0.861137 1.553569 56.337773 32.861413 1.546300 2.904617
111070570 1.086157 0.701629 0.866137 1.556346 56.184567 32.861413 1.548845 2.899437
111070571 1.086157 0.701629 0.871137 1.559134 56.031907 32.861413 1.551340 2.894254
111070572 1.086157 0.701629 0.876137 1.561933 55.879793 32.861413 1.553785 2.889069
111070573 1.086157 0.701629 0.881137 1.564743 55.728225 32.861413 1.556181 2.883883
111070574 1.086157 0.701629 0.886137 1.567564 55.577201 32.861413 1.558528 2.878695
111070575 1.086157 0.701629 0.891137 1.570396 55.426721 32.861413 1.560826 2.873506
111070576 1.086157 0.701629 0.896137 1.573239 55.276784 32.861413 1.563077 2.868316
111070577 1.086157 0.701629 0.901137 1.576092 55.127388 32.861413 1.565280 2.863126
111070578 1.086157 0.701629 0.906137 1.578957 54.978534 32.861413 1.567435 2.857934
111070579 1.086157 0.701629 0.911137 1.581831 54.830219 32.861413 1.569544 2.852743
111070580 1.086157 0.701629 0.916137 1.584717 54.682444 32.861413 1.571606 2.847551
111070581 1.086157 0.701629 0.921137 1.587612 54.535207 32.861413 1.573621 2.842359
111070582 1.086157 0.701629 0.926137 1.590519 54.388507 32.861413 1.575591 2.837168
111070583 1.086157 0.701629 0.931137 1.593435 54.242343 32.861413 1.577516 2.831977
111070584 1.086157 0.701629 0.936137 1.596362 54.096713 32.861413 1.579396 2.826786
111070585 1.086157 0.701629 0.941137 1.599299 53.951618 32.861413 1.581231 2.821597
111070586 1.086157 0.701629 0.946137 1.602247 53.807056 32.861413 1.583022 2.816408
111070587 1.086157 0.701629 0.951137 1.605204 53.663026 32.861413 1.584768 2.811221
111070588 1.086157 0.701629 0.956137 1.608172 53.519526 32.861413 1.586472 2.806035
111070589 1.086157 0.701629 0.961137 1.611150 53.376556 32.861413 1.588132 2.800851
111070590 1.086157 0.701629 0.966137 1.614138 53.234114 32.861413 1.589750 2.795669
111070591 1.086157 0.701629 0.971137 1.617135 53.092200 32.861413 1.591325 2.790489
111070592 1.086157 0.701629 0.976137 1.620143 52.950811 32.861413 1.592858 2.785311
111070593 1.086157 0.701629 0.981137 1.623160 52.809948 32.861413 1.594350 2.780135
111070594 1.086157 0.701629 0.986137 1.626187 52.669607 32.861413 1.595801 2.774962
111070595 1.086157 0.701629 0.991137 1.629224 52.529790 32.861413 1.597210 2.769791
111070596 1.086157 0.701629 0.996137 1.632271 52.390493 32.861413 1.598579 2.764623
111070597 1.086157 0.701629 1.001137 1.635327 52.251716 32.861413 1.599908 2.759459
111070598 1.086157 0.701629 1.006137 1.638393 52.113458 32.861413 1.601198 2.754297
111070599 1.086157 0.701629 1.011137 1.641468 51.975717 32.861413 1.602448 2.749139
111070600 1.086157 0.701629 1.016137 1.644553 51.838492 32.861413 1.603659 2.743985
111070601 1.074438 0.725286 0.521137 1.397155 68.099328 34.020813 1.244788 3.221569
111070602 1.074438 0.725286 0.526137 1.399027 67.909336 34.020813 1.251548 3.217259
111070603 1.074438 0.725286 0.531137 1.400915 67.719853 34.020813 1.258239 3.212925
111070604 1.074438 0.725286 0.536137 1.402819 67.530883 34.020813 1.264863 3.208568
111070605 1.074438 0.725286 0.541137 1.404737 67.342426 34.020813 1.271419 3.204188
111070606 1.074438 0.725286 0.546137 1.406671 67.154486 34.020813 1.277907 3.199786
111070607 1.074438 0.725286 0.551137 1.408620 66.967064 34.020813 1.284326 3.195361
111070608 1.074438 0.725286 0.556137 1.410583 66.780162 34.020813 1.290678 3.190915
111070609 1.074438 0.725286 0.561137 1.412562 66.593781 34.020813 1.296962 3.186448
111070610 1.074438 0.725286 0.566137 1.414556 66.407924 34.020813 1.303179 3.181959
111070611 1.074438 0.725286 0.571137 1.416564 66.222592 34.020813 1.309328 3.177450
111070612 1.074438 0.725286 0.576137 1.418588 66.037786 34.020813 1.315409 3.172920
111070613 1.074438 0.725286 0.581137 1.420626 65.853509 34.020813 1.321423 3.168370
111070614 1.074438 0.725286 0.586137 1.422678 65.669762 34.020813 1.327370 3.163801
111070615 1.074438 0.725286 0.591137 1.424746 65.486546 34.020813 1.333250 3.159213
111070616 1.074438 0.725286 0.596137 1.426827 65.303863 34.020813 1.339063 3.154606
111070617 1.074438 0.725286 0.601137 1.428924 65.121714 34.020813 1.344810 3.149981
111070618 1.074438 0.725286 0.606137 1.431034 64.940101 34.020813 1.350490 3.145337
111070619 1.074438 0.725286 0.611137 1.433159 64.759024 34.020813 1.356103 3.140676
111070620 1.074438 0.725286 0.616137 1.435298 64.578485 34.020813 1.361650 3.135997
111070621 1.074438 0.725286 0.621137 1.437452 64.398486 34.020813 1.367131 3.131301
111070622 1.074438 0.725286 0.626137 1.439620 64.219026 34.020813 1.372546 3.126589
111070623 1.074438 0.725286 0.631137 1.441801 64.040108 34.020813 1.377896 3.121860
111070624 1.074438 0.725286 0.636137 1.443997 63.861733 34.020813 1.383180 3.117115
111070625 1.074438 0.725286 0.641137 1.446207 63.683901 34.020813 1.388399 3.112355
111070626 1.074438 0.725286 0.646137 1.448430 63.506613 34.020813 1.393553 3.107579
111070627 1.074438 0.725286 0.651137 1.450668 63.329870 34.020813 1.398642 3.102789
111070628 1.074438 0.725286 0.656137 1.452919 63.153673 34.020813 1.403667 3.097984
111070629 1.074438 0.725286 0.661137 1.455184 62.978023 34.020813 1.408627 3.093165
111070630 1.074438 0.725286 0.666137 1.457462 62.802921 34.020813 1.413524 3.088331
111070631 1.074438 0.725286 0.671137 1.459754 62.628367 34.020813 1.418356 3.083484
111070632 1.074438 0.725286 0.676137 1.462060 62.454361 34.020813 1.423125 3.078624
111070633 1.074438 0.725286 0.681137 1.464379 62.280906 34.020813 1.427831 3.073751
111070634 1.074438 0.725286 0.686137 1.466711 62.108000 34.020813 1.432474 3.068866
111070635 1.074438 0.725286 0.691137 1.469057 61.935645 34.020813 1.437054 3.063968
111070636 1.074438 0.725286 0.696137 1.471416 61.763841 34.020813 1.441572 3.059058
111070637 1.074438 0.725286 0.701137 1.473788 61.592589 34.020813 1.446027 3.054137
111070638 1.074438 0.725286 0.706137 1.476173 61.421888 34.020813 1.450421 3.049204
111070639 1.074438 0.725286 0.711137 1.478571 61.251740 34.020813 1.454753 3.044261
111070640 1.074438 0.725286 0.716137 1.480982 61.082144 34.020813 1.459024 3.039307
111070641 1.074438 0.725286 0.721137 1.483407 60.913101 34.020813 1.463234 3.034342
111070642 1.074438 0.725286 0.726137 1.485844 60.744612 34.020813 1.467383 3.029367
111070643 1.074438 0.725286 0.731137 1.488294 60.576675 34.020813 1.471472 3.024383
111070644 1.074438 0.725286 0.736137 1.490756 60.409292 34.020813 1.475501 3.019389
111070645 1.074438 0.725286 0.741137 1.493232 60.242462 34.020813 1.479471 3.014386
111070646 1.074438 0.725286 0.746137 1.495720 60.076186 34.020813 1.483380 3.009374
111070647 1.074438 0.725286 0.751137 1.498220 59.910464 34.020813 1.487231 3.004354
111070648 1.074438 0.725286 0.756137 1.500733 59.745295 34.020813 1.491023 2.999326
111070649 1.074438 0.725286 0.761137 1.503259 59.580680 34.020813 1.494757 2.994289
111070650 1.074438 0.725286 0.766137 1.505796 59.416618 34.020813 1.498433 2.989245
111070651 1.074438 0.725286 0.771137 1.508347 59.253110 34.020813 1.502051 2.984193
111070652 1.074438 0.725286 0.776137 1.510909 59.090155 34.020813 1.505612 2.979135
111070653 1.074438 0.725286 0.781137 1.513483 58.927753 34.020813 1.509115 2.974069
111070654 1.074438 0.725286 0.786137 1.516070 58.765904 34.020813 1.512563 2.968998
111070655 1.074438 0.725286 0.791137 1.518669 58.604608 34.020813 1.515953 2.963919
111070656 1.074438 0.725286 0.796137 1.521279 58.443864 34.020813 1.519288 2.958835
111070657 1.074438 0.725286 0.801137 1.523902 58.283672 34.020813 1.522568 2.953745
111070658 1.074438 0.725286 0.806137 1.526537 58.124032 34.020813 1.525792 2.948650
111070659 1.074438 0.725286 0.811137 1.529183 57.964942 34.020813 1.528961 2.943549
111070660 1.074438 0.725286 0.816137 1.531841 57.806404 34.020813 1.532076 2.938444
111070661 1.074438 0.725286 0.821137 1.534511 57.648417 34.020813 1.535136 2.933334
111070662 1.074438 0.725286 0.826137 1.537192 57.490979 34.020813 1.538143 2.928220
111070663 1.074438 0.725286 0.831137 1.539885 57.334091 34.020813 1.541097 2.923101
111070664 1.074438 0.725286 0.836137 1.542589 57.177751 34.020813 1.543997 2.917978
111070665 1.074438 0.725286 0.841137 1.545305 57.021960 34.020813 1.546845 2.912852
111070666 1.074438 0.725286 0.846137 1.548033 56.866717 34.020813 1.549640 2.907723
111070667 1.074438 0.725286 0.851137 1.550771 56.712021 34.020813 1.552384 2.902590
111070668 1.074438 0.725286 0.856137 1.553521 56.557872 34.020813 1.555076 2.897454
111070669 1.074438 0.725286 0.861137 1.556282 56.404268 34.020813 1.557717 2.892316
111070670 1.074438 0.725286 0.866137 1.559054 56.251209 34.020813 1.560308 2.887175
111070671 1.074438 0.725286 0.871137 1.561838 56.098695 34.020813 1.562847 2.882032
111070672 1.074438 0.725286 0.876137 1.564632 55.946725 34.020813 1.565337 2.876887
111070673 1.074438 0.725286 0.881137 1.567437 55.795298 34.020813 1.567778 2.871741
111070674 1.074438 0.725286 0.886137 1.570253 55.644412 34.020813 1.570169 2.866592
111070675 1.074438 0.725286 0.891137 1.573080 55.494068 34.020813 1.572511 2.861443
111070676 1.074438 0.725286 0.896137 1.575918 55.344265 34.020813 1.574805 2.856292
111070677 1.074438 0.725286 0.901137 1.578767 55.195001 34.020813 1.577050 2.851141
111070678 1.074438 0.725286 0.906137 1.581626 55.046275 34.020813 1.579248 2.845989
111070679 1.074438 0.725286 0.911137 1.584496 54.898088 34.020813 1.581399 2.840836
111070680 1.074438 0.725286 0.916137 1.587376 54.750437 34.020813 1.583503 2.835683
111070681 1.074438 0.725286 0.921137 1.590267 54.603322 34.020813 1.585560 2.830530
111070682 1.074438 0.725286 0.926137 1.593169 54.456742 34.020813 1.587571 2.825378
111070683 1.074438 0.725286 0.931137 1.596080 54.310696 34.020813 1.589536 2.820225
111070684 1.074438 0.725286 0.936137 1.599003 54.165182 34.020813 1.591456 2.815074
111070685 1.074438 0.725286 0.941137 1.601935 54.020201 34.020813 1.593331 2.809923
111070686 1.074438 0.725286 0.946137 1.604878 53.875750 34.020813 1.595161 2.804772
111070687 1.074438 0.725286 0.951137 1.607830 53.731829 34.020813 1.596947 2.799624
111070688 1.074438 0.725286 0.956137 1.610793 53.588436 34.020813 1.598689 2.794476
111070689 1.074438 0.725286 0.961137 1.613766 53.445571 34.020813 1.600388 2.789330
111070690 1.074438 0.725286 0.966137 1.616749 53.303232 34.020813 1.602043 2.784186
111070691 1.074438 0.725286 0.971137 1.619742 53.161418 34.020813 1.603656 2.779043
111070692 1.074438 0.725286 0.976137 1.622745 53.020128 34.020813 1.605227 2.773903
111070693 1.074438 0.725286 0.981137 1.625757 52.879361 34.020813 1.606755 2.768765
111070694 1.074438 0.725286 0.986137 1.628780 52.739116 34.020813 1.608242 2.763629
111070695 1.074438 0.725286 0.991137 1.631812 52.599391 34.020813 1.609688 2.758496
111070696 1.074438 0.725286 0.996137 1.634853 52.460185 34.020813 1.611092 2.753366
111070697 1.074438 0.725286 1.001137 1.637905 52.321497 34.020813 1.612457 2.748238
111070698 1.074438 0.725286 1.006137 1.640966 52.183325 34.020813 1.613781 2.743114
111070699 1.074438 0.725286 1.011137 1.644036 52.045669 34.020813 1.615066 2.737993
111070700 1.074438 0.725286 1.016137 1.647116 51.908527 34.020813 1.616311 2.732875
111070701 1.062720 0.748943 0.521137 1.400668 68.157102 35.173930 1.250877 3.204187
111070702 1.062720 0.748943 0.526137 1.402536 67.967508 35.173930 1.257700 3.199922
111070703 1.062720 0.748943 0.531137 1.404420 67.778420 35.173930 1.264454 3.195633
111070704 1.062720 0.748943 0.536137 1.406318 67.589841 35.173930 1.271140 3.191321
111070705 1.062720 0.748943 0.541137 1.408232 67.401773 35.173930 1.277758 3.186986
111070706 1.062720 0.748943 0.546137 1.410161 67.214217 35.173930 1.284308 3.182629
111070707 1.062720 0.748943 0.551137 1.412105 67.027175 35.173930 1.290789 3.178250
111070708 1.062720 0.748943 0.556137 1.414064 66.840650 35.173930 1.297203 3.173849
111070709 1.062720 0.748943 0.561137 1.416038 66.654643 35.173930 1.303549 3.169427
111070710 1.062720 0.748943 0.566137 1.418027 66.469155 35.173930 1.309827 3.164984
111070711 1.062720 0.748943 0.571137 1.420030 66.284189 35.173930 1.316037 3.160521
111070712 1.062720 0.748943 0.576137 1.422049 66.099746 35.173930 1.322179 3.156037
111070713 1.062720 0.748943 0.581137 1.424082 65.915828 35.173930 1.328254 3.151534
111070714 1.062720 0.748943 0.586137 1.426129 65.732436 35.173930 1.334262 3.147011
111070715 1.062720 0.748943 0.591137 1.428192 65.549572 35.173930 1.340202 3.142469
111070716 1.062720 0.748943 0.596137 1.430268 65.367238 35.173930 1.346075 3.137909
111070717 1.062720 0.748943 0.601137 1.432360 65.185433 35.173930 1.351882 3.133330
111070718 1.062720 0.748943 0.606137 1.434465 65.004161 35.173930 1.357621 3.128733
111070719 1.062720 0.748943 0.611137 1.436585 64.823422 35.173930 1.363294 3.124118
111070720 1.062720 0.748943 0.616137 1.438719 64.643217 35.173930 1.368901 3.119486
111070721 1.062720 0.748943 0.621137 1.440868 64.463548 35.173930 1.374441 3.114837
111070722 1.062720 0.748943 0.626137 1.443030 64.284415 35.173930 1.379915 3.110172
111070723 1.062720 0.748943 0.631137 1.445207 64.105820 35.173930 1.385324 3.105490
111070724 1.062720 0.748943 0.636137 1.447397 63.927765 35.173930 1.390666 3.100792
111070725 1.062720 0.748943 0.641137 1.449602 63.750249 35.173930 1.395944 3.096079
111070726 1.062720 0.748943 0.646137 1.451820 63.573274 35.173930 1.401156 3.091351
111070727 1.062720 0.748943 0.651137 1.454052 63.396840 35.173930 1.406303 3.086607
111070728 1.062720 0.748943 0.656137 1.456298 63.220949 35.173930 1.411385 3.081849
111070729 1.062720 0.748943 0.661137 1.458558 63.045601 35.173930 1.416403 3.077077
111070730 1.062720 0.748943 0.666137 1.460831 62.870798 35.173930 1.421356 3.072291
111070731 1.062720 0.748943 0.671137 1.463118 62.696539 35.173930 1.426246 3.067492
111070732 1.062720 0.748943 0.676137 1.465418 62.522826 35.173930 1.431071 3.062679
111070733 1.062720 0.748943 0.681137 1.467732 62.349659 35.173930 1.435833 3.057854
111070734 1.062720 0.748943 0.686137 1.470059 62.177038 35.173930 1.440532 3.053015
111070735 1.062720 0.748943 0.691137 1.472399 62.004965 35.173930 1.445168 3.048165
111070736 1.062720 0.748943 0.696137 1.474753 61.833439 35.173930 1.449742 3.043303
111070737 1.062720 0.748943 0.701137 1.477119 61.662462 35.173930 1.454253 3.038429
111070738 1.062720 0.748943 0.706137 1.479499 61.492033 35.173930 1.458701 3.033544
111070739 1.062720 0.748943 0.711137 1.481892 61.322153 35.173930 1.463088 3.028647
111070740 1.062720 0.748943 0.716137 1.484298 61.152822 35.173930 1.467414 3.023740
111070741 1.062720 0.748943 0.721137 1.486717 60.984041 35.173930 1.471678 3.018823
111070742 1.062720 0.748943 0.726137 1.489148 60.815809 35.173930 1.475881 3.013896
111070743 1.062720 0.748943 0.731137 1.491593 60.648127 35.173930 1.480024 3.008959
111070744 1.062720 0.748943 0.736137 1.494050 60.480996 35.173930 1.484106 3.004012
111070745 1.062720 0.748943 0.741137 1.496520 60.314415 35.173930 1.488128 2.999057
111070746 1.062720 0.748943 0.746137 1.499003 60.148384 35.173930 1.492091 2.994092
111070747 1.062720 0.748943 0.751137 1.501498 59.982904 35.173930 1.495995 2.989119
111070748 1.062720 0.748943 0.756137 1.504005 59.817973 35.173930 1.499839 2.984138
111070749 1.062720 0.748943 0.761137 1.506525 59.653594 35.173930 1.503625 2.979149
111070750 1.062720 0.748943 0.766137 1.509057 59.489765 35.173930 1.507352 2.974152
111070751 1.062720 0.748943 0.771137 1.511602 59.326486 35.173930 1.511022 2.969147
111070752 1.062720 0.748943 0.776137 1.514159 59.163757 35.173930 1.514634 2.964136
111070753 1.062720 0.748943 0.781137 1.516728 59.001578 35.173930 1.518188 2.959118
111070754 1.062720 0.748943 0.786137 1.519309 58.839948 35.173930 1.521686 2.954093
111070755 1.062720 0.748943 0.791137 1.521902 58.678869 35.173930 1.525127 2.949061
111070756 1.062720 0.748943 0.796137 1.524507 58.518338 35.173930 1.528512 2.944024
111070757 1.062720 0.748943 0.801137 1.527124 58.358357 35.173930 1.531840 2.938981
111070758 1.062720 0.748943 0.806137 1.529753 58.198924 35.173930 1.535114 2.933932
111070759 1.062720 0.748943 0.811137 1.532394 58.040039 35.173930 1.538332 2.928879
111070760 1.062720 0.748943 0.816137 1.535047 57.881703 35.173930 1.541496 2.923820
111070761 1.062720 0.748943 0.821137 1.537711 57.723913 35.173930 1.544605 2.918756
111070762 1.062720 0.748943 0.826137 1.540386 57.566671 35.173930 1.547659 2.913688
111070763 1.062720 0.748943 0.831137 1.543074 57.409975 35.173930 1.550661 2.908616
111070764 1.062720 0.748943 0.836137 1.545773 57.253826 35.173930 1.553609 2.903540
111070765 1.062720 0.748943 0.841137 1.548483 57.098221 35.173930 1.556504 2.898460
111070766 1.062720 0.748943 0.846137 1.551205 56.943162 35.173930 1.559346 2.893377
111070767 1.062720 0.748943 0.851137 1.553938 56.788647 35.173930 1.562136 2.888290
111070768 1.062720 0.748943 0.856137 1.556682 56.634675 35.173930 1.564874 2.883201
111070769 1.062720 0.748943 0.861137 1.559437 56.481247 35.173930 1.567561 2.878108
111070770 1.062720 0.748943 0.866137 1.562204 56.328361 35.173930 1.570197 2.873013
111070771 1.062720 0.748943 0.871137 1.564982 56.176017 35.173930 1.572782 2.867916
111070772 1.062720 0.748943 0.876137 1.567770 56.024213 35.173930 1.575317 2.862817
111070773 1.062720 0.748943 0.881137 1.570570 55.872950 35.173930 1.577802 2.857716
111070774 1.062720 0.748943 0.886137 1.573381 55.722226 35.173930 1.580237 2.852613
111070775 1.062720 0.748943 0.891137 1.576202 55.572040 35.173930 1.582623 2.847509
111070776 1.062720 0.748943 0.896137 1.579034 55.422393 35.173930 1.584961 2.842404
111070777 1.062720 0.748943 0.901137 1.581877 55.273282 35.173930 1.587250 2.837297
111070778 1.062720 0.748943 0.906137 1.584731 55.124707 35.173930 1.589490 2.832190
111070779 1.062720 0.748943 0.911137 1.587595 54.976667 35.173930 1.591684 2.827083
111070780 1.062720 0.748943 0.916137 1.590470 54.829162 35.173930 1.593830 2.821975
111070781 1.062720 0.748943 0.921137 1.593355 54.682189 35.173930 1.595929 2.816866
111070782 1.062720 0.748943 0.926137 1.596251 54.535749 35.173930 1.597982 2.811758
111070783 1.062720 0.748943 0.931137 1.599157 54.389841 35.173930 1.599988 2.806651
111070784 1.062720 0.748943 0.936137 1.602074 54.244462 35.173930 1.601949 2.801543
111070785 1.062720 0.748943 0.941137 1.605001 54.099613 35.173930 1.603864 2.796437
111070786 1.062720 0.748943 0.946137 1.607938 53.955292 35.173930 1.605735 2.791331
111070787 1.062720 0.748943 0.951137 1.610885 53.811499 35.173930 1.607561 2.786226
111070788 1.062720 0.748943 0.956137 1.613842 53.668231 35.173930 1.609343 2.781122
111070789 1.062720 0.748943 0.961137 1.616809 53.525489 35.173930 1.611080 2.776020
111070790 1.062720 0.748943 0.966137 1.619787 53.383270 35.173930 1.612775 2.770920
111070791 1.062720 0.748943 0.971137 1.622774 53.241574 35.173930 1.614426 2.765821
111070792 1.062720 0.748943 0.976137 1.625771 53.100399 35.173930 1.616035 2.760724
111070793 1.062720 0.748943 0.981137 1.628778 52.959745 35.173930 1.617602 2.755629
111070794 1.062720 0.748943 0.986137 1.631795 52.819610 35.173930 1.619126 2.750537
111070795 1.062720 0.748943 0.991137 1.634821 52.679994 35.173930 1.620609 2.745447
111070796 1.062720 0.748943 0.996137 1.637857 52.540894 35.173930 1.622051 2.740359
111070797 1.062720 0.748943 1.001137 1.640903 52.402309 35.173930 1.623452 2.735275
111070798 1.062720 0.748943 1.006137 1.643959 52.264239 35.173930 1.624813 2.730193
111070799 1.062720 0.748943 1.011137 1.647023 52.126682 35.173930 1.626133 2.725115
111070800 1.062720 0.748943 1.016137 1.650098 51.989637 35.173930 1.627414 2.720039
