# pixelID   x   y   z   l2  two_theta   azimuthal   polar_width azimuthal_width
112010001 1.080644 -0.662731 1.286821 1.806353 44.570616 -31.519704 1.629474 2.451826
112010002 1.079269 -0.662731 1.291628 1.808960 44.437314 -31.552231 1.630310 2.447969
112010003 1.077893 -0.662731 1.296435 1.811577 44.304405 -31.584819 1.631122 2.444108
112010004 1.076518 -0.662731 1.301242 1.814204 44.171890 -31.617467 1.631911 2.440243
112010005 1.075143 -0.662731 1.306049 1.816840 44.039769 -31.650176 1.632676 2.436375
112010006 1.073767 -0.662731 1.310856 1.819487 43.908040 -31.682945 1.633417 2.432503
112010007 1.072392 -0.662731 1.315664 1.822144 43.776704 -31.715776 1.634136 2.428628
112010008 1.071017 -0.662731 1.320471 1.824810 43.645760 -31.748667 1.634831 2.424750
112010009 1.069642 -0.662731 1.325278 1.827486 43.515209 -31.781619 1.635504 2.420868
112010010 1.068266 -0.662731 1.330085 1.830172 43.385050 -31.814633 1.636153 2.416984
112010011 1.066891 -0.662731 1.334892 1.832868 43.255282 -31.847708 1.636781 2.413097
112010012 1.065516 -0.662731 1.339699 1.835573 43.125906 -31.880845 1.637386 2.409207
112010013 1.064140 -0.662731 1.344506 1.838288 42.996921 -31.914043 1.637969 2.405315
112010014 1.062765 -0.662731 1.349313 1.841013 42.868326 -31.947303 1.638529 2.401420
112010015 1.061390 -0.662731 1.354121 1.843747 42.740122 -31.980626 1.639069 2.397523
112010016 1.060014 -0.662731 1.358928 1.846490 42.612308 -32.014010 1.639586 2.393624
112010017 1.058639 -0.662731 1.363735 1.849243 42.484884 -32.047457 1.640082 2.389722
112010018 1.057264 -0.662731 1.368542 1.852006 42.357848 -32.080966 1.640557 2.385819
112010019 1.055888 -0.662731 1.373349 1.854778 42.231202 -32.114538 1.641011 2.381914
112010020 1.054513 -0.662731 1.378156 1.857559 42.104943 -32.148173 1.641444 2.378007
112010021 1.053138 -0.662731 1.382963 1.860349 41.979073 -32.181871 1.641856 2.374098
112010022 1.051762 -0.662731 1.387770 1.863149 41.853591 -32.215632 1.642248 2.370188
112010023 1.050387 -0.662731 1.392578 1.865957 41.728495 -32.249456 1.642619 2.366276
112010024 1.049012 -0.662731 1.397385 1.868775 41.603786 -32.283344 1.642970 2.362364
112010025 1.047636 -0.662731 1.402192 1.871603 41.479463 -32.317295 1.643301 2.358450
112010026 1.046261 -0.662731 1.406999 1.874439 41.355525 -32.351310 1.643612 2.354535
112010027 1.044886 -0.662731 1.411806 1.877284 41.231973 -32.385388 1.643904 2.350619
112010028 1.043510 -0.662731 1.416613 1.880138 41.108805 -32.419531 1.644176 2.346702
112010029 1.042135 -0.662731 1.421420 1.883001 40.986022 -32.453738 1.644429 2.342784
112010030 1.040760 -0.662731 1.426227 1.885873 40.863622 -32.488009 1.644663 2.338866
112010031 1.039384 -0.662731 1.431035 1.888754 40.741604 -32.522345 1.644877 2.334947
112010032 1.038009 -0.662731 1.435842 1.891644 40.619970 -32.556746 1.645073 2.331028
112010033 1.036634 -0.662731 1.440649 1.894542 40.498717 -32.591211 1.645250 2.327108
112010034 1.035258 -0.662731 1.445456 1.897450 40.377845 -32.625741 1.645409 2.323188
112010035 1.033883 -0.662731 1.450263 1.900366 40.257354 -32.660337 1.645550 2.319268
112010036 1.032508 -0.662731 1.455070 1.903290 40.137243 -32.694997 1.645672 2.315348
112010037 1.031132 -0.662731 1.459877 1.906224 40.017512 -32.729723 1.645777 2.311428
112010038 1.029757 -0.662731 1.464684 1.909165 39.898159 -32.764515 1.645863 2.307508
112010039 1.028382 -0.662731 1.469492 1.912116 39.779184 -32.799373 1.645932 2.303589
112010040 1.027006 -0.662731 1.474299 1.915075 39.660587 -32.834296 1.645984 2.299669
112010041 1.025631 -0.662731 1.479106 1.918042 39.542367 -32.869286 1.646018 2.295750
112010042 1.024256 -0.662731 1.483913 1.921018 39.424524 -32.904342 1.646036 2.291832
112010043 1.022880 -0.662731 1.488720 1.924002 39.307055 -32.939464 1.646036 2.287914
112010044 1.021505 -0.662731 1.493527 1.926995 39.189962 -32.974653 1.646020 2.283997
112010045 1.020130 -0.662731 1.498334 1.929996 39.073243 -33.009908 1.645987 2.280081
112010046 1.018754 -0.662731 1.503142 1.933005 38.956897 -33.045231 1.645937 2.276165
112010047 1.017379 -0.662731 1.507949 1.936022 38.840924 -33.080621 1.645871 2.272250
112010048 1.016004 -0.662731 1.512756 1.939048 38.725324 -33.116077 1.645789 2.268337
112010049 1.014628 -0.662731 1.517563 1.942081 38.610095 -33.151602 1.645691 2.264424
112010050 1.013253 -0.662731 1.522370 1.945123 38.495236 -33.187193 1.645578 2.260513
112010051 1.011878 -0.662731 1.527177 1.948173 38.380747 -33.222853 1.645448 2.256603
112010052 1.010502 -0.662731 1.531984 1.951231 38.266628 -33.258581 1.645304 2.252695
112010053 1.009127 -0.662731 1.536791 1.954297 38.152877 -33.294376 1.645144 2.248787
112010054 1.007752 -0.662731 1.541599 1.957371 38.039493 -33.330240 1.644968 2.244882
112010055 1.006377 -0.662731 1.546406 1.960453 37.926477 -33.366172 1.644778 2.240978
112010056 1.005001 -0.662731 1.551213 1.963543 37.813826 -33.402173 1.644573 2.237075
112010057 1.003626 -0.662731 1.556020 1.966641 37.701542 -33.438242 1.644353 2.233174
112010058 1.002251 -0.662731 1.560827 1.969746 37.589621 -33.474380 1.644119 2.229276
112010059 1.000875 -0.662731 1.565634 1.972859 37.478065 -33.510588 1.643870 2.225378
112010060 0.999500 -0.662731 1.570441 1.975980 37.366871 -33.546865 1.643607 2.221483
112010061 0.998125 -0.662731 1.575248 1.979109 37.256040 -33.583211 1.643330 2.217590
112010062 0.996749 -0.662731 1.580056 1.982245 37.145570 -33.619626 1.643039 2.213699
112010063 0.995374 -0.662731 1.584863 1.985389 37.035461 -33.656112 1.642734 2.209811
112010064 0.993999 -0.662731 1.589670 1.988541 36.925711 -33.692667 1.642415 2.205924
112010065 0.992623 -0.662731 1.594477 1.991700 36.816321 -33.729293 1.642083 2.202040
112010066 0.991248 -0.662731 1.599284 1.994867 36.707288 -33.765988 1.641738 2.198158
112010067 0.989873 -0.662731 1.604091 1.998041 36.598613 -33.802754 1.641379 2.194278
112010068 0.988497 -0.662731 1.608898 2.001223 36.490294 -33.839591 1.641008 2.190401
112010069 0.987122 -0.662731 1.613705 2.004412 36.382331 -33.876499 1.640623 2.186527
112010070 0.985747 -0.662731 1.618513 2.007608 36.274723 -33.913477 1.640226 2.182655
112010071 0.984371 -0.662731 1.623320 2.010812 36.167469 -33.950527 1.639816 2.178786
112010072 0.982996 -0.662731 1.628127 2.014023 36.060567 -33.987648 1.639394 2.174920
112010073 0.981621 -0.662731 1.632934 2.017242 35.954018 -34.024840 1.638959 2.171056
112010074 0.980245 -0.662731 1.637741 2.020468 35.847820 -34.062104 1.638512 2.167195
112010075 0.978870 -0.662731 1.642548 2.023700 35.741973 -34.099440 1.638054 2.163337
112010076 0.977495 -0.662731 1.647355 2.026940 35.636475 -34.136848 1.637583 2.159483
112010077 0.976119 -0.662731 1.652162 2.030188 35.531326 -34.174328 1.637100 2.155631
112010078 0.974744 -0.662731 1.656970 2.033442 35.426524 -34.211881 1.636606 2.151782
112010079 0.973369 -0.662731 1.661777 2.036703 35.322070 -34.249506 1.636100 2.147936
112010080 0.971993 -0.662731 1.666584 2.039972 35.217961 -34.287204 1.635583 2.144094
112010081 0.970618 -0.662731 1.671391 2.043247 35.114198 -34.324974 1.635055 2.140255
112010082 0.969243 -0.662731 1.676198 2.046530 35.010778 -34.362818 1.634515 2.136419
112010083 0.967867 -0.662731 1.681005 2.049819 34.907703 -34.400735 1.633965 2.132587
112010084 0.966492 -0.662731 1.685812 2.053115 34.804969 -34.438725 1.633403 2.128757
112010085 0.965117 -0.662731 1.690620 2.056418 34.702577 -34.476789 1.632831 2.124932
112010086 0.963741 -0.662731 1.695427 2.059728 34.600526 -34.514927 1.632249 2.121110
112010087 0.962366 -0.662731 1.700234 2.063045 34.498814 -34.553139 1.631656 2.117291
112010088 0.960991 -0.662731 1.705041 2.066369 34.397441 -34.591425 1.631052 2.113476
112010089 0.959615 -0.662731 1.709848 2.069699 34.296406 -34.629785 1.630439 2.109664
112010090 0.958240 -0.662731 1.714655 2.073036 34.195708 -34.668220 1.629815 2.105857
112010091 0.956865 -0.662731 1.719462 2.076380 34.095346 -34.706729 1.629182 2.102053
112010092 0.955489 -0.662731 1.724269 2.079730 33.995318 -34.745314 1.628538 2.098253
112010093 0.954114 -0.662731 1.729077 2.083087 33.895625 -34.783973 1.627885 2.094456
112010094 0.952739 -0.662731 1.733884 2.086451 33.796266 -34.822708 1.627222 2.090664
112010095 0.951363 -0.662731 1.738691 2.089821 33.697238 -34.861518 1.626550 2.086875
112010096 0.949988 -0.662731 1.743498 2.093197 33.598542 -34.900404 1.625869 2.083090
112010097 0.948613 -0.662731 1.748305 2.096580 33.500176 -34.939365 1.625178 2.079309
112010098 0.947237 -0.662731 1.753112 2.099970 33.402139 -34.978403 1.624478 2.075533
112010099 0.945862 -0.662731 1.757919 2.103366 33.304431 -35.017517 1.623769 2.071760
112010100 0.944487 -0.662731 1.762726 2.106768 33.207051 -35.056707 1.623052 2.067992
112010101 1.088495 -0.637625 1.289067 1.803630 44.380806 -30.361193 1.611784 2.466622
112010102 1.087119 -0.637625 1.293874 1.806240 44.247253 -30.392795 1.612580 2.462769
112010103 1.085744 -0.637625 1.298681 1.808861 44.114095 -30.424458 1.613353 2.458912
112010104 1.084369 -0.637625 1.303488 1.811492 43.981332 -30.456180 1.614102 2.455051
112010105 1.082993 -0.637625 1.308295 1.814133 43.848964 -30.487962 1.614828 2.451187
112010106 1.081618 -0.637625 1.313102 1.816783 43.716989 -30.519804 1.615532 2.447320
112010107 1.080243 -0.637625 1.317910 1.819444 43.585409 -30.551706 1.616212 2.443449
112010108 1.078867 -0.637625 1.322717 1.822114 43.454223 -30.583669 1.616870 2.439575
112010109 1.077492 -0.637625 1.327524 1.824795 43.323430 -30.615691 1.617506 2.435698
112010110 1.076117 -0.637625 1.332331 1.827484 43.193030 -30.647775 1.618119 2.431818
112010111 1.074741 -0.637625 1.337138 1.830184 43.063024 -30.679919 1.618711 2.427935
112010112 1.073366 -0.637625 1.341945 1.832893 42.933410 -30.712124 1.619280 2.424049
112010113 1.071991 -0.637625 1.346752 1.835612 42.804188 -30.744391 1.619828 2.420161
112010114 1.070615 -0.637625 1.351559 1.838341 42.675359 -30.776718 1.620354 2.416271
112010115 1.069240 -0.637625 1.356367 1.841079 42.546921 -30.809107 1.620859 2.412378
112010116 1.067865 -0.637625 1.361174 1.843826 42.418874 -30.841557 1.621343 2.408483
112010117 1.066489 -0.637625 1.365981 1.846583 42.291218 -30.874069 1.621806 2.404586
112010118 1.065114 -0.637625 1.370788 1.849350 42.163952 -30.906643 1.622248 2.400687
112010119 1.063739 -0.637625 1.375595 1.852125 42.037077 -30.939279 1.622669 2.396787
112010120 1.062364 -0.637625 1.380402 1.854910 41.910591 -30.971977 1.623070 2.392884
112010121 1.060988 -0.637625 1.385209 1.857705 41.784494 -31.004737 1.623450 2.388980
112010122 1.059613 -0.637625 1.390017 1.860508 41.658787 -31.037560 1.623811 2.385074
112010123 1.058238 -0.637625 1.394824 1.863321 41.533467 -31.070445 1.624151 2.381168
112010124 1.056862 -0.637625 1.399631 1.866143 41.408535 -31.103393 1.624472 2.377259
112010125 1.055487 -0.637625 1.404438 1.868974 41.283990 -31.136404 1.624773 2.373350
112010126 1.054112 -0.637625 1.409245 1.871814 41.159832 -31.169478 1.625055 2.369440
112010127 1.052736 -0.637625 1.414052 1.874664 41.036061 -31.202616 1.625318 2.365528
112010128 1.051361 -0.637625 1.418859 1.877522 40.912675 -31.235817 1.625561 2.361616
112010129 1.049986 -0.637625 1.423666 1.880389 40.789674 -31.269081 1.625786 2.357703
112010130 1.048610 -0.637625 1.428474 1.883265 40.667058 -31.302409 1.625992 2.353790
112010131 1.047235 -0.637625 1.433281 1.886150 40.544826 -31.335801 1.626179 2.349876
112010132 1.045860 -0.637625 1.438088 1.889043 40.422978 -31.369257 1.626348 2.345961
112010133 1.044484 -0.637625 1.442895 1.891946 40.301513 -31.402777 1.626499 2.342047
112010134 1.043109 -0.637625 1.447702 1.894857 40.180430 -31.436362 1.626631 2.338132
112010135 1.041734 -0.637625 1.452509 1.897777 40.059728 -31.470011 1.626746 2.334217
112010136 1.040358 -0.637625 1.457316 1.900706 39.939408 -31.503725 1.626843 2.330302
112010137 1.038983 -0.637625 1.462123 1.903643 39.819468 -31.537503 1.626923 2.326387
112010138 1.037608 -0.637625 1.466931 1.906589 39.699909 -31.571347 1.626985 2.322472
112010139 1.036232 -0.637625 1.471738 1.909543 39.580728 -31.605256 1.627030 2.318557
112010140 1.034857 -0.637625 1.476545 1.912506 39.461926 -31.639230 1.627058 2.314643
112010141 1.033482 -0.637625 1.481352 1.915478 39.343502 -31.673270 1.627069 2.310729
112010142 1.032106 -0.637625 1.486159 1.918457 39.225455 -31.707375 1.627063 2.306816
112010143 1.030731 -0.637625 1.490966 1.921446 39.107785 -31.741547 1.627041 2.302903
112010144 1.029356 -0.637625 1.495773 1.924442 38.990491 -31.775784 1.627003 2.298992
112010145 1.027980 -0.637625 1.500580 1.927447 38.873572 -31.810087 1.626948 2.295081
112010146 1.026605 -0.637625 1.505388 1.930460 38.757028 -31.844457 1.626877 2.291170
112010147 1.025230 -0.637625 1.510195 1.933481 38.640857 -31.878893 1.626790 2.287261
112010148 1.023854 -0.637625 1.515002 1.936511 38.525060 -31.913397 1.626688 2.283353
112010149 1.022479 -0.637625 1.519809 1.939549 38.409635 -31.947966 1.626570 2.279446
112010150 1.021104 -0.637625 1.524616 1.942594 38.294581 -31.982603 1.626437 2.275541
112010151 1.019728 -0.637625 1.529423 1.945648 38.179898 -32.017307 1.626288 2.271636
112010152 1.018353 -0.637625 1.534230 1.948710 38.065586 -32.052079 1.626124 2.267733
112010153 1.016978 -0.637625 1.539037 1.951780 37.951643 -32.086918 1.625946 2.263832
112010154 1.015602 -0.637625 1.543845 1.954858 37.838068 -32.121825 1.625752 2.259932
112010155 1.014227 -0.637625 1.548652 1.957944 37.724862 -32.156799 1.625544 2.256033
112010156 1.012852 -0.637625 1.553459 1.961038 37.612022 -32.191842 1.625321 2.252137
112010157 1.011476 -0.637625 1.558266 1.964139 37.499549 -32.226953 1.625085 2.248242
112010158 1.010101 -0.637625 1.563073 1.967249 37.387441 -32.262132 1.624834 2.244349
112010159 1.008726 -0.637625 1.567880 1.970366 37.275698 -32.297380 1.624568 2.240458
112010160 1.007350 -0.637625 1.572687 1.973491 37.164319 -32.332696 1.624290 2.236569
112010161 1.005975 -0.637625 1.577495 1.976624 37.053303 -32.368082 1.623997 2.232682
112010162 1.004600 -0.637625 1.582302 1.979764 36.942649 -32.403536 1.623691 2.228797
112010163 1.003224 -0.637625 1.587109 1.982912 36.832356 -32.439060 1.623371 2.224914
112010164 1.001849 -0.637625 1.591916 1.986068 36.722425 -32.474654 1.623038 2.221034
112010165 1.000474 -0.637625 1.596723 1.989231 36.612853 -32.510316 1.622692 2.217156
112010166 0.999099 -0.637625 1.601530 1.992401 36.503640 -32.546049 1.622333 2.213280
112010167 0.997723 -0.637625 1.606337 1.995579 36.394785 -32.581852 1.621961 2.209407
112010168 0.996348 -0.637625 1.611144 1.998765 36.286287 -32.617725 1.621577 2.205536
112010169 0.994973 -0.637625 1.615952 2.001958 36.178146 -32.653668 1.621180 2.201668
112010170 0.993597 -0.637625 1.620759 2.005158 36.070360 -32.689682 1.620770 2.197803
112010171 0.992222 -0.637625 1.625566 2.008366 35.962929 -32.725766 1.620349 2.193940
112010172 0.990847 -0.637625 1.630373 2.011581 35.855852 -32.761921 1.619915 2.190081
112010173 0.989471 -0.637625 1.635180 2.014804 35.749128 -32.798147 1.619469 2.186224
112010174 0.988096 -0.637625 1.639987 2.018033 35.642756 -32.834445 1.619011 2.182370
112010175 0.986721 -0.637625 1.644794 2.021270 35.536735 -32.870814 1.618542 2.178519
112010176 0.985345 -0.637625 1.649601 2.024514 35.431064 -32.907254 1.618061 2.174671
112010177 0.983970 -0.637625 1.654409 2.027765 35.325743 -32.943766 1.617568 2.170826
112010178 0.982595 -0.637625 1.659216 2.031023 35.220770 -32.980351 1.617065 2.166984
112010179 0.981219 -0.637625 1.664023 2.034288 35.116145 -33.017007 1.616550 2.163145
112010180 0.979844 -0.637625 1.668830 2.037561 35.011867 -33.053736 1.616024 2.159310
112010181 0.978469 -0.637625 1.673637 2.040840 34.907935 -33.090537 1.615487 2.155478
112010182 0.977093 -0.637625 1.678444 2.044126 34.804347 -33.127411 1.614940 2.151649
112010183 0.975718 -0.637625 1.683251 2.047420 34.701104 -33.164358 1.614382 2.147823
112010184 0.974343 -0.637625 1.688058 2.050720 34.598203 -33.201377 1.613813 2.144002
112010185 0.972967 -0.637625 1.692866 2.054027 34.495645 -33.238470 1.613234 2.140183
112010186 0.971592 -0.637625 1.697673 2.057340 34.393428 -33.275637 1.612645 2.136368
112010187 0.970217 -0.637625 1.702480 2.060661 34.291551 -33.312877 1.612045 2.132557
112010188 0.968841 -0.637625 1.707287 2.063988 34.190014 -33.350191 1.611436 2.128749
112010189 0.967466 -0.637625 1.712094 2.067323 34.088815 -33.387579 1.610816 2.124946
112010190 0.966091 -0.637625 1.716901 2.070663 33.987954 -33.425041 1.610187 2.121145
112010191 0.964715 -0.637625 1.721708 2.074011 33.887429 -33.462577 1.609549 2.117349
112010192 0.963340 -0.637625 1.726515 2.077365 33.787240 -33.500188 1.608900 2.113556
112010193 0.961965 -0.637625 1.731323 2.080726 33.687386 -33.537874 1.608243 2.109768
112010194 0.960589 -0.637625 1.736130 2.084093 33.587866 -33.575635 1.607576 2.105983
112010195 0.959214 -0.637625 1.740937 2.087467 33.488678 -33.613471 1.606900 2.102202
112010196 0.957839 -0.637625 1.745744 2.090848 33.389823 -33.651382 1.606215 2.098425
112010197 0.956463 -0.637625 1.750551 2.094234 33.291298 -33.689368 1.605521 2.094652
112010198 0.955088 -0.637625 1.755358 2.097628 33.193104 -33.727431 1.604818 2.090884
112010199 0.953713 -0.637625 1.760165 2.101027 33.095238 -33.765569 1.604107 2.087119
112010200 0.952337 -0.637625 1.764972 2.104434 32.997701 -33.803783 1.603387 2.083359
112010201 1.096345 -0.612520 1.291313 1.801289 44.202301 -29.191768 1.592536 2.480016
112010202 1.094970 -0.612520 1.296120 1.803903 44.068516 -29.222401 1.593291 2.476170
112010203 1.093595 -0.612520 1.300927 1.806527 43.935127 -29.253092 1.594024 2.472320
112010204 1.092219 -0.612520 1.305734 1.809162 43.802133 -29.283843 1.594733 2.468466
112010205 1.090844 -0.612520 1.310541 1.811806 43.669536 -29.314652 1.595420 2.464609
112010206 1.089469 -0.612520 1.315349 1.814460 43.537334 -29.345521 1.596084 2.460748
112010207 1.088093 -0.612520 1.320156 1.817124 43.405527 -29.376449 1.596726 2.456884
112010208 1.086718 -0.612520 1.324963 1.819798 43.274115 -29.407436 1.597346 2.453017
112010209 1.085343 -0.612520 1.329770 1.822481 43.143098 -29.438483 1.597944 2.449147
112010210 1.083967 -0.612520 1.334577 1.825174 43.012475 -29.469590 1.598521 2.445274
112010211 1.082592 -0.612520 1.339384 1.827878 42.882247 -29.500756 1.599075 2.441398
112010212 1.081217 -0.612520 1.344191 1.830590 42.752412 -29.531983 1.599609 2.437520
112010213 1.079841 -0.612520 1.348998 1.833313 42.622970 -29.563269 1.600121 2.433639
112010214 1.078466 -0.612520 1.353806 1.836044 42.493922 -29.594617 1.600612 2.429755
112010215 1.077091 -0.612520 1.358613 1.838786 42.365266 -29.626024 1.601082 2.425869
112010216 1.075715 -0.612520 1.363420 1.841537 42.237002 -29.657492 1.601531 2.421982
112010217 1.074340 -0.612520 1.368227 1.844297 42.109130 -29.689022 1.601960 2.418092
112010218 1.072965 -0.612520 1.373034 1.847067 41.981650 -29.720612 1.602368 2.414200
112010219 1.071589 -0.612520 1.377841 1.849846 41.854561 -29.752263 1.602757 2.410306
112010220 1.070214 -0.612520 1.382648 1.852635 41.727863 -29.783975 1.603125 2.406411
112010221 1.068839 -0.612520 1.387455 1.855432 41.601554 -29.815749 1.603473 2.402514
112010222 1.067463 -0.612520 1.392263 1.858240 41.475636 -29.847585 1.603802 2.398616
112010223 1.066088 -0.612520 1.397070 1.861056 41.350106 -29.879482 1.604111 2.394716
112010224 1.064713 -0.612520 1.401877 1.863881 41.224966 -29.911442 1.604401 2.390815
112010225 1.063337 -0.612520 1.406684 1.866716 41.100213 -29.943463 1.604672 2.386913
112010226 1.061962 -0.612520 1.411491 1.869559 40.975849 -29.975547 1.604924 2.383010
112010227 1.060587 -0.612520 1.416298 1.872412 40.851871 -30.007693 1.605157 2.379106
112010228 1.059212 -0.612520 1.421105 1.875273 40.728281 -30.039901 1.605371 2.375201
112010229 1.057836 -0.612520 1.425912 1.878144 40.605076 -30.072173 1.605567 2.371296
112010230 1.056461 -0.612520 1.430720 1.881023 40.482257 -30.104507 1.605745 2.367390
112010231 1.055086 -0.612520 1.435527 1.883912 40.359824 -30.136904 1.605904 2.363483
112010232 1.053710 -0.612520 1.440334 1.886809 40.237774 -30.169365 1.606046 2.359577
112010233 1.052335 -0.612520 1.445141 1.889715 40.116109 -30.201889 1.606170 2.355669
112010234 1.050960 -0.612520 1.449948 1.892629 39.994826 -30.234477 1.606276 2.351762
112010235 1.049584 -0.612520 1.454755 1.895553 39.873927 -30.267128 1.606365 2.347855
112010236 1.048209 -0.612520 1.459562 1.898485 39.753409 -30.299843 1.606436 2.343947
112010237 1.046834 -0.612520 1.464370 1.901426 39.633273 -30.332622 1.606490 2.340040
112010238 1.045458 -0.612520 1.469177 1.904375 39.513518 -30.365466 1.606528 2.336133
112010239 1.044083 -0.612520 1.473984 1.907333 39.394143 -30.398374 1.606549 2.332226
112010240 1.042708 -0.612520 1.478791 1.910299 39.275147 -30.431346 1.606553 2.328320
112010241 1.041332 -0.612520 1.483598 1.913274 39.156530 -30.464383 1.606540 2.324414
112010242 1.039957 -0.612520 1.488405 1.916257 39.038291 -30.497485 1.606511 2.320509
112010243 1.038582 -0.612520 1.493212 1.919249 38.920430 -30.530652 1.606467 2.316604
112010244 1.037206 -0.612520 1.498019 1.922249 38.802946 -30.563885 1.606406 2.312700
112010245 1.035831 -0.612520 1.502827 1.925257 38.685837 -30.597182 1.606329 2.308797
112010246 1.034456 -0.612520 1.507634 1.928273 38.569104 -30.630546 1.606237 2.304895
112010247 1.033080 -0.612520 1.512441 1.931298 38.452745 -30.663975 1.606129 2.300994
112010248 1.031705 -0.612520 1.517248 1.934331 38.336761 -30.697470 1.606006 2.297094
112010249 1.030330 -0.612520 1.522055 1.937372 38.221149 -30.731031 1.605868 2.293195
112010250 1.028954 -0.612520 1.526862 1.940422 38.105910 -30.764658 1.605715 2.289298
112010251 1.027579 -0.612520 1.531669 1.943479 37.991043 -30.798352 1.605546 2.285401
112010252 1.026204 -0.612520 1.536476 1.946544 37.876547 -30.832113 1.605364 2.281507
112010253 1.024828 -0.612520 1.541284 1.949618 37.762420 -30.865940 1.605166 2.277614
112010254 1.023453 -0.612520 1.546091 1.952699 37.648663 -30.899834 1.604955 2.273722
112010255 1.022078 -0.612520 1.550898 1.955788 37.535275 -30.933795 1.604729 2.269832
112010256 1.020702 -0.612520 1.555705 1.958885 37.422255 -30.967824 1.604488 2.265944
112010257 1.019327 -0.612520 1.560512 1.961990 37.309601 -31.001920 1.604234 2.262058
112010258 1.017952 -0.612520 1.565319 1.965103 37.197314 -31.036084 1.603967 2.258173
112010259 1.016576 -0.612520 1.570126 1.968224 37.085392 -31.070315 1.603685 2.254291
112010260 1.015201 -0.612520 1.574933 1.971352 36.973835 -31.104615 1.603390 2.250410
112010261 1.013826 -0.612520 1.579741 1.974488 36.862642 -31.138983 1.603082 2.246532
112010262 1.012450 -0.612520 1.584548 1.977632 36.751812 -31.173419 1.602761 2.242656
112010263 1.011075 -0.612520 1.589355 1.980783 36.641343 -31.207924 1.602426 2.238782
112010264 1.009700 -0.612520 1.594162 1.983942 36.531237 -31.242497 1.602079 2.234910
112010265 1.008324 -0.612520 1.598969 1.987109 36.421490 -31.277140 1.601719 2.231041
112010266 1.006949 -0.612520 1.603776 1.990283 36.312103 -31.311851 1.601346 2.227174
112010267 1.005574 -0.612520 1.608583 1.993464 36.203075 -31.346632 1.600961 2.223310
112010268 1.004198 -0.612520 1.613390 1.996653 36.094405 -31.381482 1.600564 2.219449
112010269 1.002823 -0.612520 1.618198 1.999850 35.986092 -31.416402 1.600154 2.215590
112010270 1.001448 -0.612520 1.623005 2.003053 35.878136 -31.451392 1.599732 2.211734
112010271 1.000072 -0.612520 1.627812 2.006264 35.770534 -31.486452 1.599299 2.207880
112010272 0.998697 -0.612520 1.632619 2.009483 35.663287 -31.521582 1.598853 2.204029
112010273 0.997322 -0.612520 1.637426 2.012709 35.556394 -31.556782 1.598396 2.200182
112010274 0.995947 -0.612520 1.642233 2.015942 35.449853 -31.592053 1.597928 2.196337
112010275 0.994571 -0.612520 1.647040 2.019182 35.343664 -31.627395 1.597448 2.192495
112010276 0.993196 -0.612520 1.651847 2.022429 35.237826 -31.662807 1.596957 2.188657
112010277 0.991821 -0.612520 1.656655 2.025683 35.132338 -31.698291 1.596455 2.184821
112010278 0.990445 -0.612520 1.661462 2.028945 35.027200 -31.733846 1.595942 2.180989
112010279 0.989070 -0.612520 1.666269 2.032214 34.922409 -31.769472 1.595418 2.177160
112010280 0.987695 -0.612520 1.671076 2.035489 34.817966 -31.805170 1.594884 2.173334
112010281 0.986319 -0.612520 1.675883 2.038772 34.713869 -31.840941 1.594338 2.169511
112010282 0.984944 -0.612520 1.680690 2.042061 34.610117 -31.876783 1.593783 2.165692
112010283 0.983569 -0.612520 1.685497 2.045358 34.506711 -31.912697 1.593217 2.161877
112010284 0.982193 -0.612520 1.690305 2.048661 34.403647 -31.948684 1.592641 2.158065
112010285 0.980818 -0.612520 1.695112 2.051972 34.300927 -31.984743 1.592055 2.154256
112010286 0.979443 -0.612520 1.699919 2.055289 34.198548 -32.020876 1.591459 2.150451
112010287 0.978067 -0.612520 1.704726 2.058613 34.096511 -32.057081 1.590854 2.146650
112010288 0.976692 -0.612520 1.709533 2.061944 33.994813 -32.093359 1.590238 2.142852
112010289 0.975317 -0.612520 1.714340 2.065281 33.893454 -32.129711 1.589613 2.139058
112010290 0.973941 -0.612520 1.719147 2.068625 33.792433 -32.166137 1.588979 2.135268
112010291 0.972566 -0.612520 1.723954 2.071976 33.691750 -32.202636 1.588335 2.131482
112010292 0.971191 -0.612520 1.728762 2.075333 33.591402 -32.239210 1.587682 2.127700
112010293 0.969815 -0.612520 1.733569 2.078697 33.491390 -32.275857 1.587021 2.123921
112010294 0.968440 -0.612520 1.738376 2.082068 33.391712 -32.312579 1.586350 2.120147
112010295 0.967065 -0.612520 1.743183 2.085445 33.292367 -32.349375 1.585670 2.116376
112010296 0.965689 -0.612520 1.747990 2.088829 33.193355 -32.386247 1.584982 2.112610
112010297 0.964314 -0.612520 1.752797 2.092219 33.094674 -32.423193 1.584285 2.108848
112010298 0.962939 -0.612520 1.757604 2.095616 32.996324 -32.460214 1.583579 2.105090
112010299 0.961563 -0.612520 1.762411 2.099019 32.898303 -32.497311 1.582866 2.101336
112010300 0.960188 -0.612520 1.767219 2.102428 32.800611 -32.534483 1.582144 2.097586
112010301 1.104196 -0.587415 1.293559 1.799333 44.035417 -28.012262 1.571753 2.491953
112010302 1.102821 -0.587415 1.298366 1.801950 43.901419 -28.041881 1.572467 2.488116
112010303 1.101445 -0.587415 1.303173 1.804577 43.767818 -28.071558 1.573158 2.484276
112010304 1.100070 -0.587415 1.307980 1.807214 43.634613 -28.101292 1.573827 2.480431
112010305 1.098695 -0.587415 1.312787 1.809861 43.501806 -28.131085 1.574473 2.476584
112010306 1.097319 -0.587415 1.317595 1.812518 43.369395 -28.160935 1.575098 2.472732
112010307 1.095944 -0.587415 1.322402 1.815185 43.237379 -28.190844 1.575700 2.468878
112010308 1.094569 -0.587415 1.327209 1.817861 43.105760 -28.220811 1.576282 2.465020
112010309 1.093193 -0.587415 1.332016 1.820548 42.974536 -28.250837 1.576841 2.461160
112010310 1.091818 -0.587415 1.336823 1.823244 42.843708 -28.280921 1.577380 2.457296
112010311 1.090443 -0.587415 1.341630 1.825950 42.713274 -28.311064 1.577897 2.453430
112010312 1.089067 -0.587415 1.346437 1.828665 42.583235 -28.341267 1.578393 2.449561
112010313 1.087692 -0.587415 1.351245 1.831391 42.453591 -28.371528 1.578869 2.445690
112010314 1.086317 -0.587415 1.356052 1.834125 42.324340 -28.401849 1.579323 2.441816
112010315 1.084941 -0.587415 1.360859 1.836870 42.195483 -28.432229 1.579758 2.437940
112010316 1.083566 -0.587415 1.365666 1.839623 42.067019 -28.462668 1.580172 2.434062
112010317 1.082191 -0.587415 1.370473 1.842387 41.938947 -28.493168 1.580566 2.430182
112010318 1.080815 -0.587415 1.375280 1.845159 41.811268 -28.523727 1.580941 2.426300
112010319 1.079440 -0.587415 1.380087 1.847941 41.683981 -28.554347 1.581295 2.422416
112010320 1.078065 -0.587415 1.384894 1.850733 41.557085 -28.585027 1.581630 2.418530
112010321 1.076689 -0.587415 1.389702 1.853533 41.430581 -28.615767 1.581946 2.414643
112010322 1.075314 -0.587415 1.394509 1.856343 41.304466 -28.646568 1.582243 2.410755
112010323 1.073939 -0.587415 1.399316 1.859162 41.178742 -28.677429 1.582520 2.406865
112010324 1.072563 -0.587415 1.404123 1.861991 41.053408 -28.708351 1.582779 2.402974
112010325 1.071188 -0.587415 1.408930 1.864828 40.928462 -28.739335 1.583018 2.399082
112010326 1.069813 -0.587415 1.413737 1.867674 40.803905 -28.770380 1.583240 2.395189
112010327 1.068437 -0.587415 1.418544 1.870530 40.679736 -28.801486 1.583443 2.391295
112010328 1.067062 -0.587415 1.423351 1.873394 40.555955 -28.832653 1.583628 2.387400
112010329 1.065687 -0.587415 1.428159 1.876268 40.432560 -28.863883 1.583795 2.383505
112010330 1.064311 -0.587415 1.432966 1.879150 40.309552 -28.895174 1.583944 2.379609
112010331 1.062936 -0.587415 1.437773 1.882041 40.186929 -28.926527 1.584075 2.375712
112010332 1.061561 -0.587415 1.442580 1.884941 40.064692 -28.957943 1.584189 2.371816
112010333 1.060185 -0.587415 1.447387 1.887850 39.942839 -28.989421 1.584285 2.367919
112010334 1.058810 -0.587415 1.452194 1.890768 39.821371 -29.020961 1.584364 2.364022
112010335 1.057435 -0.587415 1.457001 1.893694 39.700286 -29.052564 1.584427 2.360124
112010336 1.056060 -0.587415 1.461808 1.896629 39.579583 -29.084230 1.584472 2.356227
112010337 1.054684 -0.587415 1.466616 1.899573 39.459263 -29.115960 1.584501 2.352330
112010338 1.053309 -0.587415 1.471423 1.902525 39.339324 -29.147752 1.584513 2.348433
112010339 1.051934 -0.587415 1.476230 1.905485 39.219766 -29.179608 1.584509 2.344537
112010340 1.050558 -0.587415 1.481037 1.908455 39.100588 -29.211527 1.584489 2.340641
112010341 1.049183 -0.587415 1.485844 1.911432 38.981790 -29.243510 1.584453 2.336746
112010342 1.047808 -0.587415 1.490651 1.914418 38.863370 -29.275557 1.584400 2.332851
112010343 1.046432 -0.587415 1.495458 1.917413 38.745329 -29.307668 1.584333 2.328957
112010344 1.045057 -0.587415 1.500265 1.920416 38.627665 -29.339843 1.584249 2.325063
112010345 1.043682 -0.587415 1.505073 1.923427 38.510377 -29.372083 1.584150 2.321171
112010346 1.042306 -0.587415 1.509880 1.926446 38.393466 -29.404387 1.584036 2.317279
112010347 1.040931 -0.587415 1.514687 1.929474 38.276930 -29.436756 1.583907 2.313389
112010348 1.039556 -0.587415 1.519494 1.932510 38.160769 -29.469190 1.583763 2.309500
112010349 1.038180 -0.587415 1.524301 1.935554 38.044981 -29.501689 1.583604 2.305612
112010350 1.036805 -0.587415 1.529108 1.938606 37.929566 -29.534253 1.583431 2.301725
112010351 1.035430 -0.587415 1.533915 1.941666 37.814524 -29.566883 1.583243 2.297840
112010352 1.034054 -0.587415 1.538722 1.944734 37.699853 -29.599579 1.583041 2.293956
112010353 1.032679 -0.587415 1.543530 1.947810 37.585553 -29.632340 1.582825 2.290074
112010354 1.031304 -0.587415 1.548337 1.950895 37.471623 -29.665167 1.582595 2.286193
112010355 1.029928 -0.587415 1.553144 1.953987 37.358062 -29.698061 1.582351 2.282314
112010356 1.028553 -0.587415 1.557951 1.957087 37.244870 -29.731020 1.582093 2.278437
112010357 1.027178 -0.587415 1.562758 1.960195 37.132045 -29.764047 1.581822 2.274562
112010358 1.025802 -0.587415 1.567565 1.963310 37.019587 -29.797140 1.581537 2.270688
112010359 1.024427 -0.587415 1.572372 1.966434 36.907495 -29.830300 1.581239 2.266817
112010360 1.023052 -0.587415 1.577180 1.969565 36.795768 -29.863527 1.580928 2.262948
112010361 1.021676 -0.587415 1.581987 1.972704 36.684406 -29.896821 1.580604 2.259081
112010362 1.020301 -0.587415 1.586794 1.975850 36.573407 -29.930183 1.580267 2.255216
112010363 1.018926 -0.587415 1.591601 1.979005 36.462771 -29.963612 1.579918 2.251353
112010364 1.017550 -0.587415 1.596408 1.982166 36.352496 -29.997109 1.579556 2.247493
112010365 1.016175 -0.587415 1.601215 1.985336 36.242583 -30.030674 1.579182 2.243635
112010366 1.014800 -0.587415 1.606022 1.988512 36.133030 -30.064308 1.578795 2.239780
112010367 1.013424 -0.587415 1.610829 1.991697 36.023836 -30.098009 1.578397 2.235927
112010368 1.012049 -0.587415 1.615637 1.994889 35.915001 -30.131779 1.577986 2.232077
112010369 1.010674 -0.587415 1.620444 1.998088 35.806523 -30.165618 1.577564 2.228230
112010370 1.009298 -0.587415 1.625251 2.001294 35.698402 -30.199526 1.577130 2.224385
112010371 1.007923 -0.587415 1.630058 2.004508 35.590636 -30.233503 1.576684 2.220543
112010372 1.006548 -0.587415 1.634865 2.007730 35.483226 -30.267549 1.576227 2.216705
112010373 1.005172 -0.587415 1.639672 2.010958 35.376170 -30.301665 1.575759 2.212869
112010374 1.003797 -0.587415 1.644479 2.014194 35.269467 -30.335850 1.575280 2.209036
112010375 1.002422 -0.587415 1.649286 2.017437 35.163116 -30.370105 1.574790 2.205206
112010376 1.001046 -0.587415 1.654094 2.020687 35.057116 -30.404431 1.574288 2.201379
112010377 0.999671 -0.587415 1.658901 2.023944 34.951467 -30.438826 1.573777 2.197556
112010378 0.998296 -0.587415 1.663708 2.027208 34.846168 -30.473292 1.573254 2.193735
112010379 0.996920 -0.587415 1.668515 2.030480 34.741217 -30.507828 1.572721 2.189918
112010380 0.995545 -0.587415 1.673322 2.033758 34.636614 -30.542436 1.572178 2.186104
112010381 0.994170 -0.587415 1.678129 2.037044 34.532358 -30.577114 1.571624 2.182294
112010382 0.992795 -0.587415 1.682936 2.040336 34.428448 -30.611864 1.571061 2.178487
112010383 0.991419 -0.587415 1.687743 2.043635 34.324882 -30.646684 1.570487 2.174684
112010384 0.990044 -0.587415 1.692551 2.046942 34.221661 -30.681577 1.569904 2.170884
112010385 0.988669 -0.587415 1.697358 2.050255 34.118783 -30.716541 1.569311 2.167088
112010386 0.987293 -0.587415 1.702165 2.053575 34.016247 -30.751577 1.568708 2.163295
112010387 0.985918 -0.587415 1.706972 2.056901 33.914053 -30.786686 1.568096 2.159507
112010388 0.984543 -0.587415 1.711779 2.060235 33.812199 -30.821866 1.567475 2.155721
112010389 0.983167 -0.587415 1.716586 2.063575 33.710684 -30.857120 1.566844 2.151940
112010390 0.981792 -0.587415 1.721393 2.066922 33.609507 -30.892446 1.566205 2.148163
112010391 0.980417 -0.587415 1.726200 2.070275 33.508668 -30.927845 1.565556 2.144389
112010392 0.979041 -0.587415 1.731008 2.073636 33.408166 -30.963317 1.564899 2.140619
112010393 0.977666 -0.587415 1.735815 2.077002 33.307999 -30.998862 1.564233 2.136854
112010394 0.976291 -0.587415 1.740622 2.080376 33.208167 -31.034482 1.563558 2.133092
112010395 0.974915 -0.587415 1.745429 2.083756 33.108669 -31.070174 1.562874 2.129334
112010396 0.973540 -0.587415 1.750236 2.087142 33.009503 -31.105941 1.562183 2.125581
112010397 0.972165 -0.587415 1.755043 2.090535 32.910669 -31.141782 1.561483 2.121831
112010398 0.970789 -0.587415 1.759850 2.093934 32.812166 -31.177697 1.560775 2.118086
112010399 0.969414 -0.587415 1.764658 2.097340 32.713993 -31.213687 1.560058 2.114345
112010400 0.968039 -0.587415 1.769465 2.100752 32.616149 -31.249752 1.559334 2.110608
112010401 1.112047 -0.562309 1.295805 1.797762 43.880447 -26.823556 1.549466 2.502382
112010402 1.110671 -0.562309 1.300612 1.800382 43.746256 -26.852119 1.550137 2.498557
112010403 1.109296 -0.562309 1.305419 1.803011 43.612462 -26.880739 1.550786 2.494729
112010404 1.107921 -0.562309 1.310226 1.805650 43.479066 -26.909414 1.551413 2.490896
112010405 1.106545 -0.562309 1.315034 1.808299 43.346068 -26.938147 1.552018 2.487061
112010406 1.105170 -0.562309 1.319841 1.810959 43.213466 -26.966936 1.552602 2.483222
112010407 1.103795 -0.562309 1.324648 1.813628 43.081261 -26.995783 1.553165 2.479379
112010408 1.102419 -0.562309 1.329455 1.816307 42.949453 -27.024686 1.553706 2.475534
112010409 1.101044 -0.562309 1.334262 1.818995 42.818041 -27.053647 1.554226 2.471685
112010410 1.099669 -0.562309 1.339069 1.821694 42.687025 -27.082666 1.554726 2.467834
112010411 1.098293 -0.562309 1.343876 1.824402 42.556405 -27.111741 1.555205 2.463980
112010412 1.096918 -0.562309 1.348683 1.827120 42.426179 -27.140875 1.555663 2.460123
112010413 1.095543 -0.562309 1.353491 1.829847 42.296349 -27.170067 1.556102 2.456264
112010414 1.094167 -0.562309 1.358298 1.832585 42.166913 -27.199316 1.556520 2.452402
112010415 1.092792 -0.562309 1.363105 1.835331 42.037872 -27.228624 1.556918 2.448538
112010416 1.091417 -0.562309 1.367912 1.838087 41.909224 -27.257990 1.557297 2.444672
112010417 1.090041 -0.562309 1.372719 1.840853 41.780970 -27.287415 1.557655 2.440804
112010418 1.088666 -0.562309 1.377526 1.843628 41.653108 -27.316898 1.557995 2.436935
112010419 1.087291 -0.562309 1.382333 1.846412 41.525639 -27.346441 1.558315 2.433063
112010420 1.085915 -0.562309 1.387140 1.849206 41.398562 -27.376042 1.558616 2.429190
112010421 1.084540 -0.562309 1.391948 1.852009 41.271877 -27.405703 1.558899 2.425315
112010422 1.083165 -0.562309 1.396755 1.854821 41.145583 -27.435422 1.559162 2.421439
112010423 1.081789 -0.562309 1.401562 1.857642 41.019679 -27.465202 1.559407 2.417562
112010424 1.080414 -0.562309 1.406369 1.860473 40.894166 -27.495041 1.559634 2.413683
112010425 1.079039 -0.562309 1.411176 1.863313 40.769042 -27.524940 1.559842 2.409803
112010426 1.077663 -0.562309 1.415983 1.866161 40.644307 -27.554899 1.560033 2.405923
112010427 1.076288 -0.562309 1.420790 1.869019 40.519961 -27.584918 1.560205 2.402041
112010428 1.074913 -0.562309 1.425597 1.871886 40.396003 -27.614997 1.560360 2.398159
112010429 1.073537 -0.562309 1.430405 1.874762 40.272433 -27.645137 1.560497 2.394276
112010430 1.072162 -0.562309 1.435212 1.877646 40.149249 -27.675338 1.560617 2.390393
112010431 1.070787 -0.562309 1.440019 1.880540 40.026452 -27.705599 1.560719 2.386509
112010432 1.069411 -0.562309 1.444826 1.883442 39.904041 -27.735921 1.560805 2.382625
112010433 1.068036 -0.562309 1.449633 1.886353 39.782014 -27.766305 1.560874 2.378741
112010434 1.066661 -0.562309 1.454440 1.889273 39.660373 -27.796750 1.560926 2.374856
112010435 1.065285 -0.562309 1.459247 1.892202 39.539115 -27.827256 1.560961 2.370972
112010436 1.063910 -0.562309 1.464055 1.895139 39.418240 -27.857824 1.560980 2.367087
112010437 1.062535 -0.562309 1.468862 1.898085 39.297748 -27.888454 1.560983 2.363203
112010438 1.061159 -0.562309 1.473669 1.901039 39.177639 -27.919146 1.560969 2.359319
112010439 1.059784 -0.562309 1.478476 1.904002 39.057910 -27.949900 1.560940 2.355436
112010440 1.058409 -0.562309 1.483283 1.906974 38.938562 -27.980716 1.560895 2.351553
112010441 1.057033 -0.562309 1.488090 1.909954 38.819594 -28.011595 1.560835 2.347670
112010442 1.055658 -0.562309 1.492897 1.912942 38.701006 -28.042537 1.560759 2.343788
112010443 1.054283 -0.562309 1.497704 1.915939 38.582796 -28.073541 1.560667 2.339907
112010444 1.052908 -0.562309 1.502512 1.918944 38.464964 -28.104609 1.560561 2.336027
112010445 1.051532 -0.562309 1.507319 1.921958 38.347509 -28.135739 1.560440 2.332147
112010446 1.050157 -0.562309 1.512126 1.924979 38.230431 -28.166934 1.560303 2.328269
112010447 1.048782 -0.562309 1.516933 1.928009 38.113728 -28.198191 1.560153 2.324392
112010448 1.047406 -0.562309 1.521740 1.931047 37.997400 -28.229513 1.559987 2.320516
112010449 1.046031 -0.562309 1.526547 1.934094 37.881447 -28.260898 1.559808 2.316641
112010450 1.044656 -0.562309 1.531354 1.937148 37.765867 -28.292347 1.559614 2.312767
112010451 1.043280 -0.562309 1.536161 1.940211 37.650660 -28.323861 1.559406 2.308895
112010452 1.041905 -0.562309 1.540969 1.943281 37.535825 -28.355439 1.559184 2.305025
112010453 1.040530 -0.562309 1.545776 1.946360 37.421361 -28.387082 1.558949 2.301156
112010454 1.039154 -0.562309 1.550583 1.949446 37.307268 -28.418790 1.558700 2.297289
112010455 1.037779 -0.562309 1.555390 1.952541 37.193544 -28.450562 1.558438 2.293423
112010456 1.036404 -0.562309 1.560197 1.955643 37.080189 -28.482400 1.558162 2.289559
112010457 1.035028 -0.562309 1.565004 1.958753 36.967202 -28.514303 1.557873 2.285698
112010458 1.033653 -0.562309 1.569811 1.961871 36.854582 -28.546272 1.557571 2.281838
112010459 1.032278 -0.562309 1.574618 1.964997 36.742329 -28.578306 1.557256 2.277980
112010460 1.030902 -0.562309 1.579426 1.968130 36.630441 -28.610406 1.556929 2.274124
112010461 1.029527 -0.562309 1.584233 1.971271 36.518918 -28.642573 1.556589 2.270271
112010462 1.028152 -0.562309 1.589040 1.974420 36.407759 -28.674805 1.556237 2.266420
112010463 1.026776 -0.562309 1.593847 1.977577 36.296963 -28.707104 1.555872 2.262571
112010464 1.025401 -0.562309 1.598654 1.980741 36.186530 -28.739470 1.555495 2.258725
112010465 1.024026 -0.562309 1.603461 1.983912 36.076457 -28.771902 1.555107 2.254881
112010466 1.022650 -0.562309 1.608268 1.987091 35.966746 -28.804402 1.554706 2.251039
112010467 1.021275 -0.562309 1.613075 1.990278 35.857393 -28.836969 1.554294 2.247200
112010468 1.019900 -0.562309 1.617883 1.993472 35.748400 -28.869603 1.553870 2.243364
112010469 1.018524 -0.562309 1.622690 1.996674 35.639765 -28.902304 1.553435 2.239531
112010470 1.017149 -0.562309 1.627497 1.999882 35.531486 -28.935074 1.552988 2.235700
112010471 1.015774 -0.562309 1.632304 2.003099 35.423564 -28.967911 1.552531 2.231873
112010472 1.014398 -0.562309 1.637111 2.006322 35.315997 -29.000816 1.552062 2.228048
112010473 1.013023 -0.562309 1.641918 2.009553 35.208785 -29.033790 1.551582 2.224226
112010474 1.011648 -0.562309 1.646725 2.012791 35.101926 -29.066832 1.551092 2.220407
112010475 1.010272 -0.562309 1.651533 2.016036 34.995420 -29.099943 1.550591 2.216592
112010476 1.008897 -0.562309 1.656340 2.019288 34.889265 -29.133123 1.550079 2.212779
112010477 1.007522 -0.562309 1.661147 2.022548 34.783461 -29.166372 1.549558 2.208970
112010478 1.006146 -0.562309 1.665954 2.025815 34.678007 -29.199690 1.549025 2.205164
112010479 1.004771 -0.562309 1.670761 2.029088 34.572902 -29.233078 1.548483 2.201362
112010480 1.003396 -0.562309 1.675568 2.032369 34.468145 -29.266536 1.547931 2.197562
112010481 1.002020 -0.562309 1.680375 2.035657 34.363736 -29.300063 1.547369 2.193767
112010482 1.000645 -0.562309 1.685182 2.038951 34.259672 -29.333660 1.546797 2.189974
112010483 0.999270 -0.562309 1.689990 2.042253 34.155954 -29.367328 1.546216 2.186185
112010484 0.997894 -0.562309 1.694797 2.045561 34.052580 -29.401066 1.545625 2.182400
112010485 0.996519 -0.562309 1.699604 2.048877 33.949549 -29.434875 1.545025 2.178619
112010486 0.995144 -0.562309 1.704411 2.052199 33.846861 -29.468754 1.544416 2.174841
112010487 0.993768 -0.562309 1.709218 2.055528 33.744515 -29.502705 1.543797 2.171067
112010488 0.992393 -0.562309 1.714025 2.058863 33.642509 -29.536727 1.543170 2.167297
112010489 0.991018 -0.562309 1.718832 2.062206 33.540843 -29.570820 1.542533 2.163530
112010490 0.989643 -0.562309 1.723639 2.065555 33.439515 -29.604985 1.541888 2.159768
112010491 0.988267 -0.562309 1.728447 2.068911 33.338525 -29.639222 1.541234 2.156009
112010492 0.986892 -0.562309 1.733254 2.072273 33.237872 -29.673531 1.540572 2.152254
112010493 0.985517 -0.562309 1.738061 2.075642 33.137555 -29.707912 1.539901 2.148504
112010494 0.984141 -0.562309 1.742868 2.079018 33.037573 -29.742366 1.539222 2.144757
112010495 0.982766 -0.562309 1.747675 2.082400 32.937924 -29.776892 1.538535 2.141015
112010496 0.981391 -0.562309 1.752482 2.085788 32.838609 -29.811492 1.537840 2.137276
112010497 0.980015 -0.562309 1.757289 2.089183 32.739626 -29.846164 1.537137 2.133542
112010498 0.978640 -0.562309 1.762096 2.092585 32.640973 -29.880910 1.536426 2.129812
112010499 0.977265 -0.562309 1.766904 2.095993 32.542651 -29.915729 1.535707 2.126087
112010500 0.975889 -0.562309 1.771711 2.099407 32.444658 -29.950622 1.534981 2.122365
112010501 1.119897 -0.537204 1.298051 1.796578 43.737657 -25.626577 1.525713 2.511258
112010502 1.118522 -0.537204 1.302858 1.799199 43.603293 -25.654043 1.526340 2.507447
112010503 1.117146 -0.537204 1.307665 1.801830 43.469328 -25.681565 1.526945 2.503633
112010504 1.115771 -0.537204 1.312472 1.804471 43.335760 -25.709141 1.527530 2.499815
112010505 1.114396 -0.537204 1.317280 1.807122 43.202590 -25.736773 1.528093 2.495994
112010506 1.113020 -0.537204 1.322087 1.809783 43.069818 -25.764460 1.528635 2.492169
112010507 1.111645 -0.537204 1.326894 1.812454 42.937443 -25.792203 1.529156 2.488341
112010508 1.110270 -0.537204 1.331701 1.815135 42.805464 -25.820001 1.529657 2.484510
112010509 1.108895 -0.537204 1.336508 1.817825 42.673883 -25.847856 1.530137 2.480676
112010510 1.107519 -0.537204 1.341315 1.820526 42.542698 -25.875766 1.530597 2.476839
112010511 1.106144 -0.537204 1.346122 1.823235 42.411909 -25.903732 1.531037 2.473000
112010512 1.104769 -0.537204 1.350930 1.825955 42.281516 -25.931755 1.531457 2.469158
112010513 1.103393 -0.537204 1.355737 1.828684 42.151518 -25.959834 1.531858 2.465313
112010514 1.102018 -0.537204 1.360544 1.831423 42.021915 -25.987970 1.532238 2.461466
112010515 1.100643 -0.537204 1.365351 1.834171 41.892706 -26.016163 1.532599 2.457617
112010516 1.099267 -0.537204 1.370158 1.836929 41.763892 -26.044413 1.532941 2.453765
112010517 1.097892 -0.537204 1.374965 1.839697 41.635472 -26.072720 1.533264 2.449912
112010518 1.096517 -0.537204 1.379772 1.842473 41.507445 -26.101084 1.533568 2.446057
112010519 1.095141 -0.537204 1.384579 1.845259 41.379811 -26.129505 1.533853 2.442200
112010520 1.093766 -0.537204 1.389387 1.848055 41.252569 -26.157984 1.534120 2.438342
112010521 1.092391 -0.537204 1.394194 1.850860 41.125720 -26.186521 1.534368 2.434482
112010522 1.091015 -0.537204 1.399001 1.853673 40.999262 -26.215116 1.534598 2.430620
112010523 1.089640 -0.537204 1.403808 1.856497 40.873195 -26.243769 1.534810 2.426758
112010524 1.088265 -0.537204 1.408615 1.859329 40.747518 -26.272480 1.535004 2.422894
112010525 1.086889 -0.537204 1.413422 1.862170 40.622232 -26.301250 1.535180 2.419029
112010526 1.085514 -0.537204 1.418229 1.865021 40.497335 -26.330078 1.535339 2.415163
112010527 1.084139 -0.537204 1.423036 1.867880 40.372827 -26.358965 1.535480 2.411297
112010528 1.082763 -0.537204 1.427844 1.870749 40.248708 -26.387911 1.535604 2.407430
112010529 1.081388 -0.537204 1.432651 1.873626 40.124976 -26.416915 1.535711 2.403562
112010530 1.080013 -0.537204 1.437458 1.876513 40.001632 -26.445980 1.535801 2.399693
112010531 1.078637 -0.537204 1.442265 1.879408 39.878674 -26.475103 1.535875 2.395825
112010532 1.077262 -0.537204 1.447072 1.882312 39.756102 -26.504286 1.535931 2.391955
112010533 1.075887 -0.537204 1.451879 1.885225 39.633916 -26.533529 1.535972 2.388086
112010534 1.074511 -0.537204 1.456686 1.888147 39.512115 -26.562832 1.535996 2.384217
112010535 1.073136 -0.537204 1.461493 1.891077 39.390698 -26.592194 1.536004 2.380347
112010536 1.071761 -0.537204 1.466301 1.894016 39.269665 -26.621617 1.535996 2.376478
112010537 1.070385 -0.537204 1.471108 1.896964 39.149015 -26.651101 1.535972 2.372609
112010538 1.069010 -0.537204 1.475915 1.899920 39.028747 -26.680645 1.535932 2.368741
112010539 1.067635 -0.537204 1.480722 1.902884 38.908861 -26.710250 1.535878 2.364872
112010540 1.066259 -0.537204 1.485529 1.905858 38.789356 -26.739915 1.535807 2.361004
112010541 1.064884 -0.537204 1.490336 1.908839 38.670231 -26.769642 1.535722 2.357137
112010542 1.063509 -0.537204 1.495143 1.911830 38.551486 -26.799430 1.535622 2.353271
112010543 1.062133 -0.537204 1.499950 1.914828 38.433119 -26.829280 1.535507 2.349405
112010544 1.060758 -0.537204 1.504758 1.917835 38.315131 -26.859191 1.535377 2.345540
112010545 1.059383 -0.537204 1.509565 1.920850 38.197521 -26.889164 1.535232 2.341676
112010546 1.058007 -0.537204 1.514372 1.923874 38.080287 -26.919198 1.535074 2.337813
112010547 1.056632 -0.537204 1.519179 1.926905 37.963429 -26.949295 1.534901 2.333951
112010548 1.055257 -0.537204 1.523986 1.929945 37.846947 -26.979455 1.534714 2.330091
112010549 1.053881 -0.537204 1.528793 1.932993 37.730839 -27.009677 1.534513 2.326231
112010550 1.052506 -0.537204 1.533600 1.936049 37.615105 -27.039961 1.534298 2.322373
112010551 1.051131 -0.537204 1.538408 1.939114 37.499744 -27.070309 1.534070 2.318517
112010552 1.049755 -0.537204 1.543215 1.942186 37.384755 -27.100719 1.533828 2.314662
112010553 1.048380 -0.537204 1.548022 1.945266 37.270138 -27.131193 1.533573 2.310809
112010554 1.047005 -0.537204 1.552829 1.948354 37.155891 -27.161730 1.533305 2.306957
112010555 1.045630 -0.537204 1.557636 1.951450 37.042014 -27.192330 1.533024 2.303108
112010556 1.044254 -0.537204 1.562443 1.954554 36.928507 -27.222995 1.532730 2.299260
112010557 1.042879 -0.537204 1.567250 1.957666 36.815367 -27.253723 1.532423 2.295414
112010558 1.041504 -0.537204 1.572057 1.960786 36.702595 -27.284515 1.532104 2.291570
112010559 1.040128 -0.537204 1.576865 1.963913 36.590190 -27.315372 1.531772 2.287728
112010560 1.038753 -0.537204 1.581672 1.967049 36.478151 -27.346293 1.531428 2.283888
112010561 1.037378 -0.537204 1.586479 1.970192 36.366476 -27.377279 1.531071 2.280051
112010562 1.036002 -0.537204 1.591286 1.973342 36.255166 -27.408330 1.530703 2.276216
112010563 1.034627 -0.537204 1.596093 1.976500 36.144219 -27.439445 1.530323 2.272383
112010564 1.033252 -0.537204 1.600900 1.979666 36.033635 -27.470626 1.529931 2.268552
112010565 1.031876 -0.537204 1.605707 1.982839 35.923412 -27.501873 1.529528 2.264725
112010566 1.030501 -0.537204 1.610514 1.986020 35.813550 -27.533185 1.529113 2.260899
112010567 1.029126 -0.537204 1.615322 1.989209 35.704048 -27.564563 1.528686 2.257077
112010568 1.027750 -0.537204 1.620129 1.992404 35.594905 -27.596006 1.528249 2.253257
112010569 1.026375 -0.537204 1.624936 1.995608 35.486120 -27.627516 1.527800 2.249440
112010570 1.025000 -0.537204 1.629743 1.998818 35.377692 -27.659093 1.527341 2.245626
112010571 1.023624 -0.537204 1.634550 2.002036 35.269621 -27.690735 1.526871 2.241814
112010572 1.022249 -0.537204 1.639357 2.005261 35.161905 -27.722445 1.526390 2.238006
112010573 1.020874 -0.537204 1.644164 2.008494 35.054543 -27.754221 1.525899 2.234201
112010574 1.019498 -0.537204 1.648971 2.011733 34.947536 -27.786065 1.525397 2.230398
112010575 1.018123 -0.537204 1.653779 2.014980 34.840881 -27.817976 1.524885 2.226599
112010576 1.016748 -0.537204 1.658586 2.018234 34.734578 -27.849954 1.524363 2.222803
112010577 1.015372 -0.537204 1.663393 2.021496 34.628626 -27.882001 1.523831 2.219011
112010578 1.013997 -0.537204 1.668200 2.024764 34.523024 -27.914115 1.523289 2.215221
112010579 1.012622 -0.537204 1.673007 2.028039 34.417772 -27.946297 1.522737 2.211435
112010580 1.011246 -0.537204 1.677814 2.031322 34.312867 -27.978547 1.522175 2.207653
112010581 1.009871 -0.537204 1.682621 2.034611 34.208310 -28.010866 1.521605 2.203874
112010582 1.008496 -0.537204 1.687428 2.037907 34.104099 -28.043254 1.521024 2.200098
112010583 1.007120 -0.537204 1.692236 2.041211 34.000234 -28.075710 1.520435 2.196326
112010584 1.005745 -0.537204 1.697043 2.044521 33.896713 -28.108236 1.519836 2.192558
112010585 1.004370 -0.537204 1.701850 2.047838 33.793535 -28.140831 1.519229 2.188793
112010586 1.002994 -0.537204 1.706657 2.051162 33.690701 -28.173495 1.518612 2.185032
112010587 1.001619 -0.537204 1.711464 2.054492 33.588207 -28.206229 1.517987 2.181275
112010588 1.000244 -0.537204 1.716271 2.057830 33.486055 -28.239033 1.517353 2.177522
112010589 0.998868 -0.537204 1.721078 2.061174 33.384243 -28.271907 1.516710 2.173773
112010590 0.997493 -0.537204 1.725885 2.064524 33.282769 -28.304851 1.516059 2.170027
112010591 0.996118 -0.537204 1.730693 2.067882 33.181633 -28.337866 1.515400 2.166286
112010592 0.994742 -0.537204 1.735500 2.071246 33.080834 -28.370952 1.514733 2.162548
112010593 0.993367 -0.537204 1.740307 2.074617 32.980371 -28.404108 1.514057 2.158815
112010594 0.991992 -0.537204 1.745114 2.077994 32.880243 -28.437335 1.513374 2.155086
112010595 0.990616 -0.537204 1.749921 2.081378 32.780449 -28.470634 1.512682 2.151361
112010596 0.989241 -0.537204 1.754728 2.084768 32.680989 -28.504005 1.511983 2.147640
112010597 0.987866 -0.537204 1.759535 2.088165 32.581860 -28.537447 1.511277 2.143923
112010598 0.986490 -0.537204 1.764343 2.091568 32.483062 -28.570961 1.510562 2.140211
112010599 0.985115 -0.537204 1.769150 2.094977 32.384595 -28.604547 1.509841 2.136503
112010600 0.983740 -0.537204 1.773957 2.098393 32.286457 -28.638206 1.509112 2.132799
112010601 1.127748 -0.512098 1.300297 1.795782 43.607285 -24.422292 1.500537 2.518539
112010602 1.126372 -0.512098 1.305104 1.798404 43.472769 -24.448624 1.501120 2.514746
112010603 1.124997 -0.512098 1.309911 1.801036 43.338652 -24.475009 1.501681 2.510948
112010604 1.123622 -0.512098 1.314719 1.803678 43.204933 -24.501447 1.502222 2.507147
112010605 1.122246 -0.512098 1.319526 1.806330 43.071612 -24.527939 1.502742 2.503343
112010606 1.120871 -0.512098 1.324333 1.808993 42.938689 -24.554485 1.503242 2.499535
112010607 1.119496 -0.512098 1.329140 1.811665 42.806163 -24.581085 1.503721 2.495723
112010608 1.118120 -0.512098 1.333947 1.814346 42.674035 -24.607739 1.504180 2.491909
112010609 1.116745 -0.512098 1.338754 1.817038 42.542304 -24.634448 1.504620 2.488092
112010610 1.115370 -0.512098 1.343561 1.819739 42.410969 -24.661210 1.505039 2.484272
112010611 1.113994 -0.512098 1.348368 1.822450 42.280030 -24.688027 1.505439 2.480449
112010612 1.112619 -0.512098 1.353176 1.825171 42.149487 -24.714899 1.505820 2.476624
112010613 1.111244 -0.512098 1.357983 1.827902 42.019340 -24.741826 1.506181 2.472796
112010614 1.109868 -0.512098 1.362790 1.830642 41.889588 -24.768808 1.506523 2.468966
112010615 1.108493 -0.512098 1.367597 1.833391 41.760231 -24.795845 1.506847 2.465134
112010616 1.107118 -0.512098 1.372404 1.836150 41.631269 -24.822938 1.507151 2.461299
112010617 1.105743 -0.512098 1.377211 1.838919 41.502700 -24.850086 1.507437 2.457463
112010618 1.104367 -0.512098 1.382018 1.841697 41.374525 -24.877289 1.507705 2.453625
112010619 1.102992 -0.512098 1.386825 1.844484 41.246743 -24.904549 1.507954 2.449785
112010620 1.101617 -0.512098 1.391633 1.847280 41.119354 -24.931864 1.508186 2.445944
112010621 1.100241 -0.512098 1.396440 1.850086 40.992357 -24.959235 1.508399 2.442101
112010622 1.098866 -0.512098 1.401247 1.852901 40.865752 -24.986663 1.508595 2.438256
112010623 1.097491 -0.512098 1.406054 1.855726 40.739538 -25.014148 1.508773 2.434411
112010624 1.096115 -0.512098 1.410861 1.858559 40.613714 -25.041689 1.508934 2.430564
112010625 1.094740 -0.512098 1.415668 1.861402 40.488281 -25.069286 1.509077 2.426717
112010626 1.093365 -0.512098 1.420475 1.864253 40.363238 -25.096941 1.509204 2.422868
112010627 1.091989 -0.512098 1.425283 1.867114 40.238584 -25.124653 1.509313 2.419019
112010628 1.090614 -0.512098 1.430090 1.869984 40.114318 -25.152422 1.509406 2.415169
112010629 1.089239 -0.512098 1.434897 1.872863 39.990441 -25.180248 1.509482 2.411318
112010630 1.087863 -0.512098 1.439704 1.875750 39.866950 -25.208132 1.509541 2.407467
112010631 1.086488 -0.512098 1.444511 1.878647 39.743847 -25.236074 1.509585 2.403615
112010632 1.085113 -0.512098 1.449318 1.881552 39.621130 -25.264074 1.509612 2.399763
112010633 1.083737 -0.512098 1.454125 1.884466 39.498799 -25.292132 1.509623 2.395912
112010634 1.082362 -0.512098 1.458932 1.887389 39.376853 -25.320248 1.509619 2.392060
112010635 1.080987 -0.512098 1.463740 1.890320 39.255291 -25.348423 1.509599 2.388208
112010636 1.079611 -0.512098 1.468547 1.893260 39.134113 -25.376656 1.509563 2.384356
112010637 1.078236 -0.512098 1.473354 1.896209 39.013318 -25.404948 1.509512 2.380504
112010638 1.076861 -0.512098 1.478161 1.899166 38.892906 -25.433299 1.509446 2.376653
112010639 1.075485 -0.512098 1.482968 1.902132 38.772876 -25.461709 1.509365 2.372802
112010640 1.074110 -0.512098 1.487775 1.905107 38.653226 -25.490179 1.509269 2.368952
112010641 1.072735 -0.512098 1.492582 1.908090 38.533958 -25.518708 1.509159 2.365102
112010642 1.071359 -0.512098 1.497389 1.911081 38.415068 -25.547296 1.509034 2.361253
112010643 1.069984 -0.512098 1.502197 1.914081 38.296558 -25.575944 1.508894 2.357405
112010644 1.068609 -0.512098 1.507004 1.917089 38.178427 -25.604653 1.508740 2.353558
112010645 1.067233 -0.512098 1.511811 1.920105 38.060673 -25.633421 1.508572 2.349711
112010646 1.065858 -0.512098 1.516618 1.923130 37.943296 -25.662250 1.508391 2.345866
112010647 1.064483 -0.512098 1.521425 1.926163 37.826295 -25.691139 1.508195 2.342022
112010648 1.063107 -0.512098 1.526232 1.929204 37.709669 -25.720089 1.507986 2.338179
112010649 1.061732 -0.512098 1.531039 1.932253 37.593418 -25.749100 1.507763 2.334338
112010650 1.060357 -0.512098 1.535846 1.935310 37.477541 -25.778172 1.507527 2.330497
112010651 1.058981 -0.512098 1.540654 1.938376 37.362038 -25.807305 1.507278 2.326659
112010652 1.057606 -0.512098 1.545461 1.941449 37.246906 -25.836500 1.507016 2.322822
112010653 1.056231 -0.512098 1.550268 1.944530 37.132146 -25.865756 1.506741 2.318986
112010654 1.054855 -0.512098 1.555075 1.947620 37.017757 -25.895074 1.506453 2.315153
112010655 1.053480 -0.512098 1.559882 1.950717 36.903738 -25.924454 1.506153 2.311321
112010656 1.052105 -0.512098 1.564689 1.953822 36.790089 -25.953895 1.505840 2.307491
112010657 1.050729 -0.512098 1.569496 1.956935 36.676807 -25.983400 1.505514 2.303663
112010658 1.049354 -0.512098 1.574303 1.960056 36.563893 -26.012966 1.505177 2.299837
112010659 1.047979 -0.512098 1.579111 1.963185 36.451346 -26.042596 1.504828 2.296013
112010660 1.046603 -0.512098 1.583918 1.966321 36.339165 -26.072288 1.504466 2.292192
112010661 1.045228 -0.512098 1.588725 1.969465 36.227349 -26.102043 1.504093 2.288373
112010662 1.043853 -0.512098 1.593532 1.972617 36.115897 -26.131861 1.503709 2.284556
112010663 1.042478 -0.512098 1.598339 1.975776 36.004808 -26.161743 1.503312 2.280741
112010664 1.041102 -0.512098 1.603146 1.978943 35.894082 -26.191689 1.502905 2.276929
112010665 1.039727 -0.512098 1.607953 1.982118 35.783718 -26.221698 1.502486 2.273119
112010666 1.038352 -0.512098 1.612760 1.985300 35.673715 -26.251771 1.502056 2.269312
112010667 1.036976 -0.512098 1.617568 1.988489 35.564071 -26.281908 1.501616 2.265508
112010668 1.035601 -0.512098 1.622375 1.991686 35.454787 -26.312110 1.501164 2.261707
112010669 1.034226 -0.512098 1.627182 1.994890 35.345861 -26.342376 1.500702 2.257908
112010670 1.032850 -0.512098 1.631989 1.998102 35.237292 -26.372707 1.500229 2.254112
112010671 1.031475 -0.512098 1.636796 2.001321 35.129079 -26.403103 1.499746 2.250319
112010672 1.030100 -0.512098 1.641603 2.004548 35.021222 -26.433563 1.499253 2.246529
112010673 1.028724 -0.512098 1.646410 2.007781 34.913720 -26.464090 1.498749 2.242742
112010674 1.027349 -0.512098 1.651218 2.011022 34.806572 -26.494681 1.498236 2.238959
112010675 1.025974 -0.512098 1.656025 2.014270 34.699776 -26.525339 1.497712 2.235178
112010676 1.024598 -0.512098 1.660832 2.017525 34.593332 -26.556062 1.497179 2.231401
112010677 1.023223 -0.512098 1.665639 2.020788 34.487239 -26.586851 1.496636 2.227627
112010678 1.021848 -0.512098 1.670446 2.024057 34.381497 -26.617706 1.496084 2.223856
112010679 1.020472 -0.512098 1.675253 2.027334 34.276103 -26.648628 1.495522 2.220089
112010680 1.019097 -0.512098 1.680060 2.030617 34.171058 -26.679617 1.494951 2.216325
112010681 1.017722 -0.512098 1.684867 2.033908 34.066360 -26.710672 1.494371 2.212565
112010682 1.016346 -0.512098 1.689675 2.037205 33.962009 -26.741795 1.493782 2.208809
112010683 1.014971 -0.512098 1.694482 2.040509 33.858002 -26.772985 1.493184 2.205056
112010684 1.013596 -0.512098 1.699289 2.043821 33.754341 -26.804242 1.492577 2.201306
112010685 1.012220 -0.512098 1.704096 2.047139 33.651023 -26.835567 1.491961 2.197561
112010686 1.010845 -0.512098 1.708903 2.050464 33.548048 -26.866960 1.491337 2.193819
112010687 1.009470 -0.512098 1.713710 2.053796 33.445414 -26.898420 1.490705 2.190081
112010688 1.008094 -0.512098 1.718517 2.057134 33.343121 -26.929949 1.490064 2.186347
112010689 1.006719 -0.512098 1.723324 2.060479 33.241168 -26.961547 1.489415 2.182616
112010690 1.005344 -0.512098 1.728132 2.063831 33.139554 -26.993213 1.488757 2.178890
112010691 1.003968 -0.512098 1.732939 2.067190 33.038277 -27.024948 1.488092 2.175168
112010692 1.002593 -0.512098 1.737746 2.070555 32.937338 -27.056752 1.487419 2.171450
112010693 1.001218 -0.512098 1.742553 2.073927 32.836734 -27.088625 1.486739 2.167736
112010694 0.999842 -0.512098 1.747360 2.077305 32.736466 -27.120568 1.486050 2.164026
112010695 0.998467 -0.512098 1.752167 2.080690 32.636531 -27.152581 1.485354 2.160320
112010696 0.997092 -0.512098 1.756974 2.084081 32.536930 -27.184663 1.484651 2.156618
112010697 0.995716 -0.512098 1.761781 2.087479 32.437660 -27.216816 1.483941 2.152921
112010698 0.994341 -0.512098 1.766589 2.090884 32.338722 -27.249039 1.483223 2.149228
112010699 0.992966 -0.512098 1.771396 2.094294 32.240114 -27.281332 1.482498 2.145540
112010700 0.991590 -0.512098 1.776203 2.097711 32.141835 -27.313696 1.481766 2.141855
112010701 1.135598 -0.486993 1.302543 1.795373 43.489538 -23.211708 1.473993 2.524193
112010702 1.134223 -0.486993 1.307350 1.797996 43.354892 -23.236869 1.474530 2.520418
112010703 1.132848 -0.486993 1.312158 1.800629 43.220644 -23.262082 1.475046 2.516640
112010704 1.131472 -0.486993 1.316965 1.803271 43.086795 -23.287346 1.475542 2.512858
112010705 1.130097 -0.486993 1.321772 1.805924 42.953344 -23.312662 1.476018 2.509072
112010706 1.128722 -0.486993 1.326579 1.808587 42.820290 -23.338030 1.476474 2.505283
112010707 1.127346 -0.486993 1.331386 1.811259 42.687634 -23.363451 1.476911 2.501491
112010708 1.125971 -0.486993 1.336193 1.813942 42.555376 -23.388923 1.477328 2.497695
112010709 1.124596 -0.486993 1.341000 1.816634 42.423514 -23.414449 1.477725 2.493897
112010710 1.123220 -0.486993 1.345807 1.819336 42.292049 -23.440027 1.478103 2.490096
112010711 1.121845 -0.486993 1.350615 1.822048 42.160980 -23.465657 1.478463 2.486293
112010712 1.120470 -0.486993 1.355422 1.824769 42.030307 -23.491341 1.478803 2.482486
112010713 1.119094 -0.486993 1.360229 1.827500 41.900030 -23.517077 1.479125 2.478678
112010714 1.117719 -0.486993 1.365036 1.830241 41.770148 -23.542867 1.479428 2.474867
112010715 1.116344 -0.486993 1.369843 1.832991 41.640661 -23.568710 1.479713 2.471053
112010716 1.114968 -0.486993 1.374650 1.835750 41.511568 -23.594607 1.479979 2.467238
112010717 1.113593 -0.486993 1.379457 1.838520 41.382869 -23.620558 1.480228 2.463421
112010718 1.112218 -0.486993 1.384264 1.841298 41.254564 -23.646562 1.480458 2.459602
112010719 1.110842 -0.486993 1.389072 1.844086 41.126652 -23.672621 1.480671 2.455781
112010720 1.109467 -0.486993 1.393879 1.846883 40.999133 -23.698733 1.480866 2.451959
112010721 1.108092 -0.486993 1.398686 1.849690 40.872006 -23.724900 1.481044 2.448135
112010722 1.106716 -0.486993 1.403493 1.852505 40.745270 -23.751122 1.481205 2.444310
112010723 1.105341 -0.486993 1.408300 1.855330 40.618926 -23.777398 1.481348 2.440484
112010724 1.103966 -0.486993 1.413107 1.858164 40.492973 -23.803729 1.481475 2.436657
112010725 1.102591 -0.486993 1.417914 1.861007 40.367410 -23.830114 1.481585 2.432828
112010726 1.101215 -0.486993 1.422721 1.863860 40.242236 -23.856556 1.481678 2.428999
112010727 1.099840 -0.486993 1.427529 1.866721 40.117452 -23.883052 1.481755 2.425169
112010728 1.098465 -0.486993 1.432336 1.869591 39.993056 -23.909604 1.481816 2.421338
112010729 1.097089 -0.486993 1.437143 1.872471 39.869048 -23.936211 1.481860 2.417507
112010730 1.095714 -0.486993 1.441950 1.875359 39.745428 -23.962874 1.481889 2.413675
112010731 1.094339 -0.486993 1.446757 1.878256 39.622195 -23.989593 1.481902 2.409843
112010732 1.092963 -0.486993 1.451564 1.881162 39.499348 -24.016369 1.481899 2.406011
112010733 1.091588 -0.486993 1.456371 1.884076 39.376886 -24.043200 1.481881 2.402178
112010734 1.090213 -0.486993 1.461178 1.887000 39.254810 -24.070088 1.481847 2.398346
112010735 1.088837 -0.486993 1.465986 1.889932 39.133118 -24.097033 1.481798 2.394514
112010736 1.087462 -0.486993 1.470793 1.892873 39.011810 -24.124034 1.481735 2.390681
112010737 1.086087 -0.486993 1.475600 1.895822 38.890884 -24.151092 1.481656 2.386849
112010738 1.084711 -0.486993 1.480407 1.898780 38.770342 -24.178208 1.481563 2.383017
112010739 1.083336 -0.486993 1.485214 1.901746 38.650181 -24.205381 1.481455 2.379186
112010740 1.081961 -0.486993 1.490021 1.904722 38.530401 -24.232611 1.481333 2.375356
112010741 1.080585 -0.486993 1.494828 1.907705 38.411002 -24.259899 1.481196 2.371526
112010742 1.079210 -0.486993 1.499635 1.910697 38.291982 -24.287244 1.481045 2.367696
112010743 1.077835 -0.486993 1.504443 1.913697 38.173342 -24.314648 1.480881 2.363868
112010744 1.076459 -0.486993 1.509250 1.916706 38.055079 -24.342110 1.480703 2.360040
112010745 1.075084 -0.486993 1.514057 1.919723 37.937195 -24.369630 1.480511 2.356214
112010746 1.073709 -0.486993 1.518864 1.922748 37.819687 -24.397208 1.480305 2.352388
112010747 1.072333 -0.486993 1.523671 1.925782 37.702555 -24.424845 1.480087 2.348564
112010748 1.070958 -0.486993 1.528478 1.928823 37.585799 -24.452541 1.479855 2.344741
112010749 1.069583 -0.486993 1.533285 1.931873 37.469417 -24.480296 1.479610 2.340919
112010750 1.068207 -0.486993 1.538093 1.934931 37.353410 -24.508111 1.479352 2.337099
112010751 1.066832 -0.486993 1.542900 1.937997 37.237775 -24.535984 1.479081 2.333280
112010752 1.065457 -0.486993 1.547707 1.941071 37.122512 -24.563917 1.478798 2.329463
112010753 1.064081 -0.486993 1.552514 1.944153 37.007622 -24.591910 1.478502 2.325648
112010754 1.062706 -0.486993 1.557321 1.947243 36.893101 -24.619963 1.478194 2.321834
112010755 1.061331 -0.486993 1.562128 1.950341 36.778951 -24.648076 1.477874 2.318022
112010756 1.059955 -0.486993 1.566935 1.953447 36.665170 -24.676249 1.477541 2.314212
112010757 1.058580 -0.486993 1.571742 1.956560 36.551758 -24.704482 1.477197 2.310404
112010758 1.057205 -0.486993 1.576550 1.959682 36.438712 -24.732776 1.476841 2.306599
112010759 1.055829 -0.486993 1.581357 1.962811 36.326034 -24.761131 1.476474 2.302795
112010760 1.054454 -0.486993 1.586164 1.965948 36.213721 -24.789547 1.476095 2.298993
112010761 1.053079 -0.486993 1.590971 1.969093 36.101773 -24.818024 1.475704 2.295194
112010762 1.051703 -0.486993 1.595778 1.972245 35.990190 -24.846562 1.475303 2.291397
112010763 1.050328 -0.486993 1.600585 1.975405 35.878970 -24.875162 1.474890 2.287603
112010764 1.048953 -0.486993 1.605392 1.978572 35.768112 -24.903824 1.474466 2.283811
112010765 1.047577 -0.486993 1.610199 1.981747 35.657616 -24.932547 1.474032 2.280022
112010766 1.046202 -0.486993 1.615007 1.984930 35.547480 -24.961333 1.473587 2.276235
112010767 1.044827 -0.486993 1.619814 1.988120 35.437705 -24.990181 1.473131 2.272451
112010768 1.043451 -0.486993 1.624621 1.991318 35.328288 -25.019091 1.472665 2.268670
112010769 1.042076 -0.486993 1.629428 1.994523 35.219230 -25.048064 1.472189 2.264892
112010770 1.040701 -0.486993 1.634235 1.997735 35.110529 -25.077100 1.471702 2.261117
112010771 1.039326 -0.486993 1.639042 2.000954 35.002184 -25.106199 1.471206 2.257344
112010772 1.037950 -0.486993 1.643849 2.004181 34.894195 -25.135361 1.470699 2.253575
112010773 1.036575 -0.486993 1.648656 2.007416 34.786560 -25.164586 1.470183 2.249808
112010774 1.035200 -0.486993 1.653464 2.010657 34.679278 -25.193875 1.469657 2.246045
112010775 1.033824 -0.486993 1.658271 2.013906 34.572350 -25.223228 1.469122 2.242285
112010776 1.032449 -0.486993 1.663078 2.017162 34.465773 -25.252645 1.468577 2.238529
112010777 1.031074 -0.486993 1.667885 2.020424 34.359548 -25.282126 1.468023 2.234775
112010778 1.029698 -0.486993 1.672692 2.023694 34.253672 -25.311671 1.467459 2.231025
112010779 1.028323 -0.486993 1.677499 2.026972 34.148145 -25.341281 1.466887 2.227279
112010780 1.026948 -0.486993 1.682306 2.030256 34.042967 -25.370956 1.466306 2.223536
112010781 1.025572 -0.486993 1.687113 2.033547 33.938135 -25.400696 1.465716 2.219796
112010782 1.024197 -0.486993 1.691921 2.036845 33.833650 -25.430501 1.465117 2.216060
112010783 1.022822 -0.486993 1.696728 2.040150 33.729511 -25.460371 1.464510 2.212328
112010784 1.021446 -0.486993 1.701535 2.043462 33.625715 -25.490306 1.463894 2.208600
112010785 1.020071 -0.486993 1.706342 2.046780 33.522264 -25.520308 1.463270 2.204875
112010786 1.018696 -0.486993 1.711149 2.050106 33.419154 -25.550375 1.462638 2.201154
112010787 1.017320 -0.486993 1.715956 2.053438 33.316387 -25.580509 1.461998 2.197437
112010788 1.015945 -0.486993 1.720763 2.056777 33.213960 -25.610709 1.461350 2.193724
112010789 1.014570 -0.486993 1.725570 2.060123 33.111872 -25.640976 1.460694 2.190015
112010790 1.013194 -0.486993 1.730378 2.063476 33.010123 -25.671309 1.460030 2.186309
112010791 1.011819 -0.486993 1.735185 2.066835 32.908712 -25.701709 1.459358 2.182608
112010792 1.010444 -0.486993 1.739992 2.070200 32.807638 -25.732177 1.458679 2.178911
112010793 1.009068 -0.486993 1.744799 2.073573 32.706900 -25.762711 1.457993 2.175218
112010794 1.007693 -0.486993 1.749606 2.076952 32.606496 -25.793314 1.457299 2.171530
112010795 1.006318 -0.486993 1.754413 2.080337 32.506427 -25.823984 1.456598 2.167845
112010796 1.004942 -0.486993 1.759220 2.083729 32.406690 -25.854722 1.455890 2.164165
112010797 1.003567 -0.486993 1.764028 2.087128 32.307285 -25.885529 1.455175 2.160489
112010798 1.002192 -0.486993 1.768835 2.090533 32.208212 -25.916403 1.454453 2.156817
112010799 1.000816 -0.486993 1.773642 2.093944 32.109468 -25.947347 1.453724 2.153150
112010800 0.999441 -0.486993 1.778449 2.097361 32.011053 -25.978359 1.452988 2.149487
