# pixelID   x   y   z   l2  two_theta   azimuthal   polar_width azimuthal_width
106030001 -1.025010 0.014600 -0.632463 1.204520 121.673279 179.183948 0.265420 3.767978
106030002 -1.021558 0.014600 -0.636081 1.203492 121.906124 179.181191 0.266132 3.771199
106030003 -1.018107 0.014600 -0.639698 1.202484 122.139363 179.178415 0.266838 3.774363
106030004 -1.014655 0.014600 -0.643316 1.201496 122.372989 179.175621 0.267540 3.777470
106030005 -1.011204 0.014600 -0.646933 1.200528 122.606997 179.172807 0.268236 3.780519
106030006 -1.007752 0.014600 -0.650551 1.199581 122.841377 179.169975 0.268927 3.783510
106030007 -1.004300 0.014600 -0.654168 1.198653 123.076125 179.167122 0.269613 3.786442
106030008 -1.000849 0.014600 -0.657786 1.197745 123.311232 179.164250 0.270293 3.789315
106030009 -0.997397 0.014600 -0.661403 1.196858 123.546691 179.161359 0.270968 3.792128
106030010 -0.993946 0.014600 -0.665021 1.195991 123.782496 179.158447 0.271637 3.794881
106030011 -0.990494 0.014600 -0.668638 1.195144 124.018639 179.155514 0.272300 3.797574
106030012 -0.987042 0.014600 -0.672256 1.194317 124.255113 179.152562 0.272958 3.800206
106030013 -0.983591 0.014600 -0.675873 1.193511 124.491911 179.149588 0.273610 3.802777
106030014 -0.980139 0.014600 -0.679491 1.192725 124.729024 179.146594 0.274256 3.805286
106030015 -0.976687 0.014600 -0.683108 1.191960 124.966446 179.143579 0.274896 3.807733
106030016 -0.973236 0.014600 -0.686726 1.191215 125.204169 179.140542 0.275530 3.810118
106030017 -0.969784 0.014600 -0.690343 1.190491 125.442185 179.137483 0.276158 3.812441
106030018 -0.966333 0.014600 -0.693961 1.189787 125.680486 179.134403 0.276780 3.814700
106030019 -0.962881 0.014600 -0.697578 1.189104 125.919065 179.131300 0.277395 3.816896
106030020 -0.959429 0.014600 -0.701196 1.188442 126.157915 179.128176 0.278005 3.819028
106030021 -0.955978 0.014600 -0.704813 1.187800 126.397027 179.125028 0.278608 3.821096
106030022 -0.952526 0.014600 -0.708431 1.187179 126.636392 179.121858 0.279204 3.823100
106030023 -0.949075 0.014600 -0.712048 1.186578 126.876005 179.118665 0.279794 3.825039
106030024 -0.945623 0.014600 -0.715666 1.185999 127.115855 179.115449 0.280377 3.826912
106030025 -0.942171 0.014600 -0.719283 1.185440 127.355936 179.112209 0.280954 3.828721
106030026 -0.938720 0.014600 -0.722901 1.184902 127.596239 179.108945 0.281525 3.830464
106030027 -0.935268 0.014600 -0.726518 1.184385 127.836755 179.105657 0.282088 3.832142
106030028 -0.931816 0.014600 -0.730136 1.183889 128.077478 179.102345 0.282645 3.833753
106030029 -0.928365 0.014600 -0.733753 1.183414 128.318398 179.099008 0.283195 3.835297
106030030 -0.924913 0.014600 -0.737371 1.182960 128.559507 179.095646 0.283738 3.836776
106030031 -0.921462 0.014600 -0.740988 1.182526 128.800797 179.092259 0.284274 3.838187
106030032 -0.918010 0.014600 -0.744606 1.182114 129.042260 179.088847 0.284804 3.839531
106030033 -0.914558 0.014600 -0.748223 1.181723 129.283887 179.085408 0.285326 3.840808
106030034 -0.911107 0.014600 -0.751841 1.181352 129.525669 179.081944 0.285841 3.842018
106030035 -0.907655 0.014600 -0.755458 1.181003 129.767599 179.078454 0.286349 3.843160
106030036 -0.904204 0.014600 -0.759076 1.180675 130.009667 179.074936 0.286851 3.844234
106030037 -0.900752 0.014600 -0.762693 1.180368 130.251865 179.071392 0.287345 3.845240
106030038 -0.897300 0.014600 -0.766311 1.180082 130.494185 179.067821 0.287831 3.846178
106030039 -0.893849 0.014600 -0.769928 1.179817 130.736618 179.064222 0.288311 3.847047
106030040 -0.890397 0.014600 -0.773546 1.179573 130.979156 179.060595 0.288783 3.847848
106030041 -0.886945 0.014600 -0.777163 1.179351 131.221789 179.056940 0.289248 3.848581
106030042 -0.883494 0.014600 -0.780781 1.179149 131.464510 179.053256 0.289706 3.849245
106030043 -0.880042 0.014600 -0.784398 1.178969 131.707308 179.049544 0.290157 3.849840
106030044 -0.876591 0.014600 -0.788016 1.178810 131.950177 179.045802 0.290600 3.850366
106030045 -0.873139 0.014600 -0.791633 1.178672 132.193107 179.042031 0.291036 3.850823
106030046 -0.869687 0.014600 -0.795251 1.178556 132.436089 179.038229 0.291464 3.851211
106030047 -0.866236 0.014600 -0.798868 1.178460 132.679114 179.034398 0.291885 3.851530
106030048 -0.862784 0.014600 -0.802486 1.178386 132.922175 179.030536 0.292299 3.851779
106030049 -0.859333 0.014600 -0.806103 1.178333 133.165261 179.026642 0.292705 3.851960
106030050 -0.855881 0.014600 -0.809721 1.178301 133.408365 179.022718 0.293103 3.852071
106030051 -0.852429 0.014600 -0.813338 1.178290 133.651478 179.018761 0.293495 3.852113
106030052 -0.848978 0.014600 -0.816956 1.178301 133.894590 179.014773 0.293879 3.852086
106030053 -0.845526 0.014600 -0.820573 1.178333 134.137694 179.010752 0.294255 3.851989
106030054 -0.842074 0.014600 -0.824191 1.178386 134.380780 179.006698 0.294624 3.851823
106030055 -0.838623 0.014600 -0.827808 1.178460 134.623839 179.002610 0.294986 3.851588
106030056 -0.835171 0.014600 -0.831426 1.178556 134.866864 178.998489 0.295340 3.851284
106030057 -0.831720 0.014600 -0.835043 1.178672 135.109844 178.994334 0.295686 3.850910
106030058 -0.828268 0.014600 -0.838661 1.178810 135.352772 178.990144 0.296026 3.850468
106030059 -0.824816 0.014600 -0.842278 1.178969 135.595639 178.985918 0.296357 3.849957
106030060 -0.821365 0.014600 -0.845896 1.179149 135.838435 178.981658 0.296682 3.849376
106030061 -0.817913 0.014600 -0.849513 1.179351 136.081153 178.977361 0.296999 3.848727
106030062 -0.814462 0.014600 -0.853131 1.179573 136.323783 178.973028 0.297309 3.848009
106030063 -0.811010 0.014600 -0.856748 1.179817 136.566318 178.968659 0.297611 3.847223
106030064 -0.807558 0.014600 -0.860366 1.180082 136.808747 178.964252 0.297906 3.846368
106030065 -0.804107 0.014600 -0.863983 1.180368 137.051064 178.959807 0.298194 3.845444
106030066 -0.800655 0.014600 -0.867601 1.180675 137.293258 178.955323 0.298474 3.844453
106030067 -0.797203 0.014600 -0.871218 1.181003 137.535322 178.950801 0.298747 3.843393
106030068 -0.793752 0.014600 -0.874836 1.181352 137.777247 178.946240 0.299013 3.842266
106030069 -0.790300 0.014600 -0.878453 1.181723 138.019025 178.941639 0.299272 3.841071
106030070 -0.786849 0.014600 -0.882071 1.182114 138.260646 178.936997 0.299524 3.839809
106030071 -0.783397 0.014600 -0.885688 1.182526 138.502104 178.932315 0.299768 3.838479
106030072 -0.779945 0.014600 -0.889306 1.182959 138.743388 178.927591 0.300006 3.837082
106030073 -0.776494 0.014600 -0.892923 1.183414 138.984491 178.922825 0.300236 3.835618
106030074 -0.773042 0.014600 -0.896541 1.183889 139.225405 178.918016 0.300460 3.834088
106030075 -0.769591 0.014600 -0.900159 1.184385 139.466121 178.913165 0.300676 3.832492
106030076 -0.766139 0.014600 -0.903776 1.184902 139.706631 178.908270 0.300886 3.830829
106030077 -0.762687 0.014600 -0.907394 1.185440 139.946927 178.903330 0.301089 3.829100
106030078 -0.759236 0.014600 -0.911011 1.185999 140.187000 178.898346 0.301285 3.827306
106030079 -0.755784 0.014600 -0.914629 1.186578 140.426843 178.893316 0.301474 3.825447
106030080 -0.752332 0.014600 -0.918246 1.187179 140.666447 178.888240 0.301657 3.823522
106030081 -0.748881 0.014600 -0.921864 1.187800 140.905805 178.883117 0.301833 3.821533
106030082 -0.745429 0.014600 -0.925481 1.188441 141.144908 178.877946 0.302003 3.819480
106030083 -0.741978 0.014600 -0.929099 1.189104 141.383748 178.872728 0.302166 3.817362
106030084 -0.738526 0.014600 -0.932716 1.189787 141.622318 178.867461 0.302323 3.815181
106030085 -0.735074 0.014600 -0.936334 1.190491 141.860610 178.862144 0.302473 3.812936
106030086 -0.731623 0.014600 -0.939951 1.191215 142.098617 178.856778 0.302618 3.810628
106030087 -0.728171 0.014600 -0.943569 1.191960 142.336329 178.851360 0.302756 3.808257
106030088 -0.724719 0.014600 -0.947186 1.192725 142.573741 178.845891 0.302888 3.805825
106030089 -0.721268 0.014600 -0.950804 1.193511 142.810843 178.840370 0.303013 3.803330
106030090 -0.717816 0.014600 -0.954421 1.194317 143.047629 178.834795 0.303133 3.800773
106030091 -0.714365 0.014600 -0.958039 1.195143 143.284092 178.829167 0.303248 3.798156
106030092 -0.710913 0.014600 -0.961656 1.195990 143.520223 178.823484 0.303356 3.795477
106030093 -0.707461 0.014600 -0.965274 1.196858 143.756016 178.817745 0.303459 3.792738
106030094 -0.704010 0.014600 -0.968891 1.197745 143.991464 178.811951 0.303556 3.789939
106030095 -0.700558 0.014600 -0.972509 1.198653 144.226558 178.806099 0.303648 3.787081
106030096 -0.697107 0.014600 -0.976126 1.199580 144.461292 178.800189 0.303734 3.784163
106030097 -0.693655 0.014600 -0.979744 1.200528 144.695660 178.794221 0.303815 3.781187
106030098 -0.690203 0.014600 -0.983361 1.201496 144.929653 178.788192 0.303890 3.778152
106030099 -0.686752 0.014600 -0.986979 1.202484 145.163266 178.782104 0.303961 3.775060
106030100 -0.683300 0.014600 -0.990596 1.203492 145.396490 178.775953 0.304027 3.771910
106030101 -1.025010 0.041000 -0.632463 1.205129 121.655413 177.709413 0.316031 3.767756
106030102 -1.021558 0.041000 -0.636081 1.204102 121.888064 177.701681 0.317291 3.770971
106030103 -1.018107 0.041000 -0.639698 1.203094 122.121108 177.693898 0.318551 3.774128
106030104 -1.014655 0.041000 -0.643316 1.202107 122.354539 177.686062 0.319808 3.777228
106030105 -1.011204 0.041000 -0.646933 1.201140 122.588349 177.678172 0.321063 3.780270
106030106 -1.007752 0.041000 -0.650551 1.200192 122.822531 177.670228 0.322316 3.783254
106030107 -1.004300 0.041000 -0.654168 1.199265 123.057080 177.662230 0.323567 3.786179
106030108 -1.000849 0.041000 -0.657786 1.198358 123.291986 177.654177 0.324815 3.789045
106030109 -0.997397 0.041000 -0.661403 1.197471 123.527244 177.646068 0.326062 3.791852
106030110 -0.993946 0.041000 -0.665021 1.196604 123.762847 177.637903 0.327306 3.794598
106030111 -0.990494 0.041000 -0.668638 1.195758 123.998786 177.629681 0.328547 3.797284
106030112 -0.987042 0.041000 -0.672256 1.194931 124.235055 177.621402 0.329786 3.799909
106030113 -0.983591 0.041000 -0.675873 1.194126 124.471646 177.613064 0.331022 3.802473
106030114 -0.980139 0.041000 -0.679491 1.193340 124.708553 177.604668 0.332255 3.804975
106030115 -0.976687 0.041000 -0.683108 1.192575 124.945766 177.596213 0.333485 3.807415
106030116 -0.973236 0.041000 -0.686726 1.191831 125.183280 177.587698 0.334713 3.809793
106030117 -0.969784 0.041000 -0.690343 1.191107 125.421085 177.579122 0.335937 3.812108
106030118 -0.966333 0.041000 -0.693961 1.190404 125.659175 177.570486 0.337159 3.814360
106030119 -0.962881 0.041000 -0.697578 1.189721 125.897542 177.561787 0.338377 3.816548
106030120 -0.959429 0.041000 -0.701196 1.189059 126.136178 177.553026 0.339592 3.818673
106030121 -0.955978 0.041000 -0.704813 1.188418 126.375075 177.544202 0.340804 3.820733
106030122 -0.952526 0.041000 -0.708431 1.187797 126.614225 177.535314 0.342012 3.822729
106030123 -0.949075 0.041000 -0.712048 1.187197 126.853621 177.526362 0.343217 3.824661
106030124 -0.945623 0.041000 -0.715666 1.186618 127.093254 177.517344 0.344418 3.826527
106030125 -0.942171 0.041000 -0.719283 1.186059 127.333115 177.508260 0.345616 3.828328
106030126 -0.938720 0.041000 -0.722901 1.185521 127.573198 177.499110 0.346810 3.830063
106030127 -0.935268 0.041000 -0.726518 1.185005 127.813494 177.489892 0.348000 3.831733
106030128 -0.931816 0.041000 -0.730136 1.184509 128.053995 177.480606 0.349186 3.833336
106030129 -0.928365 0.041000 -0.733753 1.184034 128.294692 177.471251 0.350369 3.834873
106030130 -0.924913 0.041000 -0.737371 1.183580 128.535577 177.461827 0.351547 3.836343
106030131 -0.921462 0.041000 -0.740988 1.183147 128.776642 177.452332 0.352722 3.837746
106030132 -0.918010 0.041000 -0.744606 1.182735 129.017878 177.442765 0.353892 3.839083
106030133 -0.914558 0.041000 -0.748223 1.182343 129.259278 177.433127 0.355059 3.840351
106030134 -0.911107 0.041000 -0.751841 1.181973 129.500832 177.423416 0.356221 3.841553
106030135 -0.907655 0.041000 -0.755458 1.181624 129.742533 177.413631 0.357379 3.842686
106030136 -0.904204 0.041000 -0.759076 1.181296 129.984371 177.403772 0.358533 3.843752
106030137 -0.900752 0.041000 -0.762693 1.180989 130.226338 177.393837 0.359682 3.844749
106030138 -0.897300 0.041000 -0.766311 1.180704 130.468426 177.383826 0.360827 3.845679
106030139 -0.893849 0.041000 -0.769928 1.180439 130.710626 177.373737 0.361968 3.846539
106030140 -0.890397 0.041000 -0.773546 1.180195 130.952930 177.363571 0.363104 3.847332
106030141 -0.886945 0.041000 -0.777163 1.179973 131.195328 177.353326 0.364236 3.848055
106030142 -0.883494 0.041000 -0.780781 1.179772 131.437812 177.343000 0.365363 3.848710
106030143 -0.880042 0.041000 -0.784398 1.179591 131.680374 177.332594 0.366485 3.849296
106030144 -0.876591 0.041000 -0.788016 1.179433 131.923005 177.322107 0.367603 3.849813
106030145 -0.873139 0.041000 -0.791633 1.179295 132.165696 177.311536 0.368717 3.850261
106030146 -0.869687 0.041000 -0.795251 1.179178 132.408438 177.300882 0.369826 3.850639
106030147 -0.866236 0.041000 -0.798868 1.179083 132.651222 177.290143 0.370930 3.850949
106030148 -0.862784 0.041000 -0.802486 1.179008 132.894041 177.279318 0.372029 3.851189
106030149 -0.859333 0.041000 -0.806103 1.178955 133.136885 177.268407 0.373123 3.851360
106030150 -0.855881 0.041000 -0.809721 1.178924 133.379745 177.257408 0.374213 3.851461
106030151 -0.852429 0.041000 -0.813338 1.178913 133.622613 177.246319 0.375298 3.851493
106030152 -0.848978 0.041000 -0.816956 1.178924 133.865480 177.235141 0.376379 3.851456
106030153 -0.845526 0.041000 -0.820573 1.178955 134.108337 177.223872 0.377454 3.851349
106030154 -0.842074 0.041000 -0.824191 1.179008 134.351176 177.212511 0.378525 3.851173
106030155 -0.838623 0.041000 -0.827808 1.179083 134.593987 177.201056 0.379591 3.850927
106030156 -0.835171 0.041000 -0.831426 1.179178 134.836762 177.189507 0.380652 3.850612
106030157 -0.831720 0.041000 -0.835043 1.179295 135.079492 177.177863 0.381708 3.850228
106030158 -0.828268 0.041000 -0.838661 1.179432 135.322169 177.166121 0.382760 3.849775
106030159 -0.824816 0.041000 -0.842278 1.179591 135.564783 177.154282 0.383806 3.849253
106030160 -0.821365 0.041000 -0.845896 1.179772 135.807327 177.142343 0.384848 3.848661
106030161 -0.817913 0.041000 -0.849513 1.179973 136.049790 177.130304 0.385886 3.848001
106030162 -0.814462 0.041000 -0.853131 1.180195 136.292166 177.118163 0.386918 3.847271
106030163 -0.811010 0.041000 -0.856748 1.180439 136.534444 177.105918 0.387946 3.846473
106030164 -0.807558 0.041000 -0.860366 1.180704 136.776617 177.093570 0.388969 3.845606
106030165 -0.804107 0.041000 -0.863983 1.180989 137.018676 177.081116 0.389987 3.844671
106030166 -0.800655 0.041000 -0.867601 1.181296 137.260612 177.068554 0.391001 3.843667
106030167 -0.797203 0.041000 -0.871218 1.181624 137.502416 177.055884 0.392010 3.842595
106030168 -0.793752 0.041000 -0.874836 1.181973 137.744081 177.043105 0.393014 3.841456
106030169 -0.790300 0.041000 -0.878453 1.182343 137.985597 177.030214 0.394014 3.840248
106030170 -0.786849 0.041000 -0.882071 1.182735 138.226956 177.017210 0.395010 3.838972
106030171 -0.783397 0.041000 -0.885688 1.183147 138.468150 177.004091 0.396001 3.837629
106030172 -0.779945 0.041000 -0.889306 1.183580 138.709170 176.990858 0.396987 3.836219
106030173 -0.776494 0.041000 -0.892923 1.184034 138.950008 176.977506 0.397970 3.834742
106030174 -0.773042 0.041000 -0.896541 1.184509 139.190656 176.964036 0.398947 3.833198
106030175 -0.769591 0.041000 -0.900159 1.185005 139.431105 176.950445 0.399921 3.831587
106030176 -0.766139 0.041000 -0.903776 1.185521 139.671347 176.936733 0.400891 3.829910
106030177 -0.762687 0.041000 -0.907394 1.186059 139.911373 176.922896 0.401856 3.828167
106030178 -0.759236 0.041000 -0.911011 1.186617 140.151177 176.908934 0.402817 3.826358
106030179 -0.755784 0.041000 -0.914629 1.187197 140.390748 176.894845 0.403775 3.824483
106030180 -0.752332 0.041000 -0.918246 1.187797 140.630081 176.880627 0.404728 3.822544
106030181 -0.748881 0.041000 -0.921864 1.188417 140.869165 176.866278 0.405678 3.820539
106030182 -0.745429 0.041000 -0.925481 1.189059 141.107994 176.851797 0.406623 3.818469
106030183 -0.741978 0.041000 -0.929099 1.189721 141.346560 176.837182 0.407566 3.816336
106030184 -0.738526 0.041000 -0.932716 1.190404 141.584854 176.822430 0.408504 3.814138
106030185 -0.735074 0.041000 -0.936334 1.191107 141.822869 176.807540 0.409439 3.811876
106030186 -0.731623 0.041000 -0.939951 1.191831 142.060598 176.792510 0.410371 3.809551
106030187 -0.728171 0.041000 -0.943569 1.192575 142.298031 176.777338 0.411300 3.807163
106030188 -0.724719 0.041000 -0.947186 1.193340 142.535162 176.762022 0.412225 3.804713
106030189 -0.721268 0.041000 -0.950804 1.194126 142.771984 176.746560 0.413148 3.802200
106030190 -0.717816 0.041000 -0.954421 1.194931 143.008488 176.730950 0.414067 3.799625
106030191 -0.714365 0.041000 -0.958039 1.195757 143.244667 176.715189 0.414983 3.796988
106030192 -0.710913 0.041000 -0.961656 1.196604 143.480514 176.699276 0.415897 3.794291
106030193 -0.707461 0.041000 -0.965274 1.197471 143.716022 176.683208 0.416809 3.791532
106030194 -0.704010 0.041000 -0.968891 1.198358 143.951182 176.666983 0.417717 3.788714
106030195 -0.700558 0.041000 -0.972509 1.199265 144.185989 176.650599 0.418624 3.785835
106030196 -0.697107 0.041000 -0.976126 1.200192 144.420435 176.634053 0.419528 3.782897
106030197 -0.693655 0.041000 -0.979744 1.201139 144.654512 176.617343 0.420430 3.779899
106030198 -0.690203 0.041000 -0.983361 1.202107 144.888214 176.600466 0.421331 3.776843
106030199 -0.686752 0.041000 -0.986979 1.203094 145.121534 176.583420 0.422229 3.773729
106030200 -0.683300 0.041000 -0.990596 1.204102 145.354465 176.566203 0.423126 3.770556
106030201 -1.025010 0.067400 -0.632463 1.206316 121.620667 176.237906 0.366072 3.763245
106030202 -1.021558 0.067400 -0.636081 1.205290 121.852942 176.225232 0.367876 3.766429
106030203 -1.018107 0.067400 -0.639698 1.204283 122.085608 176.212471 0.369680 3.769557
106030204 -1.014655 0.067400 -0.643316 1.203297 122.318658 176.199625 0.371486 3.772626
106030205 -1.011204 0.067400 -0.646933 1.202330 122.552085 176.186691 0.373293 3.775638
106030206 -1.007752 0.067400 -0.650551 1.201384 122.785883 176.173669 0.375102 3.778591
106030207 -1.004300 0.067400 -0.654168 1.200457 123.020044 176.160558 0.376911 3.781486
106030208 -1.000849 0.067400 -0.657786 1.199551 123.254561 176.147356 0.378721 3.784321
106030209 -0.997397 0.067400 -0.661403 1.198665 123.489428 176.134064 0.380532 3.787096
106030210 -0.993946 0.067400 -0.665021 1.197799 123.724636 176.120680 0.382343 3.789811
106030211 -0.990494 0.067400 -0.668638 1.196954 123.960180 176.107203 0.384155 3.792466
106030212 -0.987042 0.067400 -0.672256 1.196128 124.196051 176.093632 0.385967 3.795059
106030213 -0.983591 0.067400 -0.675873 1.195323 124.432242 176.079967 0.387780 3.797592
106030214 -0.980139 0.067400 -0.679491 1.194539 124.668746 176.066206 0.389593 3.800062
106030215 -0.976687 0.067400 -0.683108 1.193775 124.905555 176.052347 0.391407 3.802470
106030216 -0.973236 0.067400 -0.686726 1.193031 125.142662 176.038391 0.393220 3.804816
106030217 -0.969784 0.067400 -0.690343 1.192308 125.380059 176.024337 0.395034 3.807099
106030218 -0.966333 0.067400 -0.693961 1.191605 125.617739 176.010182 0.396847 3.809319
106030219 -0.962881 0.067400 -0.697578 1.190923 125.855693 175.995926 0.398660 3.811475
106030220 -0.959429 0.067400 -0.701196 1.190262 126.093914 175.981568 0.400473 3.813567
106030221 -0.955978 0.067400 -0.704813 1.189621 126.332394 175.967107 0.402286 3.815595
106030222 -0.952526 0.067400 -0.708431 1.189001 126.571125 175.952542 0.404098 3.817558
106030223 -0.949075 0.067400 -0.712048 1.188401 126.810100 175.937871 0.405909 3.819456
106030224 -0.945623 0.067400 -0.715666 1.187823 127.049309 175.923094 0.407720 3.821289
106030225 -0.942171 0.067400 -0.719283 1.187265 127.288746 175.908209 0.409531 3.823057
106030226 -0.938720 0.067400 -0.722901 1.186728 127.528402 175.893215 0.411340 3.824759
106030227 -0.935268 0.067400 -0.726518 1.186212 127.768269 175.878111 0.413149 3.826394
106030228 -0.931816 0.067400 -0.730136 1.185716 128.008338 175.862896 0.414956 3.827964
106030229 -0.928365 0.067400 -0.733753 1.185242 128.248602 175.847568 0.416763 3.829467
106030230 -0.924913 0.067400 -0.737371 1.184788 128.489052 175.832126 0.418569 3.830903
106030231 -0.921462 0.067400 -0.740988 1.184355 128.729680 175.816570 0.420373 3.832271
106030232 -0.918010 0.067400 -0.744606 1.183944 128.970478 175.800896 0.422176 3.833573
106030233 -0.914558 0.067400 -0.748223 1.183553 129.211436 175.785106 0.423978 3.834807
106030234 -0.911107 0.067400 -0.751841 1.183183 129.452548 175.769196 0.425778 3.835973
106030235 -0.907655 0.067400 -0.755458 1.182835 129.693803 175.753166 0.427577 3.837071
106030236 -0.904204 0.067400 -0.759076 1.182507 129.935195 175.737014 0.429375 3.838102
106030237 -0.900752 0.067400 -0.762693 1.182200 130.176713 175.720739 0.431171 3.839063
106030238 -0.897300 0.067400 -0.766311 1.181915 130.418350 175.704340 0.432965 3.839957
106030239 -0.893849 0.067400 -0.769928 1.181650 130.660098 175.687814 0.434758 3.840782
106030240 -0.890397 0.067400 -0.773546 1.181407 130.901947 175.671162 0.436548 3.841537
106030241 -0.886945 0.067400 -0.777163 1.181185 131.143889 175.654380 0.438337 3.842224
106030242 -0.883494 0.067400 -0.780781 1.180984 131.385915 175.637468 0.440125 3.842842
106030243 -0.880042 0.067400 -0.784398 1.180804 131.628017 175.620424 0.441910 3.843391
106030244 -0.876591 0.067400 -0.788016 1.180645 131.870185 175.603247 0.443693 3.843871
106030245 -0.873139 0.067400 -0.791633 1.180507 132.112412 175.585935 0.445475 3.844281
106030246 -0.869687 0.067400 -0.795251 1.180391 132.354689 175.568486 0.447254 3.844622
106030247 -0.866236 0.067400 -0.798868 1.180296 132.597006 175.550899 0.449031 3.844893
106030248 -0.862784 0.067400 -0.802486 1.180222 132.839355 175.533172 0.450806 3.845095
106030249 -0.859333 0.067400 -0.806103 1.180169 133.081728 175.515303 0.452579 3.845227
106030250 -0.855881 0.067400 -0.809721 1.180137 133.324115 175.497291 0.454350 3.845289
106030251 -0.852429 0.067400 -0.813338 1.180126 133.566508 175.479135 0.456119 3.845282
106030252 -0.848978 0.067400 -0.816956 1.180137 133.808899 175.460831 0.457886 3.845205
106030253 -0.845526 0.067400 -0.820573 1.180169 134.051277 175.442379 0.459650 3.845058
106030254 -0.842074 0.067400 -0.824191 1.180221 134.293635 175.423777 0.461412 3.844842
106030255 -0.838623 0.067400 -0.827808 1.180296 134.535964 175.405023 0.463172 3.844556
106030256 -0.835171 0.067400 -0.831426 1.180391 134.778256 175.386114 0.464929 3.844200
106030257 -0.831720 0.067400 -0.835043 1.180507 135.020500 175.367050 0.466684 3.843775
106030258 -0.828268 0.067400 -0.838661 1.180645 135.262689 175.347828 0.468437 3.843280
106030259 -0.824816 0.067400 -0.842278 1.180804 135.504815 175.328446 0.470188 3.842716
106030260 -0.821365 0.067400 -0.845896 1.180984 135.746867 175.308902 0.471937 3.842082
106030261 -0.817913 0.067400 -0.849513 1.181185 135.988838 175.289194 0.473683 3.841379
106030262 -0.814462 0.067400 -0.853131 1.181407 136.230719 175.269321 0.475427 3.840606
106030263 -0.811010 0.067400 -0.856748 1.181650 136.472501 175.249279 0.477169 3.839764
106030264 -0.807558 0.067400 -0.860366 1.181915 136.714176 175.229067 0.478908 3.838854
106030265 -0.804107 0.067400 -0.863983 1.182200 136.955734 175.208683 0.480646 3.837874
106030266 -0.800655 0.067400 -0.867601 1.182507 137.197168 175.188125 0.482381 3.836826
106030267 -0.797203 0.067400 -0.871218 1.182835 137.438469 175.167390 0.484114 3.835708
106030268 -0.793752 0.067400 -0.874836 1.183183 137.679628 175.146475 0.485845 3.834523
106030269 -0.790300 0.067400 -0.878453 1.183553 137.920637 175.125380 0.487574 3.833269
106030270 -0.786849 0.067400 -0.882071 1.183944 138.161488 175.104100 0.489301 3.831947
106030271 -0.783397 0.067400 -0.885688 1.184355 138.402171 175.082634 0.491026 3.830557
106030272 -0.779945 0.067400 -0.889306 1.184788 138.642679 175.060980 0.492749 3.829099
106030273 -0.776494 0.067400 -0.892923 1.185242 138.883002 175.039135 0.494471 3.827573
106030274 -0.773042 0.067400 -0.896541 1.185716 139.123134 175.017096 0.496190 3.825981
106030275 -0.769591 0.067400 -0.900159 1.186211 139.363065 174.994861 0.497908 3.824321
106030276 -0.766139 0.067400 -0.903776 1.186728 139.602787 174.972427 0.499624 3.822594
106030277 -0.762687 0.067400 -0.907394 1.187265 139.842292 174.949792 0.501339 3.820800
106030278 -0.759236 0.067400 -0.911011 1.187823 140.081571 174.926952 0.503052 3.818940
106030279 -0.755784 0.067400 -0.914629 1.188401 140.320618 174.903906 0.504764 3.817014
106030280 -0.752332 0.067400 -0.918246 1.189001 140.559423 174.880649 0.506474 3.815022
106030281 -0.748881 0.067400 -0.921864 1.189621 140.797978 174.857180 0.508183 3.812965
106030282 -0.745429 0.067400 -0.925481 1.190262 141.036276 174.833496 0.509891 3.810842
106030283 -0.741978 0.067400 -0.929099 1.190923 141.274309 174.809593 0.511598 3.808654
106030284 -0.738526 0.067400 -0.932716 1.191605 141.512068 174.785468 0.513305 3.806401
106030285 -0.735074 0.067400 -0.936334 1.192308 141.749547 174.761118 0.515010 3.804084
106030286 -0.731623 0.067400 -0.939951 1.193031 141.986736 174.736541 0.516715 3.801703
106030287 -0.728171 0.067400 -0.943569 1.193775 142.223629 174.711733 0.518419 3.799258
106030288 -0.724719 0.067400 -0.947186 1.194539 142.460217 174.686690 0.520122 3.796750
106030289 -0.721268 0.067400 -0.950804 1.195323 142.696494 174.661410 0.521826 3.794178
106030290 -0.717816 0.067400 -0.954421 1.196128 142.932451 174.635889 0.523529 3.791544
106030291 -0.714365 0.067400 -0.958039 1.196953 143.168081 174.610123 0.525232 3.788848
106030292 -0.710913 0.067400 -0.961656 1.197799 143.403377 174.584110 0.526936 3.786089
106030293 -0.707461 0.067400 -0.965274 1.198665 143.638332 174.557844 0.528639 3.783269
106030294 -0.704010 0.067400 -0.968891 1.199551 143.872937 174.531324 0.530343 3.780388
106030295 -0.700558 0.067400 -0.972509 1.200457 144.107186 174.504545 0.532048 3.777446
106030296 -0.697107 0.067400 -0.976126 1.201384 144.341072 174.477502 0.533753 3.774443
106030297 -0.693655 0.067400 -0.979744 1.202330 144.574588 174.450194 0.535460 3.771380
106030298 -0.690203 0.067400 -0.983361 1.203297 144.807726 174.422614 0.537167 3.768258
106030299 -0.686752 0.067400 -0.986979 1.204283 145.040479 174.394761 0.538876 3.765076
106030300 -0.683300 0.067400 -0.990596 1.205289 145.272842 174.366628 0.540587 3.761835
106030301 -1.025010 0.093800 -0.632463 1.208079 121.569211 174.771352 0.415307 3.754491
106030302 -1.021558 0.093800 -0.636081 1.207054 121.800930 174.753784 0.417643 3.757622
106030303 -1.018107 0.093800 -0.639698 1.206049 122.033036 174.736098 0.419983 3.760696
106030304 -1.014655 0.093800 -0.643316 1.205064 122.265523 174.718293 0.422327 3.763712
106030305 -1.011204 0.093800 -0.646933 1.204099 122.498384 174.700367 0.424676 3.766670
106030306 -1.007752 0.093800 -0.650551 1.203154 122.731612 174.682319 0.427028 3.769570
106030307 -1.004300 0.093800 -0.654168 1.202229 122.965201 174.664148 0.429385 3.772410
106030308 -1.000849 0.093800 -0.657786 1.201324 123.199142 174.645853 0.431746 3.775191
106030309 -0.997397 0.093800 -0.661403 1.200439 123.433430 174.627433 0.434110 3.777911
106030310 -0.993946 0.093800 -0.665021 1.199574 123.668056 174.608886 0.436478 3.780572
106030311 -0.990494 0.093800 -0.668638 1.198730 123.903015 174.590210 0.438850 3.783171
106030312 -0.987042 0.093800 -0.672256 1.197906 124.138297 174.571405 0.441225 3.785710
106030313 -0.983591 0.093800 -0.675873 1.197102 124.373897 174.552470 0.443603 3.788186
106030314 -0.980139 0.093800 -0.679491 1.196319 124.609806 174.533402 0.445985 3.790601
106030315 -0.976687 0.093800 -0.683108 1.195556 124.846018 174.514201 0.448370 3.792954
106030316 -0.973236 0.093800 -0.686726 1.194813 125.082524 174.494864 0.450758 3.795243
106030317 -0.969784 0.093800 -0.690343 1.194091 125.319317 174.475392 0.453148 3.797470
106030318 -0.966333 0.093800 -0.693961 1.193390 125.556389 174.455781 0.455542 3.799633
106030319 -0.962881 0.093800 -0.697578 1.192709 125.793733 174.436031 0.457938 3.801732
106030320 -0.959429 0.093800 -0.701196 1.192048 126.031341 174.416141 0.460337 3.803767
106030321 -0.955978 0.093800 -0.704813 1.191408 126.269205 174.396108 0.462738 3.805738
106030322 -0.952526 0.093800 -0.708431 1.190789 126.507317 174.375932 0.465142 3.807643
106030323 -0.949075 0.093800 -0.712048 1.190191 126.745670 174.355610 0.467548 3.809484
106030324 -0.945623 0.093800 -0.715666 1.189613 126.984254 174.335141 0.469957 3.811259
106030325 -0.942171 0.093800 -0.719283 1.189056 127.223063 174.314524 0.472367 3.812968
106030326 -0.938720 0.093800 -0.722901 1.188519 127.462087 174.293756 0.474779 3.814611
106030327 -0.935268 0.093800 -0.726518 1.188004 127.701320 174.272837 0.477194 3.816188
106030328 -0.931816 0.093800 -0.730136 1.187509 127.940752 174.251764 0.479610 3.817698
106030329 -0.928365 0.093800 -0.733753 1.187036 128.180376 174.230537 0.482028 3.819141
106030330 -0.924913 0.093800 -0.737371 1.186583 128.420183 174.209152 0.484447 3.820517
106030331 -0.921462 0.093800 -0.740988 1.186151 128.660166 174.187609 0.486868 3.821826
106030332 -0.918010 0.093800 -0.744606 1.185740 128.900314 174.165905 0.489291 3.823067
106030333 -0.914558 0.093800 -0.748223 1.185350 129.140622 174.144040 0.491715 3.824241
106030334 -0.911107 0.093800 -0.751841 1.184980 129.381079 174.122010 0.494140 3.825346
106030335 -0.907655 0.093800 -0.755458 1.184632 129.621677 174.099815 0.496566 3.826383
106030336 -0.904204 0.093800 -0.759076 1.184305 129.862408 174.077452 0.498994 3.827351
106030337 -0.900752 0.093800 -0.762693 1.183999 130.103264 174.054919 0.501422 3.828251
106030338 -0.897300 0.093800 -0.766311 1.183714 130.344236 174.032215 0.503852 3.829082
106030339 -0.893849 0.093800 -0.769928 1.183450 130.585315 174.009338 0.506282 3.829844
106030340 -0.890397 0.093800 -0.773546 1.183207 130.826492 173.986285 0.508713 3.830537
106030341 -0.886945 0.093800 -0.777163 1.182985 131.067760 173.963055 0.511145 3.831161
106030342 -0.883494 0.093800 -0.780781 1.182784 131.309110 173.939645 0.513578 3.831715
106030343 -0.880042 0.093800 -0.784398 1.182605 131.550532 173.916053 0.516011 3.832199
106030344 -0.876591 0.093800 -0.788016 1.182446 131.792018 173.892278 0.518445 3.832614
106030345 -0.873139 0.093800 -0.791633 1.182309 132.033560 173.868317 0.520879 3.832960
106030346 -0.869687 0.093800 -0.795251 1.182192 132.275149 173.844168 0.523314 3.833235
106030347 -0.866236 0.093800 -0.798868 1.182097 132.516776 173.819829 0.525750 3.833440
106030348 -0.862784 0.093800 -0.802486 1.182023 132.758433 173.795298 0.528185 3.833576
106030349 -0.859333 0.093800 -0.806103 1.181970 133.000110 173.770571 0.530621 3.833641
106030350 -0.855881 0.093800 -0.809721 1.181938 133.241798 173.745648 0.533058 3.833636
106030351 -0.852429 0.093800 -0.813338 1.181928 133.483491 173.720525 0.535494 3.833561
106030352 -0.848978 0.093800 -0.816956 1.181938 133.725177 173.695200 0.537931 3.833416
106030353 -0.845526 0.093800 -0.820573 1.181970 133.966849 173.669671 0.540368 3.833201
106030354 -0.842074 0.093800 -0.824191 1.182023 134.208499 173.643935 0.542805 3.832916
106030355 -0.838623 0.093800 -0.827808 1.182097 134.450116 173.617990 0.545242 3.832560
106030356 -0.835171 0.093800 -0.831426 1.182192 134.691693 173.591833 0.547680 3.832134
106030357 -0.831720 0.093800 -0.835043 1.182309 134.933221 173.565462 0.550117 3.831638
106030358 -0.828268 0.093800 -0.838661 1.182446 135.174691 173.538874 0.552555 3.831072
106030359 -0.824816 0.093800 -0.842278 1.182605 135.416094 173.512066 0.554993 3.830436
106030360 -0.821365 0.093800 -0.845896 1.182784 135.657422 173.485036 0.557430 3.829729
106030361 -0.817913 0.093800 -0.849513 1.182985 135.898666 173.457781 0.559868 3.828953
106030362 -0.814462 0.093800 -0.853131 1.183207 136.139817 173.430297 0.562306 3.828107
106030363 -0.811010 0.093800 -0.856748 1.183450 136.380866 173.402583 0.564744 3.827191
106030364 -0.807558 0.093800 -0.860366 1.183714 136.621806 173.374635 0.567182 3.826206
106030365 -0.804107 0.093800 -0.863983 1.183999 136.862627 173.346450 0.569621 3.825151
106030366 -0.800655 0.093800 -0.867601 1.184305 137.103321 173.318025 0.572059 3.824026
106030367 -0.797203 0.093800 -0.871218 1.184632 137.343879 173.289358 0.574498 3.822832
106030368 -0.793752 0.093800 -0.874836 1.184980 137.584293 173.260445 0.576937 3.821569
106030369 -0.790300 0.093800 -0.878453 1.185349 137.824554 173.231282 0.579376 3.820237
106030370 -0.786849 0.093800 -0.882071 1.185740 138.064654 173.201868 0.581815 3.818836
106030371 -0.783397 0.093800 -0.885688 1.186151 138.304584 173.172198 0.584255 3.817366
106030372 -0.779945 0.093800 -0.889306 1.186583 138.544336 173.142269 0.586695 3.815828
106030373 -0.776494 0.093800 -0.892923 1.187036 138.783901 173.112077 0.589136 3.814221
106030374 -0.773042 0.093800 -0.896541 1.187509 139.023271 173.081620 0.591577 3.812546
106030375 -0.769591 0.093800 -0.900159 1.188004 139.262439 173.050894 0.594019 3.810804
106030376 -0.766139 0.093800 -0.903776 1.188519 139.501394 173.019895 0.596462 3.808993
106030377 -0.762687 0.093800 -0.907394 1.189056 139.740130 172.988620 0.598905 3.807115
106030378 -0.759236 0.093800 -0.911011 1.189613 139.978639 172.957064 0.601349 3.805169
106030379 -0.755784 0.093800 -0.914629 1.190190 140.216911 172.925225 0.603794 3.803157
106030380 -0.752332 0.093800 -0.918246 1.190789 140.454939 172.893097 0.606240 3.801078
106030381 -0.748881 0.093800 -0.921864 1.191408 140.692714 172.860679 0.608687 3.798932
106030382 -0.745429 0.093800 -0.925481 1.192048 140.930230 172.827964 0.611136 3.796720
106030383 -0.741978 0.093800 -0.929099 1.192708 141.167477 172.794951 0.613585 3.794441
106030384 -0.738526 0.093800 -0.932716 1.193389 141.404448 172.761633 0.616037 3.792098
106030385 -0.735074 0.093800 -0.936334 1.194091 141.641136 172.728008 0.618489 3.789688
106030386 -0.731623 0.093800 -0.939951 1.194813 141.877532 172.694070 0.620944 3.787214
106030387 -0.728171 0.093800 -0.943569 1.195556 142.113628 172.659816 0.623400 3.784674
106030388 -0.724719 0.093800 -0.947186 1.196319 142.349417 172.625241 0.625859 3.782070
106030389 -0.721268 0.093800 -0.950804 1.197102 142.584891 172.590340 0.628319 3.779402
106030390 -0.717816 0.093800 -0.954421 1.197906 142.820043 172.555110 0.630782 3.776670
106030391 -0.714365 0.093800 -0.958039 1.198730 143.054865 172.519544 0.633247 3.773874
106030392 -0.710913 0.093800 -0.961656 1.199574 143.289350 172.483640 0.635715 3.771015
106030393 -0.707461 0.093800 -0.965274 1.200439 143.523490 172.447390 0.638186 3.768093
106030394 -0.704010 0.093800 -0.968891 1.201324 143.757279 172.410792 0.640660 3.765109
106030395 -0.700558 0.093800 -0.972509 1.202228 143.990707 172.373839 0.643137 3.762062
106030396 -0.697107 0.093800 -0.976126 1.203153 144.223770 172.336527 0.645617 3.758954
106030397 -0.693655 0.093800 -0.979744 1.204099 144.456459 172.298851 0.648101 3.755784
106030398 -0.690203 0.093800 -0.983361 1.205064 144.688767 172.260804 0.650589 3.752553
106030399 -0.686752 0.093800 -0.986979 1.206049 144.920687 172.222381 0.653081 3.749261
106030400 -0.683300 0.093800 -0.990596 1.207054 145.152213 172.183578 0.655577 3.745909
106030401 -1.025010 0.120200 -0.632463 1.210415 121.501291 173.311635 0.463505 3.741568
106030402 -1.021558 0.120200 -0.636081 1.209392 121.732276 173.289242 0.466360 3.744624
106030403 -1.018107 0.120200 -0.639698 1.208389 121.963646 173.266700 0.469222 3.747623
106030404 -1.014655 0.120200 -0.643316 1.207406 122.195391 173.244006 0.472091 3.750563
106030405 -1.011204 0.120200 -0.646933 1.206442 122.427507 173.221159 0.474967 3.753445
106030406 -1.007752 0.120200 -0.650551 1.205499 122.659985 173.198159 0.477850 3.756268
106030407 -1.004300 0.120200 -0.654168 1.204576 122.892819 173.175002 0.480740 3.759031
106030408 -1.000849 0.120200 -0.657786 1.203673 123.126002 173.151688 0.483637 3.761735
106030409 -0.997397 0.120200 -0.661403 1.202790 123.359528 173.128215 0.486541 3.764379
106030410 -0.993946 0.120200 -0.665021 1.201927 123.593388 173.104581 0.489451 3.766962
106030411 -0.990494 0.120200 -0.668638 1.201084 123.827575 173.080785 0.492368 3.769483
106030412 -0.987042 0.120200 -0.672256 1.200262 124.062083 173.056824 0.495290 3.771944
106030413 -0.983591 0.120200 -0.675873 1.199460 124.296904 173.032698 0.498220 3.774342
106030414 -0.980139 0.120200 -0.679491 1.198678 124.532030 173.008405 0.501155 3.776678
106030415 -0.976687 0.120200 -0.683108 1.197916 124.767455 172.983943 0.504096 3.778951
106030416 -0.973236 0.120200 -0.686726 1.197175 125.003170 172.959309 0.507043 3.781162
106030417 -0.969784 0.120200 -0.690343 1.196454 125.239168 172.934503 0.509995 3.783309
106030418 -0.966333 0.120200 -0.693961 1.195754 125.475441 172.909522 0.512954 3.785392
106030419 -0.962881 0.120200 -0.697578 1.195075 125.711982 172.884365 0.515917 3.787411
106030420 -0.959429 0.120200 -0.701196 1.194415 125.948783 172.859030 0.518886 3.789365
106030421 -0.955978 0.120200 -0.704813 1.193777 126.185835 172.833515 0.521860 3.791255
106030422 -0.952526 0.120200 -0.708431 1.193159 126.423132 172.807818 0.524840 3.793079
106030423 -0.949075 0.120200 -0.712048 1.192562 126.660666 172.781936 0.527824 3.794838
106030424 -0.945623 0.120200 -0.715666 1.191985 126.898427 172.755869 0.530813 3.796531
106030425 -0.942171 0.120200 -0.719283 1.191429 127.136409 172.729614 0.533807 3.798158
106030426 -0.938720 0.120200 -0.722901 1.190894 127.374603 172.703169 0.536806 3.799718
106030427 -0.935268 0.120200 -0.726518 1.190379 127.613001 172.676531 0.539809 3.801212
106030428 -0.931816 0.120200 -0.730136 1.189886 127.851595 172.649700 0.542816 3.802639
106030429 -0.928365 0.120200 -0.733753 1.189413 128.090377 172.622673 0.545828 3.803998
106030430 -0.924913 0.120200 -0.737371 1.188961 128.329339 172.595447 0.548844 3.805290
106030431 -0.921462 0.120200 -0.740988 1.188530 128.568471 172.568020 0.551864 3.806514
106030432 -0.918010 0.120200 -0.744606 1.188120 128.807767 172.540391 0.554888 3.807671
106030433 -0.914558 0.120200 -0.748223 1.187730 129.047217 172.512556 0.557916 3.808758
106030434 -0.911107 0.120200 -0.751841 1.187362 129.286813 172.484515 0.560948 3.809778
106030435 -0.907655 0.120200 -0.755458 1.187014 129.526547 172.456264 0.563983 3.810728
106030436 -0.904204 0.120200 -0.759076 1.186688 129.766410 172.427800 0.567023 3.811610
106030437 -0.900752 0.120200 -0.762693 1.186382 130.006394 172.399123 0.570065 3.812423
106030438 -0.897300 0.120200 -0.766311 1.186098 130.246490 172.370229 0.573111 3.813166
106030439 -0.893849 0.120200 -0.769928 1.185834 130.486690 172.341115 0.576160 3.813840
106030440 -0.890397 0.120200 -0.773546 1.185592 130.726985 172.311780 0.579213 3.814445
106030441 -0.886945 0.120200 -0.777163 1.185370 130.967366 172.282221 0.582269 3.814979
106030442 -0.883494 0.120200 -0.780781 1.185170 131.207826 172.252434 0.585328 3.815444
106030443 -0.880042 0.120200 -0.784398 1.184991 131.448355 172.222419 0.588389 3.815839
106030444 -0.876591 0.120200 -0.788016 1.184833 131.688944 172.192171 0.591454 3.816163
106030445 -0.873139 0.120200 -0.791633 1.184695 131.929586 172.161689 0.594522 3.816417
106030446 -0.869687 0.120200 -0.795251 1.184579 132.170270 172.130969 0.597592 3.816601
106030447 -0.866236 0.120200 -0.798868 1.184484 132.410990 172.100009 0.600665 3.816714
106030448 -0.862784 0.120200 -0.802486 1.184410 132.651735 172.068806 0.603741 3.816757
106030449 -0.859333 0.120200 -0.806103 1.184358 132.892498 172.037358 0.606819 3.816729
106030450 -0.855881 0.120200 -0.809721 1.184326 133.133269 172.005660 0.609900 3.816630
106030451 -0.852429 0.120200 -0.813338 1.184315 133.374039 171.973711 0.612983 3.816461
106030452 -0.848978 0.120200 -0.816956 1.184326 133.614801 171.941507 0.616069 3.816221
106030453 -0.845526 0.120200 -0.820573 1.184358 133.855545 171.909045 0.619157 3.815910
106030454 -0.842074 0.120200 -0.824191 1.184410 134.096263 171.876322 0.622248 3.815528
106030455 -0.838623 0.120200 -0.827808 1.184484 134.336946 171.843336 0.625341 3.815075
106030456 -0.835171 0.120200 -0.831426 1.184579 134.577585 171.810082 0.628436 3.814552
106030457 -0.831720 0.120200 -0.835043 1.184695 134.818171 171.776558 0.631533 3.813957
106030458 -0.828268 0.120200 -0.838661 1.184832 135.058695 171.742760 0.634633 3.813292
106030459 -0.824816 0.120200 -0.842278 1.184991 135.299150 171.708686 0.637735 3.812556
106030460 -0.821365 0.120200 -0.845896 1.185170 135.539526 171.674331 0.640839 3.811749
106030461 -0.817913 0.120200 -0.849513 1.185370 135.779815 171.639692 0.643945 3.810872
106030462 -0.814462 0.120200 -0.853131 1.185592 136.020008 171.604765 0.647054 3.809924
106030463 -0.811010 0.120200 -0.856748 1.185834 136.260096 171.569548 0.650164 3.808905
106030464 -0.807558 0.120200 -0.860366 1.186098 136.500070 171.534036 0.653277 3.807815
106030465 -0.804107 0.120200 -0.863983 1.186382 136.739923 171.498226 0.656392 3.806656
106030466 -0.800655 0.120200 -0.867601 1.186688 136.979645 171.462114 0.659510 3.805426
106030467 -0.797203 0.120200 -0.871218 1.187014 137.219229 171.425696 0.662629 3.804125
106030468 -0.793752 0.120200 -0.874836 1.187362 137.458664 171.388969 0.665751 3.802755
106030469 -0.790300 0.120200 -0.878453 1.187730 137.697943 171.351928 0.668875 3.801315
106030470 -0.786849 0.120200 -0.882071 1.188120 137.937058 171.314569 0.672002 3.799805
106030471 -0.783397 0.120200 -0.885688 1.188530 138.176000 171.276889 0.675130 3.798225
106030472 -0.779945 0.120200 -0.889306 1.188961 138.414760 171.238883 0.678262 3.796575
106030473 -0.776494 0.120200 -0.892923 1.189413 138.653330 171.200546 0.681395 3.794857
106030474 -0.773042 0.120200 -0.896541 1.189886 138.891702 171.161876 0.684532 3.793069
106030475 -0.769591 0.120200 -0.900159 1.190379 139.129868 171.122867 0.687671 3.791212
106030476 -0.766139 0.120200 -0.903776 1.190894 139.367819 171.083515 0.690812 3.789286
106030477 -0.762687 0.120200 -0.907394 1.191429 139.605546 171.043815 0.693957 3.787291
106030478 -0.759236 0.120200 -0.911011 1.191985 139.843042 171.003763 0.697104 3.785228
106030479 -0.755784 0.120200 -0.914629 1.192561 140.080299 170.963354 0.700254 3.783097
106030480 -0.752332 0.120200 -0.918246 1.193159 140.317308 170.922584 0.703407 3.780898
106030481 -0.748881 0.120200 -0.921864 1.193777 140.554062 170.881447 0.706563 3.778631
106030482 -0.745429 0.120200 -0.925481 1.194415 140.790552 170.839939 0.709723 3.776296
106030483 -0.741978 0.120200 -0.929099 1.195074 141.026770 170.798055 0.712886 3.773894
106030484 -0.738526 0.120200 -0.932716 1.195754 141.262708 170.755789 0.716052 3.771425
106030485 -0.735074 0.120200 -0.936334 1.196454 141.498359 170.713136 0.719222 3.768890
106030486 -0.731623 0.120200 -0.939951 1.197175 141.733715 170.670092 0.722396 3.766287
106030487 -0.728171 0.120200 -0.943569 1.197916 141.968768 170.626650 0.725574 3.763619
106030488 -0.724719 0.120200 -0.947186 1.198678 142.203510 170.582805 0.728756 3.760884
106030489 -0.721268 0.120200 -0.950804 1.199459 142.437934 170.538552 0.731942 3.758084
106030490 -0.717816 0.120200 -0.954421 1.200262 142.672031 170.493885 0.735132 3.755218
106030491 -0.714365 0.120200 -0.958039 1.201084 142.905795 170.448799 0.738327 3.752287
106030492 -0.710913 0.120200 -0.961656 1.201927 143.139218 170.403286 0.741527 3.749291
106030493 -0.707461 0.120200 -0.965274 1.202790 143.372293 170.357342 0.744731 3.746231
106030494 -0.704010 0.120200 -0.968891 1.203673 143.605011 170.310960 0.747941 3.743107
106030495 -0.700558 0.120200 -0.972509 1.204576 143.837367 170.264134 0.751156 3.739918
106030496 -0.697107 0.120200 -0.976126 1.205499 144.069352 170.216858 0.754377 3.736666
106030497 -0.693655 0.120200 -0.979744 1.206442 144.300959 170.169124 0.757603 3.733351
106030498 -0.690203 0.120200 -0.983361 1.207405 144.532182 170.120928 0.760835 3.729973
106030499 -0.686752 0.120200 -0.986979 1.208389 144.763012 170.072261 0.764074 3.726532
106030500 -0.683300 0.120200 -0.990596 1.209392 144.993445 170.023117 0.767319 3.723029
106030501 -1.025010 0.146600 -0.632463 1.213321 121.417229 171.860586 0.510451 3.724579
106030502 -1.021558 0.146600 -0.636081 1.212300 121.647310 171.833455 0.513808 3.727539
106030503 -1.018107 0.146600 -0.639698 1.211300 121.877769 171.806144 0.517175 3.730440
106030504 -1.014655 0.146600 -0.643316 1.210319 122.108599 171.778651 0.520552 3.733284
106030505 -1.011204 0.146600 -0.646933 1.209358 122.339794 171.750974 0.523938 3.736068
106030506 -1.007752 0.146600 -0.650551 1.208417 122.571347 171.723111 0.527335 3.738793
106030507 -1.004300 0.146600 -0.654168 1.207496 122.803251 171.695061 0.530741 3.741459
106030508 -1.000849 0.146600 -0.657786 1.206595 123.035498 171.666821 0.534157 3.744064
106030509 -0.997397 0.146600 -0.661403 1.205714 123.268083 171.638390 0.537582 3.746609
106030510 -0.993946 0.146600 -0.665021 1.204853 123.500997 171.609766 0.541017 3.749093
106030511 -0.990494 0.146600 -0.668638 1.204013 123.734233 171.580947 0.544460 3.751515
106030512 -0.987042 0.146600 -0.672256 1.203192 123.967785 171.551930 0.547913 3.753876
106030513 -0.983591 0.146600 -0.675873 1.202392 124.201645 171.522714 0.551374 3.756174
106030514 -0.980139 0.146600 -0.679491 1.201612 124.435805 171.493297 0.554844 3.758409
106030515 -0.976687 0.146600 -0.683108 1.200853 124.670259 171.463676 0.558323 3.760582
106030516 -0.973236 0.146600 -0.686726 1.200113 124.904998 171.433850 0.561810 3.762691
106030517 -0.969784 0.146600 -0.690343 1.199394 125.140015 171.403817 0.565305 3.764736
106030518 -0.966333 0.146600 -0.693961 1.198696 125.375302 171.373573 0.568809 3.766717
106030519 -0.962881 0.146600 -0.697578 1.198018 125.610853 171.343118 0.572321 3.768634
106030520 -0.959429 0.146600 -0.701196 1.197360 125.846658 171.312449 0.575840 3.770485
106030521 -0.955978 0.146600 -0.704813 1.196723 126.082710 171.281563 0.579367 3.772272
106030522 -0.952526 0.146600 -0.708431 1.196107 126.319002 171.250458 0.582902 3.773992
106030523 -0.949075 0.146600 -0.712048 1.195511 126.555526 171.219133 0.586445 3.775647
106030524 -0.945623 0.146600 -0.715666 1.194936 126.792272 171.187584 0.589994 3.777236
106030525 -0.942171 0.146600 -0.719283 1.194381 127.029235 171.155809 0.593551 3.778758
106030526 -0.938720 0.146600 -0.722901 1.193847 127.266405 171.123807 0.597115 3.780213
106030527 -0.935268 0.146600 -0.726518 1.193334 127.503774 171.091573 0.600686 3.781601
106030528 -0.931816 0.146600 -0.730136 1.192842 127.741335 171.059107 0.604264 3.782922
106030529 -0.928365 0.146600 -0.733753 1.192370 127.979079 171.026405 0.607849 3.784174
106030530 -0.924913 0.146600 -0.737371 1.191919 128.216997 170.993465 0.611440 3.785359
106030531 -0.921462 0.146600 -0.740988 1.191489 128.455083 170.960285 0.615037 3.786476
106030532 -0.918010 0.146600 -0.744606 1.191080 128.693326 170.926861 0.618641 3.787524
106030533 -0.914558 0.146600 -0.748223 1.190692 128.931720 170.893191 0.622252 3.788503
106030534 -0.911107 0.146600 -0.751841 1.190324 129.170255 170.859272 0.625868 3.789414
106030535 -0.907655 0.146600 -0.755458 1.189978 129.408923 170.825102 0.629490 3.790255
106030536 -0.904204 0.146600 -0.759076 1.189652 129.647717 170.790678 0.633118 3.791027
106030537 -0.900752 0.146600 -0.762693 1.189347 129.886626 170.755996 0.636752 3.791729
106030538 -0.897300 0.146600 -0.766311 1.189063 130.125644 170.721055 0.640392 3.792361
106030539 -0.893849 0.146600 -0.769928 1.188801 130.364761 170.685851 0.644037 3.792923
106030540 -0.890397 0.146600 -0.773546 1.188559 130.603968 170.650381 0.647687 3.793415
106030541 -0.886945 0.146600 -0.777163 1.188338 130.843258 170.614642 0.651343 3.793837
106030542 -0.883494 0.146600 -0.780781 1.188138 131.082621 170.578632 0.655004 3.794188
106030543 -0.880042 0.146600 -0.784398 1.187959 131.322050 170.542347 0.658670 3.794469
106030544 -0.876591 0.146600 -0.788016 1.187801 131.561535 170.505783 0.662342 3.794679
106030545 -0.873139 0.146600 -0.791633 1.187664 131.801067 170.468939 0.666018 3.794818
106030546 -0.869687 0.146600 -0.795251 1.187549 132.040639 170.431810 0.669699 3.794886
106030547 -0.866236 0.146600 -0.798868 1.187454 132.280241 170.394394 0.673385 3.794882
106030548 -0.862784 0.146600 -0.802486 1.187380 132.519865 170.356686 0.677075 3.794808
106030549 -0.859333 0.146600 -0.806103 1.187327 132.759501 170.318684 0.680771 3.794662
106030550 -0.855881 0.146600 -0.809721 1.187296 132.999143 170.280384 0.684470 3.794445
106030551 -0.852429 0.146600 -0.813338 1.187285 133.238779 170.241783 0.688175 3.794156
106030552 -0.848978 0.146600 -0.816956 1.187296 133.478403 170.202877 0.691883 3.793796
106030553 -0.845526 0.146600 -0.820573 1.187327 133.718005 170.163663 0.695596 3.793364
106030554 -0.842074 0.146600 -0.824191 1.187380 133.957576 170.124137 0.699314 3.792861
106030555 -0.838623 0.146600 -0.827808 1.187454 134.197109 170.084295 0.703035 3.792286
106030556 -0.835171 0.146600 -0.831426 1.187549 134.436593 170.044133 0.706761 3.791639
106030557 -0.831720 0.146600 -0.835043 1.187664 134.676021 170.003648 0.710491 3.790921
106030558 -0.828268 0.146600 -0.838661 1.187801 134.915383 169.962836 0.714225 3.790131
106030559 -0.824816 0.146600 -0.842278 1.187959 135.154671 169.921693 0.717963 3.789269
106030560 -0.821365 0.146600 -0.845896 1.188138 135.393877 169.880214 0.721705 3.788336
106030561 -0.817913 0.146600 -0.849513 1.188338 135.632991 169.838397 0.725452 3.787331
106030562 -0.814462 0.146600 -0.853131 1.188559 135.872005 169.796236 0.729202 3.786254
106030563 -0.811010 0.146600 -0.856748 1.188800 136.110911 169.753727 0.732956 3.785106
106030564 -0.807558 0.146600 -0.860366 1.189063 136.349699 169.710867 0.736714 3.783887
106030565 -0.804107 0.146600 -0.863983 1.189347 136.588361 169.667650 0.740477 3.782596
106030566 -0.800655 0.146600 -0.867601 1.189652 136.826889 169.624073 0.744243 3.781233
106030567 -0.797203 0.146600 -0.871218 1.189978 137.065274 169.580131 0.748013 3.779800
106030568 -0.793752 0.146600 -0.874836 1.190324 137.303507 169.535819 0.751787 3.778295
106030569 -0.790300 0.146600 -0.878453 1.190692 137.541580 169.491133 0.755565 3.776719
106030570 -0.786849 0.146600 -0.882071 1.191080 137.779485 169.446068 0.759348 3.775073
106030571 -0.783397 0.146600 -0.885688 1.191489 138.017212 169.400619 0.763134 3.773355
106030572 -0.779945 0.146600 -0.889306 1.191919 138.254754 169.354782 0.766925 3.771567
106030573 -0.776494 0.146600 -0.892923 1.192370 138.492103 169.308551 0.770719 3.769708
106030574 -0.773042 0.146600 -0.896541 1.192842 138.729248 169.261921 0.774518 3.767779
106030575 -0.769591 0.146600 -0.900159 1.193334 138.966184 169.214888 0.778321 3.765779
106030576 -0.766139 0.146600 -0.903776 1.193847 139.202900 169.167446 0.782129 3.763710
106030577 -0.762687 0.146600 -0.907394 1.194381 139.439390 169.119590 0.785941 3.761570
106030578 -0.759236 0.146600 -0.911011 1.194936 139.675644 169.071314 0.789757 3.759361
106030579 -0.755784 0.146600 -0.914629 1.195511 139.911655 169.022613 0.793578 3.757081
106030580 -0.752332 0.146600 -0.918246 1.196107 140.147414 168.973482 0.797404 3.754733
106030581 -0.748881 0.146600 -0.921864 1.196723 140.382913 168.923914 0.801234 3.752315
106030582 -0.745429 0.146600 -0.925481 1.197360 140.618145 168.873905 0.805069 3.749829
106030583 -0.741978 0.146600 -0.929099 1.198018 140.853100 168.823447 0.808910 3.747273
106030584 -0.738526 0.146600 -0.932716 1.198696 141.087772 168.772536 0.812755 3.744649
106030585 -0.735074 0.146600 -0.936334 1.199394 141.322153 168.721164 0.816606 3.741956
106030586 -0.731623 0.146600 -0.939951 1.200113 141.556234 168.669327 0.820461 3.739196
106030587 -0.728171 0.146600 -0.943569 1.200852 141.790007 168.617017 0.824323 3.736367
106030588 -0.724719 0.146600 -0.947186 1.201612 142.023466 168.564229 0.828190 3.733471
106030589 -0.721268 0.146600 -0.950804 1.202392 142.256602 168.510955 0.832063 3.730507
106030590 -0.717816 0.146600 -0.954421 1.203192 142.489408 168.457189 0.835941 3.727476
106030591 -0.714365 0.146600 -0.958039 1.204013 142.721875 168.402925 0.839826 3.724378
106030592 -0.710913 0.146600 -0.961656 1.204853 142.953997 168.348155 0.843718 3.721213
106030593 -0.707461 0.146600 -0.965274 1.205714 143.185767 168.292873 0.847616 3.717982
106030594 -0.704010 0.146600 -0.968891 1.206595 143.417175 168.237070 0.851520 3.714685
106030595 -0.700558 0.146600 -0.972509 1.207496 143.648217 168.180741 0.855432 3.711322
106030596 -0.697107 0.146600 -0.976126 1.208417 143.878883 168.123878 0.859350 3.707893
106030597 -0.693655 0.146600 -0.979744 1.209358 144.109166 168.066473 0.863276 3.704399
106030598 -0.690203 0.146600 -0.983361 1.210319 144.339061 168.008518 0.867210 3.700840
106030599 -0.686752 0.146600 -0.986979 1.211299 144.568559 167.950007 0.871151 3.697216
106030600 -0.683300 0.146600 -0.990596 1.212300 144.797653 167.890929 0.875101 3.693527
106030601 -1.025010 0.173000 -0.632463 1.216793 121.317420 170.419971 0.555944 3.703650
106030602 -1.021558 0.173000 -0.636081 1.215775 121.546430 170.388205 0.559783 3.706494
106030603 -1.018107 0.173000 -0.639698 1.214777 121.775812 170.356230 0.563635 3.709279
106030604 -1.014655 0.173000 -0.643316 1.213800 122.005559 170.324044 0.567500 3.712005
106030605 -1.011204 0.173000 -0.646933 1.212841 122.235665 170.291643 0.571378 3.714673
106030606 -1.007752 0.173000 -0.650551 1.211903 122.466122 170.259028 0.575268 3.717280
106030607 -1.004300 0.173000 -0.654168 1.210985 122.696925 170.226194 0.579170 3.719828
106030608 -1.000849 0.173000 -0.657786 1.210086 122.928065 170.193141 0.583084 3.722315
106030609 -0.997397 0.173000 -0.661403 1.209208 123.159536 170.159865 0.587010 3.724740
106030610 -0.993946 0.173000 -0.665021 1.208350 123.391331 170.126365 0.590948 3.727105
106030611 -0.990494 0.173000 -0.668638 1.207512 123.623442 170.092639 0.594897 3.729408
106030612 -0.987042 0.173000 -0.672256 1.206694 123.855863 170.058684 0.598858 3.731648
106030613 -0.983591 0.173000 -0.675873 1.205896 124.088586 170.024497 0.602830 3.733826
106030614 -0.980139 0.173000 -0.679491 1.205118 124.321604 169.990077 0.606813 3.735941
106030615 -0.976687 0.173000 -0.683108 1.204360 124.554909 169.955421 0.610808 3.737992
106030616 -0.973236 0.173000 -0.686726 1.203623 124.788494 169.920527 0.614813 3.739979
106030617 -0.969784 0.173000 -0.690343 1.202907 125.022351 169.885392 0.618829 3.741902
106030618 -0.966333 0.173000 -0.693961 1.202210 125.256472 169.850013 0.622856 3.743761
106030619 -0.962881 0.173000 -0.697578 1.201534 125.490851 169.814389 0.626892 3.745554
106030620 -0.959429 0.173000 -0.701196 1.200879 125.725479 169.778517 0.630940 3.747283
106030621 -0.955978 0.173000 -0.704813 1.200243 125.960349 169.742394 0.634997 3.748945
106030622 -0.952526 0.173000 -0.708431 1.199629 126.195453 169.706018 0.639064 3.750542
106030623 -0.949075 0.173000 -0.712048 1.199035 126.430782 169.669385 0.643141 3.752072
106030624 -0.945623 0.173000 -0.715666 1.198461 126.666330 169.632493 0.647227 3.753535
106030625 -0.942171 0.173000 -0.719283 1.197908 126.902087 169.595340 0.651323 3.754931
106030626 -0.938720 0.173000 -0.722901 1.197376 127.138047 169.557923 0.655429 3.756260
106030627 -0.935268 0.173000 -0.726518 1.196864 127.374200 169.520239 0.659543 3.757522
106030628 -0.931816 0.173000 -0.730136 1.196373 127.610540 169.482284 0.663667 3.758715
106030629 -0.928365 0.173000 -0.733753 1.195903 127.847057 169.444057 0.667800 3.759840
106030630 -0.924913 0.173000 -0.737371 1.195454 128.083743 169.405555 0.671941 3.760897
106030631 -0.921462 0.173000 -0.740988 1.195025 128.320591 169.366773 0.676091 3.761885
106030632 -0.918010 0.173000 -0.744606 1.194617 128.557592 169.327710 0.680249 3.762803
106030633 -0.914558 0.173000 -0.748223 1.194230 128.794738 169.288362 0.684416 3.763653
106030634 -0.911107 0.173000 -0.751841 1.193863 129.032020 169.248727 0.688591 3.764433
106030635 -0.907655 0.173000 -0.755458 1.193518 129.269430 169.208800 0.692773 3.765143
106030636 -0.904204 0.173000 -0.759076 1.193193 129.506960 169.168580 0.696964 3.765783
106030637 -0.900752 0.173000 -0.762693 1.192889 129.744601 169.128062 0.701163 3.766354
106030638 -0.897300 0.173000 -0.766311 1.192606 129.982344 169.087243 0.705369 3.766853
106030639 -0.893849 0.173000 -0.769928 1.192344 130.220182 169.046121 0.709583 3.767282
106030640 -0.890397 0.173000 -0.773546 1.192103 130.458106 169.004691 0.713804 3.767640
106030641 -0.886945 0.173000 -0.777163 1.191883 130.696107 168.962951 0.718032 3.767928
106030642 -0.883494 0.173000 -0.780781 1.191683 130.934176 168.920896 0.722268 3.768144
106030643 -0.880042 0.173000 -0.784398 1.191505 131.172306 168.878524 0.726510 3.768288
106030644 -0.876591 0.173000 -0.788016 1.191348 131.410487 168.835831 0.730760 3.768362
106030645 -0.873139 0.173000 -0.791633 1.191211 131.648711 168.792813 0.735016 3.768363
106030646 -0.869687 0.173000 -0.795251 1.191096 131.886969 168.749466 0.739279 3.768293
106030647 -0.866236 0.173000 -0.798868 1.191001 132.125252 168.705787 0.743549 3.768151
106030648 -0.862784 0.173000 -0.802486 1.190928 132.363553 168.661772 0.747825 3.767937
106030649 -0.859333 0.173000 -0.806103 1.190875 132.601861 168.617417 0.752108 3.767652
106030650 -0.855881 0.173000 -0.809721 1.190844 132.840170 168.572719 0.756396 3.767293
106030651 -0.852429 0.173000 -0.813338 1.190833 133.078469 168.527672 0.760691 3.766863
106030652 -0.848978 0.173000 -0.816956 1.190844 133.316750 168.482274 0.764993 3.766360
106030653 -0.845526 0.173000 -0.820573 1.190875 133.555005 168.436520 0.769300 3.765785
106030654 -0.842074 0.173000 -0.824191 1.190928 133.793225 168.390407 0.773613 3.765138
106030655 -0.838623 0.173000 -0.827808 1.191001 134.031401 168.343929 0.777932 3.764418
106030656 -0.835171 0.173000 -0.831426 1.191096 134.269524 168.297082 0.782257 3.763625
106030657 -0.831720 0.173000 -0.835043 1.191211 134.507586 168.249863 0.786587 3.762760
106030658 -0.828268 0.173000 -0.838661 1.191348 134.745578 168.202267 0.790924 3.761822
106030659 -0.824816 0.173000 -0.842278 1.191505 134.983492 168.154289 0.795266 3.760812
106030660 -0.821365 0.173000 -0.845896 1.191683 135.221318 168.105925 0.799613 3.759729
106030661 -0.817913 0.173000 -0.849513 1.191883 135.459048 168.057170 0.803966 3.758573
106030662 -0.814462 0.173000 -0.853131 1.192103 135.696674 168.008019 0.808325 3.757345
106030663 -0.811010 0.173000 -0.856748 1.192344 135.934186 167.958469 0.812689 3.756044
106030664 -0.807558 0.173000 -0.860366 1.192606 136.171577 167.908513 0.817059 3.754671
106030665 -0.804107 0.173000 -0.863983 1.192889 136.408837 167.858147 0.821434 3.753225
106030666 -0.800655 0.173000 -0.867601 1.193193 136.645959 167.807367 0.825814 3.751707
106030667 -0.797203 0.173000 -0.871218 1.193517 136.882933 167.756166 0.830200 3.750116
106030668 -0.793752 0.173000 -0.874836 1.193863 137.119750 167.704540 0.834592 3.748453
106030669 -0.790300 0.173000 -0.878453 1.194229 137.356404 167.652484 0.838988 3.746718
106030670 -0.786849 0.173000 -0.882071 1.194617 137.592884 167.599992 0.843390 3.744910
106030671 -0.783397 0.173000 -0.885688 1.195025 137.829182 167.547059 0.847798 3.743031
106030672 -0.779945 0.173000 -0.889306 1.195453 138.065291 167.493679 0.852211 3.741079
106030673 -0.776494 0.173000 -0.892923 1.195903 138.301201 167.439847 0.856629 3.739056
106030674 -0.773042 0.173000 -0.896541 1.196373 138.536905 167.385557 0.861053 3.736961
106030675 -0.769591 0.173000 -0.900159 1.196864 138.772394 167.330804 0.865482 3.734794
106030676 -0.766139 0.173000 -0.903776 1.197376 139.007659 167.275581 0.869918 3.732555
106030677 -0.762687 0.173000 -0.907394 1.197908 139.242693 167.219882 0.874358 3.730246
106030678 -0.759236 0.173000 -0.911011 1.198461 139.477487 167.163702 0.878805 3.727865
106030679 -0.755784 0.173000 -0.914629 1.199035 139.712033 167.107034 0.883257 3.725412
106030680 -0.752332 0.173000 -0.918246 1.199629 139.946322 167.049873 0.887715 3.722889
106030681 -0.748881 0.173000 -0.921864 1.200243 140.180348 166.992211 0.892179 3.720295
106030682 -0.745429 0.173000 -0.925481 1.200878 140.414101 166.934042 0.896649 3.717631
106030683 -0.741978 0.173000 -0.929099 1.201534 140.647574 166.875359 0.901125 3.714896
106030684 -0.738526 0.173000 -0.932716 1.202210 140.880758 166.816157 0.905608 3.712091
106030685 -0.735074 0.173000 -0.936334 1.202906 141.113647 166.756428 0.910096 3.709215
106030686 -0.731623 0.173000 -0.939951 1.203623 141.346231 166.696164 0.914591 3.706270
106030687 -0.728171 0.173000 -0.943569 1.204360 141.578503 166.635360 0.919093 3.703255
106030688 -0.724719 0.173000 -0.947186 1.205118 141.810455 166.574008 0.923602 3.700170
106030689 -0.721268 0.173000 -0.950804 1.205895 142.042080 166.512100 0.928117 3.697016
106030690 -0.717816 0.173000 -0.954421 1.206693 142.273370 166.449630 0.932640 3.693793
106030691 -0.714365 0.173000 -0.958039 1.207511 142.504317 166.386589 0.937170 3.690501
106030692 -0.710913 0.173000 -0.961656 1.208350 142.734914 166.322970 0.941707 3.687140
106030693 -0.707461 0.173000 -0.965274 1.209208 142.965153 166.258765 0.946251 3.683710
106030694 -0.704010 0.173000 -0.968891 1.210086 143.195026 166.193967 0.950804 3.680213
106030695 -0.700558 0.173000 -0.972509 1.210985 143.424527 166.128566 0.955364 3.676647
106030696 -0.697107 0.173000 -0.976126 1.211903 143.653648 166.062555 0.959933 3.673014
106030697 -0.693655 0.173000 -0.979744 1.212841 143.882381 165.995925 0.964510 3.669312
106030698 -0.690203 0.173000 -0.983361 1.213799 144.110720 165.928669 0.969095 3.665544
106030699 -0.686752 0.173000 -0.986979 1.214777 144.338657 165.860776 0.973690 3.661708
106030700 -0.683300 0.173000 -0.990596 1.215775 144.566185 165.792239 0.978293 3.657806
106030701 -1.025010 0.199400 -0.632463 1.220826 121.202324 168.991478 0.599798 3.678933
106030702 -1.021558 0.199400 -0.636081 1.219812 121.430104 168.955196 0.604098 3.681642
106030703 -1.018107 0.199400 -0.639698 1.218817 121.658248 168.918677 0.608414 3.684292
106030704 -1.014655 0.199400 -0.643316 1.217843 121.886751 168.881918 0.612745 3.686883
106030705 -1.011204 0.199400 -0.646933 1.216888 122.115605 168.844918 0.617090 3.689415
106030706 -1.007752 0.199400 -0.650551 1.215953 122.344804 168.807675 0.621451 3.691886
106030707 -1.004300 0.199400 -0.654168 1.215037 122.574342 168.770184 0.625826 3.694297
106030708 -1.000849 0.199400 -0.657786 1.214142 122.804210 168.732445 0.630215 3.696648
106030709 -0.997397 0.199400 -0.661403 1.213266 123.034403 168.694455 0.634619 3.698936
106030710 -0.993946 0.199400 -0.665021 1.212411 123.264912 168.656211 0.639036 3.701163
106030711 -0.990494 0.199400 -0.668638 1.211576 123.495732 168.617711 0.643468 3.703328
106030712 -0.987042 0.199400 -0.672256 1.210760 123.726854 168.578953 0.647913 3.705429
106030713 -0.983591 0.199400 -0.675873 1.209965 123.958272 168.539932 0.652372 3.707468
106030714 -0.980139 0.199400 -0.679491 1.209190 124.189977 168.500648 0.656844 3.709444
106030715 -0.976687 0.199400 -0.683108 1.208435 124.421964 168.461098 0.661329 3.711355
106030716 -0.973236 0.199400 -0.686726 1.207701 124.654224 168.421278 0.665828 3.713202
106030717 -0.969784 0.199400 -0.690343 1.206986 124.886749 168.381186 0.670339 3.714984
106030718 -0.966333 0.199400 -0.693961 1.206292 125.119533 168.340819 0.674863 3.716702
106030719 -0.962881 0.199400 -0.697578 1.205618 125.352568 168.300175 0.679400 3.718353
106030720 -0.959429 0.199400 -0.701196 1.204965 125.585845 168.259251 0.683949 3.719940
106030721 -0.955978 0.199400 -0.704813 1.204332 125.819358 168.218043 0.688510 3.721459
106030722 -0.952526 0.199400 -0.708431 1.203719 126.053098 168.176549 0.693083 3.722913
106030723 -0.949075 0.199400 -0.712048 1.203127 126.287057 168.134766 0.697668 3.724299
106030724 -0.945623 0.199400 -0.715666 1.202556 126.521229 168.092691 0.702265 3.725618
106030725 -0.942171 0.199400 -0.719283 1.202005 126.755604 168.050321 0.706873 3.726870
106030726 -0.938720 0.199400 -0.722901 1.201474 126.990175 168.007652 0.711493 3.728054
106030727 -0.935268 0.199400 -0.726518 1.200964 127.224934 167.964682 0.716124 3.729170
106030728 -0.931816 0.199400 -0.730136 1.200475 127.459873 167.921408 0.720765 3.730217
106030729 -0.928365 0.199400 -0.733753 1.200006 127.694983 167.877826 0.725418 3.731195
106030730 -0.924913 0.199400 -0.737371 1.199558 127.930257 167.833934 0.730081 3.732105
106030731 -0.921462 0.199400 -0.740988 1.199131 128.165686 167.789727 0.734755 3.732945
106030732 -0.918010 0.199400 -0.744606 1.198725 128.401262 167.745203 0.739439 3.733715
106030733 -0.914558 0.199400 -0.748223 1.198339 128.636977 167.700357 0.744133 3.734416
106030734 -0.911107 0.199400 -0.751841 1.197973 128.872823 167.655188 0.748837 3.735047
106030735 -0.907655 0.199400 -0.755458 1.197629 129.108791 167.609691 0.753552 3.735607
106030736 -0.904204 0.199400 -0.759076 1.197305 129.344872 167.563862 0.758275 3.736096
106030737 -0.900752 0.199400 -0.762693 1.197003 129.581059 167.517698 0.763009 3.736515
106030738 -0.897300 0.199400 -0.766311 1.196721 129.817343 167.471196 0.767752 3.736863
106030739 -0.893849 0.199400 -0.769928 1.196460 130.053716 167.424352 0.772504 3.737139
106030740 -0.890397 0.199400 -0.773546 1.196219 130.290169 167.377162 0.777265 3.737344
106030741 -0.886945 0.199400 -0.777163 1.196000 130.526693 167.329622 0.782035 3.737477
106030742 -0.883494 0.199400 -0.780781 1.195801 130.763280 167.281729 0.786813 3.737539
106030743 -0.880042 0.199400 -0.784398 1.195623 130.999922 167.233478 0.791601 3.737528
106030744 -0.876591 0.199400 -0.788016 1.195467 131.236610 167.184866 0.796397 3.737446
106030745 -0.873139 0.199400 -0.791633 1.195331 131.473335 167.135889 0.801201 3.737291
106030746 -0.869687 0.199400 -0.795251 1.195216 131.710089 167.086542 0.806014 3.737063
106030747 -0.866236 0.199400 -0.798868 1.195121 131.946863 167.036822 0.810835 3.736763
106030748 -0.862784 0.199400 -0.802486 1.195048 132.183649 166.986724 0.815663 3.736390
106030749 -0.859333 0.199400 -0.806103 1.194996 132.420438 166.936244 0.820500 3.735945
106030750 -0.855881 0.199400 -0.809721 1.194965 132.657221 166.885377 0.825344 3.735426
106030751 -0.852429 0.199400 -0.813338 1.194954 132.893989 166.834120 0.830197 3.734834
106030752 -0.848978 0.199400 -0.816956 1.194965 133.130734 166.782468 0.835056 3.734169
106030753 -0.845526 0.199400 -0.820573 1.194996 133.367448 166.730417 0.839923 3.733431
106030754 -0.842074 0.199400 -0.824191 1.195048 133.604122 166.677961 0.844797 3.732620
106030755 -0.838623 0.199400 -0.827808 1.195121 133.840746 166.625097 0.849679 3.731735
106030756 -0.835171 0.199400 -0.831426 1.195216 134.077313 166.571819 0.854568 3.730776
106030757 -0.831720 0.199400 -0.835043 1.195331 134.313813 166.518122 0.859463 3.729744
106030758 -0.828268 0.199400 -0.838661 1.195467 134.550238 166.464003 0.864366 3.728639
106030759 -0.824816 0.199400 -0.842278 1.195623 134.786580 166.409455 0.869276 3.727460
106030760 -0.821365 0.199400 -0.845896 1.195801 135.022829 166.354475 0.874192 3.726207
106030761 -0.817913 0.199400 -0.849513 1.196000 135.258978 166.299056 0.879115 3.724880
106030762 -0.814462 0.199400 -0.853131 1.196219 135.495017 166.243195 0.884045 3.723480
106030763 -0.811010 0.199400 -0.856748 1.196459 135.730937 166.186884 0.888982 3.722007
106030764 -0.807558 0.199400 -0.860366 1.196721 135.966731 166.130120 0.893925 3.720459
106030765 -0.804107 0.199400 -0.863983 1.197003 136.202390 166.072897 0.898874 3.718838
106030766 -0.800655 0.199400 -0.867601 1.197305 136.437905 166.015209 0.903830 3.717144
106030767 -0.797203 0.199400 -0.871218 1.197629 136.673267 165.957051 0.908793 3.715376
106030768 -0.793752 0.199400 -0.874836 1.197973 136.908469 165.898416 0.913762 3.713534
106030769 -0.790300 0.199400 -0.878453 1.198339 137.143501 165.839301 0.918737 3.711619
106030770 -0.786849 0.199400 -0.882071 1.198724 137.378355 165.779697 0.923719 3.709630
106030771 -0.783397 0.199400 -0.885688 1.199131 137.613023 165.719601 0.928707 3.707568
106030772 -0.779945 0.199400 -0.889306 1.199558 137.847496 165.659005 0.933701 3.705433
106030773 -0.776494 0.199400 -0.892923 1.200006 138.081766 165.597903 0.938702 3.703224
106030774 -0.773042 0.199400 -0.896541 1.200475 138.315824 165.536290 0.943710 3.700942
106030775 -0.769591 0.199400 -0.900159 1.200964 138.549662 165.474158 0.948723 3.698587
106030776 -0.766139 0.199400 -0.903776 1.201474 138.783273 165.411502 0.953743 3.696159
106030777 -0.762687 0.199400 -0.907394 1.202005 139.016647 165.348316 0.958770 3.693659
106030778 -0.759236 0.199400 -0.911011 1.202556 139.249776 165.284591 0.963803 3.691085
106030779 -0.755784 0.199400 -0.914629 1.203127 139.482652 165.220322 0.968843 3.688439
106030780 -0.752332 0.199400 -0.918246 1.203719 139.715267 165.155502 0.973889 3.685720
106030781 -0.748881 0.199400 -0.921864 1.204332 139.947614 165.090124 0.978942 3.682928
106030782 -0.745429 0.199400 -0.925481 1.204965 140.179683 165.024181 0.984001 3.680065
106030783 -0.741978 0.199400 -0.929099 1.205618 140.411466 164.957666 0.989068 3.677129
106030784 -0.738526 0.199400 -0.932716 1.206292 140.642957 164.890570 0.994141 3.674121
106030785 -0.735074 0.199400 -0.936334 1.206986 140.874146 164.822888 0.999221 3.671041
106030786 -0.731623 0.199400 -0.939951 1.207700 141.105026 164.754611 1.004309 3.667890
106030787 -0.728171 0.199400 -0.943569 1.208435 141.335590 164.685731 1.009404 3.664667
106030788 -0.724719 0.199400 -0.947186 1.209190 141.565828 164.616242 1.014505 3.661372
106030789 -0.721268 0.199400 -0.950804 1.209965 141.795734 164.546134 1.019615 3.658006
106030790 -0.717816 0.199400 -0.954421 1.210760 142.025300 164.475400 1.024732 3.654569
106030791 -0.714365 0.199400 -0.958039 1.211575 142.254518 164.404032 1.029857 3.651061
106030792 -0.710913 0.199400 -0.961656 1.212411 142.483381 164.332022 1.034989 3.647482
106030793 -0.707461 0.199400 -0.965274 1.213266 142.711880 164.259360 1.040130 3.643832
106030794 -0.704010 0.199400 -0.968891 1.214142 142.940009 164.186038 1.045279 3.640112
106030795 -0.700558 0.199400 -0.972509 1.215037 143.167760 164.112048 1.050436 3.636322
106030796 -0.697107 0.199400 -0.976126 1.215952 143.395126 164.037380 1.055602 3.632461
106030797 -0.693655 0.199400 -0.979744 1.216887 143.622099 163.962025 1.060776 3.628531
106030798 -0.690203 0.199400 -0.983361 1.217842 143.848672 163.885975 1.065960 3.624531
106030799 -0.686752 0.199400 -0.986979 1.218817 144.074837 163.809219 1.071153 3.620461
106030800 -0.683300 0.199400 -0.990596 1.219812 144.300589 163.731748 1.076355 3.616322
