# pixelID   x   y   z   l2  two_theta   azimuthal   polar_width azimuthal_width
105010001 -1.012089 -0.741291 0.236899 1.276697 79.306457 -143.779595 1.213032 3.531350
105010002 -1.010912 -0.741291 0.232039 1.274872 79.513156 -143.747825 1.203851 3.536157
105010003 -1.009736 -0.741291 0.227179 1.273063 79.720449 -143.716007 1.194574 3.540929
105010004 -1.008560 -0.741291 0.222320 1.271271 79.928332 -143.684141 1.185201 3.545666
105010005 -1.007383 -0.741291 0.217460 1.269497 80.136802 -143.652227 1.175733 3.550366
105010006 -1.006207 -0.741291 0.212600 1.267739 80.345856 -143.620264 1.166169 3.555030
105010007 -1.005031 -0.741291 0.207741 1.265999 80.555490 -143.588253 1.156509 3.559657
105010008 -1.003854 -0.741291 0.202881 1.264277 80.765701 -143.556194 1.146755 3.564246
105010009 -1.002678 -0.741291 0.198021 1.262572 80.976486 -143.524085 1.136905 3.568797
105010010 -1.001502 -0.741291 0.193162 1.260884 81.187841 -143.491928 1.126959 3.573309
105010011 -1.000325 -0.741291 0.188302 1.259214 81.399762 -143.459722 1.116920 3.577781
105010012 -0.999149 -0.741291 0.183443 1.257562 81.612246 -143.427467 1.106785 3.582214
105010013 -0.997973 -0.741291 0.178583 1.255927 81.825288 -143.395163 1.096556 3.586606
105010014 -0.996796 -0.741291 0.173723 1.254310 82.038886 -143.362810 1.086232 3.590957
105010015 -0.995620 -0.741291 0.168864 1.252711 82.253034 -143.330408 1.075815 3.595266
105010016 -0.994444 -0.741291 0.164004 1.251130 82.467729 -143.297956 1.065304 3.599533
105010017 -0.993267 -0.741291 0.159144 1.249567 82.682966 -143.265455 1.054699 3.603758
105010018 -0.992091 -0.741291 0.154285 1.248022 82.898742 -143.232905 1.044001 3.607939
105010019 -0.990915 -0.741291 0.149425 1.246496 83.115052 -143.200305 1.033211 3.612077
105010020 -0.989738 -0.741291 0.144565 1.244987 83.331891 -143.167655 1.022328 3.616170
105010021 -0.988562 -0.741291 0.139706 1.243497 83.549256 -143.134956 1.011353 3.620219
105010022 -0.987386 -0.741291 0.134846 1.242025 83.767141 -143.102207 1.000286 3.624222
105010023 -0.986209 -0.741291 0.129986 1.240571 83.985541 -143.069407 0.989128 3.628179
105010024 -0.985033 -0.741291 0.125127 1.239136 84.204453 -143.036558 0.977880 3.632089
105010025 -0.983857 -0.741291 0.120267 1.237719 84.423872 -143.003659 0.966541 3.635953
105010026 -0.982680 -0.741291 0.115407 1.236322 84.643791 -142.970709 0.955112 3.639769
105010027 -0.981504 -0.741291 0.110548 1.234942 84.864207 -142.937709 0.943594 3.643537
105010028 -0.980327 -0.741291 0.105688 1.233582 85.085114 -142.904659 0.931987 3.647257
105010029 -0.979151 -0.741291 0.100828 1.232240 85.306507 -142.871558 0.920291 3.650927
105010030 -0.977975 -0.741291 0.095969 1.230917 85.528381 -142.838407 0.908509 3.654548
105010031 -0.976798 -0.741291 0.091109 1.229613 85.750731 -142.805205 0.896639 3.658119
105010032 -0.975622 -0.741291 0.086249 1.228328 85.973551 -142.771952 0.884682 3.661639
105010033 -0.974446 -0.741291 0.081390 1.227062 86.196835 -142.738648 0.872640 3.665108
105010034 -0.973269 -0.741291 0.076530 1.225815 86.420578 -142.705293 0.860513 3.668525
105010035 -0.972093 -0.741291 0.071670 1.224587 86.644775 -142.671887 0.848301 3.671890
105010036 -0.970917 -0.741291 0.066811 1.223378 86.869420 -142.638430 0.836006 3.675203
105010037 -0.969740 -0.741291 0.061951 1.222189 87.094506 -142.604922 0.823628 3.678462
105010038 -0.968564 -0.741291 0.057092 1.221019 87.320028 -142.571363 0.811167 3.681668
105010039 -0.967388 -0.741291 0.052232 1.219868 87.545980 -142.537752 0.798625 3.684820
105010040 -0.966211 -0.741291 0.047372 1.218737 87.772356 -142.504089 0.786002 3.687917
105010041 -0.965035 -0.741291 0.042513 1.217625 87.999150 -142.470375 0.773300 3.690959
105010042 -0.963859 -0.741291 0.037653 1.216533 88.226355 -142.436609 0.760519 3.693945
105010043 -0.962682 -0.741291 0.032793 1.215461 88.453966 -142.402791 0.747659 3.696876
105010044 -0.961506 -0.741291 0.027934 1.214408 88.681975 -142.368922 0.734722 3.699750
105010045 -0.960330 -0.741291 0.023074 1.213374 88.910377 -142.335000 0.721709 3.702568
105010046 -0.959153 -0.741291 0.018214 1.212361 89.139165 -142.301026 0.708621 3.705328
105010047 -0.957977 -0.741291 0.013355 1.211367 89.368333 -142.267000 0.695458 3.708030
105010048 -0.956801 -0.741291 0.008495 1.210393 89.597873 -142.232922 0.682222 3.710675
105010049 -0.955624 -0.741291 0.003635 1.209439 89.827779 -142.198791 0.668914 3.713260
105010050 -0.954448 -0.741291 -0.001224 1.208505 90.058045 -142.164608 0.662542 3.715787
105010051 -0.953272 -0.741291 -0.006084 1.207591 90.288663 -142.130372 0.676974 3.718254
105010052 -0.952095 -0.741291 -0.010944 1.206697 90.519626 -142.096083 0.691434 3.720661
105010053 -0.950919 -0.741291 -0.015803 1.205823 90.750928 -142.061742 0.705919 3.723008
105010054 -0.949743 -0.741291 -0.020663 1.204969 90.982561 -142.027348 0.720429 3.725295
105010055 -0.948566 -0.741291 -0.025523 1.204135 91.214519 -141.992901 0.734962 3.727520
105010056 -0.947390 -0.741291 -0.030382 1.203322 91.446794 -141.958400 0.749517 3.729684
105010057 -0.946214 -0.741291 -0.035242 1.202528 91.679378 -141.923847 0.764092 3.731787
105010058 -0.945037 -0.741291 -0.040102 1.201755 91.912265 -141.889240 0.778687 3.733827
105010059 -0.943861 -0.741291 -0.044961 1.201002 92.145448 -141.854580 0.793299 3.735805
105010060 -0.942685 -0.741291 -0.049821 1.200270 92.378918 -141.819867 0.807926 3.737720
105010061 -0.941508 -0.741291 -0.054680 1.199558 92.612668 -141.785099 0.822569 3.739572
105010062 -0.940332 -0.741291 -0.059540 1.198867 92.846691 -141.750279 0.837225 3.741360
105010063 -0.939156 -0.741291 -0.064400 1.198195 93.080979 -141.715404 0.851892 3.743085
105010064 -0.937979 -0.741291 -0.069259 1.197545 93.315525 -141.680475 0.866569 3.744746
105010065 -0.936803 -0.741291 -0.074119 1.196915 93.550320 -141.645493 0.881255 3.746342
105010066 -0.935627 -0.741291 -0.078979 1.196305 93.785357 -141.610457 0.895948 3.747873
105010067 -0.934450 -0.741291 -0.083838 1.195717 94.020628 -141.575366 0.910647 3.749340
105010068 -0.933274 -0.741291 -0.088698 1.195148 94.256126 -141.540221 0.925350 3.750741
105010069 -0.932098 -0.741291 -0.093558 1.194601 94.491842 -141.505022 0.940056 3.752077
105010070 -0.930921 -0.741291 -0.098417 1.194074 94.727768 -141.469768 0.954762 3.753347
105010071 -0.929745 -0.741291 -0.103277 1.193568 94.963897 -141.434460 0.969468 3.754551
105010072 -0.928569 -0.741291 -0.108137 1.193082 95.200220 -141.399097 0.984172 3.755689
105010073 -0.927392 -0.741291 -0.112996 1.192617 95.436729 -141.363679 0.998872 3.756760
105010074 -0.926216 -0.741291 -0.117856 1.192174 95.673417 -141.328206 1.013567 3.757765
105010075 -0.925040 -0.741291 -0.122716 1.191750 95.910275 -141.292679 1.028255 3.758702
105010076 -0.923863 -0.741291 -0.127575 1.191348 96.147294 -141.257096 1.042935 3.759573
105010077 -0.922687 -0.741291 -0.132435 1.190967 96.384467 -141.221458 1.057605 3.760376
105010078 -0.921511 -0.741291 -0.137295 1.190606 96.621786 -141.185765 1.072263 3.761112
105010079 -0.920334 -0.741291 -0.142154 1.190267 96.859241 -141.150016 1.086909 3.761780
105010080 -0.919158 -0.741291 -0.147014 1.189948 97.096825 -141.114213 1.101540 3.762381
105010081 -0.917982 -0.741291 -0.151874 1.189650 97.334530 -141.078353 1.116154 3.762913
105010082 -0.916805 -0.741291 -0.156733 1.189373 97.572347 -141.042438 1.130751 3.763378
105010083 -0.915629 -0.741291 -0.161593 1.189117 97.810267 -141.006467 1.145329 3.763774
105010084 -0.914453 -0.741291 -0.166453 1.188883 98.048282 -140.970440 1.159886 3.764102
105010085 -0.913276 -0.741291 -0.171312 1.188669 98.286384 -140.934357 1.174420 3.764361
105010086 -0.912100 -0.741291 -0.176172 1.188476 98.524565 -140.898218 1.188930 3.764552
105010087 -0.910924 -0.741291 -0.181031 1.188304 98.762815 -140.862023 1.203414 3.764675
105010088 -0.909747 -0.741291 -0.185891 1.188153 99.001126 -140.825772 1.217872 3.764728
105010089 -0.908571 -0.741291 -0.190751 1.188023 99.239490 -140.789464 1.232300 3.764713
105010090 -0.907395 -0.741291 -0.195610 1.187914 99.477899 -140.753100 1.246699 3.764629
105010091 -0.906218 -0.741291 -0.200470 1.187826 99.716343 -140.716679 1.261065 3.764477
105010092 -0.905042 -0.741291 -0.205330 1.187760 99.954814 -140.680202 1.275398 3.764255
105010093 -0.903866 -0.741291 -0.210189 1.187714 100.193304 -140.643667 1.289696 3.763965
105010094 -0.902689 -0.741291 -0.215049 1.187689 100.431804 -140.607076 1.303958 3.763606
105010095 -0.901513 -0.741291 -0.219909 1.187686 100.670306 -140.570428 1.318182 3.763178
105010096 -0.900336 -0.741291 -0.224768 1.187703 100.908800 -140.533723 1.332366 3.762681
105010097 -0.899160 -0.741291 -0.229628 1.187741 101.147279 -140.496960 1.346510 3.762115
105010098 -0.897984 -0.741291 -0.234488 1.187801 101.385734 -140.460140 1.360610 3.761480
105010099 -0.896807 -0.741291 -0.239347 1.187882 101.624156 -140.423263 1.374667 3.760777
105010100 -0.895631 -0.741291 -0.244207 1.187983 101.862537 -140.386328 1.388679 3.760004
105010101 -1.024511 -0.718190 0.233892 1.272841 79.411404 -144.969223 1.205254 3.550518
105010102 -1.023334 -0.718190 0.229032 1.271010 79.618765 -144.938277 1.196109 3.555429
105010103 -1.022158 -0.718190 0.224173 1.269196 79.826724 -144.907284 1.186869 3.560305
105010104 -1.020982 -0.718190 0.219313 1.267398 80.035279 -144.876243 1.177532 3.565145
105010105 -1.019805 -0.718190 0.214453 1.265619 80.244426 -144.845154 1.168100 3.569950
105010106 -1.018629 -0.718190 0.209594 1.263856 80.454162 -144.814017 1.158572 3.574717
105010107 -1.017452 -0.718190 0.204734 1.262111 80.664484 -144.782832 1.148948 3.579448
105010108 -1.016276 -0.718190 0.199874 1.260383 80.875388 -144.751599 1.139228 3.584140
105010109 -1.015100 -0.718190 0.195015 1.258672 81.086871 -144.720318 1.129413 3.588795
105010110 -1.013923 -0.718190 0.190155 1.256979 81.298929 -144.688988 1.119503 3.593410
105010111 -1.012747 -0.718190 0.185295 1.255304 81.511559 -144.657610 1.109497 3.597986
105010112 -1.011571 -0.718190 0.180436 1.253647 81.724757 -144.626183 1.099397 3.602522
105010113 -1.010394 -0.718190 0.175576 1.252007 81.938518 -144.594708 1.089201 3.607017
105010114 -1.009218 -0.718190 0.170716 1.250385 82.152840 -144.563183 1.078911 3.611471
105010115 -1.008042 -0.718190 0.165857 1.248781 82.367717 -144.531610 1.068527 3.615883
105010116 -1.006865 -0.718190 0.160997 1.247195 82.583146 -144.499989 1.058049 3.620253
105010117 -1.005689 -0.718190 0.156137 1.245627 82.799124 -144.468318 1.047477 3.624581
105010118 -1.004513 -0.718190 0.151278 1.244077 83.015644 -144.436598 1.036811 3.628864
105010119 -1.003336 -0.718190 0.146418 1.242546 83.232704 -144.404829 1.026053 3.633104
105010120 -1.002160 -0.718190 0.141558 1.241032 83.450298 -144.373010 1.015201 3.637300
105010121 -1.000984 -0.718190 0.136699 1.239537 83.668422 -144.341142 1.004258 3.641450
105010122 -0.999807 -0.718190 0.131839 1.238061 83.887072 -144.309225 0.993222 3.645555
105010123 -0.998631 -0.718190 0.126979 1.236602 84.106243 -144.277258 0.982095 3.649614
105010124 -0.997455 -0.718190 0.122120 1.235163 84.325930 -144.245241 0.970876 3.653626
105010125 -0.996278 -0.718190 0.117260 1.233742 84.546128 -144.213175 0.959567 3.657590
105010126 -0.995102 -0.718190 0.112401 1.232339 84.766832 -144.181059 0.948168 3.661507
105010127 -0.993926 -0.718190 0.107541 1.230955 84.988037 -144.148893 0.936679 3.665376
105010128 -0.992749 -0.718190 0.102681 1.229590 85.209739 -144.116676 0.925100 3.669196
105010129 -0.991573 -0.718190 0.097822 1.228244 85.431931 -144.084410 0.913434 3.672966
105010130 -0.990397 -0.718190 0.092962 1.226917 85.654609 -144.052093 0.901679 3.676687
105010131 -0.989220 -0.718190 0.088102 1.225609 85.877767 -144.019726 0.889837 3.680357
105010132 -0.988044 -0.718190 0.083243 1.224319 86.101400 -143.987309 0.877908 3.683977
105010133 -0.986868 -0.718190 0.078383 1.223049 86.325502 -143.954841 0.865893 3.687545
105010134 -0.985691 -0.718190 0.073523 1.221798 86.550068 -143.922322 0.853792 3.691060
105010135 -0.984515 -0.718190 0.068664 1.220566 86.775092 -143.889753 0.841606 3.694524
105010136 -0.983339 -0.718190 0.063804 1.219354 87.000568 -143.857133 0.829337 3.697934
105010137 -0.982162 -0.718190 0.058944 1.218160 87.226490 -143.824461 0.816984 3.701291
105010138 -0.980986 -0.718190 0.054085 1.216987 87.452853 -143.791739 0.804548 3.704594
105010139 -0.979810 -0.718190 0.049225 1.215832 87.679649 -143.758966 0.792031 3.707843
105010140 -0.978633 -0.718190 0.044365 1.214697 87.906875 -143.726141 0.779433 3.711036
105010141 -0.977457 -0.718190 0.039506 1.213582 88.134522 -143.693265 0.766754 3.714175
105010142 -0.976281 -0.718190 0.034646 1.212486 88.362585 -143.660338 0.753996 3.717257
105010143 -0.975104 -0.718190 0.029786 1.211410 88.591057 -143.627359 0.741160 3.720283
105010144 -0.973928 -0.718190 0.024927 1.210353 88.819932 -143.594329 0.728246 3.723252
105010145 -0.972752 -0.718190 0.020067 1.209316 89.049204 -143.561246 0.715255 3.726163
105010146 -0.971575 -0.718190 0.015207 1.208299 89.278866 -143.528112 0.702188 3.729017
105010147 -0.970399 -0.718190 0.010348 1.207302 89.508912 -143.494926 0.689047 3.731813
105010148 -0.969223 -0.718190 0.005488 1.206325 89.739334 -143.461689 0.675832 3.734550
105010149 -0.968046 -0.718190 0.000628 1.205368 89.970126 -143.428398 0.662544 3.737228
105010150 -0.966870 -0.718190 -0.004231 1.204431 90.201281 -143.395056 0.673343 3.739847
105010151 -0.965694 -0.718190 -0.009091 1.203513 90.432792 -143.361661 0.687751 3.742405
105010152 -0.964517 -0.718190 -0.013950 1.202616 90.664652 -143.328214 0.702187 3.744904
105010153 -0.963341 -0.718190 -0.018810 1.201739 90.896854 -143.294715 0.716649 3.747341
105010154 -0.962165 -0.718190 -0.023670 1.200882 91.129392 -143.261163 0.731135 3.749718
105010155 -0.960988 -0.718190 -0.028529 1.200046 91.362257 -143.227558 0.745644 3.752032
105010156 -0.959812 -0.718190 -0.033389 1.199229 91.595442 -143.193900 0.760175 3.754285
105010157 -0.958636 -0.718190 -0.038249 1.198433 91.828941 -143.160189 0.774727 3.756476
105010158 -0.957459 -0.718190 -0.043108 1.197658 92.062745 -143.126425 0.789297 3.758604
105010159 -0.956283 -0.718190 -0.047968 1.196902 92.296848 -143.092608 0.803884 3.760669
105010160 -0.955107 -0.718190 -0.052828 1.196168 92.531242 -143.058738 0.818488 3.762670
105010161 -0.953930 -0.718190 -0.057687 1.195453 92.765919 -143.024815 0.833106 3.764608
105010162 -0.952754 -0.718190 -0.062547 1.194759 93.000871 -142.990838 0.847737 3.766482
105010163 -0.951578 -0.718190 -0.067407 1.194086 93.236092 -142.956808 0.862379 3.768291
105010164 -0.950401 -0.718190 -0.072266 1.193433 93.471573 -142.922723 0.877031 3.770036
105010165 -0.949225 -0.718190 -0.077126 1.192801 93.707306 -142.888586 0.891692 3.771715
105010166 -0.948049 -0.718190 -0.081986 1.192189 93.943284 -142.854394 0.906360 3.773329
105010167 -0.946872 -0.718190 -0.086845 1.191598 94.179498 -142.820148 0.921033 3.774878
105010168 -0.945696 -0.718190 -0.091705 1.191028 94.415942 -142.785849 0.935710 3.776361
105010169 -0.944520 -0.718190 -0.096565 1.190479 94.652606 -142.751495 0.950389 3.777777
105010170 -0.943343 -0.718190 -0.101424 1.189950 94.889483 -142.717087 0.965070 3.779127
105010171 -0.942167 -0.718190 -0.106284 1.189442 95.126565 -142.682624 0.979749 3.780411
105010172 -0.940991 -0.718190 -0.111144 1.188955 95.363843 -142.648107 0.994426 3.781627
105010173 -0.939814 -0.718190 -0.116003 1.188489 95.601310 -142.613536 1.009099 3.782776
105010174 -0.938638 -0.718190 -0.120863 1.188043 95.838957 -142.578909 1.023767 3.783858
105010175 -0.937461 -0.718190 -0.125722 1.187619 96.076776 -142.544228 1.038428 3.784873
105010176 -0.936285 -0.718190 -0.130582 1.187215 96.314758 -142.509493 1.053080 3.785819
105010177 -0.935109 -0.718190 -0.135442 1.186832 96.552896 -142.474702 1.067723 3.786698
105010178 -0.933932 -0.718190 -0.140301 1.186470 96.791181 -142.439856 1.082353 3.787508
105010179 -0.932756 -0.718190 -0.145161 1.186130 97.029605 -142.404954 1.096970 3.788250
105010180 -0.931580 -0.718190 -0.150021 1.185810 97.268159 -142.369998 1.111572 3.788923
105010181 -0.930403 -0.718190 -0.154880 1.185511 97.506834 -142.334986 1.126158 3.789528
105010182 -0.929227 -0.718190 -0.159740 1.185233 97.745623 -142.299919 1.140726 3.790064
105010183 -0.928051 -0.718190 -0.164600 1.184976 97.984517 -142.264796 1.155274 3.790530
105010184 -0.926874 -0.718190 -0.169459 1.184741 98.223507 -142.229617 1.169801 3.790928
105010185 -0.925698 -0.718190 -0.174319 1.184526 98.462585 -142.194382 1.184305 3.791257
105010186 -0.924522 -0.718190 -0.179179 1.184332 98.701743 -142.159092 1.198784 3.791516
105010187 -0.923345 -0.718190 -0.184038 1.184160 98.940971 -142.123745 1.213238 3.791706
105010188 -0.922169 -0.718190 -0.188898 1.184008 99.180261 -142.088342 1.227664 3.791827
105010189 -0.920993 -0.718190 -0.193758 1.183878 99.419604 -142.052883 1.242062 3.791878
105010190 -0.919816 -0.718190 -0.198617 1.183769 99.658993 -142.017368 1.256428 3.791859
105010191 -0.918640 -0.718190 -0.203477 1.183681 99.898417 -141.981796 1.270762 3.791771
105010192 -0.917464 -0.718190 -0.208337 1.183614 100.137870 -141.946167 1.285063 3.791613
105010193 -0.916287 -0.718190 -0.213196 1.183568 100.377341 -141.910482 1.299329 3.791385
105010194 -0.915111 -0.718190 -0.218056 1.183543 100.616823 -141.874740 1.313557 3.791088
105010195 -0.913935 -0.718190 -0.222916 1.183539 100.856306 -141.838941 1.327747 3.790721
105010196 -0.912758 -0.718190 -0.227775 1.183557 101.095783 -141.803085 1.341898 3.790284
105010197 -0.911582 -0.718190 -0.232635 1.183596 101.335244 -141.767172 1.356007 3.789778
105010198 -0.910406 -0.718190 -0.237495 1.183655 101.574680 -141.731202 1.370073 3.789202
105010199 -0.909229 -0.718190 -0.242354 1.183736 101.814084 -141.695174 1.384095 3.788556
105010200 -0.908053 -0.718190 -0.247214 1.183838 102.053446 -141.659089 1.398071 3.787841
105010201 -1.036932 -0.695090 0.230885 1.269522 79.521441 -146.164737 1.196480 3.566789
105010202 -1.035756 -0.695090 0.226025 1.267686 79.729390 -146.134651 1.187384 3.571795
105010203 -1.034580 -0.695090 0.221166 1.265867 79.937943 -146.104518 1.178191 3.576765
105010204 -1.033403 -0.695090 0.216306 1.264065 80.147096 -146.074337 1.168902 3.581700
105010205 -1.032227 -0.695090 0.211446 1.262281 80.356845 -146.044110 1.159517 3.586599
105010206 -1.031051 -0.695090 0.206587 1.260513 80.567189 -146.013835 1.150037 3.591462
105010207 -1.029874 -0.695090 0.201727 1.258764 80.778123 -145.983512 1.140460 3.596287
105010208 -1.028698 -0.695090 0.196867 1.257031 80.989643 -145.953142 1.130788 3.601074
105010209 -1.027522 -0.695090 0.192008 1.255316 81.201748 -145.922724 1.121020 3.605823
105010210 -1.026345 -0.695090 0.187148 1.253619 81.414432 -145.892258 1.111157 3.610532
105010211 -1.025169 -0.695090 0.182288 1.251939 81.627692 -145.861744 1.101199 3.615203
105010212 -1.023993 -0.695090 0.177429 1.250277 81.841524 -145.831183 1.091145 3.619833
105010213 -1.022816 -0.695090 0.172569 1.248633 82.055925 -145.800573 1.080997 3.624423
105010214 -1.021640 -0.695090 0.167709 1.247007 82.270890 -145.769915 1.070754 3.628971
105010215 -1.020464 -0.695090 0.162850 1.245398 82.486416 -145.739208 1.060417 3.633478
105010216 -1.019287 -0.695090 0.157990 1.243808 82.702499 -145.708454 1.049985 3.637942
105010217 -1.018111 -0.695090 0.153131 1.242236 82.919133 -145.677650 1.039460 3.642363
105010218 -1.016935 -0.695090 0.148271 1.240682 83.136316 -145.646799 1.028840 3.646741
105010219 -1.015758 -0.695090 0.143411 1.239146 83.354042 -145.615898 1.018128 3.651075
105010220 -1.014582 -0.695090 0.138552 1.237628 83.572307 -145.584949 1.007323 3.655364
105010221 -1.013406 -0.695090 0.133692 1.236129 83.791106 -145.553951 0.996425 3.659608
105010222 -1.012229 -0.695090 0.128832 1.234648 84.010436 -145.522904 0.985435 3.663806
105010223 -1.011053 -0.695090 0.123973 1.233186 84.230290 -145.491807 0.974354 3.667958
105010224 -1.009877 -0.695090 0.119113 1.231742 84.450665 -145.460662 0.963181 3.672063
105010225 -1.008700 -0.695090 0.114253 1.230317 84.671556 -145.429467 0.951917 3.676121
105010226 -1.007524 -0.695090 0.109394 1.228911 84.892957 -145.398223 0.940563 3.680131
105010227 -1.006348 -0.695090 0.104534 1.227523 85.114864 -145.366930 0.929119 3.684093
105010228 -1.005171 -0.695090 0.099674 1.226154 85.337270 -145.335587 0.917586 3.688005
105010229 -1.003995 -0.695090 0.094815 1.224805 85.560172 -145.304194 0.905964 3.691868
105010230 -1.002819 -0.695090 0.089955 1.223474 85.783564 -145.272752 0.894254 3.695681
105010231 -1.001642 -0.695090 0.085095 1.222162 86.007440 -145.241259 0.882456 3.699443
105010232 -1.000466 -0.695090 0.080236 1.220869 86.231795 -145.209717 0.870572 3.703154
105010233 -0.999290 -0.695090 0.075376 1.219595 86.456623 -145.178125 0.858600 3.706813
105010234 -0.998113 -0.695090 0.070516 1.218340 86.681919 -145.146482 0.846544 3.710420
105010235 -0.996937 -0.695090 0.065657 1.217105 86.907677 -145.114789 0.834402 3.713974
105010236 -0.995761 -0.695090 0.060797 1.215889 87.133891 -145.083046 0.822176 3.717475
105010237 -0.994584 -0.695090 0.055937 1.214692 87.360555 -145.051252 0.809866 3.720923
105010238 -0.993408 -0.695090 0.051078 1.213515 87.587663 -145.019408 0.797474 3.724316
105010239 -0.992232 -0.695090 0.046218 1.212357 87.815210 -144.987513 0.784999 3.727654
105010240 -0.991055 -0.695090 0.041358 1.211219 88.043188 -144.955568 0.772444 3.730937
105010241 -0.989879 -0.695090 0.036499 1.210100 88.271593 -144.923571 0.759808 3.734164
105010242 -0.988703 -0.695090 0.031639 1.209001 88.500416 -144.891524 0.747092 3.737335
105010243 -0.987526 -0.695090 0.026780 1.207922 88.729653 -144.859425 0.734298 3.740450
105010244 -0.986350 -0.695090 0.021920 1.206863 88.959297 -144.827275 0.721426 3.743507
105010245 -0.985174 -0.695090 0.017060 1.205823 89.189341 -144.795074 0.708477 3.746506
105010246 -0.983997 -0.695090 0.012201 1.204803 89.419778 -144.762822 0.695452 3.749448
105010247 -0.982821 -0.695090 0.007341 1.203803 89.650602 -144.730518 0.682352 3.752331
105010248 -0.981645 -0.695090 0.002481 1.202823 89.881806 -144.698162 0.669178 3.755154
105010249 -0.980468 -0.695090 -0.002378 1.201863 90.113384 -144.665755 0.669428 3.757919
105010250 -0.979292 -0.695090 -0.007238 1.200923 90.345328 -144.633296 0.683763 3.760623
105010251 -0.978115 -0.695090 -0.012098 1.200003 90.577631 -144.600785 0.698126 3.763267
105010252 -0.976939 -0.695090 -0.016957 1.199103 90.810286 -144.568222 0.712516 3.765851
105010253 -0.975763 -0.695090 -0.021817 1.198224 91.043287 -144.535607 0.726932 3.768373
105010254 -0.974586 -0.695090 -0.026677 1.197364 91.276626 -144.502940 0.741373 3.770833
105010255 -0.973410 -0.695090 -0.031536 1.196525 91.510295 -144.470221 0.755836 3.773232
105010256 -0.972234 -0.695090 -0.036396 1.195706 91.744289 -144.437449 0.770321 3.775568
105010257 -0.971057 -0.695090 -0.041256 1.194908 91.978598 -144.404624 0.784825 3.777842
105010258 -0.969881 -0.695090 -0.046115 1.194130 92.213216 -144.371747 0.799349 3.780052
105010259 -0.968705 -0.695090 -0.050975 1.193373 92.448135 -144.338817 0.813889 3.782199
105010260 -0.967528 -0.695090 -0.055835 1.192635 92.683347 -144.305835 0.828445 3.784282
105010261 -0.966352 -0.695090 -0.060694 1.191919 92.918846 -144.272799 0.843016 3.786300
105010262 -0.965176 -0.695090 -0.065554 1.191223 93.154623 -144.239711 0.857599 3.788254
105010263 -0.963999 -0.695090 -0.070414 1.190548 93.390670 -144.206569 0.872194 3.790144
105010264 -0.962823 -0.695090 -0.075273 1.189893 93.626980 -144.173374 0.886798 3.791968
105010265 -0.961647 -0.695090 -0.080133 1.189259 93.863545 -144.140125 0.901410 3.793726
105010266 -0.960470 -0.695090 -0.084992 1.188645 94.100357 -144.106824 0.916029 3.795419
105010267 -0.959294 -0.695090 -0.089852 1.188053 94.337408 -144.073468 0.930654 3.797045
105010268 -0.958118 -0.695090 -0.094712 1.187481 94.574690 -144.040059 0.945282 3.798605
105010269 -0.956941 -0.695090 -0.099571 1.186930 94.812195 -144.006596 0.959912 3.800098
105010270 -0.955765 -0.695090 -0.104431 1.186399 95.049915 -143.973079 0.974542 3.801525
105010271 -0.954589 -0.695090 -0.109291 1.185890 95.287841 -143.939508 0.989172 3.802884
105010272 -0.953412 -0.695090 -0.114150 1.185401 95.525966 -143.905883 1.003799 3.804175
105010273 -0.952236 -0.695090 -0.119010 1.184934 95.764282 -143.872204 1.018422 3.805399
105010274 -0.951060 -0.695090 -0.123870 1.184487 96.002779 -143.838471 1.033039 3.806555
105010275 -0.949883 -0.695090 -0.128729 1.184061 96.241450 -143.804683 1.047649 3.807642
105010276 -0.948707 -0.695090 -0.133589 1.183656 96.480286 -143.770840 1.062250 3.808661
105010277 -0.947531 -0.695090 -0.138449 1.183272 96.719280 -143.736943 1.076840 3.809612
105010278 -0.946354 -0.695090 -0.143308 1.182909 96.958422 -143.702991 1.091419 3.810494
105010279 -0.945178 -0.695090 -0.148168 1.182567 97.197704 -143.668985 1.105984 3.811306
105010280 -0.944002 -0.695090 -0.153028 1.182247 97.437117 -143.634923 1.120534 3.812050
105010281 -0.942825 -0.695090 -0.157887 1.181947 97.676654 -143.600806 1.135067 3.812724
105010282 -0.941649 -0.695090 -0.162747 1.181668 97.916305 -143.566634 1.149582 3.813329
105010283 -0.940473 -0.695090 -0.167607 1.181411 98.156062 -143.532407 1.164077 3.813864
105010284 -0.939296 -0.695090 -0.172466 1.181174 98.395917 -143.498124 1.178550 3.814329
105010285 -0.938120 -0.695090 -0.177326 1.180959 98.635860 -143.463785 1.193000 3.814725
105010286 -0.936944 -0.695090 -0.182186 1.180765 98.875884 -143.429392 1.207426 3.815051
105010287 -0.935767 -0.695090 -0.187045 1.180592 99.115979 -143.394942 1.221825 3.815306
105010288 -0.934591 -0.695090 -0.191905 1.180440 99.356136 -143.360436 1.236197 3.815492
105010289 -0.933415 -0.695090 -0.196765 1.180309 99.596349 -143.325875 1.250539 3.815607
105010290 -0.932238 -0.695090 -0.201624 1.180200 99.836606 -143.291257 1.264851 3.815652
105010291 -0.931062 -0.695090 -0.206484 1.180111 100.076900 -143.256583 1.279129 3.815627
105010292 -0.929886 -0.695090 -0.211343 1.180044 100.317223 -143.221853 1.293374 3.815531
105010293 -0.928709 -0.695090 -0.216203 1.179998 100.557564 -143.187067 1.307583 3.815365
105010294 -0.927533 -0.695090 -0.221063 1.179973 100.797917 -143.152224 1.321755 3.815129
105010295 -0.926357 -0.695090 -0.225922 1.179970 101.038271 -143.117324 1.335889 3.814822
105010296 -0.925180 -0.695090 -0.230782 1.179987 101.278618 -143.082368 1.349982 3.814445
105010297 -0.924004 -0.695090 -0.235642 1.180026 101.518950 -143.047354 1.364034 3.813998
105010298 -0.922828 -0.695090 -0.240501 1.180086 101.759257 -143.012284 1.378042 3.813480
105010299 -0.921651 -0.695090 -0.245361 1.180167 101.999532 -142.977157 1.392006 3.812892
105010300 -0.920475 -0.695090 -0.250221 1.180269 102.239765 -142.941972 1.405923 3.812233
105010301 -1.049354 -0.671990 0.227878 1.266745 79.636497 -147.365132 1.186736 3.580079
105010302 -1.048178 -0.671990 0.223018 1.264905 79.844961 -147.335939 1.177698 3.585169
105010303 -1.047002 -0.671990 0.218159 1.263082 80.054032 -147.306700 1.168564 3.590224
105010304 -1.045825 -0.671990 0.213299 1.261276 80.263707 -147.277415 1.159335 3.595244
105010305 -1.044649 -0.671990 0.208439 1.259488 80.473983 -147.248082 1.150009 3.600227
105010306 -1.043473 -0.671990 0.203580 1.257716 80.684857 -147.218703 1.140588 3.605174
105010307 -1.042296 -0.671990 0.198720 1.255963 80.896324 -147.189278 1.131071 3.610084
105010308 -1.041120 -0.671990 0.193861 1.254226 81.108383 -147.159805 1.121459 3.614956
105010309 -1.039944 -0.671990 0.189001 1.252507 81.321029 -147.130285 1.111751 3.619790
105010310 -1.038767 -0.671990 0.184141 1.250806 81.534259 -147.100718 1.101948 3.624585
105010311 -1.037591 -0.671990 0.179282 1.249123 81.748069 -147.071104 1.092049 3.629340
105010312 -1.036415 -0.671990 0.174422 1.247457 81.962455 -147.041442 1.082056 3.634055
105010313 -1.035238 -0.671990 0.169562 1.245809 82.177413 -147.011733 1.071968 3.638730
105010314 -1.034062 -0.671990 0.164703 1.244179 82.392940 -146.981977 1.061785 3.643363
105010315 -1.032886 -0.671990 0.159843 1.242567 82.609031 -146.952172 1.051508 3.647954
105010316 -1.031709 -0.671990 0.154983 1.240973 82.825683 -146.922320 1.041137 3.652504
105010317 -1.030533 -0.671990 0.150124 1.239397 83.042890 -146.892421 1.030672 3.657010
105010318 -1.029357 -0.671990 0.145264 1.237840 83.260649 -146.862473 1.020114 3.661472
105010319 -1.028180 -0.671990 0.140404 1.236300 83.478956 -146.832477 1.009462 3.665891
105010320 -1.027004 -0.671990 0.135545 1.234779 83.697805 -146.802433 0.998718 3.670265
105010321 -1.025828 -0.671990 0.130685 1.233277 83.917193 -146.772341 0.987881 3.674593
105010322 -1.024651 -0.671990 0.125825 1.231793 84.137114 -146.742201 0.976953 3.678876
105010323 -1.023475 -0.671990 0.120966 1.230327 84.357564 -146.712012 0.965932 3.683113
105010324 -1.022299 -0.671990 0.116106 1.228880 84.578538 -146.681775 0.954820 3.687302
105010325 -1.021122 -0.671990 0.111246 1.227451 84.800032 -146.651489 0.943618 3.691444
105010326 -1.019946 -0.671990 0.106387 1.226042 85.022039 -146.621154 0.932325 3.695538
105010327 -1.018770 -0.671990 0.101527 1.224651 85.244556 -146.590770 0.920943 3.699584
105010328 -1.017593 -0.671990 0.096667 1.223279 85.467576 -146.560338 0.909471 3.703580
105010329 -1.016417 -0.671990 0.091808 1.221926 85.691096 -146.529856 0.897910 3.707527
105010330 -1.015240 -0.671990 0.086948 1.220592 85.915108 -146.499325 0.886261 3.711423
105010331 -1.014064 -0.671990 0.082088 1.219277 86.139609 -146.468745 0.874525 3.715269
105010332 -1.012888 -0.671990 0.077229 1.217981 86.364591 -146.438116 0.862702 3.719063
105010333 -1.011711 -0.671990 0.072369 1.216704 86.590051 -146.407438 0.850792 3.722805
105010334 -1.010535 -0.671990 0.067510 1.215446 86.815982 -146.376709 0.838797 3.726496
105010335 -1.009359 -0.671990 0.062650 1.214208 87.042378 -146.345931 0.826716 3.730133
105010336 -1.008182 -0.671990 0.057790 1.212989 87.269233 -146.315104 0.814552 3.733716
105010337 -1.007006 -0.671990 0.052931 1.211790 87.496542 -146.284226 0.802303 3.737246
105010338 -1.005830 -0.671990 0.048071 1.210609 87.724299 -146.253299 0.789972 3.740722
105010339 -1.004653 -0.671990 0.043211 1.209449 87.952497 -146.222321 0.777559 3.744142
105010340 -1.003477 -0.671990 0.038352 1.208308 88.181130 -146.191294 0.765065 3.747507
105010341 -1.002301 -0.671990 0.033492 1.207187 88.410192 -146.160216 0.752490 3.750816
105010342 -1.001124 -0.671990 0.028632 1.206085 88.639677 -146.129088 0.739836 3.754068
105010343 -0.999948 -0.671990 0.023773 1.205003 88.869578 -146.097909 0.727103 3.757264
105010344 -0.998772 -0.671990 0.018913 1.203941 89.099889 -146.066679 0.714292 3.760402
105010345 -0.997595 -0.671990 0.014053 1.202899 89.330603 -146.035399 0.701405 3.763482
105010346 -0.996419 -0.671990 0.009194 1.201876 89.561714 -146.004069 0.688441 3.766504
105010347 -0.995243 -0.671990 0.004334 1.200874 89.793215 -145.972687 0.675402 3.769467
105010348 -0.994066 -0.671990 -0.000526 1.199891 90.025098 -145.941254 0.665249 3.772370
105010349 -0.992890 -0.671990 -0.005385 1.198929 90.257358 -145.909770 0.679487 3.775214
105010350 -0.991714 -0.671990 -0.010245 1.197987 90.489987 -145.878235 0.693755 3.777998
105010351 -0.990537 -0.671990 -0.015105 1.197064 90.722978 -145.846649 0.708051 3.780721
105010352 -0.989361 -0.671990 -0.019964 1.196162 90.956324 -145.815011 0.722373 3.783383
105010353 -0.988185 -0.671990 -0.024824 1.195281 91.190018 -145.783322 0.736721 3.785983
105010354 -0.987008 -0.671990 -0.029684 1.194419 91.424052 -145.751581 0.751093 3.788521
105010355 -0.985832 -0.671990 -0.034543 1.193578 91.658421 -145.719789 0.765488 3.790998
105010356 -0.984656 -0.671990 -0.039403 1.192757 91.893115 -145.687944 0.779903 3.793411
105010357 -0.983479 -0.671990 -0.044262 1.191957 92.128128 -145.656048 0.794339 3.795761
105010358 -0.982303 -0.671990 -0.049122 1.191177 92.363451 -145.624099 0.808793 3.798048
105010359 -0.981127 -0.671990 -0.053982 1.190418 92.599079 -145.592099 0.823263 3.800271
105010360 -0.979950 -0.671990 -0.058841 1.189679 92.835002 -145.560046 0.837749 3.802430
105010361 -0.978774 -0.671990 -0.063701 1.188961 93.071214 -145.527941 0.852249 3.804524
105010362 -0.977598 -0.671990 -0.068561 1.188263 93.307706 -145.495783 0.866761 3.806553
105010363 -0.976421 -0.671990 -0.073420 1.187586 93.544471 -145.463572 0.881285 3.808517
105010364 -0.975245 -0.671990 -0.078280 1.186929 93.781501 -145.431309 0.895817 3.810415
105010365 -0.974069 -0.671990 -0.083140 1.186294 94.018788 -145.398993 0.910358 3.812248
105010366 -0.972892 -0.671990 -0.087999 1.185679 94.256323 -145.366625 0.924905 3.814014
105010367 -0.971716 -0.671990 -0.092859 1.185085 94.494100 -145.334203 0.939457 3.815713
105010368 -0.970540 -0.671990 -0.097719 1.184511 94.732110 -145.301728 0.954012 3.817346
105010369 -0.969363 -0.671990 -0.102578 1.183959 94.970344 -145.269199 0.968569 3.818911
105010370 -0.968187 -0.671990 -0.107438 1.183427 95.208795 -145.236618 0.983126 3.820409
105010371 -0.967011 -0.671990 -0.112298 1.182916 95.447455 -145.203983 0.997682 3.821839
105010372 -0.965834 -0.671990 -0.117157 1.182427 95.686315 -145.171294 1.012235 3.823202
105010373 -0.964658 -0.671990 -0.122017 1.181958 95.925367 -145.138551 1.026784 3.824496
105010374 -0.963482 -0.671990 -0.126877 1.181510 96.164602 -145.105755 1.041327 3.825721
105010375 -0.962305 -0.671990 -0.131736 1.181083 96.404012 -145.072905 1.055862 3.826878
105010376 -0.961129 -0.671990 -0.136596 1.180677 96.643590 -145.040001 1.070388 3.827966
105010377 -0.959953 -0.671990 -0.141456 1.180292 96.883325 -145.007043 1.084903 3.828985
105010378 -0.958776 -0.671990 -0.146315 1.179928 97.123211 -144.974030 1.099406 3.829935
105010379 -0.957600 -0.671990 -0.151175 1.179586 97.363237 -144.940963 1.113895 3.830815
105010380 -0.956424 -0.671990 -0.156035 1.179264 97.603397 -144.907842 1.128369 3.831625
105010381 -0.955247 -0.671990 -0.160894 1.178964 97.843681 -144.874666 1.142825 3.832366
105010382 -0.954071 -0.671990 -0.165754 1.178684 98.084080 -144.841435 1.157263 3.833037
105010383 -0.952895 -0.671990 -0.170613 1.178426 98.324586 -144.808149 1.171681 3.833637
105010384 -0.951718 -0.671990 -0.175473 1.178189 98.565191 -144.774809 1.186077 3.834167
105010385 -0.950542 -0.671990 -0.180333 1.177973 98.805885 -144.741414 1.200449 3.834627
105010386 -0.949366 -0.671990 -0.185192 1.177778 99.046660 -144.707963 1.214797 3.835017
105010387 -0.948189 -0.671990 -0.190052 1.177605 99.287508 -144.674457 1.229118 3.835336
105010388 -0.947013 -0.671990 -0.194912 1.177453 99.528419 -144.640896 1.243411 3.835584
105010389 -0.945837 -0.671990 -0.199771 1.177322 99.769384 -144.607279 1.257675 3.835762
105010390 -0.944660 -0.671990 -0.204631 1.177212 100.010396 -144.573606 1.271907 3.835868
105010391 -0.943484 -0.671990 -0.209491 1.177123 100.251445 -144.539878 1.286106 3.835904
105010392 -0.942308 -0.671990 -0.214350 1.177056 100.492523 -144.506094 1.300271 3.835869
105010393 -0.941131 -0.671990 -0.219210 1.177010 100.733620 -144.472254 1.314401 3.835763
105010394 -0.939955 -0.671990 -0.224070 1.176985 100.974728 -144.438358 1.328493 3.835586
105010395 -0.938779 -0.671990 -0.228929 1.176981 101.215838 -144.404406 1.342546 3.835339
105010396 -0.937602 -0.671990 -0.233789 1.176999 101.456941 -144.370397 1.356558 3.835020
105010397 -0.936426 -0.671990 -0.238649 1.177038 101.698029 -144.336332 1.370529 3.834630
105010398 -0.935249 -0.671990 -0.243508 1.177098 101.939093 -144.302211 1.384456 3.834170
105010399 -0.934073 -0.671990 -0.248368 1.177179 102.180123 -144.268033 1.398339 3.833638
105010400 -0.932897 -0.671990 -0.253228 1.177281 102.421112 -144.233798 1.412175 3.833036
105010401 -1.061776 -0.648890 0.224871 1.264513 79.756482 -148.569379 1.176052 3.590315
105010402 -1.060600 -0.648890 0.220012 1.262670 79.965384 -148.541111 1.167084 3.595479
105010403 -1.059424 -0.648890 0.215152 1.260844 80.174897 -148.512798 1.158020 3.600608
105010404 -1.058247 -0.648890 0.210292 1.259035 80.385017 -148.484440 1.148861 3.605702
105010405 -1.057071 -0.648890 0.205433 1.257243 80.595741 -148.456035 1.139606 3.610760
105010406 -1.055894 -0.648890 0.200573 1.255468 80.807066 -148.427584 1.130256 3.615782
105010407 -1.054718 -0.648890 0.195713 1.253711 81.018988 -148.399088 1.120811 3.620766
105010408 -1.053542 -0.648890 0.190854 1.251972 81.231504 -148.370545 1.111271 3.625713
105010409 -1.052365 -0.648890 0.185994 1.250250 81.444611 -148.341956 1.101635 3.630621
105010410 -1.051189 -0.648890 0.181134 1.248546 81.658305 -148.313320 1.091904 3.635491
105010411 -1.050013 -0.648890 0.176275 1.246859 81.872582 -148.284638 1.082079 3.640321
105010412 -1.048836 -0.648890 0.171415 1.245191 82.087439 -148.255910 1.072159 3.645111
105010413 -1.047660 -0.648890 0.166555 1.243540 82.302871 -148.227135 1.062144 3.649860
105010414 -1.046484 -0.648890 0.161696 1.241907 82.518874 -148.198313 1.052035 3.654568
105010415 -1.045307 -0.648890 0.156836 1.240292 82.735445 -148.169445 1.041832 3.659234
105010416 -1.044131 -0.648890 0.151976 1.238695 82.952580 -148.140529 1.031536 3.663858
105010417 -1.042955 -0.648890 0.147117 1.237116 83.170274 -148.111566 1.021146 3.668440
105010418 -1.041778 -0.648890 0.142257 1.235556 83.388522 -148.082557 1.010663 3.672977
105010419 -1.040602 -0.648890 0.137397 1.234013 83.607321 -148.053500 1.000086 3.677471
105010420 -1.039426 -0.648890 0.132538 1.232490 83.826666 -148.024395 0.989418 3.681919
105010421 -1.038249 -0.648890 0.127678 1.230984 84.046552 -147.995244 0.978657 3.686323
105010422 -1.037073 -0.648890 0.122819 1.229497 84.266975 -147.966044 0.967804 3.690681
105010423 -1.035897 -0.648890 0.117959 1.228029 84.487930 -147.936797 0.956860 3.694992
105010424 -1.034720 -0.648890 0.113099 1.226579 84.709412 -147.907503 0.945825 3.699257
105010425 -1.033544 -0.648890 0.108240 1.225148 84.931416 -147.878160 0.934700 3.703474
105010426 -1.032368 -0.648890 0.103380 1.223736 85.153937 -147.848770 0.923484 3.707643
105010427 -1.031191 -0.648890 0.098520 1.222342 85.376971 -147.819331 0.912179 3.711763
105010428 -1.030015 -0.648890 0.093661 1.220968 85.600511 -147.789844 0.900785 3.715834
105010429 -1.028839 -0.648890 0.088801 1.219612 85.824553 -147.760310 0.889302 3.719855
105010430 -1.027662 -0.648890 0.083941 1.218275 86.049091 -147.730726 0.877731 3.723826
105010431 -1.026486 -0.648890 0.079082 1.216958 86.274120 -147.701094 0.866073 3.727746
105010432 -1.025310 -0.648890 0.074222 1.215659 86.499634 -147.671414 0.854329 3.731615
105010433 -1.024133 -0.648890 0.069362 1.214380 86.725627 -147.641685 0.842498 3.735432
105010434 -1.022957 -0.648890 0.064503 1.213120 86.952095 -147.611907 0.830582 3.739196
105010435 -1.021781 -0.648890 0.059643 1.211879 87.179031 -147.582081 0.818580 3.742908
105010436 -1.020604 -0.648890 0.054783 1.210658 87.406429 -147.552205 0.806495 3.746566
105010437 -1.019428 -0.648890 0.049924 1.209456 87.634283 -147.522280 0.794327 3.750169
105010438 -1.018252 -0.648890 0.045064 1.208274 87.862588 -147.492307 0.782076 3.753719
105010439 -1.017075 -0.648890 0.040204 1.207111 88.091336 -147.462283 0.769742 3.757213
105010440 -1.015899 -0.648890 0.035345 1.205968 88.320523 -147.432211 0.757328 3.760651
105010441 -1.014723 -0.648890 0.030485 1.204844 88.550141 -147.402089 0.744834 3.764034
105010442 -1.013546 -0.648890 0.025625 1.203740 88.780185 -147.371917 0.732260 3.767359
105010443 -1.012370 -0.648890 0.020766 1.202656 89.010647 -147.341696 0.719608 3.770628
105010444 -1.011194 -0.648890 0.015906 1.201592 89.241522 -147.311424 0.706878 3.773839
105010445 -1.010017 -0.648890 0.011046 1.200548 89.472802 -147.281103 0.694071 3.776992
105010446 -1.008841 -0.648890 0.006187 1.199524 89.704482 -147.250732 0.681189 3.780087
105010447 -1.007665 -0.648890 0.001327 1.198519 89.936554 -147.220311 0.668231 3.783122
105010448 -1.006488 -0.648890 -0.003532 1.197535 90.169011 -147.189839 0.674946 3.786098
105010449 -1.005312 -0.648890 -0.008392 1.196570 90.401846 -147.159317 0.689095 3.789014
105010450 -1.004136 -0.648890 -0.013252 1.195626 90.635053 -147.128745 0.703273 3.791869
105010451 -1.002959 -0.648890 -0.018111 1.194702 90.868625 -147.098122 0.717479 3.794664
105010452 -1.001783 -0.648890 -0.022971 1.193799 91.102554 -147.067448 0.731712 3.797398
105010453 -1.000607 -0.648890 -0.027831 1.192915 91.336833 -147.036724 0.745969 3.800069
105010454 -0.999430 -0.648890 -0.032690 1.192052 91.571455 -147.005948 0.760250 3.802679
105010455 -0.998254 -0.648890 -0.037550 1.191209 91.806413 -146.975122 0.774553 3.805226
105010456 -0.997078 -0.648890 -0.042410 1.190387 92.041699 -146.944245 0.788877 3.807710
105010457 -0.995901 -0.648890 -0.047269 1.189585 92.277305 -146.913316 0.803220 3.810131
105010458 -0.994725 -0.648890 -0.052129 1.188803 92.513225 -146.882336 0.817581 3.812488
105010459 -0.993549 -0.648890 -0.056989 1.188042 92.749450 -146.851304 0.831958 3.814780
105010460 -0.992372 -0.648890 -0.061848 1.187302 92.985973 -146.820221 0.846351 3.817009
105010461 -0.991196 -0.648890 -0.066708 1.186582 93.222786 -146.789087 0.860757 3.819172
105010462 -0.990020 -0.648890 -0.071568 1.185883 93.459882 -146.757900 0.875175 3.821270
105010463 -0.988843 -0.648890 -0.076427 1.185205 93.697252 -146.726662 0.889604 3.823303
105010464 -0.987667 -0.648890 -0.081287 1.184547 93.934889 -146.695372 0.904042 3.825270
105010465 -0.986491 -0.648890 -0.086147 1.183910 94.172784 -146.664029 0.918487 3.827170
105010466 -0.985314 -0.648890 -0.091006 1.183294 94.410930 -146.632634 0.932938 3.829004
105010467 -0.984138 -0.648890 -0.095866 1.182699 94.649319 -146.601187 0.947394 3.830771
105010468 -0.982962 -0.648890 -0.100726 1.182124 94.887942 -146.569688 0.961853 3.832471
105010469 -0.981785 -0.648890 -0.105585 1.181570 95.126792 -146.538136 0.976313 3.834103
105010470 -0.980609 -0.648890 -0.110445 1.181038 95.365860 -146.506531 0.990773 3.835668
105010471 -0.979433 -0.648890 -0.115304 1.180526 95.605138 -146.474874 1.005232 3.837165
105010472 -0.978256 -0.648890 -0.120164 1.180035 95.844617 -146.443164 1.019687 3.838593
105010473 -0.977080 -0.648890 -0.125024 1.179565 96.084290 -146.411400 1.034138 3.839952
105010474 -0.975903 -0.648890 -0.129883 1.179116 96.324147 -146.379584 1.048582 3.841243
105010475 -0.974727 -0.648890 -0.134743 1.178689 96.564181 -146.347714 1.063018 3.842465
105010476 -0.973551 -0.648890 -0.139603 1.178282 96.804383 -146.315791 1.077445 3.843618
105010477 -0.972374 -0.648890 -0.144462 1.177896 97.044744 -146.283815 1.091861 3.844701
105010478 -0.971198 -0.648890 -0.149322 1.177532 97.285256 -146.251785 1.106264 3.845715
105010479 -0.970022 -0.648890 -0.154182 1.177188 97.525911 -146.219701 1.120653 3.846658
105010480 -0.968845 -0.648890 -0.159041 1.176866 97.766700 -146.187564 1.135026 3.847532
105010481 -0.967669 -0.648890 -0.163901 1.176565 98.007613 -146.155372 1.149382 3.848335
105010482 -0.966493 -0.648890 -0.168761 1.176285 98.248643 -146.123127 1.163719 3.849068
105010483 -0.965316 -0.648890 -0.173620 1.176026 98.489781 -146.090827 1.178036 3.849731
105010484 -0.964140 -0.648890 -0.178480 1.175789 98.731018 -146.058473 1.192330 3.850323
105010485 -0.962964 -0.648890 -0.183340 1.175573 98.972346 -146.026065 1.206601 3.850844
105010486 -0.961787 -0.648890 -0.188199 1.175378 99.213755 -145.993602 1.220847 3.851295
105010487 -0.960611 -0.648890 -0.193059 1.175204 99.455237 -145.961085 1.235065 3.851674
105010488 -0.959435 -0.648890 -0.197919 1.175051 99.696783 -145.928512 1.249256 3.851982
105010489 -0.958258 -0.648890 -0.202778 1.174920 99.938384 -145.895885 1.263417 3.852219
105010490 -0.957082 -0.648890 -0.207638 1.174810 100.180032 -145.863203 1.277546 3.852385
105010491 -0.955906 -0.648890 -0.212498 1.174721 100.421717 -145.830466 1.291642 3.852480
105010492 -0.954729 -0.648890 -0.217357 1.174653 100.663431 -145.797674 1.305704 3.852503
105010493 -0.953553 -0.648890 -0.222217 1.174607 100.905166 -145.764827 1.319730 3.852455
105010494 -0.952377 -0.648890 -0.227077 1.174582 101.146911 -145.731924 1.333718 3.852336
105010495 -0.951200 -0.648890 -0.231936 1.174579 101.388659 -145.698965 1.347667 3.852145
105010496 -0.950024 -0.648890 -0.236796 1.174596 101.630400 -145.665951 1.361575 3.851883
105010497 -0.948848 -0.648890 -0.241655 1.174635 101.872126 -145.632881 1.375441 3.851550
105010498 -0.947671 -0.648890 -0.246515 1.174695 102.113827 -145.599755 1.389264 3.851145
105010499 -0.946495 -0.648890 -0.251375 1.174777 102.355496 -145.566573 1.403041 3.850669
105010500 -0.945319 -0.648890 -0.256234 1.174880 102.597122 -145.533335 1.416772 3.850122
105010501 -1.074198 -0.625790 0.221864 1.262830 79.881285 -149.776428 1.164464 3.597442
105010502 -1.073022 -0.625790 0.217005 1.260984 80.090548 -149.749116 1.155577 3.602669
105010503 -1.071845 -0.625790 0.212145 1.259155 80.300424 -149.721758 1.146594 3.607862
105010504 -1.070669 -0.625790 0.207285 1.257343 80.510910 -149.694356 1.137517 3.613019
105010505 -1.069493 -0.625790 0.202426 1.255549 80.722002 -149.666909 1.128345 3.618140
105010506 -1.068316 -0.625790 0.197566 1.253772 80.933698 -149.639416 1.119078 3.623225
105010507 -1.067140 -0.625790 0.192706 1.252013 81.145993 -149.611879 1.109716 3.628273
105010508 -1.065964 -0.625790 0.187847 1.250271 81.358885 -149.584297 1.100259 3.633284
105010509 -1.064787 -0.625790 0.182987 1.248547 81.572370 -149.556669 1.090708 3.638256
105010510 -1.063611 -0.625790 0.178127 1.246840 81.786445 -149.528995 1.081063 3.643189
105010511 -1.062435 -0.625790 0.173268 1.245152 82.001105 -149.501277 1.071323 3.648083
105010512 -1.061258 -0.625790 0.168408 1.243480 82.216347 -149.473512 1.061489 3.652937
105010513 -1.060082 -0.625790 0.163549 1.241827 82.432167 -149.445702 1.051561 3.657751
105010514 -1.058906 -0.625790 0.158689 1.240192 82.648561 -149.417846 1.041540 3.662523
105010515 -1.057729 -0.625790 0.153829 1.238575 82.865525 -149.389944 1.031425 3.667254
105010516 -1.056553 -0.625790 0.148970 1.236976 83.083054 -149.361997 1.021216 3.671943
105010517 -1.055377 -0.625790 0.144110 1.235395 83.301146 -149.334003 1.010915 3.676588
105010518 -1.054200 -0.625790 0.139250 1.233832 83.519794 -149.305962 1.000521 3.681191
105010519 -1.053024 -0.625790 0.134391 1.232288 83.738996 -149.277876 0.990035 3.685749
105010520 -1.051848 -0.625790 0.129531 1.230762 83.958745 -149.249743 0.979456 3.690262
105010521 -1.050671 -0.625790 0.124671 1.229254 84.179039 -149.221564 0.968786 3.694731
105010522 -1.049495 -0.625790 0.119812 1.227765 84.399872 -149.193338 0.958025 3.699153
105010523 -1.048319 -0.625790 0.114952 1.226295 84.621238 -149.165065 0.947173 3.703530
105010524 -1.047142 -0.625790 0.110092 1.224843 84.843135 -149.136745 0.936230 3.707859
105010525 -1.045966 -0.625790 0.105233 1.223410 85.065556 -149.108379 0.925197 3.712141
105010526 -1.044790 -0.625790 0.100373 1.221996 85.288496 -149.079966 0.914074 3.716375
105010527 -1.043613 -0.625790 0.095513 1.220600 85.511951 -149.051505 0.902863 3.720560
105010528 -1.042437 -0.625790 0.090654 1.219224 85.735914 -149.022997 0.891563 3.724696
105010529 -1.041261 -0.625790 0.085794 1.217866 85.960382 -148.994442 0.880174 3.728782
105010530 -1.040084 -0.625790 0.080934 1.216527 86.185348 -148.965839 0.868699 3.732819
105010531 -1.038908 -0.625790 0.076075 1.215208 86.410808 -148.937189 0.857136 3.736804
105010532 -1.037732 -0.625790 0.071215 1.213908 86.636754 -148.908491 0.845487 3.740738
105010533 -1.036555 -0.625790 0.066355 1.212626 86.863183 -148.879746 0.833752 3.744619
105010534 -1.035379 -0.625790 0.061496 1.211365 87.090088 -148.850952 0.821933 3.748449
105010535 -1.034203 -0.625790 0.056636 1.210122 87.317463 -148.822111 0.810029 3.752225
105010536 -1.033026 -0.625790 0.051776 1.208899 87.545302 -148.793222 0.798041 3.755948
105010537 -1.031850 -0.625790 0.046917 1.207696 87.773600 -148.764284 0.785970 3.759617
105010538 -1.030674 -0.625790 0.042057 1.206511 88.002350 -148.735298 0.773817 3.763231
105010539 -1.029497 -0.625790 0.037198 1.205347 88.231546 -148.706264 0.761582 3.766790
105010540 -1.028321 -0.625790 0.032338 1.204202 88.461183 -148.677181 0.749267 3.770293
105010541 -1.027145 -0.625790 0.027478 1.203077 88.691253 -148.648050 0.736872 3.773740
105010542 -1.025968 -0.625790 0.022619 1.201971 88.921750 -148.618870 0.724398 3.777131
105010543 -1.024792 -0.625790 0.017759 1.200886 89.152669 -148.589641 0.711846 3.780464
105010544 -1.023616 -0.625790 0.012899 1.199820 89.384001 -148.560363 0.699216 3.783740
105010545 -1.022439 -0.625790 0.008040 1.198774 89.615741 -148.531036 0.686510 3.786957
105010546 -1.021263 -0.625790 0.003180 1.197748 89.847882 -148.501660 0.673728 3.790116
105010547 -1.020087 -0.625790 -0.001680 1.196742 90.080418 -148.472235 0.670158 3.793216
105010548 -1.018910 -0.625790 -0.006539 1.195757 90.313340 -148.442761 0.684167 3.796256
105010549 -1.017734 -0.625790 -0.011399 1.194791 90.546643 -148.413237 0.698205 3.799237
105010550 -1.016558 -0.625790 -0.016259 1.193845 90.780320 -148.383663 0.712272 3.802156
105010551 -1.015381 -0.625790 -0.021118 1.192920 91.014362 -148.354040 0.726366 3.805015
105010552 -1.014205 -0.625790 -0.025978 1.192015 91.248764 -148.324367 0.740486 3.807812
105010553 -1.013028 -0.625790 -0.030838 1.191130 91.483518 -148.294644 0.754630 3.810548
105010554 -1.011852 -0.625790 -0.035697 1.190266 91.718616 -148.264871 0.768798 3.813221
105010555 -1.010676 -0.625790 -0.040557 1.189422 91.954051 -148.235048 0.782987 3.815832
105010556 -1.009499 -0.625790 -0.045417 1.188598 92.189817 -148.205175 0.797196 3.818379
105010557 -1.008323 -0.625790 -0.050276 1.187795 92.425904 -148.175251 0.811424 3.820863
105010558 -1.007147 -0.625790 -0.055136 1.187012 92.662306 -148.145277 0.825670 3.823283
105010559 -1.005970 -0.625790 -0.059996 1.186250 92.899016 -148.115252 0.839931 3.825639
105010560 -1.004794 -0.625790 -0.064855 1.185509 93.136025 -148.085177 0.854207 3.827930
105010561 -1.003618 -0.625790 -0.069715 1.184788 93.373325 -148.055051 0.868496 3.830156
105010562 -1.002441 -0.625790 -0.074574 1.184088 93.610910 -148.024874 0.882797 3.832317
105010563 -1.001265 -0.625790 -0.079434 1.183408 93.848770 -147.994646 0.897108 3.834412
105010564 -1.000089 -0.625790 -0.084294 1.182749 94.086898 -147.964367 0.911427 3.836441
105010565 -0.998912 -0.625790 -0.089153 1.182111 94.325287 -147.934037 0.925753 3.838404
105010566 -0.997736 -0.625790 -0.094013 1.181494 94.563927 -147.903655 0.940085 3.840299
105010567 -0.996560 -0.625790 -0.098873 1.180898 94.802812 -147.873222 0.954422 3.842128
105010568 -0.995383 -0.625790 -0.103732 1.180323 95.041932 -147.842737 0.968760 3.843889
105010569 -0.994207 -0.625790 -0.108592 1.179768 95.281280 -147.812201 0.983100 3.845583
105010570 -0.993031 -0.625790 -0.113452 1.179235 95.520847 -147.781613 0.997439 3.847209
105010571 -0.991854 -0.625790 -0.118311 1.178722 95.760625 -147.750973 1.011777 3.848766
105010572 -0.990678 -0.625790 -0.123171 1.178231 96.000606 -147.720281 1.026110 3.850255
105010573 -0.989502 -0.625790 -0.128031 1.177760 96.240781 -147.689536 1.040439 3.851675
105010574 -0.988325 -0.625790 -0.132890 1.177310 96.481142 -147.658740 1.054761 3.853027
105010575 -0.987149 -0.625790 -0.137750 1.176882 96.721681 -147.627891 1.069074 3.854309
105010576 -0.985973 -0.625790 -0.142610 1.176475 96.962388 -147.596990 1.083378 3.855521
105010577 -0.984796 -0.625790 -0.147469 1.176089 97.203256 -147.566036 1.097671 3.856664
105010578 -0.983620 -0.625790 -0.152329 1.175723 97.444276 -147.535029 1.111950 3.857737
105010579 -0.982444 -0.625790 -0.157189 1.175379 97.685439 -147.503969 1.126215 3.858740
105010580 -0.981267 -0.625790 -0.162048 1.175057 97.926736 -147.472857 1.140464 3.859672
105010581 -0.980091 -0.625790 -0.166908 1.174755 98.168160 -147.441691 1.154695 3.860534
105010582 -0.978915 -0.625790 -0.171768 1.174475 98.409700 -147.410473 1.168908 3.861326
105010583 -0.977738 -0.625790 -0.176627 1.174216 98.651350 -147.379201 1.183099 3.862047
105010584 -0.976562 -0.625790 -0.181487 1.173978 98.893099 -147.347875 1.197268 3.862696
105010585 -0.975386 -0.625790 -0.186347 1.173761 99.134939 -147.316496 1.211413 3.863275
105010586 -0.974209 -0.625790 -0.191206 1.173566 99.376861 -147.285063 1.225533 3.863783
105010587 -0.973033 -0.625790 -0.196066 1.173392 99.618856 -147.253577 1.239626 3.864220
105010588 -0.971857 -0.625790 -0.200925 1.173239 99.860916 -147.222036 1.253690 3.864585
105010589 -0.970680 -0.625790 -0.205785 1.173107 100.103032 -147.190442 1.267724 3.864879
105010590 -0.969504 -0.625790 -0.210645 1.172997 100.345195 -147.158794 1.281726 3.865101
105010591 -0.968328 -0.625790 -0.215504 1.172908 100.587396 -147.127091 1.295695 3.865252
105010592 -0.967151 -0.625790 -0.220364 1.172841 100.829626 -147.095334 1.309630 3.865331
105010593 -0.965975 -0.625790 -0.225224 1.172794 101.071876 -147.063522 1.323528 3.865338
105010594 -0.964799 -0.625790 -0.230083 1.172769 101.314138 -147.031656 1.337389 3.865274
105010595 -0.963622 -0.625790 -0.234943 1.172766 101.556402 -146.999734 1.351210 3.865139
105010596 -0.962446 -0.625790 -0.239803 1.172783 101.798660 -146.967759 1.364991 3.864931
105010597 -0.961270 -0.625790 -0.244662 1.172822 102.040902 -146.935728 1.378729 3.864652
105010598 -0.960093 -0.625790 -0.249522 1.172883 102.283120 -146.903642 1.392424 3.864302
105010599 -0.958917 -0.625790 -0.254382 1.172964 102.525306 -146.871500 1.406073 3.863879
105010600 -0.957741 -0.625790 -0.259241 1.173067 102.767449 -146.839304 1.419676 3.863386
105010601 -1.086620 -0.602690 0.218857 1.261696 80.010777 -150.985216 1.152015 3.601421
105010602 -1.085444 -0.602690 0.213998 1.259848 80.220322 -150.958885 1.143219 3.606699
105010603 -1.084267 -0.602690 0.209138 1.258018 80.430481 -150.932511 1.134328 3.611943
105010604 -1.083091 -0.602690 0.204279 1.256205 80.641252 -150.906092 1.125344 3.617152
105010605 -1.081915 -0.602690 0.199419 1.254409 80.852631 -150.879630 1.116266 3.622326
105010606 -1.080738 -0.602690 0.194559 1.252631 81.064615 -150.853124 1.107093 3.627463
105010607 -1.079562 -0.602690 0.189700 1.250870 81.277201 -150.826573 1.097827 3.632563
105010608 -1.078386 -0.602690 0.184840 1.249126 81.490386 -150.799979 1.088466 3.637626
105010609 -1.077209 -0.602690 0.179980 1.247400 81.704165 -150.773340 1.079012 3.642651
105010610 -1.076033 -0.602690 0.175121 1.245692 81.918535 -150.746657 1.069464 3.647637
105010611 -1.074857 -0.602690 0.170261 1.244002 82.133492 -150.719930 1.059823 3.652584
105010612 -1.073680 -0.602690 0.165401 1.242329 82.349034 -150.693158 1.050088 3.657491
105010613 -1.072504 -0.602690 0.160542 1.240675 82.565154 -150.666341 1.040260 3.662358
105010614 -1.071328 -0.602690 0.155682 1.239038 82.781851 -150.639480 1.030339 3.667183
105010615 -1.070151 -0.602690 0.150822 1.237419 82.999119 -150.612574 1.020325 3.671967
105010616 -1.068975 -0.602690 0.145963 1.235819 83.216955 -150.585622 1.010218 3.676710
105010617 -1.067799 -0.602690 0.141103 1.234236 83.435354 -150.558626 1.000020 3.681409
105010618 -1.066622 -0.602690 0.136243 1.232672 83.654312 -150.531585 0.989729 3.686065
105010619 -1.065446 -0.602690 0.131384 1.231126 83.873824 -150.504498 0.979347 3.690677
105010620 -1.064270 -0.602690 0.126524 1.229599 84.093887 -150.477366 0.968873 3.695245
105010621 -1.063093 -0.602690 0.121664 1.228090 84.314494 -150.450189 0.958309 3.699767
105010622 -1.061917 -0.602690 0.116805 1.226599 84.535643 -150.422966 0.947654 3.704244
105010623 -1.060741 -0.602690 0.111945 1.225127 84.757328 -150.395697 0.936908 3.708675
105010624 -1.059564 -0.602690 0.107085 1.223674 84.979543 -150.368383 0.926073 3.713059
105010625 -1.058388 -0.602690 0.102226 1.222240 85.202285 -150.341022 0.915148 3.717395
105010626 -1.057212 -0.602690 0.097366 1.220824 85.425548 -150.313616 0.904134 3.721684
105010627 -1.056035 -0.602690 0.092507 1.219427 85.649327 -150.286164 0.893032 3.725924
105010628 -1.054859 -0.602690 0.087647 1.218049 85.873617 -150.258665 0.881842 3.730114
105010629 -1.053682 -0.602690 0.082787 1.216690 86.098412 -150.231121 0.870565 3.734256
105010630 -1.052506 -0.602690 0.077928 1.215351 86.323707 -150.203530 0.859201 3.738347
105010631 -1.051330 -0.602690 0.073068 1.214030 86.549497 -150.175892 0.847750 3.742387
105010632 -1.050153 -0.602690 0.068208 1.212728 86.775776 -150.148208 0.836214 3.746376
105010633 -1.048977 -0.602690 0.063349 1.211446 87.002538 -150.120477 0.824592 3.750313
105010634 -1.047801 -0.602690 0.058489 1.210183 87.229778 -150.092699 0.812887 3.754198
105010635 -1.046624 -0.602690 0.053629 1.208939 87.457490 -150.064875 0.801097 3.758030
105010636 -1.045448 -0.602690 0.048770 1.207715 87.685668 -150.037003 0.789224 3.761808
105010637 -1.044272 -0.602690 0.043910 1.206510 87.914305 -150.009084 0.777269 3.765532
105010638 -1.043095 -0.602690 0.039050 1.205325 88.143397 -149.981118 0.765233 3.769202
105010639 -1.041919 -0.602690 0.034191 1.204159 88.372936 -149.953105 0.753115 3.772816
105010640 -1.040743 -0.602690 0.029331 1.203013 88.602917 -149.925044 0.740917 3.776375
105010641 -1.039566 -0.602690 0.024471 1.201887 88.833332 -149.896936 0.728640 3.779878
105010642 -1.038390 -0.602690 0.019612 1.200780 89.064177 -149.868780 0.716284 3.783324
105010643 -1.037214 -0.602690 0.014752 1.199694 89.295444 -149.840576 0.703851 3.786713
105010644 -1.036037 -0.602690 0.009892 1.198627 89.527126 -149.812325 0.691341 3.790044
105010645 -1.034861 -0.602690 0.005033 1.197580 89.759218 -149.784025 0.678755 3.793318
105010646 -1.033685 -0.602690 0.000173 1.196553 89.991712 -149.755678 0.666094 3.796532
105010647 -1.032508 -0.602690 -0.004687 1.195546 90.224601 -149.727282 0.678995 3.799688
105010648 -1.031332 -0.602690 -0.009546 1.194559 90.457879 -149.698838 0.692871 3.802784
105010649 -1.030156 -0.602690 -0.014406 1.193593 90.691539 -149.670346 0.706777 3.805820
105010650 -1.028979 -0.602690 -0.019266 1.192646 90.925573 -149.641805 0.720710 3.808796
105010651 -1.027803 -0.602690 -0.024125 1.191720 91.159975 -149.613215 0.734670 3.811710
105010652 -1.026627 -0.602690 -0.028985 1.190814 91.394737 -149.584577 0.748656 3.814563
105010653 -1.025450 -0.602690 -0.033844 1.189928 91.629852 -149.555889 0.762665 3.817355
105010654 -1.024274 -0.602690 -0.038704 1.189063 91.865314 -149.527153 0.776696 3.820084
105010655 -1.023098 -0.602690 -0.043564 1.188218 92.101113 -149.498368 0.790749 3.822750
105010656 -1.021921 -0.602690 -0.048423 1.187393 92.337244 -149.469533 0.804821 3.825353
105010657 -1.020745 -0.602690 -0.053283 1.186589 92.573698 -149.440650 0.818911 3.827893
105010658 -1.019569 -0.602690 -0.058143 1.185806 92.810468 -149.411717 0.833018 3.830369
105010659 -1.018392 -0.602690 -0.063002 1.185043 93.047546 -149.382734 0.847141 3.832780
105010660 -1.017216 -0.602690 -0.067862 1.184301 93.284925 -149.353702 0.861278 3.835127
105010661 -1.016040 -0.602690 -0.072722 1.183579 93.522597 -149.324620 0.875427 3.837409
105010662 -1.014863 -0.602690 -0.077581 1.182878 93.760553 -149.295488 0.889587 3.839625
105010663 -1.013687 -0.602690 -0.082441 1.182198 93.998786 -149.266306 0.903756 3.841776
105010664 -1.012511 -0.602690 -0.087301 1.181539 94.237289 -149.237074 0.917934 3.843860
105010665 -1.011334 -0.602690 -0.092160 1.180900 94.476052 -149.207792 0.932119 3.845878
105010666 -1.010158 -0.602690 -0.097020 1.180283 94.715069 -149.178459 0.946308 3.847830
105010667 -1.008982 -0.602690 -0.101880 1.179686 94.954330 -149.149076 0.960502 3.849714
105010668 -1.007805 -0.602690 -0.106739 1.179110 95.193828 -149.119643 0.974697 3.851530
105010669 -1.006629 -0.602690 -0.111599 1.178555 95.433555 -149.090159 0.988893 3.853279
105010670 -1.005453 -0.602690 -0.116459 1.178021 95.673502 -149.060624 1.003088 3.854960
105010671 -1.004276 -0.602690 -0.121318 1.177508 95.913660 -149.031038 1.017280 3.856572
105010672 -1.003100 -0.602690 -0.126178 1.177015 96.154022 -149.001402 1.031469 3.858116
105010673 -1.001924 -0.602690 -0.131038 1.176544 96.394580 -148.971714 1.045652 3.859591
105010674 -1.000747 -0.602690 -0.135897 1.176094 96.635324 -148.941975 1.059827 3.860997
105010675 -0.999571 -0.602690 -0.140757 1.175666 96.876246 -148.912184 1.073995 3.862334
105010676 -0.998395 -0.602690 -0.145616 1.175258 97.117337 -148.882342 1.088152 3.863601
105010677 -0.997218 -0.602690 -0.150476 1.174871 97.358590 -148.852449 1.102297 3.864799
105010678 -0.996042 -0.602690 -0.155336 1.174506 97.599996 -148.822504 1.116429 3.865926
105010679 -0.994866 -0.602690 -0.160195 1.174161 97.841545 -148.792507 1.130547 3.866983
105010680 -0.993689 -0.602690 -0.165055 1.173838 98.083229 -148.762458 1.144648 3.867970
105010681 -0.992513 -0.602690 -0.169915 1.173537 98.325040 -148.732357 1.158731 3.868886
105010682 -0.991337 -0.602690 -0.174774 1.173256 98.566969 -148.702204 1.172794 3.869732
105010683 -0.990160 -0.602690 -0.179634 1.172996 98.809007 -148.671998 1.186837 3.870506
105010684 -0.988984 -0.602690 -0.184494 1.172758 99.051145 -148.641740 1.200856 3.871210
105010685 -0.987808 -0.602690 -0.189353 1.172541 99.293375 -148.611430 1.214852 3.871843
105010686 -0.986631 -0.602690 -0.194213 1.172346 99.535687 -148.581067 1.228822 3.872404
105010687 -0.985455 -0.602690 -0.199073 1.172172 99.778073 -148.550651 1.242765 3.872894
105010688 -0.984279 -0.602690 -0.203932 1.172019 100.020524 -148.520182 1.256680 3.873312
105010689 -0.983102 -0.602690 -0.208792 1.171887 100.263031 -148.489661 1.270563 3.873659
105010690 -0.981926 -0.602690 -0.213652 1.171777 100.505585 -148.459086 1.284416 3.873935
105010691 -0.980750 -0.602690 -0.218511 1.171688 100.748178 -148.428458 1.298234 3.874138
105010692 -0.979573 -0.602690 -0.223371 1.171620 100.990800 -148.397776 1.312018 3.874270
105010693 -0.978397 -0.602690 -0.228231 1.171574 101.233443 -148.367041 1.325766 3.874331
105010694 -0.977221 -0.602690 -0.233090 1.171549 101.476097 -148.336252 1.339476 3.874319
105010695 -0.976044 -0.602690 -0.237950 1.171545 101.718754 -148.305410 1.353146 3.874236
105010696 -0.974868 -0.602690 -0.242810 1.171563 101.961405 -148.274514 1.366776 3.874080
105010697 -0.973691 -0.602690 -0.247669 1.171602 102.204040 -148.243564 1.380363 3.873853
105010698 -0.972515 -0.602690 -0.252529 1.171662 102.446652 -148.212559 1.393907 3.873555
105010699 -0.971339 -0.602690 -0.257389 1.171744 102.689231 -148.181501 1.407405 3.873184
105010700 -0.970162 -0.602690 -0.262248 1.171847 102.931768 -148.150388 1.420857 3.872742
105010701 -1.099042 -0.579590 0.215851 1.261114 80.144806 -152.194668 1.138750 3.602226
105010702 -1.097866 -0.579590 0.210991 1.259266 80.354553 -152.169344 1.130056 3.607544
105010703 -1.096689 -0.579590 0.206131 1.257435 80.564915 -152.143977 1.121269 3.612828
105010704 -1.095513 -0.579590 0.201272 1.255621 80.775890 -152.118567 1.112389 3.618077
105010705 -1.094337 -0.579590 0.196412 1.253824 80.987474 -152.093114 1.103415 3.623291
105010706 -1.093160 -0.579590 0.191552 1.252045 81.199664 -152.067619 1.094349 3.628469
105010707 -1.091984 -0.579590 0.186693 1.250283 81.412457 -152.042081 1.085189 3.633610
105010708 -1.090807 -0.579590 0.181833 1.248539 81.625849 -152.016500 1.075937 3.638713
105010709 -1.089631 -0.579590 0.176973 1.246812 81.839837 -151.990876 1.066591 3.643779
105010710 -1.088455 -0.579590 0.172114 1.245103 82.054416 -151.965209 1.057153 3.648806
105010711 -1.087278 -0.579590 0.167254 1.243412 82.269584 -151.939499 1.047622 3.653795
105010712 -1.086102 -0.579590 0.162394 1.241738 82.485337 -151.913745 1.037999 3.658743
105010713 -1.084926 -0.579590 0.157535 1.240083 82.701671 -151.887948 1.028284 3.663652
105010714 -1.083749 -0.579590 0.152675 1.238445 82.918581 -151.862107 1.018476 3.668520
105010715 -1.082573 -0.579590 0.147815 1.236826 83.136063 -151.836222 1.008577 3.673346
105010716 -1.081397 -0.579590 0.142956 1.235225 83.354115 -151.810294 0.998586 3.678130
105010717 -1.080220 -0.579590 0.138096 1.233641 83.572730 -151.784322 0.988503 3.682872
105010718 -1.079044 -0.579590 0.133237 1.232076 83.791905 -151.758306 0.978330 3.687571
105010719 -1.077868 -0.579590 0.128377 1.230530 84.011636 -151.732246 0.968066 3.692225
105010720 -1.076691 -0.579590 0.123517 1.229002 84.231918 -151.706141 0.957711 3.696836
105010721 -1.075515 -0.579590 0.118658 1.227492 84.452746 -151.679993 0.947267 3.701402
105010722 -1.074339 -0.579590 0.113798 1.226001 84.674116 -151.653800 0.936732 3.705922
105010723 -1.073162 -0.579590 0.108938 1.224528 84.896023 -151.627563 0.926108 3.710396
105010724 -1.071986 -0.579590 0.104079 1.223074 85.118461 -151.601281 0.915396 3.714824
105010725 -1.070810 -0.579590 0.099219 1.221639 85.341427 -151.574954 0.904594 3.719204
105010726 -1.069633 -0.579590 0.094359 1.220223 85.564915 -151.548583 0.893705 3.723536
105010727 -1.068457 -0.579590 0.089500 1.218825 85.788920 -151.522166 0.882728 3.727820
105010728 -1.067281 -0.579590 0.084640 1.217447 86.013436 -151.495705 0.871664 3.732056
105010729 -1.066104 -0.579590 0.079780 1.216087 86.238459 -151.469199 0.860514 3.736241
105010730 -1.064928 -0.579590 0.074921 1.214747 86.463983 -151.442647 0.849277 3.740377
105010731 -1.063752 -0.579590 0.070061 1.213425 86.690002 -151.416050 0.837955 3.744462
105010732 -1.062575 -0.579590 0.065201 1.212123 86.916511 -151.389408 0.826548 3.748496
105010733 -1.061399 -0.579590 0.060342 1.210840 87.143505 -151.362721 0.815057 3.752478
105010734 -1.060223 -0.579590 0.055482 1.209576 87.370977 -151.335987 0.803482 3.756408
105010735 -1.059046 -0.579590 0.050622 1.208332 87.598922 -151.309208 0.791824 3.760285
105010736 -1.057870 -0.579590 0.045763 1.207107 87.827333 -151.282383 0.780084 3.764108
105010737 -1.056694 -0.579590 0.040903 1.205902 88.056206 -151.255513 0.768262 3.767878
105010738 -1.055517 -0.579590 0.036043 1.204716 88.285533 -151.228596 0.756360 3.771593
105010739 -1.054341 -0.579590 0.031184 1.203550 88.515309 -151.201633 0.744377 3.775254
105010740 -1.053165 -0.579590 0.026324 1.202403 88.745526 -151.174624 0.732315 3.778859
105010741 -1.051988 -0.579590 0.021464 1.201276 88.976180 -151.147568 0.720174 3.782408
105010742 -1.050812 -0.579590 0.016605 1.200169 89.207264 -151.120466 0.707955 3.785900
105010743 -1.049636 -0.579590 0.011745 1.199082 89.438770 -151.093318 0.695660 3.789335
105010744 -1.048459 -0.579590 0.006886 1.198014 89.670693 -151.066122 0.683288 3.792713
105010745 -1.047283 -0.579590 0.002026 1.196967 89.903026 -151.038880 0.670841 3.796033
105010746 -1.046107 -0.579590 -0.002834 1.195940 90.135762 -151.011591 0.673601 3.799295
105010747 -1.044930 -0.579590 -0.007693 1.194932 90.368895 -150.984256 0.687295 3.802497
105010748 -1.043754 -0.579590 -0.012553 1.193945 90.602416 -150.956873 0.701018 3.805640
105010749 -1.042578 -0.579590 -0.017413 1.192978 90.836321 -150.929442 0.714770 3.808723
105010750 -1.041401 -0.579590 -0.022272 1.192031 91.070600 -150.901965 0.728548 3.811746
105010751 -1.040225 -0.579590 -0.027132 1.191104 91.305248 -150.874440 0.742353 3.814707
105010752 -1.039049 -0.579590 -0.031992 1.190197 91.540257 -150.846867 0.756181 3.817608
105010753 -1.037872 -0.579590 -0.036851 1.189311 91.775620 -150.819247 0.770033 3.820447
105010754 -1.036696 -0.579590 -0.041711 1.188445 92.011329 -150.791579 0.783907 3.823223
105010755 -1.035520 -0.579590 -0.046571 1.187600 92.247378 -150.763863 0.797801 3.825937
105010756 -1.034343 -0.579590 -0.051430 1.186775 92.483758 -150.736100 0.811714 3.828588
105010757 -1.033167 -0.579590 -0.056290 1.185971 92.720463 -150.708288 0.825644 3.831176
105010758 -1.031991 -0.579590 -0.061150 1.185187 92.957484 -150.680427 0.839591 3.833700
105010759 -1.030814 -0.579590 -0.066009 1.184424 93.194814 -150.652519 0.853552 3.836159
105010760 -1.029638 -0.579590 -0.070869 1.183681 93.432445 -150.624562 0.867527 3.838554
105010761 -1.028462 -0.579590 -0.075729 1.182959 93.670369 -150.596557 0.881514 3.840884
105010762 -1.027285 -0.579590 -0.080588 1.182258 93.908579 -150.568503 0.895511 3.843149
105010763 -1.026109 -0.579590 -0.085448 1.181577 94.147067 -150.540400 0.909517 3.845348
105010764 -1.024933 -0.579590 -0.090308 1.180918 94.385824 -150.512248 0.923530 3.847480
105010765 -1.023756 -0.579590 -0.095167 1.180279 94.624843 -150.484047 0.937550 3.849547
105010766 -1.022580 -0.579590 -0.100027 1.179661 94.864116 -150.455797 0.951574 3.851546
105010767 -1.021404 -0.579590 -0.104886 1.179063 95.103633 -150.427498 0.965602 3.853479
105010768 -1.020227 -0.579590 -0.109746 1.178487 95.343389 -150.399149 0.979630 3.855344
105010769 -1.019051 -0.579590 -0.114606 1.177932 95.583373 -150.370752 0.993659 3.857142
105010770 -1.017875 -0.579590 -0.119465 1.177397 95.823578 -150.342304 1.007687 3.858871
105010771 -1.016698 -0.579590 -0.124325 1.176884 96.063995 -150.313807 1.021712 3.860533
105010772 -1.015522 -0.579590 -0.129185 1.176392 96.304617 -150.285260 1.035732 3.862125
105010773 -1.014346 -0.579590 -0.134044 1.175920 96.545434 -150.256663 1.049746 3.863649
105010774 -1.013169 -0.579590 -0.138904 1.175470 96.786438 -150.228016 1.063753 3.865104
105010775 -1.011993 -0.579590 -0.143764 1.175041 97.027621 -150.199318 1.077750 3.866490
105010776 -1.010816 -0.579590 -0.148623 1.174633 97.268974 -150.170571 1.091738 3.867806
105010777 -1.009640 -0.579590 -0.153483 1.174246 97.510489 -150.141773 1.105713 3.869053
105010778 -1.008464 -0.579590 -0.158343 1.173881 97.752156 -150.112925 1.119674 3.870229
105010779 -1.007287 -0.579590 -0.163202 1.173536 97.993968 -150.084026 1.133621 3.871335
105010780 -1.006111 -0.579590 -0.168062 1.173213 98.235915 -150.055076 1.147550 3.872371
105010781 -1.004935 -0.579590 -0.172922 1.172911 98.477990 -150.026075 1.161462 3.873337
105010782 -1.003758 -0.579590 -0.177781 1.172630 98.720182 -149.997024 1.175353 3.874232
105010783 -1.002582 -0.579590 -0.182641 1.172371 98.962484 -149.967921 1.189224 3.875056
105010784 -1.001406 -0.579590 -0.187501 1.172132 99.204887 -149.938767 1.203071 3.875809
105010785 -1.000229 -0.579590 -0.192360 1.171915 99.447381 -149.909562 1.216895 3.876490
105010786 -0.999053 -0.579590 -0.197220 1.171720 99.689958 -149.880305 1.230692 3.877101
105010787 -0.997877 -0.579590 -0.202080 1.171545 99.932610 -149.850996 1.244462 3.877640
105010788 -0.996700 -0.579590 -0.206939 1.171392 100.175326 -149.821636 1.258203 3.878108
105010789 -0.995524 -0.579590 -0.211799 1.171261 100.418100 -149.792224 1.271914 3.878504
105010790 -0.994348 -0.579590 -0.216659 1.171150 100.660920 -149.762760 1.285593 3.878829
105010791 -0.993171 -0.579590 -0.221518 1.171061 100.903780 -149.733244 1.299238 3.879082
105010792 -0.991995 -0.579590 -0.226378 1.170993 101.146668 -149.703676 1.312848 3.879264
105010793 -0.990819 -0.579590 -0.231237 1.170947 101.389578 -149.674056 1.326422 3.879373
105010794 -0.989642 -0.579590 -0.236097 1.170922 101.632500 -149.644383 1.339958 3.879411
105010795 -0.988466 -0.579590 -0.240957 1.170918 101.875424 -149.614657 1.353455 3.879377
105010796 -0.987290 -0.579590 -0.245816 1.170936 102.118343 -149.584879 1.366911 3.879271
105010797 -0.986113 -0.579590 -0.250676 1.170975 102.361246 -149.555048 1.380324 3.879093
105010798 -0.984937 -0.579590 -0.255536 1.171035 102.604126 -149.525164 1.393694 3.878844
105010799 -0.983761 -0.579590 -0.260395 1.171117 102.846973 -149.495227 1.407019 3.878523
105010800 -0.982584 -0.579590 -0.265255 1.171220 103.089778 -149.465236 1.420297 3.878130
