# pixelID   x   y   z   l2  two_theta   azimuthal   polar_width azimuthal_width
108030001 0.213989 0.014600 -1.226291 1.244907 170.078950 3.903120 0.471355 3.651086
108030002 0.218989 0.014600 -1.226291 1.245776 169.852942 3.814269 0.465192 3.648565
108030003 0.223989 0.014600 -1.226291 1.246665 169.627229 3.729368 0.459275 3.645981
108030004 0.228989 0.014600 -1.226291 1.247573 169.401820 3.648159 0.453589 3.643335
108030005 0.233989 0.014600 -1.226291 1.248500 169.176723 3.570407 0.448118 3.640631
108030006 0.238989 0.014600 -1.226291 1.249447 168.951944 3.495896 0.442849 3.637867
108030007 0.243989 0.014600 -1.226291 1.250413 168.727492 3.424428 0.437769 3.635047
108030008 0.248989 0.014600 -1.226291 1.251398 168.503374 3.355820 0.432867 3.632170
108030009 0.253989 0.014600 -1.226291 1.252403 168.279596 3.289904 0.428131 3.629238
108030010 0.258989 0.014600 -1.226291 1.253426 168.056166 3.226525 0.423553 3.626251
108030011 0.263989 0.014600 -1.226291 1.254469 167.833090 3.165540 0.419123 3.623211
108030012 0.268989 0.014600 -1.226291 1.255531 167.610375 3.106815 0.414832 3.620119
108030013 0.273989 0.014600 -1.226291 1.256611 167.388028 3.050227 0.410673 3.616974
108030014 0.278989 0.014600 -1.226291 1.257711 167.166055 2.995661 0.406639 3.613778
108030015 0.283989 0.014600 -1.226291 1.258830 166.944462 2.943012 0.402723 3.610532
108030016 0.288989 0.014600 -1.226291 1.259967 166.723255 2.892181 0.398919 3.607236
108030017 0.293989 0.014600 -1.226291 1.261123 166.502441 2.843073 0.395220 3.603891
108030018 0.298989 0.014600 -1.226291 1.262298 166.282026 2.795605 0.391622 3.600498
108030019 0.303989 0.014600 -1.226291 1.263492 166.062015 2.749694 0.388119 3.597056
108030020 0.308989 0.014600 -1.226291 1.264704 165.842414 2.705265 0.384706 3.593568
108030021 0.313989 0.014600 -1.226291 1.265935 165.623230 2.662249 0.381380 3.590032
108030022 0.318989 0.014600 -1.226291 1.267184 165.404467 2.620578 0.378136 3.586451
108030023 0.323989 0.014600 -1.226291 1.268452 165.186130 2.580191 0.374970 3.582824
108030024 0.328989 0.014600 -1.226291 1.269739 164.968226 2.541028 0.371878 3.579151
108030025 0.333989 0.014600 -1.226291 1.271043 164.750760 2.503036 0.368857 3.575435
108030026 0.338989 0.014600 -1.226291 1.272366 164.533737 2.466163 0.365904 3.571674
108030027 0.343989 0.014600 -1.226291 1.273707 164.317162 2.430360 0.363016 3.567871
108030028 0.348989 0.014600 -1.226291 1.275067 164.101040 2.395581 0.360190 3.564024
108030029 0.353989 0.014600 -1.226291 1.276444 163.885375 2.361782 0.357423 3.560135
108030030 0.358989 0.014600 -1.226291 1.277840 163.670174 2.328924 0.354712 3.556204
108030031 0.363989 0.014600 -1.226291 1.279254 163.455441 2.296967 0.352056 3.552231
108030032 0.368989 0.014600 -1.226291 1.280685 163.241179 2.265874 0.349452 3.548218
108030033 0.373989 0.014600 -1.226291 1.282135 163.027395 2.235612 0.346897 3.544165
108030034 0.378989 0.014600 -1.226291 1.283602 162.814092 2.206147 0.344391 3.540072
108030035 0.383989 0.014600 -1.226291 1.285087 162.601275 2.177448 0.341930 3.535939
108030036 0.388989 0.014600 -1.226291 1.286590 162.388949 2.149486 0.339514 3.531768
108030037 0.393989 0.014600 -1.226291 1.288111 162.177117 2.122232 0.337139 3.527558
108030038 0.398989 0.014600 -1.226291 1.289649 161.965783 2.095661 0.334806 3.523311
108030039 0.403989 0.014600 -1.226291 1.291205 161.754953 2.069747 0.332512 3.519026
108030040 0.408989 0.014600 -1.226291 1.292778 161.544629 2.044465 0.330255 3.514705
108030041 0.413989 0.014600 -1.226291 1.294368 161.334816 2.019793 0.328035 3.510347
108030042 0.418989 0.014600 -1.226291 1.295976 161.125518 1.995710 0.325850 3.505953
108030043 0.423989 0.014600 -1.226291 1.297601 160.916738 1.972194 0.323699 3.501524
108030044 0.428989 0.014600 -1.226291 1.299243 160.708480 1.949225 0.321580 3.497061
108030045 0.433989 0.014600 -1.226291 1.300903 160.500748 1.926785 0.319493 3.492562
108030046 0.438989 0.014600 -1.226291 1.302580 160.293546 1.904855 0.317436 3.488030
108030047 0.443989 0.014600 -1.226291 1.304273 160.086876 1.883419 0.315408 3.483465
108030048 0.448989 0.014600 -1.226291 1.305984 159.880743 1.862460 0.313409 3.478867
108030049 0.453989 0.014600 -1.226291 1.307711 159.675149 1.841962 0.311437 3.474236
108030050 0.458989 0.014600 -1.226291 1.309455 159.470097 1.821910 0.309492 3.469573
108030051 0.463989 0.014600 -1.226291 1.311216 159.265592 1.802290 0.307572 3.464879
108030052 0.468989 0.014600 -1.226291 1.312994 159.061635 1.783088 0.305677 3.460154
108030053 0.473989 0.014600 -1.226291 1.314788 158.858231 1.764291 0.303807 3.455399
108030054 0.478989 0.014600 -1.226291 1.316599 158.655381 1.745885 0.301959 3.450613
108030055 0.483989 0.014600 -1.226291 1.318426 158.453090 1.727860 0.300134 3.445798
108030056 0.488989 0.014600 -1.226291 1.320270 158.251358 1.710203 0.298332 3.440955
108030057 0.493989 0.014600 -1.226291 1.322130 158.050191 1.692903 0.296550 3.436082
108030058 0.498989 0.014600 -1.226291 1.324006 157.849589 1.675949 0.294790 3.431181
108030059 0.503989 0.014600 -1.226291 1.325899 157.649555 1.659332 0.293049 3.426253
108030060 0.508989 0.014600 -1.226291 1.327807 157.450093 1.643040 0.291328 3.421298
108030061 0.213989 0.041000 -1.226291 1.245496 169.925112 10.846355 0.898232 3.620377
108030062 0.218989 0.041000 -1.226291 1.246365 169.702758 10.604388 0.882313 3.619761
108030063 0.223989 0.041000 -1.226291 1.247253 169.480544 10.372867 0.867029 3.618947
108030064 0.228989 0.041000 -1.226291 1.248161 169.258490 10.151135 0.852341 3.617948
108030065 0.233989 0.041000 -1.226291 1.249088 169.036611 9.938590 0.838213 3.616776
108030066 0.238989 0.041000 -1.226291 1.250034 168.814924 9.734680 0.824612 3.615442
108030067 0.243989 0.041000 -1.226291 1.251000 168.593443 9.538893 0.811508 3.613955
108030068 0.248989 0.041000 -1.226291 1.251985 168.372182 9.350757 0.798872 3.612325
108030069 0.253989 0.041000 -1.226291 1.252989 168.151156 9.169837 0.786678 3.610559
108030070 0.258989 0.041000 -1.226291 1.254012 167.930376 8.995728 0.774902 3.608665
108030071 0.263989 0.041000 -1.226291 1.255054 167.709856 8.828056 0.763522 3.606649
108030072 0.268989 0.041000 -1.226291 1.256115 167.489606 8.666473 0.752516 3.604516
108030073 0.273989 0.041000 -1.226291 1.257195 167.269639 8.510657 0.741865 3.602274
108030074 0.278989 0.041000 -1.226291 1.258294 167.049965 8.360305 0.731550 3.599926
108030075 0.283989 0.041000 -1.226291 1.259412 166.830595 8.215137 0.721555 3.597477
108030076 0.288989 0.041000 -1.226291 1.260549 166.611538 8.074892 0.711863 3.594931
108030077 0.293989 0.041000 -1.226291 1.261705 166.392805 7.939325 0.702460 3.592293
108030078 0.298989 0.041000 -1.226291 1.262879 166.174404 7.808207 0.693332 3.589567
108030079 0.303989 0.041000 -1.226291 1.264072 165.956345 7.681323 0.684465 3.586754
108030080 0.308989 0.041000 -1.226291 1.265284 165.738637 7.558474 0.675849 3.583860
108030081 0.313989 0.041000 -1.226291 1.266515 165.521287 7.439471 0.667470 3.580885
108030082 0.318989 0.041000 -1.226291 1.267763 165.304305 7.324137 0.659318 3.577834
108030083 0.323989 0.041000 -1.226291 1.269031 165.087697 7.212306 0.651384 3.574709
108030084 0.328989 0.041000 -1.226291 1.270316 164.871473 7.103821 0.643657 3.571512
108030085 0.333989 0.041000 -1.226291 1.271620 164.655638 6.998535 0.636128 3.568246
108030086 0.338989 0.041000 -1.226291 1.272943 164.440201 6.896310 0.628789 3.564912
108030087 0.343989 0.041000 -1.226291 1.274283 164.225169 6.797014 0.621633 3.561512
108030088 0.348989 0.041000 -1.226291 1.275642 164.010547 6.700524 0.614650 3.558049
108030089 0.353989 0.041000 -1.226291 1.277019 163.796344 6.606724 0.607835 3.554524
108030090 0.358989 0.041000 -1.226291 1.278414 163.582565 6.515502 0.601181 3.550939
108030091 0.363989 0.041000 -1.226291 1.279827 163.369217 6.426755 0.594680 3.547295
108030092 0.368989 0.041000 -1.226291 1.281258 163.156307 6.340383 0.588328 3.543594
108030093 0.373989 0.041000 -1.226291 1.282707 162.943838 6.256292 0.582118 3.539837
108030094 0.378989 0.041000 -1.226291 1.284174 162.731819 6.174395 0.576044 3.536026
108030095 0.383989 0.041000 -1.226291 1.285658 162.520254 6.094606 0.570102 3.532163
108030096 0.388989 0.041000 -1.226291 1.287161 162.309149 6.016845 0.564287 3.528247
108030097 0.393989 0.041000 -1.226291 1.288680 162.098509 5.941037 0.558594 3.524281
108030098 0.398989 0.041000 -1.226291 1.290218 161.888340 5.867108 0.553018 3.520266
108030099 0.403989 0.041000 -1.226291 1.291773 161.678647 5.794991 0.547556 3.516203
108030100 0.408989 0.041000 -1.226291 1.293345 161.469434 5.724619 0.542203 3.512092
108030101 0.413989 0.041000 -1.226291 1.294935 161.260706 5.655930 0.536956 3.507935
108030102 0.418989 0.041000 -1.226291 1.296542 161.052469 5.588865 0.531810 3.503733
108030103 0.423989 0.041000 -1.226291 1.298167 160.844727 5.523367 0.526763 3.499488
108030104 0.428989 0.041000 -1.226291 1.299808 160.637484 5.459381 0.521811 3.495199
108030105 0.433989 0.041000 -1.226291 1.301467 160.430745 5.396857 0.516951 3.490867
108030106 0.438989 0.041000 -1.226291 1.303143 160.224514 5.335745 0.512180 3.486495
108030107 0.443989 0.041000 -1.226291 1.304836 160.018795 5.275997 0.507495 3.482081
108030108 0.448989 0.041000 -1.226291 1.306545 159.813592 5.217569 0.502894 3.477629
108030109 0.453989 0.041000 -1.226291 1.308272 159.608909 5.160417 0.498373 3.473137
108030110 0.458989 0.041000 -1.226291 1.310016 159.404751 5.104501 0.493930 3.468607
108030111 0.463989 0.041000 -1.226291 1.311776 159.201120 5.049780 0.489563 3.464040
108030112 0.468989 0.041000 -1.226291 1.313553 158.998020 4.996217 0.485269 3.459437
108030113 0.473989 0.041000 -1.226291 1.315346 158.795456 4.943776 0.481046 3.454798
108030114 0.478989 0.041000 -1.226291 1.317156 158.593429 4.892421 0.476893 3.450123
108030115 0.483989 0.041000 -1.226291 1.318983 158.391945 4.842120 0.472807 3.445415
108030116 0.488989 0.041000 -1.226291 1.320826 158.191005 4.792840 0.468785 3.440673
108030117 0.493989 0.041000 -1.226291 1.322685 157.990614 4.744551 0.464827 3.435898
108030118 0.498989 0.041000 -1.226291 1.324560 157.790774 4.697223 0.460931 3.431090
108030119 0.503989 0.041000 -1.226291 1.326452 157.591487 4.650828 0.457094 3.426252
108030120 0.508989 0.041000 -1.226291 1.328360 157.392758 4.605339 0.453315 3.421382
108030121 0.213989 0.067400 -1.226291 1.246645 169.632283 17.482851 1.292064 3.539797
108030122 0.218989 0.067400 -1.226291 1.247513 169.416604 17.107230 1.268346 3.542983
108030123 0.223989 0.067400 -1.226291 1.248400 169.200802 16.746956 1.245497 3.545735
108030124 0.228989 0.067400 -1.226291 1.249307 168.984910 16.401136 1.223472 3.548085
108030125 0.233989 0.067400 -1.226291 1.250233 168.768959 16.068939 1.202227 3.550062
108030126 0.238989 0.067400 -1.226291 1.251178 168.552977 15.749598 1.181720 3.551691
108030127 0.243989 0.067400 -1.226291 1.252143 168.336992 15.442399 1.161913 3.552995
108030128 0.248989 0.067400 -1.226291 1.253127 168.121029 15.146679 1.142771 3.553996
108030129 0.253989 0.067400 -1.226291 1.254130 167.905113 14.861821 1.124261 3.554712
108030130 0.258989 0.067400 -1.226291 1.255152 167.689265 14.587252 1.106350 3.555161
108030131 0.263989 0.067400 -1.226291 1.256193 167.473508 14.322436 1.089010 3.555360
108030132 0.268989 0.067400 -1.226291 1.257254 167.257861 14.066872 1.072213 3.555324
108030133 0.273989 0.067400 -1.226291 1.258333 167.042345 13.820094 1.055933 3.555065
108030134 0.278989 0.067400 -1.226291 1.259431 166.826977 13.581665 1.040146 3.554596
108030135 0.283989 0.067400 -1.226291 1.260548 166.611775 13.351177 1.024829 3.553929
108030136 0.288989 0.067400 -1.226291 1.261684 166.396755 13.128246 1.009959 3.553074
108030137 0.293989 0.067400 -1.226291 1.262839 166.181934 12.912513 0.995518 3.552042
108030138 0.298989 0.067400 -1.226291 1.264012 165.967325 12.703641 0.981486 3.550840
108030139 0.303989 0.067400 -1.226291 1.265204 165.752945 12.501313 0.967845 3.549478
108030140 0.308989 0.067400 -1.226291 1.266415 165.538807 12.305230 0.954578 3.547963
108030141 0.313989 0.067400 -1.226291 1.267644 165.324923 12.115113 0.941668 3.546302
108030142 0.318989 0.067400 -1.226291 1.268892 165.111308 11.930698 0.929102 3.544503
108030143 0.323989 0.067400 -1.226291 1.270158 164.897972 11.751735 0.916863 3.542571
108030144 0.328989 0.067400 -1.226291 1.271442 164.684927 11.577989 0.904940 3.540511
108030145 0.333989 0.067400 -1.226291 1.272745 164.472186 11.409239 0.893319 3.538331
108030146 0.338989 0.067400 -1.226291 1.274066 164.259758 11.245274 0.881987 3.536033
108030147 0.343989 0.067400 -1.226291 1.275406 164.047655 11.085898 0.870934 3.533624
108030148 0.348989 0.067400 -1.226291 1.276763 163.835886 10.930922 0.860149 3.531108
108030149 0.353989 0.067400 -1.226291 1.278139 163.624460 10.780168 0.849620 3.528489
108030150 0.358989 0.067400 -1.226291 1.279533 163.413388 10.633469 0.839339 3.525770
108030151 0.363989 0.067400 -1.226291 1.280945 163.202679 10.490665 0.829296 3.522956
108030152 0.368989 0.067400 -1.226291 1.282375 162.992341 10.351605 0.819482 3.520050
108030153 0.373989 0.067400 -1.226291 1.283822 162.782382 10.216144 0.809888 3.517055
108030154 0.378989 0.067400 -1.226291 1.285288 162.572811 10.084146 0.800507 3.513975
108030155 0.383989 0.067400 -1.226291 1.286771 162.363635 9.955482 0.791331 3.510812
108030156 0.388989 0.067400 -1.226291 1.288272 162.154863 9.830028 0.782353 3.507569
108030157 0.393989 0.067400 -1.226291 1.289790 161.946501 9.707667 0.773566 3.504248
108030158 0.398989 0.067400 -1.226291 1.291326 161.738558 9.588286 0.764963 3.500853
108030159 0.403989 0.067400 -1.226291 1.292880 161.531039 9.471779 0.756537 3.497385
108030160 0.408989 0.067400 -1.226291 1.294451 161.323952 9.358045 0.748284 3.493847
108030161 0.413989 0.067400 -1.226291 1.296040 161.117302 9.246986 0.740196 3.490241
108030162 0.418989 0.067400 -1.226291 1.297645 160.911098 9.138510 0.732269 3.486570
108030163 0.423989 0.067400 -1.226291 1.299268 160.705343 9.032529 0.724498 3.482834
108030164 0.428989 0.067400 -1.226291 1.300909 160.500045 8.928958 0.716877 3.479036
108030165 0.433989 0.067400 -1.226291 1.302566 160.295209 8.827716 0.709401 3.475177
108030166 0.438989 0.067400 -1.226291 1.304240 160.090842 8.728727 0.702067 3.471260
108030167 0.443989 0.067400 -1.226291 1.305932 159.886947 8.631917 0.694868 3.467286
108030168 0.448989 0.067400 -1.226291 1.307640 159.683531 8.537215 0.687803 3.463257
108030169 0.453989 0.067400 -1.226291 1.309365 159.480598 8.444554 0.680866 3.459174
108030170 0.458989 0.067400 -1.226291 1.311107 159.278154 8.353868 0.674053 3.455038
108030171 0.463989 0.067400 -1.226291 1.312866 159.076204 8.265096 0.667361 3.450852
108030172 0.468989 0.067400 -1.226291 1.314642 158.874751 8.178178 0.660786 3.446615
108030173 0.473989 0.067400 -1.226291 1.316434 158.673801 8.093057 0.654325 3.442331
108030174 0.478989 0.067400 -1.226291 1.318242 158.473358 8.009679 0.647974 3.437999
108030175 0.483989 0.067400 -1.226291 1.320067 158.273427 7.927990 0.641731 3.433622
108030176 0.488989 0.067400 -1.226291 1.321908 158.074010 7.847940 0.635593 3.429199
108030177 0.493989 0.067400 -1.226291 1.323766 157.875113 7.769481 0.629555 3.424734
108030178 0.498989 0.067400 -1.226291 1.325640 157.676739 7.692565 0.623617 3.420226
108030179 0.503989 0.067400 -1.226291 1.327530 157.478892 7.617149 0.617774 3.415676
108030180 0.508989 0.067400 -1.226291 1.329437 157.281576 7.543188 0.612025 3.411087
108030181 0.213989 0.093800 -1.226291 1.248350 169.212768 23.669795 1.640773 3.420371
108030182 0.218989 0.093800 -1.226291 1.249217 169.006064 23.187020 1.611705 3.428386
108030183 0.223989 0.093800 -1.226291 1.250103 168.798917 22.722519 1.583572 3.435715
108030184 0.228989 0.093800 -1.226291 1.251009 168.591376 22.275332 1.556333 3.442403
108030185 0.233989 0.093800 -1.226291 1.251934 168.383488 21.844561 1.529950 3.448495
108030186 0.238989 0.093800 -1.226291 1.252878 168.175294 21.429363 1.504385 3.454028
108030187 0.243989 0.093800 -1.226291 1.253841 167.966836 21.028950 1.479603 3.459038
108030188 0.248989 0.093800 -1.226291 1.254824 167.758151 20.642585 1.455570 3.463560
108030189 0.253989 0.093800 -1.226291 1.255826 167.549274 20.269573 1.432253 3.467623
108030190 0.258989 0.093800 -1.226291 1.256846 167.340241 19.909264 1.409624 3.471255
108030191 0.263989 0.093800 -1.226291 1.257886 167.131082 19.561047 1.387651 3.474482
108030192 0.268989 0.093800 -1.226291 1.258945 166.921827 19.224348 1.366309 3.477328
108030193 0.273989 0.093800 -1.226291 1.260023 166.712506 18.898627 1.345570 3.479815
108030194 0.278989 0.093800 -1.226291 1.261119 166.503146 18.583376 1.325411 3.481964
108030195 0.283989 0.093800 -1.226291 1.262235 166.293771 18.278116 1.305806 3.483792
108030196 0.288989 0.093800 -1.226291 1.263369 166.084407 17.982397 1.286734 3.485318
108030197 0.293989 0.093800 -1.226291 1.264522 165.875076 17.695791 1.268173 3.486558
108030198 0.298989 0.093800 -1.226291 1.265694 165.665802 17.417900 1.250104 3.487527
108030199 0.303989 0.093800 -1.226291 1.266885 165.456604 17.148343 1.232505 3.488239
108030200 0.308989 0.093800 -1.226291 1.268094 165.247504 16.886762 1.215360 3.488707
108030201 0.313989 0.093800 -1.226291 1.269321 165.038519 16.632820 1.198650 3.488943
108030202 0.318989 0.093800 -1.226291 1.270567 164.829669 16.386195 1.182360 3.488958
108030203 0.323989 0.093800 -1.226291 1.271832 164.620971 16.146585 1.166472 3.488764
108030204 0.328989 0.093800 -1.226291 1.273115 164.412442 15.913704 1.150972 3.488369
108030205 0.333989 0.093800 -1.226291 1.274416 164.204098 15.687277 1.135845 3.487784
108030206 0.338989 0.093800 -1.226291 1.275735 163.995954 15.467049 1.121078 3.487016
108030207 0.343989 0.093800 -1.226291 1.277073 163.788025 15.252774 1.106658 3.486074
108030208 0.348989 0.093800 -1.226291 1.278429 163.580325 15.044219 1.092572 3.484966
108030209 0.353989 0.093800 -1.226291 1.279803 163.372868 14.841164 1.078808 3.483698
108030210 0.358989 0.093800 -1.226291 1.281195 163.165667 14.643399 1.065355 3.482278
108030211 0.363989 0.093800 -1.226291 1.282605 162.958734 14.450724 1.052202 3.480711
108030212 0.368989 0.093800 -1.226291 1.284033 162.752083 14.262950 1.039338 3.479004
108030213 0.373989 0.093800 -1.226291 1.285479 162.545723 14.079896 1.026754 3.477163
108030214 0.378989 0.093800 -1.226291 1.286942 162.339667 13.901390 1.014440 3.475192
108030215 0.383989 0.093800 -1.226291 1.288423 162.133925 13.727267 1.002388 3.473097
108030216 0.388989 0.093800 -1.226291 1.289922 161.928508 13.557371 0.990588 3.470882
108030217 0.393989 0.093800 -1.226291 1.291439 161.723426 13.391554 0.979032 3.468552
108030218 0.398989 0.093800 -1.226291 1.292973 161.518688 13.229672 0.967712 3.466111
108030219 0.403989 0.093800 -1.226291 1.294525 161.314305 13.071590 0.956621 3.463564
108030220 0.408989 0.093800 -1.226291 1.296094 161.110284 12.917178 0.945751 3.460913
108030221 0.413989 0.093800 -1.226291 1.297680 160.906635 12.766311 0.935096 3.458163
108030222 0.418989 0.093800 -1.226291 1.299284 160.703366 12.618871 0.924649 3.455317
108030223 0.423989 0.093800 -1.226291 1.300905 160.500485 12.474745 0.914403 3.452378
108030224 0.428989 0.093800 -1.226291 1.302543 160.298001 12.333823 0.904352 3.449350
108030225 0.433989 0.093800 -1.226291 1.304199 160.095921 12.196002 0.894490 3.446235
108030226 0.438989 0.093800 -1.226291 1.305871 159.894252 12.061181 0.884813 3.443037
108030227 0.443989 0.093800 -1.226291 1.307560 159.693001 11.929267 0.875313 3.439757
108030228 0.448989 0.093800 -1.226291 1.309266 159.492175 11.800165 0.865987 3.436400
108030229 0.453989 0.093800 -1.226291 1.310989 159.291782 11.673790 0.856828 3.432966
108030230 0.458989 0.093800 -1.226291 1.312729 159.091827 11.550057 0.847833 3.429459
108030231 0.463989 0.093800 -1.226291 1.314486 158.892317 11.428885 0.838996 3.425880
108030232 0.468989 0.093800 -1.226291 1.316259 158.693258 11.310196 0.830314 3.422233
108030233 0.473989 0.093800 -1.226291 1.318049 158.494655 11.193915 0.821781 3.418518
108030234 0.478989 0.093800 -1.226291 1.319855 158.296515 11.079972 0.813395 3.414739
108030235 0.483989 0.093800 -1.226291 1.321678 158.098842 10.968297 0.805150 3.410897
108030236 0.488989 0.093800 -1.226291 1.323517 157.901643 10.858824 0.797042 3.406993
108030237 0.493989 0.093800 -1.226291 1.325373 157.704922 10.751489 0.789070 3.403030
108030238 0.498989 0.093800 -1.226291 1.327244 157.508684 10.646230 0.781228 3.399010
108030239 0.503989 0.093800 -1.226291 1.329132 157.312935 10.542990 0.773513 3.394933
108030240 0.508989 0.093800 -1.226291 1.331036 157.117678 10.441711 0.765922 3.390803
108030241 0.213989 0.120200 -1.226291 1.250611 168.682040 29.323429 1.939004 3.274858
108030242 0.218989 0.120200 -1.226291 1.251476 168.485800 28.761790 1.906968 3.287876
108030243 0.223989 0.120200 -1.226291 1.252361 168.288795 28.219518 1.875797 3.299999
108030244 0.228989 0.120200 -1.226291 1.253265 168.091087 27.695723 1.845466 3.311281
108030245 0.233989 0.120200 -1.226291 1.254188 167.892733 27.189557 1.815947 3.321774
108030246 0.238989 0.120200 -1.226291 1.255131 167.693788 26.700221 1.787214 3.331525
108030247 0.243989 0.120200 -1.226291 1.256092 167.494304 26.226958 1.759241 3.340577
108030248 0.248989 0.120200 -1.226291 1.257073 167.294329 25.769050 1.732003 3.348972
108030249 0.253989 0.120200 -1.226291 1.258073 167.093909 25.325817 1.705474 3.356747
108030250 0.258989 0.120200 -1.226291 1.259092 166.893088 24.896615 1.679632 3.363937
108030251 0.263989 0.120200 -1.226291 1.260130 166.691908 24.480835 1.654453 3.370576
108030252 0.268989 0.120200 -1.226291 1.261187 166.490408 24.077898 1.629913 3.376693
108030253 0.273989 0.120200 -1.226291 1.262263 166.288624 23.687257 1.605993 3.382318
108030254 0.278989 0.120200 -1.226291 1.263357 166.086593 23.308391 1.582669 3.387477
108030255 0.283989 0.120200 -1.226291 1.264471 165.884348 22.940809 1.559923 3.392194
108030256 0.288989 0.120200 -1.226291 1.265603 165.681921 22.584042 1.537734 3.396493
108030257 0.293989 0.120200 -1.226291 1.266754 165.479342 22.237646 1.516083 3.400395
108030258 0.298989 0.120200 -1.226291 1.267924 165.276641 21.901200 1.494953 3.403920
108030259 0.303989 0.120200 -1.226291 1.269112 165.073845 21.574303 1.474325 3.407088
108030260 0.308989 0.120200 -1.226291 1.270319 164.870981 21.256576 1.454183 3.409917
108030261 0.313989 0.120200 -1.226291 1.271545 164.668073 20.947656 1.434510 3.412421
108030262 0.318989 0.120200 -1.226291 1.272789 164.465147 20.647199 1.415292 3.414618
108030263 0.323989 0.120200 -1.226291 1.274051 164.262225 20.354878 1.396512 3.416522
108030264 0.328989 0.120200 -1.226291 1.275332 164.059328 20.070382 1.378156 3.418147
108030265 0.333989 0.120200 -1.226291 1.276631 163.856479 19.793414 1.360211 3.419504
108030266 0.338989 0.120200 -1.226291 1.277948 163.653697 19.523692 1.342662 3.420607
108030267 0.343989 0.120200 -1.226291 1.279283 163.451002 19.260946 1.325498 3.421467
108030268 0.348989 0.120200 -1.226291 1.280637 163.248413 19.004920 1.308706 3.422095
108030269 0.353989 0.120200 -1.226291 1.282008 163.045946 18.755369 1.292274 3.422500
108030270 0.358989 0.120200 -1.226291 1.283398 162.843620 18.512060 1.276190 3.422692
108030271 0.363989 0.120200 -1.226291 1.284805 162.641451 18.274770 1.260443 3.422681
108030272 0.368989 0.120200 -1.226291 1.286231 162.439454 18.043286 1.245024 3.422474
108030273 0.373989 0.120200 -1.226291 1.287674 162.237645 17.817405 1.229922 3.422080
108030274 0.378989 0.120200 -1.226291 1.289135 162.036038 17.596933 1.215127 3.421506
108030275 0.383989 0.120200 -1.226291 1.290614 161.834648 17.381684 1.200629 3.420759
108030276 0.388989 0.120200 -1.226291 1.292110 161.633488 17.171480 1.186420 3.419847
108030277 0.393989 0.120200 -1.226291 1.293624 161.432572 16.966152 1.172492 3.418775
108030278 0.398989 0.120200 -1.226291 1.295156 161.231910 16.765537 1.158835 3.417550
108030279 0.403989 0.120200 -1.226291 1.296705 161.031517 16.569479 1.145442 3.416178
108030280 0.408989 0.120200 -1.226291 1.298272 160.831403 16.377829 1.132305 3.414664
108030281 0.413989 0.120200 -1.226291 1.299855 160.631581 16.190445 1.119416 3.413013
108030282 0.418989 0.120200 -1.226291 1.301456 160.432059 16.007189 1.106769 3.411231
108030283 0.423989 0.120200 -1.226291 1.303075 160.232850 15.827930 1.094357 3.409321
108030284 0.428989 0.120200 -1.226291 1.304710 160.033964 15.652542 1.082172 3.407290
108030285 0.433989 0.120200 -1.226291 1.306363 159.835409 15.480905 1.070209 3.405140
108030286 0.438989 0.120200 -1.226291 1.308032 159.637196 15.312902 1.058461 3.402876
108030287 0.443989 0.120200 -1.226291 1.309719 159.439334 15.148421 1.046923 3.400502
108030288 0.448989 0.120200 -1.226291 1.311422 159.241832 14.987357 1.035588 3.398022
108030289 0.453989 0.120200 -1.226291 1.313142 159.044698 14.829605 1.024452 3.395438
108030290 0.458989 0.120200 -1.226291 1.314879 158.847940 14.675067 1.013508 3.392756
108030291 0.463989 0.120200 -1.226291 1.316633 158.651566 14.523648 1.002752 3.389977
108030292 0.468989 0.120200 -1.226291 1.318403 158.455585 14.375257 0.992179 3.387106
108030293 0.473989 0.120200 -1.226291 1.320190 158.260003 14.229806 0.981784 3.384145
108030294 0.478989 0.120200 -1.226291 1.321994 158.064828 14.087209 0.971563 3.381096
108030295 0.483989 0.120200 -1.226291 1.323814 157.870067 13.947386 0.961510 3.377963
108030296 0.488989 0.120200 -1.226291 1.325650 157.675727 13.810258 0.951622 3.374749
108030297 0.493989 0.120200 -1.226291 1.327502 157.481813 13.675749 0.941895 3.371456
108030298 0.498989 0.120200 -1.226291 1.329371 157.288333 13.543786 0.932324 3.368085
108030299 0.503989 0.120200 -1.226291 1.331256 157.095292 13.414300 0.922906 3.364641
108030300 0.508989 0.120200 -1.226291 1.333157 156.902696 13.287222 0.913637 3.361125
108030301 0.213989 0.146600 -1.226291 1.253424 168.056648 34.414364 2.186982 3.115088
108030302 0.218989 0.146600 -1.226291 1.254287 167.871626 33.799960 2.153937 3.132657
108030303 0.223989 0.146600 -1.226291 1.255170 167.685551 33.204627 2.121611 3.149198
108030304 0.228989 0.146600 -1.226291 1.256072 167.498492 32.627615 2.089991 3.164767
108030305 0.233989 0.146600 -1.226291 1.256993 167.310514 32.068202 2.059066 3.179416
108030306 0.238989 0.146600 -1.226291 1.257933 167.121680 31.525697 2.028821 3.193192
108030307 0.243989 0.146600 -1.226291 1.258893 166.932050 30.999437 1.999243 3.206143
108030308 0.248989 0.146600 -1.226291 1.259871 166.741678 30.488790 1.970316 3.218311
108030309 0.253989 0.146600 -1.226291 1.260869 166.550620 29.993147 1.942027 3.229736
108030310 0.258989 0.146600 -1.226291 1.261886 166.358926 29.511929 1.914360 3.240458
108030311 0.263989 0.146600 -1.226291 1.262922 166.166644 29.044579 1.887300 3.250511
108030312 0.268989 0.146600 -1.226291 1.263976 165.973822 28.590566 1.860832 3.259930
108030313 0.273989 0.146600 -1.226291 1.265050 165.780502 28.149381 1.834942 3.268745
108030314 0.278989 0.146600 -1.226291 1.266142 165.586728 27.720540 1.809614 3.276988
108030315 0.283989 0.146600 -1.226291 1.267253 165.392538 27.303577 1.784834 3.284687
108030316 0.288989 0.146600 -1.226291 1.268383 165.197972 26.898047 1.760588 3.291866
108030317 0.293989 0.146600 -1.226291 1.269531 165.003067 26.503526 1.736860 3.298553
108030318 0.298989 0.146600 -1.226291 1.270699 164.807856 26.119608 1.713638 3.304769
108030319 0.303989 0.146600 -1.226291 1.271884 164.612374 25.745904 1.690907 3.310538
108030320 0.308989 0.146600 -1.226291 1.273089 164.416652 25.382041 1.668655 3.315880
108030321 0.313989 0.146600 -1.226291 1.274311 164.220721 25.027665 1.646867 3.320815
108030322 0.318989 0.146600 -1.226291 1.275553 164.024610 24.682436 1.625532 3.325360
108030323 0.323989 0.146600 -1.226291 1.276812 163.828348 24.346028 1.604636 3.329535
108030324 0.328989 0.146600 -1.226291 1.278090 163.631960 24.018129 1.584168 3.333355
108030325 0.333989 0.146600 -1.226291 1.279386 163.435474 23.698442 1.564116 3.336836
108030326 0.338989 0.146600 -1.226291 1.280701 163.238913 23.386680 1.544468 3.339993
108030327 0.343989 0.146600 -1.226291 1.282033 163.042302 23.082572 1.525213 3.342840
108030328 0.348989 0.146600 -1.226291 1.283384 162.845663 22.785853 1.506341 3.345389
108030329 0.353989 0.146600 -1.226291 1.284752 162.649018 22.496275 1.487840 3.347654
108030330 0.358989 0.146600 -1.226291 1.286139 162.452387 22.213596 1.469702 3.349647
108030331 0.363989 0.146600 -1.226291 1.287544 162.255793 21.937587 1.451914 3.351378
108030332 0.368989 0.146600 -1.226291 1.288966 162.059252 21.668025 1.434469 3.352858
108030333 0.373989 0.146600 -1.226291 1.290406 161.862785 21.404700 1.417357 3.354097
108030334 0.378989 0.146600 -1.226291 1.291864 161.666410 21.147408 1.400568 3.355106
108030335 0.383989 0.146600 -1.226291 1.293340 161.470143 20.895955 1.384095 3.355892
108030336 0.388989 0.146600 -1.226291 1.294833 161.274001 20.650152 1.367928 3.356465
108030337 0.393989 0.146600 -1.226291 1.296344 161.078001 20.409821 1.352059 3.356833
108030338 0.398989 0.146600 -1.226291 1.297872 160.882158 20.174789 1.336481 3.357004
108030339 0.403989 0.146600 -1.226291 1.299418 160.686487 19.944890 1.321186 3.356984
108030340 0.408989 0.146600 -1.226291 1.300981 160.491001 19.719966 1.306166 3.356782
108030341 0.413989 0.146600 -1.226291 1.302562 160.295716 19.499862 1.291414 3.356404
108030342 0.418989 0.146600 -1.226291 1.304160 160.100645 19.284432 1.276924 3.355856
108030343 0.423989 0.146600 -1.226291 1.305775 159.905800 19.073536 1.262687 3.355145
108030344 0.428989 0.146600 -1.226291 1.307407 159.711194 18.867035 1.248699 3.354276
108030345 0.433989 0.146600 -1.226291 1.309056 159.516839 18.664801 1.234952 3.353254
108030346 0.438989 0.146600 -1.226291 1.310722 159.322746 18.466706 1.221441 3.352086
108030347 0.443989 0.146600 -1.226291 1.312405 159.128928 18.272630 1.208159 3.350777
108030348 0.448989 0.146600 -1.226291 1.314105 158.935394 18.082455 1.195101 3.349330
108030349 0.453989 0.146600 -1.226291 1.315822 158.742156 17.896070 1.182262 3.347752
108030350 0.458989 0.146600 -1.226291 1.317555 158.549223 17.713366 1.169635 3.346045
108030351 0.463989 0.146600 -1.226291 1.319305 158.356606 17.534239 1.157215 3.344216
108030352 0.468989 0.146600 -1.226291 1.321072 158.164313 17.358588 1.144999 3.342267
108030353 0.473989 0.146600 -1.226291 1.322855 157.972354 17.186316 1.132980 3.340202
108030354 0.478989 0.146600 -1.226291 1.324655 157.780738 17.017329 1.121154 3.338026
108030355 0.483989 0.146600 -1.226291 1.326471 157.589473 16.851538 1.109516 3.335742
108030356 0.488989 0.146600 -1.226291 1.328304 157.398568 16.688855 1.098062 3.333353
108030357 0.493989 0.146600 -1.226291 1.330152 157.208031 16.529196 1.086788 3.330863
108030358 0.498989 0.146600 -1.226291 1.332017 157.017869 16.372481 1.075690 3.328275
108030359 0.503989 0.146600 -1.226291 1.333899 156.828091 16.218630 1.064762 3.325592
108030360 0.508989 0.146600 -1.226291 1.335796 156.638702 16.067567 1.054002 3.322817
108030361 0.213989 0.173000 -1.226291 1.256785 167.352635 38.953929 2.388540 2.950493
108030362 0.218989 0.173000 -1.226291 1.257646 167.179005 38.308550 2.355903 2.971827
108030363 0.223989 0.173000 -1.226291 1.258527 167.004087 37.681064 2.323809 2.992078
108030364 0.228989 0.173000 -1.226291 1.259426 166.827952 37.070882 2.292259 3.011296
108030365 0.233989 0.173000 -1.226291 1.260345 166.650671 36.477430 2.261252 3.029527
108030366 0.238989 0.173000 -1.226291 1.261283 166.472308 35.900151 2.230786 3.046818
108030367 0.243989 0.173000 -1.226291 1.262240 166.292926 35.338507 2.200857 3.063212
108030368 0.248989 0.173000 -1.226291 1.263216 166.112587 34.791974 2.171462 3.078749
108030369 0.253989 0.173000 -1.226291 1.264211 165.931348 34.260045 2.142595 3.093468
108030370 0.258989 0.173000 -1.226291 1.265225 165.749263 33.742232 2.114251 3.107408
108030371 0.263989 0.173000 -1.226291 1.266258 165.566387 33.238061 2.086422 3.120603
108030372 0.268989 0.173000 -1.226291 1.267309 165.382769 32.747076 2.059101 3.133086
108030373 0.273989 0.173000 -1.226291 1.268380 165.198459 32.268834 2.032282 3.144891
108030374 0.278989 0.173000 -1.226291 1.269470 165.013503 31.802910 2.005955 3.156046
108030375 0.283989 0.173000 -1.226291 1.270578 164.827945 31.348894 1.980112 3.166581
108030376 0.288989 0.173000 -1.226291 1.271705 164.641828 30.906389 1.954746 3.176524
108030377 0.293989 0.173000 -1.226291 1.272850 164.455194 30.475015 1.929847 3.185900
108030378 0.298989 0.173000 -1.226291 1.274014 164.268081 30.054404 1.905407 3.194734
108030379 0.303989 0.173000 -1.226291 1.275197 164.080527 29.644201 1.881416 3.203049
108030380 0.308989 0.173000 -1.226291 1.276398 163.892568 29.244065 1.857865 3.210868
108030381 0.313989 0.173000 -1.226291 1.277618 163.704240 28.853669 1.834747 3.218211
108030382 0.318989 0.173000 -1.226291 1.278856 163.515574 28.472694 1.812050 3.225100
108030383 0.323989 0.173000 -1.226291 1.280112 163.326605 28.100838 1.789768 3.231552
108030384 0.328989 0.173000 -1.226291 1.281387 163.137362 27.737807 1.767890 3.237586
108030385 0.333989 0.173000 -1.226291 1.282679 162.947874 27.383318 1.746408 3.243220
108030386 0.338989 0.173000 -1.226291 1.283990 162.758171 27.037100 1.725314 3.248469
108030387 0.343989 0.173000 -1.226291 1.285320 162.568280 26.698891 1.704598 3.253350
108030388 0.348989 0.173000 -1.226291 1.286667 162.378227 26.368439 1.684252 3.257877
108030389 0.353989 0.173000 -1.226291 1.288032 162.188037 26.045501 1.664269 3.262064
108030390 0.358989 0.173000 -1.226291 1.289415 161.997735 25.729844 1.644639 3.265925
108030391 0.363989 0.173000 -1.226291 1.290816 161.807344 25.421243 1.625355 3.269473
108030392 0.368989 0.173000 -1.226291 1.292235 161.616887 25.119481 1.606408 3.272719
108030393 0.373989 0.173000 -1.226291 1.293671 161.426386 24.824350 1.587792 3.275675
108030394 0.378989 0.173000 -1.226291 1.295126 161.235861 24.535649 1.569498 3.278352
108030395 0.383989 0.173000 -1.226291 1.296598 161.045333 24.253183 1.551519 3.280762
108030396 0.388989 0.173000 -1.226291 1.298087 160.854822 23.976766 1.533848 3.282913
108030397 0.393989 0.173000 -1.226291 1.299594 160.664347 23.706219 1.516478 3.284816
108030398 0.398989 0.173000 -1.226291 1.301119 160.473925 23.441368 1.499402 3.286479
108030399 0.403989 0.173000 -1.226291 1.302661 160.283573 23.182047 1.482613 3.287912
108030400 0.408989 0.173000 -1.226291 1.304220 160.093310 22.928093 1.466104 3.289122
108030401 0.413989 0.173000 -1.226291 1.305797 159.903152 22.679353 1.449870 3.290119
108030402 0.418989 0.173000 -1.226291 1.307390 159.713113 22.435675 1.433904 3.290908
108030403 0.423989 0.173000 -1.226291 1.309001 159.523210 22.196916 1.418199 3.291498
108030404 0.428989 0.173000 -1.226291 1.310629 159.333457 21.962936 1.402750 3.291896
108030405 0.433989 0.173000 -1.226291 1.312274 159.143869 21.733601 1.387552 3.292108
108030406 0.438989 0.173000 -1.226291 1.313937 158.954459 21.508780 1.372598 3.292140
108030407 0.443989 0.173000 -1.226291 1.315615 158.765240 21.288349 1.357882 3.291999
108030408 0.448989 0.173000 -1.226291 1.317311 158.576225 21.072187 1.343401 3.291691
108030409 0.453989 0.173000 -1.226291 1.319024 158.387428 20.860176 1.329148 3.291221
108030410 0.458989 0.173000 -1.226291 1.320753 158.198859 20.652205 1.315118 3.290595
108030411 0.463989 0.173000 -1.226291 1.322499 158.010530 20.448163 1.301307 3.289817
108030412 0.468989 0.173000 -1.226291 1.324262 157.822454 20.247946 1.287709 3.288893
108030413 0.473989 0.173000 -1.226291 1.326041 157.634640 20.051452 1.274320 3.287827
108030414 0.478989 0.173000 -1.226291 1.327836 157.447099 19.858582 1.261135 3.286625
108030415 0.483989 0.173000 -1.226291 1.329648 157.259841 19.669241 1.248151 3.285290
108030416 0.488989 0.173000 -1.226291 1.331476 157.072877 19.483338 1.235362 3.283827
108030417 0.493989 0.173000 -1.226291 1.333320 156.886215 19.300783 1.222765 3.282239
108030418 0.498989 0.173000 -1.226291 1.335181 156.699866 19.121491 1.210355 3.280531
108030419 0.503989 0.173000 -1.226291 1.337058 156.513837 18.945378 1.198128 3.278706
108030420 0.508989 0.173000 -1.226291 1.338950 156.328138 18.772363 1.186081 3.276768
108030421 0.213989 0.199400 -1.226291 1.260691 166.584601 42.978828 2.549254 2.787763
108030422 0.218989 0.199400 -1.226291 1.261549 166.422130 42.319392 2.517937 2.811977
108030423 0.223989 0.199400 -1.226291 1.262426 166.258195 41.676214 2.486992 2.835113
108030424 0.228989 0.199400 -1.226291 1.263323 166.092866 41.048858 2.456429 2.857213
108030425 0.233989 0.199400 -1.226291 1.264239 165.926212 40.436891 2.426256 2.878318
108030426 0.238989 0.199400 -1.226291 1.265174 165.758299 39.839888 2.396479 2.898465
108030427 0.243989 0.199400 -1.226291 1.266128 165.589190 39.257433 2.367104 2.917694
108030428 0.248989 0.199400 -1.226291 1.267101 165.418947 38.689116 2.338133 2.936039
108030429 0.253989 0.199400 -1.226291 1.268093 165.247629 38.134537 2.309570 2.953537
108030430 0.258989 0.199400 -1.226291 1.269104 165.075291 37.593302 2.281416 2.970221
108030431 0.263989 0.199400 -1.226291 1.270134 164.901990 37.065031 2.253671 2.986123
108030432 0.268989 0.199400 -1.226291 1.271182 164.727777 36.549348 2.226335 3.001274
108030433 0.273989 0.199400 -1.226291 1.272250 164.552704 36.045891 2.199406 3.015704
108030434 0.278989 0.199400 -1.226291 1.273336 164.376818 35.554304 2.172884 3.029441
108030435 0.283989 0.199400 -1.226291 1.274441 164.200168 35.074242 2.146765 3.042514
108030436 0.288989 0.199400 -1.226291 1.275564 164.022797 34.605371 2.121046 3.054948
108030437 0.293989 0.199400 -1.226291 1.276706 163.844751 34.147363 2.095725 3.066768
108030438 0.298989 0.199400 -1.226291 1.277867 163.666070 33.699902 2.070796 3.077998
108030439 0.303989 0.199400 -1.226291 1.279046 163.486796 33.262680 2.046257 3.088662
108030440 0.308989 0.199400 -1.226291 1.280244 163.306966 32.835401 2.022101 3.098781
108030441 0.313989 0.199400 -1.226291 1.281459 163.126619 32.417773 1.998326 3.108377
108030442 0.318989 0.199400 -1.226291 1.282694 162.945791 32.009516 1.974924 3.117470
108030443 0.323989 0.199400 -1.226291 1.283946 162.764517 31.610360 1.951893 3.126079
108030444 0.328989 0.199400 -1.226291 1.285217 162.582829 31.220039 1.929225 3.134222
108030445 0.333989 0.199400 -1.226291 1.286506 162.400761 30.838300 1.906915 3.141918
108030446 0.338989 0.199400 -1.226291 1.287813 162.218344 30.464895 1.884959 3.149183
108030447 0.343989 0.199400 -1.226291 1.289138 162.035608 30.099585 1.863349 3.156034
108030448 0.348989 0.199400 -1.226291 1.290482 161.852581 29.742137 1.842081 3.162485
108030449 0.353989 0.199400 -1.226291 1.291843 161.669292 29.392329 1.821149 3.168552
108030450 0.358989 0.199400 -1.226291 1.293222 161.485769 29.049942 1.800547 3.174250
108030451 0.363989 0.199400 -1.226291 1.294619 161.302036 28.714768 1.780268 3.179590
108030452 0.368989 0.199400 -1.226291 1.296033 161.118120 28.386602 1.760309 3.184587
108030453 0.373989 0.199400 -1.226291 1.297466 160.934044 28.065247 1.740661 3.189253
108030454 0.378989 0.199400 -1.226291 1.298916 160.749832 27.750515 1.721321 3.193600
108030455 0.383989 0.199400 -1.226291 1.300383 160.565507 27.442220 1.702282 3.197639
108030456 0.388989 0.199400 -1.226291 1.301869 160.381091 27.140184 1.683539 3.201382
108030457 0.393989 0.199400 -1.226291 1.303371 160.196605 26.844235 1.665086 3.204837
108030458 0.398989 0.199400 -1.226291 1.304891 160.012069 26.554205 1.646918 3.208017
108030459 0.403989 0.199400 -1.226291 1.306429 159.827504 26.269935 1.629028 3.210930
108030460 0.408989 0.199400 -1.226291 1.307984 159.642927 25.991267 1.611413 3.213585
108030461 0.413989 0.199400 -1.226291 1.309556 159.458359 25.718049 1.594066 3.215991
108030462 0.418989 0.199400 -1.226291 1.311145 159.273816 25.450137 1.576983 3.218158
108030463 0.423989 0.199400 -1.226291 1.312751 159.089316 25.187388 1.560158 3.220092
108030464 0.428989 0.199400 -1.226291 1.314375 158.904876 24.929665 1.543587 3.221801
108030465 0.433989 0.199400 -1.226291 1.316015 158.720512 24.676835 1.527264 3.223294
108030466 0.438989 0.199400 -1.226291 1.317672 158.536240 24.428770 1.511185 3.224577
108030467 0.443989 0.199400 -1.226291 1.319347 158.352075 24.185346 1.495344 3.225658
108030468 0.448989 0.199400 -1.226291 1.321038 158.168031 23.946441 1.479738 3.226542
108030469 0.453989 0.199400 -1.226291 1.322745 157.984123 23.711940 1.464362 3.227237
108030470 0.458989 0.199400 -1.226291 1.324470 157.800365 23.481730 1.449211 3.227748
108030471 0.463989 0.199400 -1.226291 1.326211 157.616769 23.255700 1.434280 3.228081
108030472 0.468989 0.199400 -1.226291 1.327968 157.433349 23.033745 1.419567 3.228242
108030473 0.473989 0.199400 -1.226291 1.329742 157.250118 22.815762 1.405065 3.228236
108030474 0.478989 0.199400 -1.226291 1.331533 157.067087 22.601652 1.390772 3.228069
108030475 0.483989 0.199400 -1.226291 1.333340 156.884268 22.391319 1.376684 3.227745
108030476 0.488989 0.199400 -1.226291 1.335163 156.701672 22.184667 1.362796 3.227270
108030477 0.493989 0.199400 -1.226291 1.337002 156.519311 21.981608 1.349104 3.226648
108030478 0.498989 0.199400 -1.226291 1.338857 156.337195 21.782053 1.335605 3.225884
108030479 0.503989 0.199400 -1.226291 1.340729 156.155335 21.585917 1.322295 3.224982
108030480 0.508989 0.199400 -1.226291 1.342616 155.973740 21.393117 1.309171 3.223946
