# pixelID   x   y   z   l2  two_theta   azimuthal   polar_width azimuthal_width
111050001 1.259680 0.121600 0.521137 1.368636 67.618552 5.513818 0.316441 3.299732
111050002 1.259680 0.121600 0.526137 1.370547 67.425272 5.513818 0.316735 3.295132
111050003 1.259680 0.121600 0.531137 1.372475 67.232533 5.513818 0.317018 3.290508
111050004 1.259680 0.121600 0.536137 1.374417 67.040337 5.513818 0.317292 3.285859
111050005 1.259680 0.121600 0.541137 1.376375 66.848686 5.513818 0.317556 3.281187
111050006 1.259680 0.121600 0.546137 1.378349 66.657581 5.513818 0.317810 3.276492
111050007 1.259680 0.121600 0.551137 1.380338 66.467024 5.513818 0.318054 3.271774
111050008 1.259680 0.121600 0.556137 1.382342 66.277019 5.513818 0.318288 3.267033
111050009 1.259680 0.121600 0.561137 1.384361 66.087565 5.513818 0.318513 3.262271
111050010 1.259680 0.121600 0.566137 1.386395 65.898665 5.513818 0.318728 3.257487
111050011 1.259680 0.121600 0.571137 1.388444 65.710321 5.513818 0.318933 3.252681
111050012 1.259680 0.121600 0.576137 1.390508 65.522534 5.513818 0.319129 3.247855
111050013 1.259680 0.121600 0.581137 1.392588 65.335305 5.513818 0.319316 3.243009
111050014 1.259680 0.121600 0.586137 1.394682 65.148637 5.513818 0.319493 3.238142
111050015 1.259680 0.121600 0.591137 1.396790 64.962531 5.513818 0.319661 3.233257
111050016 1.259680 0.121600 0.596137 1.398914 64.776987 5.513818 0.319820 3.228351
111050017 1.259680 0.121600 0.601137 1.401052 64.592008 5.513818 0.319970 3.223428
111050018 1.259680 0.121600 0.606137 1.403204 64.407595 5.513818 0.320111 3.218485
111050019 1.259680 0.121600 0.611137 1.405371 64.223748 5.513818 0.320243 3.213525
111050020 1.259680 0.121600 0.616137 1.407553 64.040469 5.513818 0.320366 3.208547
111050021 1.259680 0.121600 0.621137 1.409749 63.857760 5.513818 0.320480 3.203552
111050022 1.259680 0.121600 0.626137 1.411959 63.675620 5.513818 0.320585 3.198540
111050023 1.259680 0.121600 0.631137 1.414183 63.494052 5.513818 0.320682 3.193512
111050024 1.259680 0.121600 0.636137 1.416422 63.313056 5.513818 0.320770 3.188467
111050025 1.259680 0.121600 0.641137 1.418674 63.132633 5.513818 0.320849 3.183407
111050026 1.259680 0.121600 0.646137 1.420941 62.952783 5.513818 0.320920 3.178332
111050027 1.259680 0.121600 0.651137 1.423221 62.773508 5.513818 0.320983 3.173241
111050028 1.259680 0.121600 0.656137 1.425516 62.594809 5.513818 0.321037 3.168136
111050029 1.259680 0.121600 0.661137 1.427824 62.416686 5.513818 0.321084 3.163017
111050030 1.259680 0.121600 0.666137 1.430146 62.239139 5.513818 0.321122 3.157884
111050031 1.259680 0.121600 0.671137 1.432482 62.062170 5.513818 0.321152 3.152738
111050032 1.259680 0.121600 0.676137 1.434831 61.885778 5.513818 0.321174 3.147578
111050033 1.259680 0.121600 0.681137 1.437194 61.709965 5.513818 0.321188 3.142406
111050034 1.259680 0.121600 0.686137 1.439571 61.534731 5.513818 0.321194 3.137221
111050035 1.259680 0.121600 0.691137 1.441961 61.360076 5.513818 0.321192 3.132024
111050036 1.259680 0.121600 0.696137 1.444364 61.186000 5.513818 0.321183 3.126815
111050037 1.259680 0.121600 0.701137 1.446780 61.012505 5.513818 0.321166 3.121595
111050038 1.259680 0.121600 0.706137 1.449210 60.839589 5.513818 0.321142 3.116364
111050039 1.259680 0.121600 0.711137 1.451653 60.667254 5.513818 0.321110 3.111123
111050040 1.259680 0.121600 0.716137 1.454109 60.495500 5.513818 0.321071 3.105871
111050041 1.259680 0.121600 0.721137 1.456578 60.324326 5.513818 0.321024 3.100609
111050042 1.259680 0.121600 0.726137 1.459060 60.153733 5.513818 0.320970 3.095337
111050043 1.259680 0.121600 0.731137 1.461554 59.983721 5.513818 0.320909 3.090056
111050044 1.259680 0.121600 0.736137 1.464062 59.814290 5.513818 0.320841 3.084766
111050045 1.259680 0.121600 0.741137 1.466582 59.645440 5.513818 0.320766 3.079467
111050046 1.259680 0.121600 0.746137 1.469116 59.477170 5.513818 0.320685 3.074160
111050047 1.259680 0.121600 0.751137 1.471661 59.309482 5.513818 0.320596 3.068845
111050048 1.259680 0.121600 0.756137 1.474219 59.142373 5.513818 0.320500 3.063522
111050049 1.259680 0.121600 0.761137 1.476790 58.975846 5.513818 0.320398 3.058192
111050050 1.259680 0.121600 0.766137 1.479373 58.809898 5.513818 0.320289 3.052854
111050051 1.259680 0.121600 0.771137 1.481969 58.644530 5.513818 0.320174 3.047510
111050052 1.259680 0.121600 0.776137 1.484577 58.479742 5.513818 0.320052 3.042159
111050053 1.259680 0.121600 0.781137 1.487197 58.315533 5.513818 0.319924 3.036802
111050054 1.259680 0.121600 0.786137 1.489829 58.151904 5.513818 0.319790 3.031439
111050055 1.259680 0.121600 0.791137 1.492474 57.988852 5.513818 0.319649 3.026070
111050056 1.259680 0.121600 0.796137 1.495130 57.826379 5.513818 0.319502 3.020696
111050057 1.259680 0.121600 0.801137 1.497799 57.664483 5.513818 0.319349 3.015317
111050058 1.259680 0.121600 0.806137 1.500479 57.503165 5.513818 0.319190 3.009933
111050059 1.259680 0.121600 0.811137 1.503171 57.342423 5.513818 0.319026 3.004545
111050060 1.259680 0.121600 0.816137 1.505875 57.182257 5.513818 0.318855 2.999152
111050061 1.259680 0.121600 0.821137 1.508591 57.022666 5.513818 0.318678 2.993756
111050062 1.259680 0.121600 0.826137 1.511318 56.863651 5.513818 0.318496 2.988356
111050063 1.259680 0.121600 0.831137 1.514057 56.705209 5.513818 0.318308 2.982952
111050064 1.259680 0.121600 0.836137 1.516808 56.547341 5.513818 0.318115 2.977545
111050065 1.259680 0.121600 0.841137 1.519569 56.390045 5.513818 0.317916 2.972136
111050066 1.259680 0.121600 0.846137 1.522343 56.233321 5.513818 0.317712 2.966724
111050067 1.259680 0.121600 0.851137 1.525128 56.077169 5.513818 0.317502 2.961309
111050068 1.259680 0.121600 0.856137 1.527924 55.921587 5.513818 0.317287 2.955893
111050069 1.259680 0.121600 0.861137 1.530731 55.766574 5.513818 0.317067 2.950474
111050070 1.259680 0.121600 0.866137 1.533549 55.612130 5.513818 0.316842 2.945054
111050071 1.259680 0.121600 0.871137 1.536379 55.458254 5.513818 0.316612 2.939633
111050072 1.259680 0.121600 0.876137 1.539219 55.304945 5.513818 0.316376 2.934210
111050073 1.259680 0.121600 0.881137 1.542071 55.152201 5.513818 0.316136 2.928787
111050074 1.259680 0.121600 0.886137 1.544933 55.000023 5.513818 0.315891 2.923363
111050075 1.259680 0.121600 0.891137 1.547807 54.848408 5.513818 0.315641 2.917938
111050076 1.259680 0.121600 0.896137 1.550691 54.697356 5.513818 0.315387 2.912513
111050077 1.259680 0.121600 0.901137 1.553585 54.546866 5.513818 0.315128 2.907089
111050078 1.259680 0.121600 0.906137 1.556491 54.396937 5.513818 0.314864 2.901664
111050079 1.259680 0.121600 0.911137 1.559407 54.247568 5.513818 0.314596 2.896241
111050080 1.259680 0.121600 0.916137 1.562334 54.098757 5.513818 0.314323 2.890817
111050081 1.259680 0.121600 0.921137 1.565271 53.950504 5.513818 0.314046 2.885395
111050082 1.259680 0.121600 0.926137 1.568219 53.802807 5.513818 0.313764 2.879974
111050083 1.259680 0.121600 0.931137 1.571177 53.655665 5.513818 0.313479 2.874554
111050084 1.259680 0.121600 0.936137 1.574145 53.509078 5.513818 0.313189 2.869136
111050085 1.259680 0.121600 0.941137 1.577124 53.363043 5.513818 0.312895 2.863720
111050086 1.259680 0.121600 0.946137 1.580112 53.217559 5.513818 0.312597 2.858305
111050087 1.259680 0.121600 0.951137 1.583111 53.072626 5.513818 0.312295 2.852893
111050088 1.259680 0.121600 0.956137 1.586120 52.928242 5.513818 0.311989 2.847483
111050089 1.259680 0.121600 0.961137 1.589139 52.784405 5.513818 0.311679 2.842075
111050090 1.259680 0.121600 0.966137 1.592169 52.641115 5.513818 0.311366 2.836670
111050091 1.259680 0.121600 0.971137 1.595207 52.498370 5.513818 0.311049 2.831269
111050092 1.259680 0.121600 0.976137 1.598256 52.356168 5.513818 0.310728 2.825870
111050093 1.259680 0.121600 0.981137 1.601315 52.214509 5.513818 0.310403 2.820474
111050094 1.259680 0.121600 0.986137 1.604383 52.073391 5.513818 0.310075 2.815082
111050095 1.259680 0.121600 0.991137 1.607461 51.932813 5.513818 0.309743 2.809694
111050096 1.259680 0.121600 0.996137 1.610549 51.792773 5.513818 0.309408 2.804309
111050097 1.259680 0.121600 1.001137 1.613647 51.653269 5.513818 0.309070 2.798929
111050098 1.259680 0.121600 1.006137 1.616753 51.514301 5.513818 0.308728 2.793552
111050099 1.259680 0.121600 1.011137 1.619870 51.375867 5.513818 0.308383 2.788180
111050100 1.259680 0.121600 1.016137 1.622995 51.237965 5.513818 0.308035 2.782812
111050101 1.259680 0.148000 0.521137 1.371233 67.663242 6.700970 0.341578 3.286281
111050102 1.259680 0.148000 0.526137 1.373142 67.470266 6.700970 0.342049 3.281718
111050103 1.259680 0.148000 0.531137 1.375065 67.277827 6.700970 0.342508 3.277129
111050104 1.259680 0.148000 0.536137 1.377004 67.085928 6.700970 0.342955 3.272517
111050105 1.259680 0.148000 0.541137 1.378959 66.894572 6.700970 0.343391 3.267881
111050106 1.259680 0.148000 0.546137 1.380928 66.703758 6.700970 0.343815 3.263222
111050107 1.259680 0.148000 0.551137 1.382913 66.513491 6.700970 0.344228 3.258541
111050108 1.259680 0.148000 0.556137 1.384914 66.323771 6.700970 0.344630 3.253837
111050109 1.259680 0.148000 0.561137 1.386929 66.134600 6.700970 0.345020 3.249111
111050110 1.259680 0.148000 0.566137 1.388960 65.945981 6.700970 0.345399 3.244364
111050111 1.259680 0.148000 0.571137 1.391005 65.757914 6.700970 0.345767 3.239596
111050112 1.259680 0.148000 0.576137 1.393065 65.570401 6.700970 0.346124 3.234807
111050113 1.259680 0.148000 0.581137 1.395141 65.383445 6.700970 0.346470 3.229998
111050114 1.259680 0.148000 0.586137 1.397231 65.197045 6.700970 0.346805 3.225168
111050115 1.259680 0.148000 0.591137 1.399336 65.011205 6.700970 0.347129 3.220320
111050116 1.259680 0.148000 0.596137 1.401455 64.825924 6.700970 0.347442 3.215452
111050117 1.259680 0.148000 0.601137 1.403589 64.641205 6.700970 0.347745 3.210565
111050118 1.259680 0.148000 0.606137 1.405738 64.457049 6.700970 0.348037 3.205661
111050119 1.259680 0.148000 0.611137 1.407901 64.273457 6.700970 0.348318 3.200738
111050120 1.259680 0.148000 0.616137 1.410079 64.090430 6.700970 0.348589 3.195797
111050121 1.259680 0.148000 0.621137 1.412271 63.907970 6.700970 0.348849 3.190840
111050122 1.259680 0.148000 0.626137 1.414477 63.726076 6.700970 0.349099 3.185866
111050123 1.259680 0.148000 0.631137 1.416697 63.544751 6.700970 0.349339 3.180875
111050124 1.259680 0.148000 0.636137 1.418932 63.363996 6.700970 0.349569 3.175868
111050125 1.259680 0.148000 0.641137 1.421181 63.183810 6.700970 0.349789 3.170846
111050126 1.259680 0.148000 0.646137 1.423443 63.004196 6.700970 0.349998 3.165808
111050127 1.259680 0.148000 0.651137 1.425720 62.825153 6.700970 0.350198 3.160756
111050128 1.259680 0.148000 0.656137 1.428010 62.646683 6.700970 0.350388 3.155688
111050129 1.259680 0.148000 0.661137 1.430315 62.468787 6.700970 0.350568 3.150607
111050130 1.259680 0.148000 0.666137 1.432633 62.291464 6.700970 0.350738 3.145512
111050131 1.259680 0.148000 0.671137 1.434964 62.114716 6.700970 0.350898 3.140403
111050132 1.259680 0.148000 0.676137 1.437310 61.938543 6.700970 0.351050 3.135282
111050133 1.259680 0.148000 0.681137 1.439668 61.762946 6.700970 0.351191 3.130147
111050134 1.259680 0.148000 0.686137 1.442041 61.587925 6.700970 0.351324 3.125000
111050135 1.259680 0.148000 0.691137 1.444426 61.413480 6.700970 0.351447 3.119841
111050136 1.259680 0.148000 0.696137 1.446826 61.239612 6.700970 0.351560 3.114671
111050137 1.259680 0.148000 0.701137 1.449238 61.066322 6.700970 0.351665 3.109488
111050138 1.259680 0.148000 0.706137 1.451663 60.893609 6.700970 0.351761 3.104295
111050139 1.259680 0.148000 0.711137 1.454102 60.721474 6.700970 0.351847 3.099092
111050140 1.259680 0.148000 0.716137 1.456554 60.549916 6.700970 0.351925 3.093877
111050141 1.259680 0.148000 0.721137 1.459019 60.378937 6.700970 0.351994 3.088653
111050142 1.259680 0.148000 0.726137 1.461497 60.208536 6.700970 0.352054 3.083419
111050143 1.259680 0.148000 0.731137 1.463987 60.038714 6.700970 0.352106 3.078176
111050144 1.259680 0.148000 0.736137 1.466491 59.869470 6.700970 0.352149 3.072924
111050145 1.259680 0.148000 0.741137 1.469007 59.700804 6.700970 0.352184 3.067663
111050146 1.259680 0.148000 0.746137 1.471536 59.532716 6.700970 0.352210 3.062393
111050147 1.259680 0.148000 0.751137 1.474077 59.365207 6.700970 0.352228 3.057116
111050148 1.259680 0.148000 0.756137 1.476631 59.198275 6.700970 0.352238 3.051831
111050149 1.259680 0.148000 0.761137 1.479198 59.031922 6.700970 0.352240 3.046538
111050150 1.259680 0.148000 0.766137 1.481777 58.866146 6.700970 0.352234 3.041238
111050151 1.259680 0.148000 0.771137 1.484368 58.700947 6.700970 0.352219 3.035931
111050152 1.259680 0.148000 0.776137 1.486972 58.536326 6.700970 0.352197 3.030618
111050153 1.259680 0.148000 0.781137 1.489588 58.372282 6.700970 0.352167 3.025298
111050154 1.259680 0.148000 0.786137 1.492216 58.208814 6.700970 0.352130 3.019972
111050155 1.259680 0.148000 0.791137 1.494856 58.045922 6.700970 0.352085 3.014641
111050156 1.259680 0.148000 0.796137 1.497508 57.883606 6.700970 0.352032 3.009304
111050157 1.259680 0.148000 0.801137 1.500173 57.721865 6.700970 0.351972 3.003963
111050158 1.259680 0.148000 0.806137 1.502849 57.560699 6.700970 0.351904 2.998616
111050159 1.259680 0.148000 0.811137 1.505537 57.400107 6.700970 0.351829 2.993265
111050160 1.259680 0.148000 0.816137 1.508236 57.240088 6.700970 0.351747 2.987909
111050161 1.259680 0.148000 0.821137 1.510948 57.080643 6.700970 0.351658 2.982550
111050162 1.259680 0.148000 0.826137 1.513671 56.921770 6.700970 0.351562 2.977187
111050163 1.259680 0.148000 0.831137 1.516406 56.763470 6.700970 0.351459 2.971820
111050164 1.259680 0.148000 0.836137 1.519152 56.605740 6.700970 0.351349 2.966450
111050165 1.259680 0.148000 0.841137 1.521910 56.448580 6.700970 0.351232 2.961077
111050166 1.259680 0.148000 0.846137 1.524679 56.291991 6.700970 0.351108 2.955702
111050167 1.259680 0.148000 0.851137 1.527459 56.135970 6.700970 0.350978 2.950324
111050168 1.259680 0.148000 0.856137 1.530251 55.980517 6.700970 0.350841 2.944944
111050169 1.259680 0.148000 0.861137 1.533054 55.825632 6.700970 0.350698 2.939561
111050170 1.259680 0.148000 0.866137 1.535868 55.671313 6.700970 0.350549 2.934178
111050171 1.259680 0.148000 0.871137 1.538693 55.517560 6.700970 0.350393 2.928793
111050172 1.259680 0.148000 0.876137 1.541530 55.364371 6.700970 0.350231 2.923406
111050173 1.259680 0.148000 0.881137 1.544377 55.211746 6.700970 0.350063 2.918019
111050174 1.259680 0.148000 0.886137 1.547235 55.059684 6.700970 0.349888 2.912631
111050175 1.259680 0.148000 0.891137 1.550104 54.908184 6.700970 0.349708 2.907242
111050176 1.259680 0.148000 0.896137 1.552984 54.757245 6.700970 0.349522 2.901853
111050177 1.259680 0.148000 0.901137 1.555874 54.606865 6.700970 0.349330 2.896464
111050178 1.259680 0.148000 0.906137 1.558776 54.457044 6.700970 0.349132 2.891076
111050179 1.259680 0.148000 0.911137 1.561688 54.307781 6.700970 0.348928 2.885687
111050180 1.259680 0.148000 0.916137 1.564610 54.159074 6.700970 0.348719 2.880300
111050181 1.259680 0.148000 0.921137 1.567543 54.010923 6.700970 0.348504 2.874913
111050182 1.259680 0.148000 0.926137 1.570486 53.863327 6.700970 0.348284 2.869527
111050183 1.259680 0.148000 0.931137 1.573440 53.716283 6.700970 0.348059 2.864142
111050184 1.259680 0.148000 0.936137 1.576404 53.569792 6.700970 0.347828 2.858759
111050185 1.259680 0.148000 0.941137 1.579378 53.423851 6.700970 0.347592 2.853378
111050186 1.259680 0.148000 0.946137 1.582363 53.278460 6.700970 0.347351 2.847998
111050187 1.259680 0.148000 0.951137 1.585358 53.133617 6.700970 0.347104 2.842621
111050188 1.259680 0.148000 0.956137 1.588362 52.989321 6.700970 0.346853 2.837245
111050189 1.259680 0.148000 0.961137 1.591377 52.845571 6.700970 0.346597 2.831872
111050190 1.259680 0.148000 0.966137 1.594402 52.702366 6.700970 0.346336 2.826502
111050191 1.259680 0.148000 0.971137 1.597437 52.559704 6.700970 0.346070 2.821135
111050192 1.259680 0.148000 0.976137 1.600481 52.417583 6.700970 0.345799 2.815770
111050193 1.259680 0.148000 0.981137 1.603536 52.276004 6.700970 0.345523 2.810409
111050194 1.259680 0.148000 0.986137 1.606600 52.134963 6.700970 0.345243 2.805051
111050195 1.259680 0.148000 0.991137 1.609674 51.994461 6.700970 0.344959 2.799696
111050196 1.259680 0.148000 0.996137 1.612757 51.854494 6.700970 0.344670 2.794346
111050197 1.259680 0.148000 1.001137 1.615850 51.715063 6.700970 0.344377 2.788999
111050198 1.259680 0.148000 1.006137 1.618953 51.576165 6.700970 0.344079 2.783656
111050199 1.259680 0.148000 1.011137 1.622065 51.437800 6.700970 0.343777 2.778317
111050200 1.259680 0.148000 1.016137 1.625187 51.299965 6.700970 0.343471 2.772983
111050201 1.259680 0.174400 0.521137 1.374334 67.716334 7.882370 0.366150 3.270324
111050202 1.259680 0.174400 0.526137 1.376237 67.523719 7.882370 0.366795 3.265803
111050203 1.259680 0.174400 0.531137 1.378157 67.331638 7.882370 0.367428 3.261257
111050204 1.259680 0.174400 0.536137 1.380091 67.140093 7.882370 0.368047 3.256688
111050205 1.259680 0.174400 0.541137 1.382041 66.949087 7.882370 0.368653 3.252095
111050206 1.259680 0.174400 0.546137 1.384007 66.758621 7.882370 0.369246 3.247479
111050207 1.259680 0.174400 0.551137 1.385987 66.568697 7.882370 0.369826 3.242841
111050208 1.259680 0.174400 0.556137 1.387983 66.379317 7.882370 0.370393 3.238181
111050209 1.259680 0.174400 0.561137 1.389994 66.190484 7.882370 0.370947 3.233498
111050210 1.259680 0.174400 0.566137 1.392020 66.002198 7.882370 0.371488 3.228795
111050211 1.259680 0.174400 0.571137 1.394061 65.814461 7.882370 0.372017 3.224070
111050212 1.259680 0.174400 0.576137 1.396117 65.627275 7.882370 0.372533 3.219325
111050213 1.259680 0.174400 0.581137 1.398188 65.440642 7.882370 0.373037 3.214559
111050214 1.259680 0.174400 0.586137 1.400273 65.254563 7.882370 0.373528 3.209774
111050215 1.259680 0.174400 0.591137 1.402374 65.069039 7.882370 0.374006 3.204969
111050216 1.259680 0.174400 0.596137 1.404489 64.884072 7.882370 0.374473 3.200146
111050217 1.259680 0.174400 0.601137 1.406618 64.699663 7.882370 0.374927 3.195303
111050218 1.259680 0.174400 0.606137 1.408762 64.515813 7.882370 0.375368 3.190443
111050219 1.259680 0.174400 0.611137 1.410921 64.332524 7.882370 0.375798 3.185564
111050220 1.259680 0.174400 0.616137 1.413094 64.149797 7.882370 0.376216 3.180668
111050221 1.259680 0.174400 0.621137 1.415281 63.967633 7.882370 0.376621 3.175755
111050222 1.259680 0.174400 0.626137 1.417482 63.786033 7.882370 0.377015 3.170825
111050223 1.259680 0.174400 0.631137 1.419698 63.604998 7.882370 0.377397 3.165879
111050224 1.259680 0.174400 0.636137 1.421928 63.424529 7.882370 0.377767 3.160917
111050225 1.259680 0.174400 0.641137 1.424172 63.244626 7.882370 0.378126 3.155939
111050226 1.259680 0.174400 0.646137 1.426430 63.065292 7.882370 0.378473 3.150946
111050227 1.259680 0.174400 0.651137 1.428702 62.886526 7.882370 0.378809 3.145938
111050228 1.259680 0.174400 0.656137 1.430987 62.708330 7.882370 0.379133 3.140916
111050229 1.259680 0.174400 0.661137 1.433287 62.530703 7.882370 0.379446 3.135879
111050230 1.259680 0.174400 0.666137 1.435600 62.353648 7.882370 0.379747 3.130829
111050231 1.259680 0.174400 0.671137 1.437927 62.177163 7.882370 0.380038 3.125765
111050232 1.259680 0.174400 0.676137 1.440267 62.001251 7.882370 0.380318 3.120688
111050233 1.259680 0.174400 0.681137 1.442621 61.825911 7.882370 0.380586 3.115598
111050234 1.259680 0.174400 0.686137 1.444989 61.651144 7.882370 0.380844 3.110496
111050235 1.259680 0.174400 0.691137 1.447370 61.476950 7.882370 0.381091 3.105382
111050236 1.259680 0.174400 0.696137 1.449764 61.303330 7.882370 0.381327 3.100256
111050237 1.259680 0.174400 0.701137 1.452171 61.130284 7.882370 0.381553 3.095119
111050238 1.259680 0.174400 0.706137 1.454592 60.957813 7.882370 0.381768 3.089971
111050239 1.259680 0.174400 0.711137 1.457026 60.785916 7.882370 0.381973 3.084812
111050240 1.259680 0.174400 0.716137 1.459473 60.614594 7.882370 0.382167 3.079642
111050241 1.259680 0.174400 0.721137 1.461933 60.443847 7.882370 0.382351 3.074463
111050242 1.259680 0.174400 0.726137 1.464406 60.273675 7.882370 0.382525 3.069274
111050243 1.259680 0.174400 0.731137 1.466891 60.104079 7.882370 0.382689 3.064075
111050244 1.259680 0.174400 0.736137 1.469390 59.935058 7.882370 0.382843 3.058868
111050245 1.259680 0.174400 0.741137 1.471901 59.766612 7.882370 0.382987 3.053651
111050246 1.259680 0.174400 0.746137 1.474425 59.598741 7.882370 0.383121 3.048426
111050247 1.259680 0.174400 0.751137 1.476962 59.431445 7.882370 0.383246 3.043193
111050248 1.259680 0.174400 0.756137 1.479511 59.264725 7.882370 0.383361 3.037953
111050249 1.259680 0.174400 0.761137 1.482072 59.098579 7.882370 0.383466 3.032704
111050250 1.259680 0.174400 0.766137 1.484646 58.933008 7.882370 0.383562 3.027449
111050251 1.259680 0.174400 0.771137 1.487233 58.768012 7.882370 0.383649 3.022186
111050252 1.259680 0.174400 0.776137 1.489831 58.603590 7.882370 0.383726 3.016917
111050253 1.259680 0.174400 0.781137 1.492442 58.439742 7.882370 0.383795 3.011642
111050254 1.259680 0.174400 0.786137 1.495065 58.276467 7.882370 0.383854 3.006361
111050255 1.259680 0.174400 0.791137 1.497700 58.113766 7.882370 0.383904 3.001073
111050256 1.259680 0.174400 0.796137 1.500348 57.951637 7.882370 0.383946 2.995781
111050257 1.259680 0.174400 0.801137 1.503007 57.790081 7.882370 0.383978 2.990483
111050258 1.259680 0.174400 0.806137 1.505678 57.629097 7.882370 0.384002 2.985180
111050259 1.259680 0.174400 0.811137 1.508361 57.468684 7.882370 0.384017 2.979873
111050260 1.259680 0.174400 0.816137 1.511055 57.308842 7.882370 0.384024 2.974561
111050261 1.259680 0.174400 0.821137 1.513762 57.149570 7.882370 0.384022 2.969246
111050262 1.259680 0.174400 0.826137 1.516480 56.990868 7.882370 0.384012 2.963926
111050263 1.259680 0.174400 0.831137 1.519209 56.832736 7.882370 0.383994 2.958603
111050264 1.259680 0.174400 0.836137 1.521951 56.675171 7.882370 0.383968 2.953277
111050265 1.259680 0.174400 0.841137 1.524703 56.518175 7.882370 0.383933 2.947947
111050266 1.259680 0.174400 0.846137 1.527467 56.361745 7.882370 0.383891 2.942615
111050267 1.259680 0.174400 0.851137 1.530243 56.205882 7.882370 0.383841 2.937280
111050268 1.259680 0.174400 0.856137 1.533029 56.050584 7.882370 0.383782 2.931943
111050269 1.259680 0.174400 0.861137 1.535827 55.895851 7.882370 0.383717 2.926605
111050270 1.259680 0.174400 0.866137 1.538636 55.741681 7.882370 0.383643 2.921264
111050271 1.259680 0.174400 0.871137 1.541457 55.588075 7.882370 0.383562 2.915922
111050272 1.259680 0.174400 0.876137 1.544288 55.435031 7.882370 0.383474 2.910578
111050273 1.259680 0.174400 0.881137 1.547130 55.282548 7.882370 0.383378 2.905233
111050274 1.259680 0.174400 0.886137 1.549983 55.130625 7.882370 0.383275 2.899888
111050275 1.259680 0.174400 0.891137 1.552847 54.979262 7.882370 0.383164 2.894542
111050276 1.259680 0.174400 0.896137 1.555722 54.828457 7.882370 0.383047 2.889195
111050277 1.259680 0.174400 0.901137 1.558607 54.678210 7.882370 0.382922 2.883849
111050278 1.259680 0.174400 0.906137 1.561503 54.528518 7.882370 0.382791 2.878502
111050279 1.259680 0.174400 0.911137 1.564410 54.379382 7.882370 0.382653 2.873156
111050280 1.259680 0.174400 0.916137 1.567328 54.230800 7.882370 0.382508 2.867810
111050281 1.259680 0.174400 0.921137 1.570255 54.082772 7.882370 0.382356 2.862465
111050282 1.259680 0.174400 0.926137 1.573194 53.935295 7.882370 0.382198 2.857121
111050283 1.259680 0.174400 0.931137 1.576142 53.788369 7.882370 0.382033 2.851778
111050284 1.259680 0.174400 0.936137 1.579101 53.641992 7.882370 0.381862 2.846437
111050285 1.259680 0.174400 0.941137 1.582071 53.496165 7.882370 0.381685 2.841097
111050286 1.259680 0.174400 0.946137 1.585050 53.350884 7.882370 0.381501 2.835758
111050287 1.259680 0.174400 0.951137 1.588040 53.206150 7.882370 0.381311 2.830422
111050288 1.259680 0.174400 0.956137 1.591039 53.061960 7.882370 0.381115 2.825088
111050289 1.259680 0.174400 0.961137 1.594049 52.918314 7.882370 0.380913 2.819756
111050290 1.259680 0.174400 0.966137 1.597069 52.775211 7.882370 0.380705 2.814426
111050291 1.259680 0.174400 0.971137 1.600099 52.632648 7.882370 0.380491 2.809099
111050292 1.259680 0.174400 0.976137 1.603138 52.490625 7.882370 0.380271 2.803775
111050293 1.259680 0.174400 0.981137 1.606188 52.349140 7.882370 0.380046 2.798455
111050294 1.259680 0.174400 0.986137 1.609247 52.208193 7.882370 0.379815 2.793137
111050295 1.259680 0.174400 0.991137 1.612315 52.067781 7.882370 0.379578 2.787823
111050296 1.259680 0.174400 0.996137 1.615394 51.927904 7.882370 0.379336 2.782512
111050297 1.259680 0.174400 1.001137 1.618482 51.788559 7.882370 0.379088 2.777205
111050298 1.259680 0.174400 1.006137 1.621580 51.649746 7.882370 0.378836 2.771902
111050299 1.259680 0.174400 1.011137 1.624687 51.511464 7.882370 0.378578 2.766603
111050300 1.259680 0.174400 1.016137 1.627803 51.373709 7.882370 0.378314 2.761308
111050301 1.259680 0.200800 0.521137 1.377932 67.777646 9.057065 0.390078 3.251935
111050302 1.259680 0.200800 0.526137 1.379831 67.585448 9.057065 0.390896 3.247463
111050303 1.259680 0.200800 0.531137 1.381746 67.393781 9.057065 0.391699 3.242966
111050304 1.259680 0.200800 0.536137 1.383675 67.202646 9.057065 0.392488 3.238446
111050305 1.259680 0.200800 0.541137 1.385620 67.012045 9.057065 0.393262 3.233902
111050306 1.259680 0.200800 0.546137 1.387581 66.821981 9.057065 0.394021 3.229336
111050307 1.259680 0.200800 0.551137 1.389556 66.632455 9.057065 0.394766 3.224747
111050308 1.259680 0.200800 0.556137 1.391547 66.443470 9.057065 0.395496 3.220136
111050309 1.259680 0.200800 0.561137 1.393553 66.255026 9.057065 0.396212 3.215504
111050310 1.259680 0.200800 0.566137 1.395573 66.067126 9.057065 0.396914 3.210850
111050311 1.259680 0.200800 0.571137 1.397609 65.879772 9.057065 0.397602 3.206176
111050312 1.259680 0.200800 0.576137 1.399660 65.692965 9.057065 0.398275 3.201481
111050313 1.259680 0.200800 0.581137 1.401725 65.506706 9.057065 0.398934 3.196765
111050314 1.259680 0.200800 0.586137 1.403806 65.320997 9.057065 0.399580 3.192031
111050315 1.259680 0.200800 0.591137 1.405901 65.135840 9.057065 0.400211 3.187276
111050316 1.259680 0.200800 0.596137 1.408010 64.951235 9.057065 0.400828 3.182503
111050317 1.259680 0.200800 0.601137 1.410135 64.767185 9.057065 0.401432 3.177712
111050318 1.259680 0.200800 0.606137 1.412273 64.583691 9.057065 0.402022 3.172902
111050319 1.259680 0.200800 0.611137 1.414427 64.400753 9.057065 0.402598 3.168074
111050320 1.259680 0.200800 0.616137 1.416594 64.218373 9.057065 0.403161 3.163229
111050321 1.259680 0.200800 0.621137 1.418776 64.036553 9.057065 0.403711 3.158367
111050322 1.259680 0.200800 0.626137 1.420972 63.855292 9.057065 0.404247 3.153488
111050323 1.259680 0.200800 0.631137 1.423182 63.674593 9.057065 0.404769 3.148593
111050324 1.259680 0.200800 0.636137 1.425407 63.494456 9.057065 0.405279 3.143682
111050325 1.259680 0.200800 0.641137 1.427645 63.314882 9.057065 0.405775 3.138756
111050326 1.259680 0.200800 0.646137 1.429898 63.135872 9.057065 0.406259 3.133814
111050327 1.259680 0.200800 0.651137 1.432164 62.957427 9.057065 0.406729 3.128857
111050328 1.259680 0.200800 0.656137 1.434444 62.779547 9.057065 0.407186 3.123886
111050329 1.259680 0.200800 0.661137 1.436738 62.602234 9.057065 0.407631 3.118901
111050330 1.259680 0.200800 0.666137 1.439046 62.425488 9.057065 0.408063 3.113902
111050331 1.259680 0.200800 0.671137 1.441367 62.249309 9.057065 0.408483 3.108889
111050332 1.259680 0.200800 0.676137 1.443702 62.073699 9.057065 0.408890 3.103864
111050333 1.259680 0.200800 0.681137 1.446050 61.898657 9.057065 0.409284 3.098825
111050334 1.259680 0.200800 0.686137 1.448412 61.724185 9.057065 0.409667 3.093775
111050335 1.259680 0.200800 0.691137 1.450788 61.550282 9.057065 0.410037 3.088712
111050336 1.259680 0.200800 0.696137 1.453176 61.376950 9.057065 0.410394 3.083637
111050337 1.259680 0.200800 0.701137 1.455578 61.204187 9.057065 0.410740 3.078552
111050338 1.259680 0.200800 0.706137 1.457993 61.031996 9.057065 0.411074 3.073455
111050339 1.259680 0.200800 0.711137 1.460421 60.860376 9.057065 0.411396 3.068347
111050340 1.259680 0.200800 0.716137 1.462862 60.689327 9.057065 0.411707 3.063229
111050341 1.259680 0.200800 0.721137 1.465317 60.518849 9.057065 0.412005 3.058101
111050342 1.259680 0.200800 0.726137 1.467784 60.348943 9.057065 0.412292 3.052963
111050343 1.259680 0.200800 0.731137 1.470264 60.179609 9.057065 0.412568 3.047816
111050344 1.259680 0.200800 0.736137 1.472757 60.010846 9.057065 0.412832 3.042660
111050345 1.259680 0.200800 0.741137 1.475262 59.842655 9.057065 0.413085 3.037495
111050346 1.259680 0.200800 0.746137 1.477780 59.675036 9.057065 0.413327 3.032321
111050347 1.259680 0.200800 0.751137 1.480311 59.507989 9.057065 0.413558 3.027139
111050348 1.259680 0.200800 0.756137 1.482854 59.341513 9.057065 0.413778 3.021950
111050349 1.259680 0.200800 0.761137 1.485410 59.175609 9.057065 0.413987 3.016752
111050350 1.259680 0.200800 0.766137 1.487978 59.010276 9.057065 0.414185 3.011548
111050351 1.259680 0.200800 0.771137 1.490559 58.845514 9.057065 0.414372 3.006336
111050352 1.259680 0.200800 0.776137 1.493152 58.681324 9.057065 0.414549 3.001118
111050353 1.259680 0.200800 0.781137 1.495757 58.517703 9.057065 0.414715 2.995894
111050354 1.259680 0.200800 0.786137 1.498374 58.354653 9.057065 0.414871 2.990663
111050355 1.259680 0.200800 0.791137 1.501004 58.192173 9.057065 0.415017 2.985427
111050356 1.259680 0.200800 0.796137 1.503645 58.030263 9.057065 0.415152 2.980185
111050357 1.259680 0.200800 0.801137 1.506298 57.868921 9.057065 0.415278 2.974938
111050358 1.259680 0.200800 0.806137 1.508964 57.708148 9.057065 0.415393 2.969685
111050359 1.259680 0.200800 0.811137 1.511641 57.547944 9.057065 0.415498 2.964428
111050360 1.259680 0.200800 0.816137 1.514329 57.388307 9.057065 0.415594 2.959167
111050361 1.259680 0.200800 0.821137 1.517030 57.229237 9.057065 0.415680 2.953902
111050362 1.259680 0.200800 0.826137 1.519742 57.070734 9.057065 0.415756 2.948632
111050363 1.259680 0.200800 0.831137 1.522466 56.912796 9.057065 0.415823 2.943359
111050364 1.259680 0.200800 0.836137 1.525201 56.755424 9.057065 0.415880 2.938083
111050365 1.259680 0.200800 0.841137 1.527948 56.598617 9.057065 0.415928 2.932803
111050366 1.259680 0.200800 0.846137 1.530706 56.442374 9.057065 0.415967 2.927521
111050367 1.259680 0.200800 0.851137 1.533476 56.286693 9.057065 0.415997 2.922236
111050368 1.259680 0.200800 0.856137 1.536257 56.131576 9.057065 0.416018 2.916949
111050369 1.259680 0.200800 0.861137 1.539049 55.977020 9.057065 0.416029 2.911659
111050370 1.259680 0.200800 0.866137 1.541852 55.823024 9.057065 0.416032 2.906368
111050371 1.259680 0.200800 0.871137 1.544666 55.669589 9.057065 0.416027 2.901075
111050372 1.259680 0.200800 0.876137 1.547492 55.516713 9.057065 0.416012 2.895781
111050373 1.259680 0.200800 0.881137 1.550328 55.364396 9.057065 0.415989 2.890485
111050374 1.259680 0.200800 0.886137 1.553175 55.212635 9.057065 0.415958 2.885189
111050375 1.259680 0.200800 0.891137 1.556033 55.061431 9.057065 0.415918 2.879891
111050376 1.259680 0.200800 0.896137 1.558902 54.910783 9.057065 0.415870 2.874594
111050377 1.259680 0.200800 0.901137 1.561782 54.760689 9.057065 0.415814 2.869296
111050378 1.259680 0.200800 0.906137 1.564672 54.611149 9.057065 0.415749 2.863998
111050379 1.259680 0.200800 0.911137 1.567573 54.462161 9.057065 0.415677 2.858700
111050380 1.259680 0.200800 0.916137 1.570484 54.313724 9.057065 0.415597 2.853402
111050381 1.259680 0.200800 0.921137 1.573406 54.165838 9.057065 0.415509 2.848106
111050382 1.259680 0.200800 0.926137 1.576339 54.018501 9.057065 0.415413 2.842810
111050383 1.259680 0.200800 0.931137 1.579282 53.871712 9.057065 0.415310 2.837514
111050384 1.259680 0.200800 0.936137 1.582235 53.725470 9.057065 0.415199 2.832221
111050385 1.259680 0.200800 0.941137 1.585198 53.579774 9.057065 0.415081 2.826928
111050386 1.259680 0.200800 0.946137 1.588172 53.434623 9.057065 0.414955 2.821637
111050387 1.259680 0.200800 0.951137 1.591155 53.290015 9.057065 0.414822 2.816348
111050388 1.259680 0.200800 0.956137 1.594149 53.145949 9.057065 0.414682 2.811061
111050389 1.259680 0.200800 0.961137 1.597153 53.002425 9.057065 0.414535 2.805776
111050390 1.259680 0.200800 0.966137 1.600167 52.859440 9.057065 0.414381 2.800494
111050391 1.259680 0.200800 0.971137 1.603191 52.716993 9.057065 0.414220 2.795214
111050392 1.259680 0.200800 0.976137 1.606225 52.575084 9.057065 0.414052 2.789937
111050393 1.259680 0.200800 0.981137 1.609268 52.433711 9.057065 0.413877 2.784662
111050394 1.259680 0.200800 0.986137 1.612321 52.292872 9.057065 0.413696 2.779391
111050395 1.259680 0.200800 0.991137 1.615384 52.152567 9.057065 0.413508 2.774123
111050396 1.259680 0.200800 0.996137 1.618457 52.012793 9.057065 0.413314 2.768858
111050397 1.259680 0.200800 1.001137 1.621539 51.873550 9.057065 0.413113 2.763597
111050398 1.259680 0.200800 1.006137 1.624631 51.734836 9.057065 0.412906 2.758340
111050399 1.259680 0.200800 1.011137 1.627732 51.596650 9.057065 0.412693 2.753087
111050400 1.259680 0.200800 1.016137 1.630843 51.458990 9.057065 0.412474 2.747838
111050401 1.259680 0.227200 0.521137 1.382026 67.846971 10.224133 0.413291 3.231199
111050402 1.259680 0.227200 0.526137 1.383920 67.655246 10.224133 0.414279 3.226781
111050403 1.259680 0.227200 0.531137 1.385828 67.464047 10.224133 0.415250 3.222339
111050404 1.259680 0.227200 0.536137 1.387752 67.273377 10.224133 0.416205 3.217874
111050405 1.259680 0.227200 0.541137 1.389692 67.083236 10.224133 0.417144 3.213386
111050406 1.259680 0.227200 0.546137 1.391646 66.893627 10.224133 0.418067 3.208875
111050407 1.259680 0.227200 0.551137 1.393616 66.704553 10.224133 0.418974 3.204342
111050408 1.259680 0.227200 0.556137 1.395601 66.516014 10.224133 0.419866 3.199787
111050409 1.259680 0.227200 0.561137 1.397601 66.328013 10.224133 0.420741 3.195210
111050410 1.259680 0.227200 0.566137 1.399616 66.140551 10.224133 0.421601 3.190613
111050411 1.259680 0.227200 0.571137 1.401646 65.953630 10.224133 0.422445 3.185994
111050412 1.259680 0.227200 0.576137 1.403691 65.767251 10.224133 0.423273 3.181355
111050413 1.259680 0.227200 0.581137 1.405750 65.581417 10.224133 0.424086 3.176697
111050414 1.259680 0.227200 0.586137 1.407825 65.396129 10.224133 0.424883 3.172018
111050415 1.259680 0.227200 0.591137 1.409914 65.211387 10.224133 0.425665 3.167321
111050416 1.259680 0.227200 0.596137 1.412017 65.027194 10.224133 0.426432 3.162605
111050417 1.259680 0.227200 0.601137 1.414135 64.843551 10.224133 0.427183 3.157870
111050418 1.259680 0.227200 0.606137 1.416268 64.660460 10.224133 0.427920 3.153117
111050419 1.259680 0.227200 0.611137 1.418415 64.477920 10.224133 0.428641 3.148346
111050420 1.259680 0.227200 0.616137 1.420577 64.295935 10.224133 0.429347 3.143558
111050421 1.259680 0.227200 0.621137 1.422752 64.114504 10.224133 0.430038 3.138754
111050422 1.259680 0.227200 0.626137 1.424942 63.933629 10.224133 0.430715 3.133932
111050423 1.259680 0.227200 0.631137 1.427147 63.753311 10.224133 0.431377 3.129094
111050424 1.259680 0.227200 0.636137 1.429365 63.573551 10.224133 0.432024 3.124241
111050425 1.259680 0.227200 0.641137 1.431597 63.394349 10.224133 0.432656 3.119372
111050426 1.259680 0.227200 0.646137 1.433843 63.215708 10.224133 0.433274 3.114487
111050427 1.259680 0.227200 0.651137 1.436103 63.037627 10.224133 0.433878 3.109588
111050428 1.259680 0.227200 0.656137 1.438377 62.860107 10.224133 0.434467 3.104675
111050429 1.259680 0.227200 0.661137 1.440665 62.683149 10.224133 0.435043 3.099747
111050430 1.259680 0.227200 0.666137 1.442966 62.506755 10.224133 0.435604 3.094806
111050431 1.259680 0.227200 0.671137 1.445281 62.330923 10.224133 0.436151 3.089851
111050432 1.259680 0.227200 0.676137 1.447610 62.155656 10.224133 0.436684 3.084883
111050433 1.259680 0.227200 0.681137 1.449952 61.980953 10.224133 0.437204 3.079902
111050434 1.259680 0.227200 0.686137 1.452308 61.806815 10.224133 0.437709 3.074909
111050435 1.259680 0.227200 0.691137 1.454676 61.633243 10.224133 0.438201 3.069904
111050436 1.259680 0.227200 0.696137 1.457059 61.460237 10.224133 0.438680 3.064888
111050437 1.259680 0.227200 0.701137 1.459454 61.287797 10.224133 0.439145 3.059860
111050438 1.259680 0.227200 0.706137 1.461863 61.115924 10.224133 0.439597 3.054820
111050439 1.259680 0.227200 0.711137 1.464284 60.944618 10.224133 0.440035 3.049770
111050440 1.259680 0.227200 0.716137 1.466719 60.773879 10.224133 0.440461 3.044710
111050441 1.259680 0.227200 0.721137 1.469167 60.603707 10.224133 0.440873 3.039640
111050442 1.259680 0.227200 0.726137 1.471628 60.434103 10.224133 0.441273 3.034560
111050443 1.259680 0.227200 0.731137 1.474101 60.265067 10.224133 0.441659 3.029470
111050444 1.259680 0.227200 0.736137 1.476588 60.096599 10.224133 0.442033 3.024371
111050445 1.259680 0.227200 0.741137 1.479087 59.928698 10.224133 0.442395 3.019264
111050446 1.259680 0.227200 0.746137 1.481598 59.761365 10.224133 0.442743 3.014148
111050447 1.259680 0.227200 0.751137 1.484123 59.594600 10.224133 0.443080 3.009023
111050448 1.259680 0.227200 0.756137 1.486659 59.428403 10.224133 0.443404 3.003891
111050449 1.259680 0.227200 0.761137 1.489209 59.262774 10.224133 0.443716 2.998751
111050450 1.259680 0.227200 0.766137 1.491770 59.097712 10.224133 0.444015 2.993604
111050451 1.259680 0.227200 0.771137 1.494345 58.933217 10.224133 0.444303 2.988450
111050452 1.259680 0.227200 0.776137 1.496931 58.769289 10.224133 0.444579 2.983289
111050453 1.259680 0.227200 0.781137 1.499529 58.605928 10.224133 0.444843 2.978122
111050454 1.259680 0.227200 0.786137 1.502140 58.443134 10.224133 0.445096 2.972948
111050455 1.259680 0.227200 0.791137 1.504763 58.280905 10.224133 0.445336 2.967769
111050456 1.259680 0.227200 0.796137 1.507398 58.119243 10.224133 0.445566 2.962583
111050457 1.259680 0.227200 0.801137 1.510044 57.958146 10.224133 0.445784 2.957393
111050458 1.259680 0.227200 0.806137 1.512703 57.797614 10.224133 0.445990 2.952198
111050459 1.259680 0.227200 0.811137 1.515373 57.637646 10.224133 0.446186 2.946997
111050460 1.259680 0.227200 0.816137 1.518056 57.478243 10.224133 0.446370 2.941793
111050461 1.259680 0.227200 0.821137 1.520750 57.319403 10.224133 0.446544 2.936584
111050462 1.259680 0.227200 0.826137 1.523455 57.161126 10.224133 0.446707 2.931371
111050463 1.259680 0.227200 0.831137 1.526172 57.003412 10.224133 0.446859 2.926154
111050464 1.259680 0.227200 0.836137 1.528901 56.846259 10.224133 0.447000 2.920934
111050465 1.259680 0.227200 0.841137 1.531641 56.689667 10.224133 0.447131 2.915711
111050466 1.259680 0.227200 0.846137 1.534393 56.533636 10.224133 0.447251 2.910484
111050467 1.259680 0.227200 0.851137 1.537156 56.378165 10.224133 0.447361 2.905255
111050468 1.259680 0.227200 0.856137 1.539930 56.223252 10.224133 0.447461 2.900024
111050469 1.259680 0.227200 0.861137 1.542715 56.068898 10.224133 0.447550 2.894790
111050470 1.259680 0.227200 0.866137 1.545512 55.915101 10.224133 0.447630 2.889554
111050471 1.259680 0.227200 0.871137 1.548319 55.761861 10.224133 0.447700 2.884316
111050472 1.259680 0.227200 0.876137 1.551138 55.609177 10.224133 0.447760 2.879077
111050473 1.259680 0.227200 0.881137 1.553968 55.457048 10.224133 0.447810 2.873837
111050474 1.259680 0.227200 0.886137 1.556808 55.305473 10.224133 0.447851 2.868596
111050475 1.259680 0.227200 0.891137 1.559660 55.154451 10.224133 0.447882 2.863353
111050476 1.259680 0.227200 0.896137 1.562522 55.003982 10.224133 0.447903 2.858110
111050477 1.259680 0.227200 0.901137 1.565395 54.854063 10.224133 0.447916 2.852867
111050478 1.259680 0.227200 0.906137 1.568278 54.704695 10.224133 0.447919 2.847624
111050479 1.259680 0.227200 0.911137 1.571173 54.555876 10.224133 0.447913 2.842380
111050480 1.259680 0.227200 0.916137 1.574078 54.407606 10.224133 0.447898 2.837137
111050481 1.259680 0.227200 0.921137 1.576993 54.259882 10.224133 0.447875 2.831894
111050482 1.259680 0.227200 0.926137 1.579919 54.112705 10.224133 0.447842 2.826652
111050483 1.259680 0.227200 0.931137 1.582855 53.966073 10.224133 0.447801 2.821411
111050484 1.259680 0.227200 0.936137 1.585801 53.819985 10.224133 0.447751 2.816171
111050485 1.259680 0.227200 0.941137 1.588758 53.674440 10.224133 0.447693 2.810932
111050486 1.259680 0.227200 0.946137 1.591725 53.529436 10.224133 0.447626 2.805694
111050487 1.259680 0.227200 0.951137 1.594702 53.384973 10.224133 0.447551 2.800458
111050488 1.259680 0.227200 0.956137 1.597689 53.241049 10.224133 0.447468 2.795225
111050489 1.259680 0.227200 0.961137 1.600687 53.097663 10.224133 0.447376 2.789993
111050490 1.259680 0.227200 0.966137 1.603694 52.954814 10.224133 0.447277 2.784763
111050491 1.259680 0.227200 0.971137 1.606711 52.812501 10.224133 0.447169 2.779535
111050492 1.259680 0.227200 0.976137 1.609738 52.670722 10.224133 0.447054 2.774311
111050493 1.259680 0.227200 0.981137 1.612775 52.529476 10.224133 0.446931 2.769089
111050494 1.259680 0.227200 0.986137 1.615822 52.388762 10.224133 0.446801 2.763870
111050495 1.259680 0.227200 0.991137 1.618878 52.248578 10.224133 0.446663 2.758654
111050496 1.259680 0.227200 0.996137 1.621944 52.108924 10.224133 0.446517 2.753441
111050497 1.259680 0.227200 1.001137 1.625020 51.969797 10.224133 0.446365 2.748232
111050498 1.259680 0.227200 1.006137 1.628105 51.831197 10.224133 0.446205 2.743026
111050499 1.259680 0.227200 1.011137 1.631199 51.693122 10.224133 0.446037 2.737824
111050500 1.259680 0.227200 1.016137 1.634303 51.555570 10.224133 0.445863 2.732626
111050501 1.259680 0.253600 0.521137 1.386611 67.924077 11.382689 0.435723 3.208209
111050502 1.259680 0.253600 0.526137 1.388498 67.732880 11.382689 0.436877 3.203852
111050503 1.259680 0.253600 0.531137 1.390400 67.542204 11.382689 0.438013 3.199471
111050504 1.259680 0.253600 0.536137 1.392318 67.352051 11.382689 0.439132 3.195066
111050505 1.259680 0.253600 0.541137 1.394251 67.162424 11.382689 0.440233 3.190639
111050506 1.259680 0.253600 0.546137 1.396199 66.973323 11.382689 0.441317 3.186189
111050507 1.259680 0.253600 0.551137 1.398163 66.784752 11.382689 0.442383 3.181717
111050508 1.259680 0.253600 0.556137 1.400141 66.596711 11.382689 0.443432 3.177224
111050509 1.259680 0.253600 0.561137 1.402135 66.409203 11.382689 0.444464 3.172709
111050510 1.259680 0.253600 0.566137 1.404143 66.222230 11.382689 0.445479 3.168173
111050511 1.259680 0.253600 0.571137 1.406166 66.035793 11.382689 0.446477 3.163616
111050512 1.259680 0.253600 0.576137 1.408205 65.849893 11.382689 0.447458 3.159040
111050513 1.259680 0.253600 0.581137 1.410258 65.664533 11.382689 0.448421 3.154443
111050514 1.259680 0.253600 0.586137 1.412325 65.479713 11.382689 0.449368 3.149827
111050515 1.259680 0.253600 0.591137 1.414408 65.295436 11.382689 0.450299 3.145192
111050516 1.259680 0.253600 0.596137 1.416505 65.111702 11.382689 0.451212 3.140538
111050517 1.259680 0.253600 0.601137 1.418616 64.928514 11.382689 0.452109 3.135866
111050518 1.259680 0.253600 0.606137 1.420742 64.745872 11.382689 0.452989 3.131176
111050519 1.259680 0.253600 0.611137 1.422883 64.563778 11.382689 0.453853 3.126468
111050520 1.259680 0.253600 0.616137 1.425037 64.382232 11.382689 0.454700 3.121743
111050521 1.259680 0.253600 0.621137 1.427206 64.201237 11.382689 0.455532 3.117001
111050522 1.259680 0.253600 0.626137 1.429389 64.020792 11.382689 0.456347 3.112243
111050523 1.259680 0.253600 0.631137 1.431587 63.840900 11.382689 0.457145 3.107469
111050524 1.259680 0.253600 0.636137 1.433798 63.661560 11.382689 0.457928 3.102678
111050525 1.259680 0.253600 0.641137 1.436023 63.482775 11.382689 0.458695 3.097873
111050526 1.259680 0.253600 0.646137 1.438263 63.304545 11.382689 0.459446 3.093052
111050527 1.259680 0.253600 0.651137 1.440516 63.126871 11.382689 0.460182 3.088216
111050528 1.259680 0.253600 0.656137 1.442783 62.949753 11.382689 0.460901 3.083366
111050529 1.259680 0.253600 0.661137 1.445064 62.773193 11.382689 0.461605 3.078502
111050530 1.259680 0.253600 0.666137 1.447358 62.597191 11.382689 0.462294 3.073624
111050531 1.259680 0.253600 0.671137 1.449666 62.421747 11.382689 0.462967 3.068733
111050532 1.259680 0.253600 0.676137 1.451987 62.246863 11.382689 0.463625 3.063829
111050533 1.259680 0.253600 0.681137 1.454323 62.072539 11.382689 0.464268 3.058912
111050534 1.259680 0.253600 0.686137 1.456671 61.898776 11.382689 0.464896 3.053983
111050535 1.259680 0.253600 0.691137 1.459033 61.725573 11.382689 0.465509 3.049041
111050536 1.259680 0.253600 0.696137 1.461408 61.552932 11.382689 0.466107 3.044088
111050537 1.259680 0.253600 0.701137 1.463796 61.380853 11.382689 0.466690 3.039124
111050538 1.259680 0.253600 0.706137 1.466198 61.209335 11.382689 0.467259 3.034148
111050539 1.259680 0.253600 0.711137 1.468612 61.038381 11.382689 0.467812 3.029162
111050540 1.259680 0.253600 0.716137 1.471040 60.867989 11.382689 0.468352 3.024165
111050541 1.259680 0.253600 0.721137 1.473481 60.698160 11.382689 0.468877 3.019159
111050542 1.259680 0.253600 0.726137 1.475934 60.528894 11.382689 0.469388 3.014142
111050543 1.259680 0.253600 0.731137 1.478400 60.360191 11.382689 0.469885 3.009116
111050544 1.259680 0.253600 0.736137 1.480879 60.192052 11.382689 0.470368 3.004081
111050545 1.259680 0.253600 0.741137 1.483371 60.024476 11.382689 0.470837 2.999037
111050546 1.259680 0.253600 0.746137 1.485876 59.857464 11.382689 0.471292 2.993984
111050547 1.259680 0.253600 0.751137 1.488393 59.691015 11.382689 0.471733 2.988923
111050548 1.259680 0.253600 0.756137 1.490922 59.525130 11.382689 0.472161 2.983855
111050549 1.259680 0.253600 0.761137 1.493464 59.359807 11.382689 0.472575 2.978778
111050550 1.259680 0.253600 0.766137 1.496019 59.195049 11.382689 0.472976 2.973694
111050551 1.259680 0.253600 0.771137 1.498586 59.030853 11.382689 0.473364 2.968603
111050552 1.259680 0.253600 0.776137 1.501165 58.867220 11.382689 0.473738 2.963505
111050553 1.259680 0.253600 0.781137 1.503756 58.704149 11.382689 0.474099 2.958401
111050554 1.259680 0.253600 0.786137 1.506359 58.541641 11.382689 0.474448 2.953291
111050555 1.259680 0.253600 0.791137 1.508975 58.379695 11.382689 0.474784 2.948174
111050556 1.259680 0.253600 0.796137 1.511602 58.218311 11.382689 0.475107 2.943052
111050557 1.259680 0.253600 0.801137 1.514241 58.057488 11.382689 0.475417 2.937924
111050558 1.259680 0.253600 0.806137 1.516893 57.897226 11.382689 0.475715 2.932791
111050559 1.259680 0.253600 0.811137 1.519556 57.737524 11.382689 0.476000 2.927654
111050560 1.259680 0.253600 0.816137 1.522231 57.578382 11.382689 0.476274 2.922512
111050561 1.259680 0.253600 0.821137 1.524917 57.419800 11.382689 0.476535 2.917365
111050562 1.259680 0.253600 0.826137 1.527615 57.261777 11.382689 0.476784 2.912214
111050563 1.259680 0.253600 0.831137 1.530325 57.104313 11.382689 0.477021 2.907060
111050564 1.259680 0.253600 0.836137 1.533046 56.947406 11.382689 0.477246 2.901902
111050565 1.259680 0.253600 0.841137 1.535779 56.791056 11.382689 0.477459 2.896740
111050566 1.259680 0.253600 0.846137 1.538523 56.635263 11.382689 0.477661 2.891576
111050567 1.259680 0.253600 0.851137 1.541279 56.480026 11.382689 0.477852 2.886408
111050568 1.259680 0.253600 0.856137 1.544046 56.325344 11.382689 0.478031 2.881238
111050569 1.259680 0.253600 0.861137 1.546824 56.171217 11.382689 0.478199 2.876066
111050570 1.259680 0.253600 0.866137 1.549613 56.017643 11.382689 0.478355 2.870892
111050571 1.259680 0.253600 0.871137 1.552413 55.864623 11.382689 0.478501 2.865715
111050572 1.259680 0.253600 0.876137 1.555224 55.712154 11.382689 0.478636 2.860537
111050573 1.259680 0.253600 0.881137 1.558046 55.560237 11.382689 0.478759 2.855358
111050574 1.259680 0.253600 0.886137 1.560880 55.408870 11.382689 0.478872 2.850177
111050575 1.259680 0.253600 0.891137 1.563724 55.258053 11.382689 0.478975 2.844996
111050576 1.259680 0.253600 0.896137 1.566578 55.107784 11.382689 0.479067 2.839813
111050577 1.259680 0.253600 0.901137 1.569444 54.958063 11.382689 0.479148 2.834631
111050578 1.259680 0.253600 0.906137 1.572320 54.808889 11.382689 0.479220 2.829447
111050579 1.259680 0.253600 0.911137 1.575207 54.660260 11.382689 0.479281 2.824264
111050580 1.259680 0.253600 0.916137 1.578104 54.512176 11.382689 0.479332 2.819081
111050581 1.259680 0.253600 0.921137 1.581012 54.364636 11.382689 0.479373 2.813898
111050582 1.259680 0.253600 0.926137 1.583931 54.217639 11.382689 0.479404 2.808715
111050583 1.259680 0.253600 0.931137 1.586859 54.071183 11.382689 0.479426 2.803534
111050584 1.259680 0.253600 0.936137 1.589798 53.925268 11.382689 0.479438 2.798353
111050585 1.259680 0.253600 0.941137 1.592748 53.779893 11.382689 0.479440 2.793173
111050586 1.259680 0.253600 0.946137 1.595707 53.635055 11.382689 0.479433 2.787995
111050587 1.259680 0.253600 0.951137 1.598677 53.490755 11.382689 0.479416 2.782818
111050588 1.259680 0.253600 0.956137 1.601657 53.346991 11.382689 0.479391 2.777643
111050589 1.259680 0.253600 0.961137 1.604647 53.203762 11.382689 0.479356 2.772469
111050590 1.259680 0.253600 0.966137 1.607646 53.061066 11.382689 0.479312 2.767298
111050591 1.259680 0.253600 0.971137 1.610656 52.918903 11.382689 0.479259 2.762129
111050592 1.259680 0.253600 0.976137 1.613676 52.777271 11.382689 0.479198 2.756962
111050593 1.259680 0.253600 0.981137 1.616705 52.636169 11.382689 0.479127 2.751798
111050594 1.259680 0.253600 0.986137 1.619745 52.495595 11.382689 0.479049 2.746636
111050595 1.259680 0.253600 0.991137 1.622794 52.355549 11.382689 0.478961 2.741478
111050596 1.259680 0.253600 0.996137 1.625852 52.216029 11.382689 0.478865 2.736322
111050597 1.259680 0.253600 1.001137 1.628920 52.077034 11.382689 0.478761 2.731170
111050598 1.259680 0.253600 1.006137 1.631998 51.938562 11.382689 0.478649 2.726021
111050599 1.259680 0.253600 1.011137 1.635085 51.800613 11.382689 0.478529 2.720876
111050600 1.259680 0.253600 1.016137 1.638182 51.663184 11.382689 0.478400 2.715735
111050601 1.259680 0.280000 0.521137 1.391681 68.008714 12.531890 0.457315 3.183068
111050602 1.259680 0.280000 0.526137 1.393561 67.818098 12.531890 0.458631 3.178776
111050603 1.259680 0.280000 0.531137 1.395457 67.627997 12.531890 0.459929 3.174461
111050604 1.259680 0.280000 0.536137 1.397368 67.438414 12.531890 0.461207 3.170122
111050605 1.259680 0.280000 0.541137 1.399294 67.249352 12.531890 0.462467 3.165761
111050606 1.259680 0.280000 0.546137 1.401235 67.060810 12.531890 0.463708 3.161378
111050607 1.259680 0.280000 0.551137 1.403191 66.872793 12.531890 0.464931 3.156972
111050608 1.259680 0.280000 0.556137 1.405163 66.685301 12.531890 0.466135 3.152546
111050609 1.259680 0.280000 0.561137 1.407149 66.498337 12.531890 0.467320 3.148098
111050610 1.259680 0.280000 0.566137 1.409150 66.311901 12.531890 0.468487 3.143629
111050611 1.259680 0.280000 0.571137 1.411167 66.125997 12.531890 0.469635 3.139140
111050612 1.259680 0.280000 0.576137 1.413198 65.940625 12.531890 0.470765 3.134630
111050613 1.259680 0.280000 0.581137 1.415243 65.755786 12.531890 0.471877 3.130101
111050614 1.259680 0.280000 0.586137 1.417304 65.571484 12.531890 0.472971 3.125553
111050615 1.259680 0.280000 0.591137 1.419379 65.387718 12.531890 0.474047 3.120986
111050616 1.259680 0.280000 0.596137 1.421469 65.204491 12.531890 0.475104 3.116400
111050617 1.259680 0.280000 0.601137 1.423573 65.021803 12.531890 0.476144 3.111796
111050618 1.259680 0.280000 0.606137 1.425691 64.839657 12.531890 0.477166 3.107174
111050619 1.259680 0.280000 0.611137 1.427824 64.658053 12.531890 0.478170 3.102535
111050620 1.259680 0.280000 0.616137 1.429971 64.476992 12.531890 0.479156 3.097878
111050621 1.259680 0.280000 0.621137 1.432133 64.296476 12.531890 0.480125 3.093205
111050622 1.259680 0.280000 0.626137 1.434309 64.116507 12.531890 0.481076 3.088515
111050623 1.259680 0.280000 0.631137 1.436498 63.937084 12.531890 0.482010 3.083810
111050624 1.259680 0.280000 0.636137 1.438702 63.758209 12.531890 0.482926 3.079088
111050625 1.259680 0.280000 0.641137 1.440920 63.579882 12.531890 0.483825 3.074351
111050626 1.259680 0.280000 0.646137 1.443152 63.402106 12.531890 0.484707 3.069599
111050627 1.259680 0.280000 0.651137 1.445397 63.224880 12.531890 0.485572 3.064833
111050628 1.259680 0.280000 0.656137 1.447656 63.048206 12.531890 0.486420 3.060052
111050629 1.259680 0.280000 0.661137 1.449930 62.872084 12.531890 0.487251 3.055257
111050630 1.259680 0.280000 0.666137 1.452216 62.696516 12.531890 0.488066 3.050448
111050631 1.259680 0.280000 0.671137 1.454517 62.521500 12.531890 0.488864 3.045626
111050632 1.259680 0.280000 0.676137 1.456830 62.347039 12.531890 0.489645 3.040791
111050633 1.259680 0.280000 0.681137 1.459158 62.173133 12.531890 0.490409 3.035944
111050634 1.259680 0.280000 0.686137 1.461498 61.999783 12.531890 0.491158 3.031084
111050635 1.259680 0.280000 0.691137 1.463852 61.826988 12.531890 0.491890 3.026212
111050636 1.259680 0.280000 0.696137 1.466220 61.654750 12.531890 0.492606 3.021328
111050637 1.259680 0.280000 0.701137 1.468600 61.483069 12.531890 0.493306 3.016433
111050638 1.259680 0.280000 0.706137 1.470994 61.311945 12.531890 0.493990 3.011526
111050639 1.259680 0.280000 0.711137 1.473401 61.141378 12.531890 0.494658 3.006610
111050640 1.259680 0.280000 0.716137 1.475820 60.971369 12.531890 0.495310 3.001682
111050641 1.259680 0.280000 0.721137 1.478253 60.801919 12.531890 0.495947 2.996745
111050642 1.259680 0.280000 0.726137 1.480699 60.633026 12.531890 0.496568 2.991797
111050643 1.259680 0.280000 0.731137 1.483157 60.464692 12.531890 0.497174 2.986841
111050644 1.259680 0.280000 0.736137 1.485628 60.296917 12.531890 0.497765 2.981875
111050645 1.259680 0.280000 0.741137 1.488112 60.129700 12.531890 0.498340 2.976900
111050646 1.259680 0.280000 0.746137 1.490609 59.963042 12.531890 0.498901 2.971916
111050647 1.259680 0.280000 0.751137 1.493118 59.796943 12.531890 0.499446 2.966924
111050648 1.259680 0.280000 0.756137 1.495639 59.631402 12.531890 0.499977 2.961924
111050649 1.259680 0.280000 0.761137 1.498173 59.466420 12.531890 0.500493 2.956917
111050650 1.259680 0.280000 0.766137 1.500720 59.301996 12.531890 0.500994 2.951902
111050651 1.259680 0.280000 0.771137 1.503278 59.138131 12.531890 0.501481 2.946880
111050652 1.259680 0.280000 0.776137 1.505849 58.974824 12.531890 0.501954 2.941851
111050653 1.259680 0.280000 0.781137 1.508432 58.812075 12.531890 0.502412 2.936815
111050654 1.259680 0.280000 0.786137 1.511028 58.649884 12.531890 0.502856 2.931773
111050655 1.259680 0.280000 0.791137 1.513635 58.488250 12.531890 0.503286 2.926725
111050656 1.259680 0.280000 0.796137 1.516254 58.327174 12.531890 0.503702 2.921671
111050657 1.259680 0.280000 0.801137 1.518886 58.166654 12.531890 0.504105 2.916612
111050658 1.259680 0.280000 0.806137 1.521529 58.006691 12.531890 0.504493 2.911547
111050659 1.259680 0.280000 0.811137 1.524184 57.847283 12.531890 0.504869 2.906478
111050660 1.259680 0.280000 0.816137 1.526851 57.688432 12.531890 0.505230 2.901404
111050661 1.259680 0.280000 0.821137 1.529529 57.530135 12.531890 0.505579 2.896325
111050662 1.259680 0.280000 0.826137 1.532219 57.372394 12.531890 0.505914 2.891242
111050663 1.259680 0.280000 0.831137 1.534921 57.215206 12.531890 0.506236 2.886155
111050664 1.259680 0.280000 0.836137 1.537634 57.058572 12.531890 0.506545 2.881065
111050665 1.259680 0.280000 0.841137 1.540359 56.902490 12.531890 0.506841 2.875971
111050666 1.259680 0.280000 0.846137 1.543095 56.746961 12.531890 0.507125 2.870874
111050667 1.259680 0.280000 0.851137 1.545842 56.591984 12.531890 0.507396 2.865774
111050668 1.259680 0.280000 0.856137 1.548601 56.437558 12.531890 0.507654 2.860671
111050669 1.259680 0.280000 0.861137 1.551370 56.283682 12.531890 0.507900 2.855565
111050670 1.259680 0.280000 0.866137 1.554151 56.130356 12.531890 0.508134 2.850458
111050671 1.259680 0.280000 0.871137 1.556943 55.977578 12.531890 0.508356 2.845348
111050672 1.259680 0.280000 0.876137 1.559747 55.825349 12.531890 0.508565 2.840237
111050673 1.259680 0.280000 0.881137 1.562561 55.673667 12.531890 0.508763 2.835124
111050674 1.259680 0.280000 0.886137 1.565386 55.522531 12.531890 0.508949 2.830009
111050675 1.259680 0.280000 0.891137 1.568221 55.371941 12.531890 0.509123 2.824894
111050676 1.259680 0.280000 0.896137 1.571068 55.221895 12.531890 0.509286 2.819778
111050677 1.259680 0.280000 0.901137 1.573925 55.072393 12.531890 0.509437 2.814661
111050678 1.259680 0.280000 0.906137 1.576793 54.923434 12.531890 0.509577 2.809543
111050679 1.259680 0.280000 0.911137 1.579672 54.775017 12.531890 0.509705 2.804425
111050680 1.259680 0.280000 0.916137 1.582561 54.627141 12.531890 0.509823 2.799307
111050681 1.259680 0.280000 0.921137 1.585461 54.479805 12.531890 0.509929 2.794190
111050682 1.259680 0.280000 0.926137 1.588371 54.333008 12.531890 0.510025 2.789072
111050683 1.259680 0.280000 0.931137 1.591292 54.186749 12.531890 0.510110 2.783955
111050684 1.259680 0.280000 0.936137 1.594223 54.041026 12.531890 0.510184 2.778839
111050685 1.259680 0.280000 0.941137 1.597164 53.895839 12.531890 0.510248 2.773724
111050686 1.259680 0.280000 0.946137 1.600115 53.751187 12.531890 0.510301 2.768610
111050687 1.259680 0.280000 0.951137 1.603077 53.607069 12.531890 0.510344 2.763497
111050688 1.259680 0.280000 0.956137 1.606048 53.463482 12.531890 0.510376 2.758386
111050689 1.259680 0.280000 0.961137 1.609030 53.320428 12.531890 0.510399 2.753276
111050690 1.259680 0.280000 0.966137 1.612022 53.177903 12.531890 0.510411 2.748169
111050691 1.259680 0.280000 0.971137 1.615023 53.035907 12.531890 0.510414 2.743063
111050692 1.259680 0.280000 0.976137 1.618035 52.894439 12.531890 0.510407 2.737959
111050693 1.259680 0.280000 0.981137 1.621056 52.753497 12.531890 0.510390 2.732858
111050694 1.259680 0.280000 0.986137 1.624087 52.613080 12.531890 0.510364 2.727760
111050695 1.259680 0.280000 0.991137 1.627128 52.473188 12.531890 0.510328 2.722664
111050696 1.259680 0.280000 0.996137 1.630179 52.333818 12.531890 0.510283 2.717571
111050697 1.259680 0.280000 1.001137 1.633239 52.194970 12.531890 0.510229 2.712481
111050698 1.259680 0.280000 1.006137 1.636308 52.056642 12.531890 0.510166 2.707395
111050699 1.259680 0.280000 1.011137 1.639387 51.918832 12.531890 0.510093 2.702311
111050700 1.259680 0.280000 1.016137 1.642476 51.781541 12.531890 0.510012 2.697232
111050701 1.259680 0.306400 0.521137 1.397232 68.100610 13.670936 0.478013 3.155885
111050702 1.259680 0.306400 0.526137 1.399105 67.910626 13.670936 0.479488 3.151663
111050703 1.259680 0.306400 0.531137 1.400993 67.721152 13.670936 0.480943 3.147418
111050704 1.259680 0.306400 0.536137 1.402896 67.532190 13.670936 0.482378 3.143150
111050705 1.259680 0.306400 0.541137 1.404814 67.343743 13.670936 0.483793 3.138860
111050706 1.259680 0.306400 0.546137 1.406748 67.155811 13.670936 0.485187 3.134548
111050707 1.259680 0.306400 0.551137 1.408697 66.968397 13.670936 0.486562 3.130214
111050708 1.259680 0.306400 0.556137 1.410660 66.781503 13.670936 0.487917 3.125859
111050709 1.259680 0.306400 0.561137 1.412639 66.595131 13.670936 0.489252 3.121483
111050710 1.259680 0.306400 0.566137 1.414633 66.409282 13.670936 0.490568 3.117086
111050711 1.259680 0.306400 0.571137 1.416641 66.223958 13.670936 0.491864 3.112669
111050712 1.259680 0.306400 0.576137 1.418664 66.039161 13.670936 0.493140 3.108232
111050713 1.259680 0.306400 0.581137 1.420702 65.854892 13.670936 0.494397 3.103776
111050714 1.259680 0.306400 0.586137 1.422755 65.671152 13.670936 0.495634 3.099300
111050715 1.259680 0.306400 0.591137 1.424822 65.487944 13.670936 0.496852 3.094806
111050716 1.259680 0.306400 0.596137 1.426904 65.305269 13.670936 0.498051 3.090293
111050717 1.259680 0.306400 0.601137 1.429000 65.123127 13.670936 0.499231 3.085762
111050718 1.259680 0.306400 0.606137 1.431110 64.941522 13.670936 0.500391 3.081214
111050719 1.259680 0.306400 0.611137 1.433235 64.760452 13.670936 0.501533 3.076648
111050720 1.259680 0.306400 0.616137 1.435374 64.579921 13.670936 0.502655 3.072065
111050721 1.259680 0.306400 0.621137 1.437528 64.399929 13.670936 0.503759 3.067465
111050722 1.259680 0.306400 0.626137 1.439695 64.220477 13.670936 0.504844 3.062849
111050723 1.259680 0.306400 0.631137 1.441877 64.041566 13.670936 0.505910 3.058217
111050724 1.259680 0.306400 0.636137 1.444072 63.863197 13.670936 0.506957 3.053570
111050725 1.259680 0.306400 0.641137 1.446282 63.685372 13.670936 0.507987 3.048907
111050726 1.259680 0.306400 0.646137 1.448505 63.508091 13.670936 0.508997 3.044229
111050727 1.259680 0.306400 0.651137 1.450742 63.331355 13.670936 0.509990 3.039537
111050728 1.259680 0.306400 0.656137 1.452994 63.155165 13.670936 0.510964 3.034830
111050729 1.259680 0.306400 0.661137 1.455258 62.979522 13.670936 0.511920 3.030109
111050730 1.259680 0.306400 0.666137 1.457537 62.804426 13.670936 0.512858 3.025375
111050731 1.259680 0.306400 0.671137 1.459829 62.629879 13.670936 0.513778 3.020627
111050732 1.259680 0.306400 0.676137 1.462134 62.455880 13.670936 0.514681 3.015867
111050733 1.259680 0.306400 0.681137 1.464453 62.282431 13.670936 0.515566 3.011093
111050734 1.259680 0.306400 0.686137 1.466785 62.109531 13.670936 0.516433 3.006308
111050735 1.259680 0.306400 0.691137 1.469131 61.937183 13.670936 0.517282 3.001510
111050736 1.259680 0.306400 0.696137 1.471489 61.765385 13.670936 0.518115 2.996701
111050737 1.259680 0.306400 0.701137 1.473861 61.594138 13.670936 0.518930 2.991880
111050738 1.259680 0.306400 0.706137 1.476247 61.423444 13.670936 0.519728 2.987049
111050739 1.259680 0.306400 0.711137 1.478645 61.253302 13.670936 0.520508 2.982206
111050740 1.259680 0.306400 0.716137 1.481056 61.083712 13.670936 0.521272 2.977353
111050741 1.259680 0.306400 0.721137 1.483480 60.914675 13.670936 0.522020 2.972490
111050742 1.259680 0.306400 0.726137 1.485917 60.746191 13.670936 0.522750 2.967618
111050743 1.259680 0.306400 0.731137 1.488367 60.578260 13.670936 0.523464 2.962735
111050744 1.259680 0.306400 0.736137 1.490829 60.410882 13.670936 0.524161 2.957843
111050745 1.259680 0.306400 0.741137 1.493305 60.244058 13.670936 0.524842 2.952943
111050746 1.259680 0.306400 0.746137 1.495792 60.077788 13.670936 0.525507 2.948034
111050747 1.259680 0.306400 0.751137 1.498293 59.912071 13.670936 0.526156 2.943116
111050748 1.259680 0.306400 0.756137 1.500806 59.746907 13.670936 0.526788 2.938190
111050749 1.259680 0.306400 0.761137 1.503331 59.582297 13.670936 0.527405 2.933257
111050750 1.259680 0.306400 0.766137 1.505869 59.418241 13.670936 0.528006 2.928316
111050751 1.259680 0.306400 0.771137 1.508419 59.254738 13.670936 0.528591 2.923368
111050752 1.259680 0.306400 0.776137 1.510981 59.091788 13.670936 0.529161 2.918413
111050753 1.259680 0.306400 0.781137 1.513555 58.929391 13.670936 0.529715 2.913451
111050754 1.259680 0.306400 0.786137 1.516142 58.767547 13.670936 0.530254 2.908483
111050755 1.259680 0.306400 0.791137 1.518740 58.606255 13.670936 0.530778 2.903509
111050756 1.259680 0.306400 0.796137 1.521351 58.445516 13.670936 0.531287 2.898528
111050757 1.259680 0.306400 0.801137 1.523973 58.285328 13.670936 0.531781 2.893543
111050758 1.259680 0.306400 0.806137 1.526608 58.125693 13.670936 0.532260 2.888552
111050759 1.259680 0.306400 0.811137 1.529254 57.966608 13.670936 0.532725 2.883555
111050760 1.259680 0.306400 0.816137 1.531912 57.808074 13.670936 0.533175 2.878554
111050761 1.259680 0.306400 0.821137 1.534581 57.650091 13.670936 0.533610 2.873549
111050762 1.259680 0.306400 0.826137 1.537263 57.492658 13.670936 0.534031 2.868539
111050763 1.259680 0.306400 0.831137 1.539956 57.335774 13.670936 0.534438 2.863525
111050764 1.259680 0.306400 0.836137 1.542660 57.179438 13.670936 0.534831 2.858507
111050765 1.259680 0.306400 0.841137 1.545376 57.023652 13.670936 0.535210 2.853486
111050766 1.259680 0.306400 0.846137 1.548103 56.868412 13.670936 0.535575 2.848461
111050767 1.259680 0.306400 0.851137 1.550841 56.713720 13.670936 0.535927 2.843434
111050768 1.259680 0.306400 0.856137 1.553591 56.559575 13.670936 0.536264 2.838403
111050769 1.259680 0.306400 0.861137 1.556352 56.405975 13.670936 0.536589 2.833370
111050770 1.259680 0.306400 0.866137 1.559124 56.252920 13.670936 0.536900 2.828334
111050771 1.259680 0.306400 0.871137 1.561907 56.100410 13.670936 0.537198 2.823296
111050772 1.259680 0.306400 0.876137 1.564701 55.948444 13.670936 0.537482 2.818257
111050773 1.259680 0.306400 0.881137 1.567507 55.797020 13.670936 0.537754 2.813215
111050774 1.259680 0.306400 0.886137 1.570323 55.646138 13.670936 0.538013 2.808172
111050775 1.259680 0.306400 0.891137 1.573150 55.495797 13.670936 0.538259 2.803128
111050776 1.259680 0.306400 0.896137 1.575987 55.345997 13.670936 0.538493 2.798083
111050777 1.259680 0.306400 0.901137 1.578836 55.196737 13.670936 0.538714 2.793037
111050778 1.259680 0.306400 0.906137 1.581695 55.048015 13.670936 0.538923 2.787990
111050779 1.259680 0.306400 0.911137 1.584565 54.899830 13.670936 0.539119 2.782943
111050780 1.259680 0.306400 0.916137 1.587445 54.752183 13.670936 0.539304 2.777895
111050781 1.259680 0.306400 0.921137 1.590336 54.605071 13.670936 0.539476 2.772848
111050782 1.259680 0.306400 0.926137 1.593237 54.458494 13.670936 0.539636 2.767800
111050783 1.259680 0.306400 0.931137 1.596149 54.312451 13.670936 0.539785 2.762753
111050784 1.259680 0.306400 0.936137 1.599071 54.166940 13.670936 0.539922 2.757707
111050785 1.259680 0.306400 0.941137 1.602003 54.021962 13.670936 0.540048 2.752661
111050786 1.259680 0.306400 0.946137 1.604945 53.877514 13.670936 0.540162 2.747616
111050787 1.259680 0.306400 0.951137 1.607898 53.733595 13.670936 0.540265 2.742573
111050788 1.259680 0.306400 0.956137 1.610861 53.590206 13.670936 0.540357 2.737530
111050789 1.259680 0.306400 0.961137 1.613834 53.447343 13.670936 0.540438 2.732490
111050790 1.259680 0.306400 0.966137 1.616816 53.305007 13.670936 0.540507 2.727450
111050791 1.259680 0.306400 0.971137 1.619809 53.163196 13.670936 0.540566 2.722413
111050792 1.259680 0.306400 0.976137 1.622812 53.021908 13.670936 0.540615 2.717378
111050793 1.259680 0.306400 0.981137 1.625824 52.881144 13.670936 0.540652 2.712345
111050794 1.259680 0.306400 0.986137 1.628846 52.740901 13.670936 0.540679 2.707314
111050795 1.259680 0.306400 0.991137 1.631878 52.601178 13.670936 0.540696 2.702286
111050796 1.259680 0.306400 0.996137 1.634920 52.461975 13.670936 0.540703 2.697260
111050797 1.259680 0.306400 1.001137 1.637971 52.323289 13.670936 0.540699 2.692238
111050798 1.259680 0.306400 1.006137 1.641032 52.185119 13.670936 0.540686 2.687218
111050799 1.259680 0.306400 1.011137 1.644102 52.047465 13.670936 0.540663 2.682202
111050800 1.259680 0.306400 1.016137 1.647182 51.910325 13.670936 0.540629 2.677189
