# pixelID   x   y   z   l2  two_theta   azimuthal   polar_width azimuthal_width
104060001 -1.239739 0.391583 1.021137 1.653182 51.853108 162.470798 1.313571 2.714322
104060002 -1.239739 0.391583 1.016137 1.650098 51.989643 162.470798 1.312699 2.719393
104060003 -1.239739 0.391583 1.011137 1.647024 52.126688 162.470798 1.311796 2.724467
104060004 -1.239739 0.391583 1.006137 1.643959 52.264245 162.470798 1.310863 2.729544
104060005 -1.239739 0.391583 1.001137 1.640904 52.402315 162.470798 1.309898 2.734625
104060006 -1.239739 0.391583 0.996137 1.637858 52.540899 162.470798 1.308901 2.739708
104060007 -1.239739 0.391583 0.991137 1.634822 52.679999 162.470798 1.307872 2.744794
104060008 -1.239739 0.391583 0.986137 1.631795 52.819616 162.470798 1.306812 2.749883
104060009 -1.239739 0.391583 0.981137 1.628779 52.959751 162.470798 1.305718 2.754974
104060010 -1.239739 0.391583 0.976137 1.625772 53.100405 162.470798 1.304592 2.760068
104060011 -1.239739 0.391583 0.971137 1.622775 53.241579 162.470798 1.303433 2.765164
104060012 -1.239739 0.391583 0.966137 1.619787 53.383275 162.470798 1.302241 2.770261
104060013 -1.239739 0.391583 0.961137 1.616810 53.525494 162.470798 1.301014 2.775361
104060014 -1.239739 0.391583 0.956137 1.613843 53.668236 162.470798 1.299754 2.780462
104060015 -1.239739 0.391583 0.951137 1.610885 53.811504 162.470798 1.298459 2.785564
104060016 -1.239739 0.391583 0.946137 1.607938 53.955298 162.470798 1.297130 2.790668
104060017 -1.239739 0.391583 0.941137 1.605001 54.099618 162.470798 1.295766 2.795772
104060018 -1.239739 0.391583 0.936137 1.602074 54.244468 162.470798 1.294366 2.800878
104060019 -1.239739 0.391583 0.931137 1.599158 54.389846 162.470798 1.292931 2.805984
104060020 -1.239739 0.391583 0.926137 1.596252 54.535754 162.470798 1.291460 2.811090
104060021 -1.239739 0.391583 0.921137 1.593356 54.682194 162.470798 1.289953 2.816197
104060022 -1.239739 0.391583 0.916137 1.590471 54.829167 162.470798 1.288410 2.821304
104060023 -1.239739 0.391583 0.911137 1.587596 54.976672 162.470798 1.286829 2.826411
104060024 -1.239739 0.391583 0.906137 1.584732 55.124712 162.470798 1.285212 2.831517
104060025 -1.239739 0.391583 0.901137 1.581878 55.273286 162.470798 1.283557 2.836623
104060026 -1.239739 0.391583 0.896137 1.579035 55.422397 162.470798 1.281865 2.841728
104060027 -1.239739 0.391583 0.891137 1.576203 55.572045 162.470798 1.280134 2.846832
104060028 -1.239739 0.391583 0.886137 1.573381 55.722230 162.470798 1.278365 2.851935
104060029 -1.239739 0.391583 0.881137 1.570571 55.872954 162.470798 1.276558 2.857037
104060030 -1.239739 0.391583 0.876137 1.567771 56.024218 162.470798 1.274712 2.862137
104060031 -1.239739 0.391583 0.871137 1.564982 56.176021 162.470798 1.272826 2.867235
104060032 -1.239739 0.391583 0.866137 1.562205 56.328365 162.470798 1.270901 2.872331
104060033 -1.239739 0.391583 0.861137 1.559438 56.481251 162.470798 1.268936 2.877424
104060034 -1.239739 0.391583 0.856137 1.556683 56.634680 162.470798 1.266931 2.882516
104060035 -1.239739 0.391583 0.851137 1.553938 56.788651 162.470798 1.264885 2.887604
104060036 -1.239739 0.391583 0.846137 1.551205 56.943166 162.470798 1.262799 2.892689
104060037 -1.239739 0.391583 0.841137 1.548484 57.098225 162.470798 1.260672 2.897771
104060038 -1.239739 0.391583 0.836137 1.545773 57.253830 162.470798 1.258503 2.902850
104060039 -1.239739 0.391583 0.831137 1.543074 57.409979 162.470798 1.256292 2.907925
104060040 -1.239739 0.391583 0.826137 1.540387 57.566675 162.470798 1.254040 2.912996
104060041 -1.239739 0.391583 0.821137 1.537711 57.723917 162.470798 1.251746 2.918063
104060042 -1.239739 0.391583 0.816137 1.535047 57.881706 162.470798 1.249408 2.923125
104060043 -1.239739 0.391583 0.811137 1.532395 58.040043 162.470798 1.247028 2.928183
104060044 -1.239739 0.391583 0.806137 1.529754 58.198928 162.470798 1.244605 2.933235
104060045 -1.239739 0.391583 0.801137 1.527125 58.358360 162.470798 1.242139 2.938283
104060046 -1.239739 0.391583 0.796137 1.524508 58.518342 162.470798 1.239628 2.943325
104060047 -1.239739 0.391583 0.791137 1.521903 58.678872 162.470798 1.237074 2.948361
104060048 -1.239739 0.391583 0.786137 1.519310 58.839952 162.470798 1.234475 2.953391
104060049 -1.239739 0.391583 0.781137 1.516728 59.001581 162.470798 1.231832 2.958414
104060050 -1.239739 0.391583 0.776137 1.514159 59.163760 162.470798 1.229144 2.963432
104060051 -1.239739 0.391583 0.771137 1.511603 59.326489 162.470798 1.226411 2.968442
104060052 -1.239739 0.391583 0.766137 1.509058 59.489768 162.470798 1.223632 2.973445
104060053 -1.239739 0.391583 0.761137 1.506526 59.653597 162.470798 1.220808 2.978441
104060054 -1.239739 0.391583 0.756137 1.504006 59.817977 162.470798 1.217937 2.983429
104060055 -1.239739 0.391583 0.751137 1.501498 59.982907 162.470798 1.215021 2.988409
104060056 -1.239739 0.391583 0.746137 1.499003 60.148387 162.470798 1.212058 2.993381
104060057 -1.239739 0.391583 0.741137 1.496521 60.314418 162.470798 1.209048 2.998344
104060058 -1.239739 0.391583 0.736137 1.494051 60.480999 162.470798 1.205990 3.003299
104060059 -1.239739 0.391583 0.731137 1.491594 60.648130 162.470798 1.202886 3.008244
104060060 -1.239739 0.391583 0.726137 1.489149 60.815812 162.470798 1.199734 3.013180
104060061 -1.239739 0.391583 0.721137 1.486717 60.984043 162.470798 1.196534 3.018106
104060062 -1.239739 0.391583 0.716137 1.484299 61.152825 162.470798 1.193286 3.023022
104060063 -1.239739 0.391583 0.711137 1.481893 61.322155 162.470798 1.189990 3.027928
104060064 -1.239739 0.391583 0.706137 1.479500 61.492035 162.470798 1.186645 3.032823
104060065 -1.239739 0.391583 0.701137 1.477120 61.662464 162.470798 1.183251 3.037707
104060066 -1.239739 0.391583 0.696137 1.474753 61.833442 162.470798 1.179809 3.042580
104060067 -1.239739 0.391583 0.691137 1.472400 62.004967 162.470798 1.176316 3.047441
104060068 -1.239739 0.391583 0.686137 1.470059 62.177041 162.470798 1.172775 3.052290
104060069 -1.239739 0.391583 0.681137 1.467732 62.349661 162.470798 1.169183 3.057127
104060070 -1.239739 0.391583 0.676137 1.465418 62.522828 162.470798 1.165542 3.061951
104060071 -1.239739 0.391583 0.671137 1.463118 62.696541 162.470798 1.161850 3.066763
104060072 -1.239739 0.391583 0.666137 1.460831 62.870800 162.470798 1.158108 3.071561
104060073 -1.239739 0.391583 0.661137 1.458558 63.045603 162.470798 1.154315 3.076346
104060074 -1.239739 0.391583 0.656137 1.456299 63.220951 162.470798 1.150471 3.081117
104060075 -1.239739 0.391583 0.651137 1.454053 63.396842 162.470798 1.146577 3.085874
104060076 -1.239739 0.391583 0.646137 1.451821 63.573275 162.470798 1.142631 3.090616
104060077 -1.239739 0.391583 0.641137 1.449602 63.750250 162.470798 1.138633 3.095343
104060078 -1.239739 0.391583 0.636137 1.447398 63.927766 162.470798 1.134584 3.100055
104060079 -1.239739 0.391583 0.631137 1.445207 64.105822 162.470798 1.130483 3.104752
104060080 -1.239739 0.391583 0.626137 1.443031 64.284417 162.470798 1.126330 3.109433
104060081 -1.239739 0.391583 0.621137 1.440868 64.463549 162.470798 1.122125 3.114097
104060082 -1.239739 0.391583 0.616137 1.438720 64.643218 162.470798 1.117868 3.118745
104060083 -1.239739 0.391583 0.611137 1.436586 64.823423 162.470798 1.113558 3.123376
104060084 -1.239739 0.391583 0.606137 1.434466 65.004162 162.470798 1.109195 3.127989
104060085 -1.239739 0.391583 0.601137 1.432360 65.185434 162.470798 1.104780 3.132585
104060086 -1.239739 0.391583 0.596137 1.430269 65.367239 162.470798 1.100311 3.137163
104060087 -1.239739 0.391583 0.591137 1.428192 65.549573 162.470798 1.095790 3.141723
104060088 -1.239739 0.391583 0.586137 1.426130 65.732437 162.470798 1.091215 3.146263
104060089 -1.239739 0.391583 0.581137 1.424082 65.915829 162.470798 1.086587 3.150785
104060090 -1.239739 0.391583 0.576137 1.422049 66.099747 162.470798 1.081906 3.155288
104060091 -1.239739 0.391583 0.571137 1.420031 66.284190 162.470798 1.077171 3.159770
104060092 -1.239739 0.391583 0.566137 1.418027 66.469156 162.470798 1.072382 3.164232
104060093 -1.239739 0.391583 0.561137 1.416038 66.654643 162.470798 1.067539 3.168674
104060094 -1.239739 0.391583 0.556137 1.414064 66.840650 162.470798 1.062643 3.173095
104060095 -1.239739 0.391583 0.551137 1.412106 67.027176 162.470798 1.057692 3.177495
104060096 -1.239739 0.391583 0.546137 1.410162 67.214217 162.470798 1.052688 3.181873
104060097 -1.239739 0.391583 0.541137 1.408233 67.401773 162.470798 1.047629 3.186229
104060098 -1.239739 0.391583 0.536137 1.406319 67.589841 162.470798 1.042517 3.190563
104060099 -1.239739 0.391583 0.531137 1.404420 67.778420 162.470798 1.037350 3.194873
104060100 -1.239739 0.391583 0.526137 1.402537 67.967508 162.470798 1.032128 3.199161
104060101 -1.228021 0.415240 1.021137 1.650206 51.771903 161.317682 1.342361 2.727198
104060102 -1.228021 0.415240 1.016137 1.647117 51.908532 161.317682 1.341473 2.732311
104060103 -1.228021 0.415240 1.011137 1.644037 52.045674 161.317682 1.340555 2.737428
104060104 -1.228021 0.415240 1.006137 1.640966 52.183330 161.317682 1.339604 2.742548
104060105 -1.228021 0.415240 1.001137 1.637905 52.321502 161.317682 1.338622 2.747671
104060106 -1.228021 0.415240 0.996137 1.634854 52.460190 161.317682 1.337607 2.752798
104060107 -1.228021 0.415240 0.991137 1.631812 52.599396 161.317682 1.336559 2.757927
104060108 -1.228021 0.415240 0.986137 1.628780 52.739121 161.317682 1.335479 2.763059
104060109 -1.228021 0.415240 0.981137 1.625758 52.879367 161.317682 1.334365 2.768194
104060110 -1.228021 0.415240 0.976137 1.622745 53.020133 161.317682 1.333217 2.773331
104060111 -1.228021 0.415240 0.971137 1.619742 53.161423 161.317682 1.332036 2.778470
104060112 -1.228021 0.415240 0.966137 1.616750 53.303237 161.317682 1.330820 2.783612
104060113 -1.228021 0.415240 0.961137 1.613767 53.445576 161.317682 1.329570 2.788755
104060114 -1.228021 0.415240 0.956137 1.610794 53.588441 161.317682 1.328284 2.793900
104060115 -1.228021 0.415240 0.951137 1.607831 53.731834 161.317682 1.326964 2.799046
104060116 -1.228021 0.415240 0.946137 1.604878 53.875755 161.317682 1.325608 2.804194
104060117 -1.228021 0.415240 0.941137 1.601936 54.020205 161.317682 1.324216 2.809343
104060118 -1.228021 0.415240 0.936137 1.599003 54.165187 161.317682 1.322788 2.814493
104060119 -1.228021 0.415240 0.931137 1.596081 54.310700 161.317682 1.321324 2.819644
104060120 -1.228021 0.415240 0.926137 1.593169 54.456746 161.317682 1.319823 2.824795
104060121 -1.228021 0.415240 0.921137 1.590268 54.603327 161.317682 1.318285 2.829947
104060122 -1.228021 0.415240 0.916137 1.587377 54.750441 161.317682 1.316709 2.835098
104060123 -1.228021 0.415240 0.911137 1.584497 54.898092 161.317682 1.315096 2.840250
104060124 -1.228021 0.415240 0.906137 1.581627 55.046280 161.317682 1.313444 2.845402
104060125 -1.228021 0.415240 0.901137 1.578767 55.195005 161.317682 1.311754 2.850553
104060126 -1.228021 0.415240 0.896137 1.575919 55.344269 161.317682 1.310026 2.855703
104060127 -1.228021 0.415240 0.891137 1.573081 55.494073 161.317682 1.308259 2.860853
104060128 -1.228021 0.415240 0.886137 1.570254 55.644417 161.317682 1.306452 2.866001
104060129 -1.228021 0.415240 0.881137 1.567438 55.795302 161.317682 1.304606 2.871149
104060130 -1.228021 0.415240 0.876137 1.564632 55.946729 161.317682 1.302719 2.876294
104060131 -1.228021 0.415240 0.871137 1.561838 56.098700 161.317682 1.300793 2.881438
104060132 -1.228021 0.415240 0.866137 1.559055 56.251214 161.317682 1.298826 2.886580
104060133 -1.228021 0.415240 0.861137 1.556283 56.404272 161.317682 1.296818 2.891720
104060134 -1.228021 0.415240 0.856137 1.553522 56.557876 161.317682 1.294769 2.896857
104060135 -1.228021 0.415240 0.851137 1.550772 56.712025 161.317682 1.292678 2.901991
104060136 -1.228021 0.415240 0.846137 1.548033 56.866721 161.317682 1.290546 2.907123
104060137 -1.228021 0.415240 0.841137 1.545306 57.021964 161.317682 1.288371 2.912252
104060138 -1.228021 0.415240 0.836137 1.542590 57.177755 161.317682 1.286154 2.917377
104060139 -1.228021 0.415240 0.831137 1.539886 57.334094 161.317682 1.283894 2.922498
104060140 -1.228021 0.415240 0.826137 1.537193 57.490982 161.317682 1.281591 2.927616
104060141 -1.228021 0.415240 0.821137 1.534511 57.648420 161.317682 1.279245 2.932729
104060142 -1.228021 0.415240 0.816137 1.531841 57.806408 161.317682 1.276855 2.937838
104060143 -1.228021 0.415240 0.811137 1.529183 57.964946 161.317682 1.274421 2.942943
104060144 -1.228021 0.415240 0.806137 1.526537 58.124035 161.317682 1.271943 2.948042
104060145 -1.228021 0.415240 0.801137 1.523903 58.283675 161.317682 1.269420 2.953136
104060146 -1.228021 0.415240 0.796137 1.521280 58.443867 161.317682 1.266853 2.958225
104060147 -1.228021 0.415240 0.791137 1.518669 58.604611 161.317682 1.264240 2.963308
104060148 -1.228021 0.415240 0.786137 1.516071 58.765908 161.317682 1.261582 2.968385
104060149 -1.228021 0.415240 0.781137 1.513484 58.927757 161.317682 1.258877 2.973456
104060150 -1.228021 0.415240 0.776137 1.510909 59.090158 161.317682 1.256127 2.978521
104060151 -1.228021 0.415240 0.771137 1.508347 59.253113 161.317682 1.253331 2.983578
104060152 -1.228021 0.415240 0.766137 1.505797 59.416621 161.317682 1.250487 2.988629
104060153 -1.228021 0.415240 0.761137 1.503259 59.580683 161.317682 1.247597 2.993672
104060154 -1.228021 0.415240 0.756137 1.500734 59.745298 161.317682 1.244660 2.998707
104060155 -1.228021 0.415240 0.751137 1.498221 59.910467 161.317682 1.241675 3.003735
104060156 -1.228021 0.415240 0.746137 1.495720 60.076189 161.317682 1.238642 3.008754
104060157 -1.228021 0.415240 0.741137 1.493232 60.242465 161.317682 1.235561 3.013765
104060158 -1.228021 0.415240 0.736137 1.490757 60.409295 161.317682 1.232432 3.018766
104060159 -1.228021 0.415240 0.731137 1.488294 60.576678 161.317682 1.229255 3.023759
104060160 -1.228021 0.415240 0.726137 1.485844 60.744614 161.317682 1.226028 3.028743
104060161 -1.228021 0.415240 0.721137 1.483407 60.913104 161.317682 1.222752 3.033716
104060162 -1.228021 0.415240 0.716137 1.480983 61.082147 161.317682 1.219427 3.038680
104060163 -1.228021 0.415240 0.711137 1.478572 61.251742 161.317682 1.216052 3.043633
104060164 -1.228021 0.415240 0.706137 1.476173 61.421890 161.317682 1.212627 3.048576
104060165 -1.228021 0.415240 0.701137 1.473788 61.592591 161.317682 1.209152 3.053507
104060166 -1.228021 0.415240 0.696137 1.471416 61.763843 161.317682 1.205627 3.058428
104060167 -1.228021 0.415240 0.691137 1.469057 61.935647 161.317682 1.202051 3.063336
104060168 -1.228021 0.415240 0.686137 1.466712 62.108002 161.317682 1.198424 3.068233
104060169 -1.228021 0.415240 0.681137 1.464379 62.280908 161.317682 1.194746 3.073118
104060170 -1.228021 0.415240 0.676137 1.462060 62.454363 161.317682 1.191016 3.077990
104060171 -1.228021 0.415240 0.671137 1.459755 62.628369 161.317682 1.187235 3.082849
104060172 -1.228021 0.415240 0.666137 1.457463 62.802923 161.317682 1.183402 3.087694
104060173 -1.228021 0.415240 0.661137 1.455184 62.978025 161.317682 1.179517 3.092527
104060174 -1.228021 0.415240 0.656137 1.452919 63.153675 161.317682 1.175579 3.097345
104060175 -1.228021 0.415240 0.651137 1.450668 63.329871 161.317682 1.171590 3.102149
104060176 -1.228021 0.415240 0.646137 1.448431 63.506614 161.317682 1.167547 3.106939
104060177 -1.228021 0.415240 0.641137 1.446207 63.683902 161.317682 1.163452 3.111713
104060178 -1.228021 0.415240 0.636137 1.443998 63.861734 161.317682 1.159303 3.116473
104060179 -1.228021 0.415240 0.631137 1.441802 64.040110 161.317682 1.155101 3.121216
104060180 -1.228021 0.415240 0.626137 1.439620 64.219027 161.317682 1.150846 3.125944
104060181 -1.228021 0.415240 0.621137 1.437453 64.398487 161.317682 1.146537 3.130655
104060182 -1.228021 0.415240 0.616137 1.435299 64.578486 161.317682 1.142175 3.135350
104060183 -1.228021 0.415240 0.611137 1.433160 64.759025 161.317682 1.137758 3.140028
104060184 -1.228021 0.415240 0.606137 1.431035 64.940102 161.317682 1.133287 3.144688
104060185 -1.228021 0.415240 0.601137 1.428924 65.121715 161.317682 1.128762 3.149331
104060186 -1.228021 0.415240 0.596137 1.426828 65.303864 161.317682 1.124183 3.153955
104060187 -1.228021 0.415240 0.591137 1.424746 65.486547 161.317682 1.119548 3.158562
104060188 -1.228021 0.415240 0.586137 1.422679 65.669763 161.317682 1.114860 3.163149
104060189 -1.228021 0.415240 0.581137 1.420626 65.853510 161.317682 1.110116 3.167717
104060190 -1.228021 0.415240 0.576137 1.418588 66.037787 161.317682 1.105317 3.172266
104060191 -1.228021 0.415240 0.571137 1.416565 66.222592 161.317682 1.100463 3.176794
104060192 -1.228021 0.415240 0.566137 1.414556 66.407924 161.317682 1.095554 3.181303
104060193 -1.228021 0.415240 0.561137 1.412563 66.593781 161.317682 1.090590 3.185790
104060194 -1.228021 0.415240 0.556137 1.410584 66.780162 161.317682 1.085570 3.190257
104060195 -1.228021 0.415240 0.551137 1.408620 66.967064 161.317682 1.080495 3.194703
104060196 -1.228021 0.415240 0.546137 1.406671 67.154486 161.317682 1.075364 3.199126
104060197 -1.228021 0.415240 0.541137 1.404738 67.342426 161.317682 1.070178 3.203528
104060198 -1.228021 0.415240 0.536137 1.402819 67.530883 161.317682 1.064936 3.207906
104060199 -1.228021 0.415240 0.531137 1.400916 67.719853 161.317682 1.059638 3.212263
104060200 -1.228021 0.415240 0.526137 1.399028 67.909335 161.317682 1.054284 3.216595
104060201 -1.216302 0.438896 1.021137 1.647647 51.701786 160.158282 1.370350 2.738355
104060202 -1.216302 0.438896 1.016137 1.644553 51.838497 160.158282 1.369447 2.743505
104060203 -1.216302 0.438896 1.011137 1.641469 51.975722 160.158282 1.368511 2.748659
104060204 -1.216302 0.438896 1.006137 1.638393 52.113463 160.158282 1.367543 2.753816
104060205 -1.216302 0.438896 1.001137 1.635328 52.251721 160.158282 1.366542 2.758976
104060206 -1.216302 0.438896 0.996137 1.632271 52.390498 160.158282 1.365508 2.764140
104060207 -1.216302 0.438896 0.991137 1.629225 52.529795 160.158282 1.364441 2.769307
104060208 -1.216302 0.438896 0.986137 1.626188 52.669612 160.158282 1.363340 2.774477
104060209 -1.216302 0.438896 0.981137 1.623161 52.809952 160.158282 1.362204 2.779649
104060210 -1.216302 0.438896 0.976137 1.620143 52.950816 160.158282 1.361035 2.784824
104060211 -1.216302 0.438896 0.971137 1.617136 53.092204 160.158282 1.359830 2.790001
104060212 -1.216302 0.438896 0.966137 1.614138 53.234119 160.158282 1.358590 2.795180
104060213 -1.216302 0.438896 0.961137 1.611150 53.376561 160.158282 1.357315 2.800362
104060214 -1.216302 0.438896 0.956137 1.608173 53.519531 160.158282 1.356004 2.805545
104060215 -1.216302 0.438896 0.951137 1.605205 53.663030 160.158282 1.354658 2.810730
104060216 -1.216302 0.438896 0.946137 1.602247 53.807061 160.158282 1.353275 2.815916
104060217 -1.216302 0.438896 0.941137 1.599300 53.951623 160.158282 1.351855 2.821104
104060218 -1.216302 0.438896 0.936137 1.596363 54.096718 160.158282 1.350398 2.826292
104060219 -1.216302 0.438896 0.931137 1.593436 54.242347 160.158282 1.348904 2.831482
104060220 -1.216302 0.438896 0.926137 1.590519 54.388511 160.158282 1.347372 2.836672
104060221 -1.216302 0.438896 0.921137 1.587613 54.535211 160.158282 1.345802 2.841862
104060222 -1.216302 0.438896 0.916137 1.584717 54.682448 160.158282 1.344194 2.847053
104060223 -1.216302 0.438896 0.911137 1.581832 54.830224 160.158282 1.342547 2.852244
104060224 -1.216302 0.438896 0.906137 1.578957 54.978538 160.158282 1.340861 2.857435
104060225 -1.216302 0.438896 0.901137 1.576093 55.127393 160.158282 1.339136 2.862625
104060226 -1.216302 0.438896 0.896137 1.573240 55.276788 160.158282 1.337372 2.867815
104060227 -1.216302 0.438896 0.891137 1.570397 55.426725 160.158282 1.335567 2.873004
104060228 -1.216302 0.438896 0.886137 1.567565 55.577205 160.158282 1.333722 2.878192
104060229 -1.216302 0.438896 0.881137 1.564744 55.728229 160.158282 1.331837 2.883379
104060230 -1.216302 0.438896 0.876137 1.561934 55.879797 160.158282 1.329910 2.888565
104060231 -1.216302 0.438896 0.871137 1.559135 56.031911 160.158282 1.327943 2.893748
104060232 -1.216302 0.438896 0.866137 1.556347 56.184570 160.158282 1.325934 2.898930
104060233 -1.216302 0.438896 0.861137 1.553569 56.337777 160.158282 1.323883 2.904110
104060234 -1.216302 0.438896 0.856137 1.550804 56.491531 160.158282 1.321789 2.909287
104060235 -1.216302 0.438896 0.851137 1.548049 56.645833 160.158282 1.319654 2.914462
104060236 -1.216302 0.438896 0.846137 1.545305 56.800685 160.158282 1.317475 2.919634
104060237 -1.216302 0.438896 0.841137 1.542573 56.956086 160.158282 1.315253 2.924802
104060238 -1.216302 0.438896 0.836137 1.539853 57.112037 160.158282 1.312988 2.929968
104060239 -1.216302 0.438896 0.831137 1.537143 57.268539 160.158282 1.310679 2.935130
104060240 -1.216302 0.438896 0.826137 1.534446 57.425593 160.158282 1.308326 2.940288
104060241 -1.216302 0.438896 0.821137 1.531760 57.583199 160.158282 1.305928 2.945442
104060242 -1.216302 0.438896 0.816137 1.529085 57.741357 160.158282 1.303485 2.950592
104060243 -1.216302 0.438896 0.811137 1.526422 57.900068 160.158282 1.300998 2.955737
104060244 -1.216302 0.438896 0.806137 1.523771 58.059333 160.158282 1.298465 2.960877
104060245 -1.216302 0.438896 0.801137 1.521132 58.219152 160.158282 1.295886 2.966012
104060246 -1.216302 0.438896 0.796137 1.518504 58.379525 160.158282 1.293262 2.971141
104060247 -1.216302 0.438896 0.791137 1.515889 58.540452 160.158282 1.290591 2.976266
104060248 -1.216302 0.438896 0.786137 1.513285 58.701935 160.158282 1.287873 2.981384
104060249 -1.216302 0.438896 0.781137 1.510694 58.863973 160.158282 1.285109 2.986495
104060250 -1.216302 0.438896 0.776137 1.508115 59.026566 160.158282 1.282297 2.991601
104060251 -1.216302 0.438896 0.771137 1.505548 59.189716 160.158282 1.279437 2.996700
104060252 -1.216302 0.438896 0.766137 1.502993 59.353421 160.158282 1.276530 3.001791
104060253 -1.216302 0.438896 0.761137 1.500450 59.517683 160.158282 1.273575 3.006875
104060254 -1.216302 0.438896 0.756137 1.497920 59.682500 160.158282 1.270571 3.011952
104060255 -1.216302 0.438896 0.751137 1.495402 59.847874 160.158282 1.267519 3.017021
104060256 -1.216302 0.438896 0.746137 1.492897 60.013805 160.158282 1.264417 3.022081
104060257 -1.216302 0.438896 0.741137 1.490404 60.180292 160.158282 1.261266 3.027133
104060258 -1.216302 0.438896 0.736137 1.487924 60.347335 160.158282 1.258066 3.032176
104060259 -1.216302 0.438896 0.731137 1.485457 60.514935 160.158282 1.254816 3.037211
104060260 -1.216302 0.438896 0.726137 1.483002 60.683091 160.158282 1.251516 3.042235
104060261 -1.216302 0.438896 0.721137 1.480561 60.851803 160.158282 1.248165 3.047250
104060262 -1.216302 0.438896 0.716137 1.478132 61.021071 160.158282 1.244763 3.052255
104060263 -1.216302 0.438896 0.711137 1.475716 61.190895 160.158282 1.241311 3.057250
104060264 -1.216302 0.438896 0.706137 1.473313 61.361274 160.158282 1.237807 3.062234
104060265 -1.216302 0.438896 0.701137 1.470923 61.532208 160.158282 1.234252 3.067207
104060266 -1.216302 0.438896 0.696137 1.468546 61.703697 160.158282 1.230645 3.072168
104060267 -1.216302 0.438896 0.691137 1.466183 61.875741 160.158282 1.226987 3.077118
104060268 -1.216302 0.438896 0.686137 1.463832 62.048338 160.158282 1.223276 3.082057
104060269 -1.216302 0.438896 0.681137 1.461495 62.221489 160.158282 1.219512 3.086983
104060270 -1.216302 0.438896 0.676137 1.459172 62.395194 160.158282 1.215696 3.091896
104060271 -1.216302 0.438896 0.671137 1.456862 62.569450 160.158282 1.211827 3.096796
104060272 -1.216302 0.438896 0.666137 1.454565 62.744259 160.158282 1.207904 3.101683
104060273 -1.216302 0.438896 0.661137 1.452282 62.919619 160.158282 1.203929 3.106557
104060274 -1.216302 0.438896 0.656137 1.450013 63.095529 160.158282 1.199899 3.111416
104060275 -1.216302 0.438896 0.651137 1.447757 63.271989 160.158282 1.195816 3.116262
104060276 -1.216302 0.438896 0.646137 1.445515 63.448998 160.158282 1.191679 3.121092
104060277 -1.216302 0.438896 0.641137 1.443287 63.626556 160.158282 1.187487 3.125908
104060278 -1.216302 0.438896 0.636137 1.441073 63.804661 160.158282 1.183241 3.130709
104060279 -1.216302 0.438896 0.631137 1.438873 63.983312 160.158282 1.178940 3.135493
104060280 -1.216302 0.438896 0.626137 1.436687 64.162508 160.158282 1.174584 3.140262
104060281 -1.216302 0.438896 0.621137 1.434515 64.342249 160.158282 1.170174 3.145014
104060282 -1.216302 0.438896 0.616137 1.432357 64.522534 160.158282 1.165708 3.149750
104060283 -1.216302 0.438896 0.611137 1.430213 64.703360 160.158282 1.161187 3.154469
104060284 -1.216302 0.438896 0.606137 1.428084 64.884728 160.158282 1.156610 3.159170
104060285 -1.216302 0.438896 0.601137 1.425969 65.066635 160.158282 1.151977 3.163853
104060286 -1.216302 0.438896 0.596137 1.423868 65.249081 160.158282 1.147289 3.168518
104060287 -1.216302 0.438896 0.591137 1.421782 65.432065 160.158282 1.142544 3.173165
104060288 -1.216302 0.438896 0.586137 1.419710 65.615584 160.158282 1.137744 3.177793
104060289 -1.216302 0.438896 0.581137 1.417653 65.799638 160.158282 1.132887 3.182401
104060290 -1.216302 0.438896 0.576137 1.415611 65.984224 160.158282 1.127973 3.186990
104060291 -1.216302 0.438896 0.571137 1.413584 66.169342 160.158282 1.123003 3.191559
104060292 -1.216302 0.438896 0.566137 1.411571 66.354990 160.158282 1.117977 3.196107
104060293 -1.216302 0.438896 0.561137 1.409573 66.541166 160.158282 1.112893 3.200635
104060294 -1.216302 0.438896 0.556137 1.407590 66.727869 160.158282 1.107753 3.205142
104060295 -1.216302 0.438896 0.551137 1.405622 66.915096 160.158282 1.102556 3.209627
104060296 -1.216302 0.438896 0.546137 1.403669 67.102847 160.158282 1.097301 3.214090
104060297 -1.216302 0.438896 0.541137 1.401731 67.291119 160.158282 1.091990 3.218531
104060298 -1.216302 0.438896 0.536137 1.399809 67.479909 160.158282 1.086621 3.222950
104060299 -1.216302 0.438896 0.531137 1.397901 67.669217 160.158282 1.081195 3.227345
104060300 -1.216302 0.438896 0.526137 1.396009 67.859041 160.158282 1.075712 3.231717
104060301 -1.204584 0.462553 1.021137 1.645509 51.642951 158.993505 1.397453 2.747747
104060302 -1.204584 0.462553 1.016137 1.642410 51.779729 158.993505 1.396532 2.752929
104060303 -1.204584 0.462553 1.011137 1.639322 51.917023 158.993505 1.395579 2.758113
104060304 -1.204584 0.462553 1.006137 1.636242 52.054834 158.993505 1.394592 2.763302
104060305 -1.204584 0.462553 1.001137 1.633173 52.193164 158.993505 1.393572 2.768494
104060306 -1.204584 0.462553 0.996137 1.630112 52.332015 158.993505 1.392518 2.773689
104060307 -1.204584 0.462553 0.991137 1.627062 52.471387 158.993505 1.391430 2.778888
104060308 -1.204584 0.462553 0.986137 1.624021 52.611282 158.993505 1.390307 2.784089
104060309 -1.204584 0.462553 0.981137 1.620990 52.751701 158.993505 1.389149 2.789293
104060310 -1.204584 0.462553 0.976137 1.617968 52.892645 158.993505 1.387957 2.794500
104060311 -1.204584 0.462553 0.971137 1.614957 53.034115 158.993505 1.386728 2.799709
104060312 -1.204584 0.462553 0.966137 1.611955 53.176114 158.993505 1.385464 2.804921
104060313 -1.204584 0.462553 0.961137 1.608963 53.318641 158.993505 1.384163 2.810134
104060314 -1.204584 0.462553 0.956137 1.605981 53.461699 158.993505 1.382826 2.815350
104060315 -1.204584 0.462553 0.951137 1.603009 53.605288 158.993505 1.381452 2.820567
104060316 -1.204584 0.462553 0.946137 1.600048 53.749409 158.993505 1.380041 2.825786
104060317 -1.204584 0.462553 0.941137 1.597096 53.894064 158.993505 1.378593 2.831006
104060318 -1.204584 0.462553 0.936137 1.594155 54.039254 158.993505 1.377106 2.836227
104060319 -1.204584 0.462553 0.931137 1.591224 54.184979 158.993505 1.375582 2.841449
104060320 -1.204584 0.462553 0.926137 1.588303 54.331241 158.993505 1.374019 2.846672
104060321 -1.204584 0.462553 0.921137 1.585393 54.478042 158.993505 1.372417 2.851895
104060322 -1.204584 0.462553 0.916137 1.582493 54.625381 158.993505 1.370775 2.857119
104060323 -1.204584 0.462553 0.911137 1.579604 54.773260 158.993505 1.369095 2.862343
104060324 -1.204584 0.462553 0.906137 1.576725 54.921681 158.993505 1.367374 2.867567
104060325 -1.204584 0.462553 0.901137 1.573857 55.070643 158.993505 1.365613 2.872791
104060326 -1.204584 0.462553 0.896137 1.570999 55.220148 158.993505 1.363812 2.878014
104060327 -1.204584 0.462553 0.891137 1.568153 55.370197 158.993505 1.361970 2.883236
104060328 -1.204584 0.462553 0.886137 1.565317 55.520791 158.993505 1.360087 2.888458
104060329 -1.204584 0.462553 0.881137 1.562492 55.671930 158.993505 1.358162 2.893678
104060330 -1.204584 0.462553 0.876137 1.559677 55.823616 158.993505 1.356195 2.898897
104060331 -1.204584 0.462553 0.871137 1.556874 55.975849 158.993505 1.354186 2.904114
104060332 -1.204584 0.462553 0.866137 1.554082 56.128630 158.993505 1.352135 2.909330
104060333 -1.204584 0.462553 0.861137 1.551301 56.281960 158.993505 1.350041 2.914543
104060334 -1.204584 0.462553 0.856137 1.548531 56.435840 158.993505 1.347903 2.919754
104060335 -1.204584 0.462553 0.851137 1.545772 56.590270 158.993505 1.345722 2.924963
104060336 -1.204584 0.462553 0.846137 1.543025 56.745251 158.993505 1.343497 2.930169
104060337 -1.204584 0.462553 0.841137 1.540289 56.900784 158.993505 1.341228 2.935372
104060338 -1.204584 0.462553 0.836137 1.537564 57.056869 158.993505 1.338915 2.940571
104060339 -1.204584 0.462553 0.831137 1.534851 57.213508 158.993505 1.336557 2.945767
104060340 -1.204584 0.462553 0.826137 1.532149 57.370700 158.993505 1.334153 2.950959
104060341 -1.204584 0.462553 0.821137 1.529459 57.528446 158.993505 1.331704 2.956148
104060342 -1.204584 0.462553 0.816137 1.526780 57.686746 158.993505 1.329209 2.961332
104060343 -1.204584 0.462553 0.811137 1.524113 57.845603 158.993505 1.326668 2.966511
104060344 -1.204584 0.462553 0.806137 1.521458 58.005014 158.993505 1.324081 2.971686
104060345 -1.204584 0.462553 0.801137 1.518815 58.164982 158.993505 1.321447 2.976855
104060346 -1.204584 0.462553 0.796137 1.516183 58.325506 158.993505 1.318765 2.982019
104060347 -1.204584 0.462553 0.791137 1.513564 58.486588 158.993505 1.316037 2.987178
104060348 -1.204584 0.462553 0.786137 1.510956 58.648226 158.993505 1.313260 2.992331
104060349 -1.204584 0.462553 0.781137 1.508361 58.810422 158.993505 1.310436 2.997477
104060350 -1.204584 0.462553 0.776137 1.505778 58.973176 158.993505 1.307563 3.002617
104060351 -1.204584 0.462553 0.771137 1.503207 59.136488 158.993505 1.304641 3.007750
104060352 -1.204584 0.462553 0.766137 1.500648 59.300358 158.993505 1.301671 3.012877
104060353 -1.204584 0.462553 0.761137 1.498101 59.464787 158.993505 1.298651 3.017996
104060354 -1.204584 0.462553 0.756137 1.495567 59.629774 158.993505 1.295582 3.023107
104060355 -1.204584 0.462553 0.751137 1.493045 59.795320 158.993505 1.292462 3.028211
104060356 -1.204584 0.462553 0.746137 1.490536 59.961425 158.993505 1.289293 3.033306
104060357 -1.204584 0.462553 0.741137 1.488040 60.128088 158.993505 1.286073 3.038393
104060358 -1.204584 0.462553 0.736137 1.485556 60.295310 158.993505 1.282802 3.043471
104060359 -1.204584 0.462553 0.731137 1.483084 60.463091 158.993505 1.279481 3.048540
104060360 -1.204584 0.462553 0.726137 1.480626 60.631431 158.993505 1.276107 3.053600
104060361 -1.204584 0.462553 0.721137 1.478180 60.800329 158.993505 1.272683 3.058650
104060362 -1.204584 0.462553 0.716137 1.475747 60.969786 158.993505 1.269206 3.063689
104060363 -1.204584 0.462553 0.711137 1.473327 61.139800 158.993505 1.265677 3.068719
104060364 -1.204584 0.462553 0.706137 1.470921 61.310373 158.993505 1.262096 3.073738
104060365 -1.204584 0.462553 0.701137 1.468527 61.481503 158.993505 1.258462 3.078746
104060366 -1.204584 0.462553 0.696137 1.466146 61.653190 158.993505 1.254775 3.083742
104060367 -1.204584 0.462553 0.691137 1.463779 61.825435 158.993505 1.251035 3.088727
104060368 -1.204584 0.462553 0.686137 1.461425 61.998235 158.993505 1.247242 3.093701
104060369 -1.204584 0.462553 0.681137 1.459084 62.171592 158.993505 1.243394 3.098661
104060370 -1.204584 0.462553 0.676137 1.456756 62.345505 158.993505 1.239493 3.103610
104060371 -1.204584 0.462553 0.671137 1.454442 62.519972 158.993505 1.235537 3.108545
104060372 -1.204584 0.462553 0.666137 1.452142 62.694994 158.993505 1.231527 3.113467
104060373 -1.204584 0.462553 0.661137 1.449855 62.870569 158.993505 1.227462 3.118375
104060374 -1.204584 0.462553 0.656137 1.447582 63.046698 158.993505 1.223343 3.123270
104060375 -1.204584 0.462553 0.651137 1.445322 63.223379 158.993505 1.219168 3.128150
104060376 -1.204584 0.462553 0.646137 1.443077 63.400611 158.993505 1.214938 3.133015
104060377 -1.204584 0.462553 0.641137 1.440845 63.578394 158.993505 1.210652 3.137866
104060378 -1.204584 0.462553 0.636137 1.438627 63.756727 158.993505 1.206310 3.142701
104060379 -1.204584 0.462553 0.631137 1.436423 63.935609 158.993505 1.201912 3.147520
104060380 -1.204584 0.462553 0.626137 1.434233 64.115040 158.993505 1.197459 3.152324
104060381 -1.204584 0.462553 0.621137 1.432058 64.295017 158.993505 1.192948 3.157111
104060382 -1.204584 0.462553 0.616137 1.429896 64.475540 158.993505 1.188381 3.161881
104060383 -1.204584 0.462553 0.611137 1.427749 64.656608 158.993505 1.183758 3.166634
104060384 -1.204584 0.462553 0.606137 1.425616 64.838219 158.993505 1.179077 3.171370
104060385 -1.204584 0.462553 0.601137 1.423497 65.020373 158.993505 1.174340 3.176087
104060386 -1.204584 0.462553 0.596137 1.421393 65.203068 158.993505 1.169545 3.180787
104060387 -1.204584 0.462553 0.591137 1.419303 65.386303 158.993505 1.164692 3.185468
104060388 -1.204584 0.462553 0.586137 1.417228 65.570077 158.993505 1.159783 3.190130
104060389 -1.204584 0.462553 0.581137 1.415167 65.754387 158.993505 1.154815 3.194773
104060390 -1.204584 0.462553 0.576137 1.413121 65.939233 158.993505 1.149790 3.199395
104060391 -1.204584 0.462553 0.571137 1.411090 66.124614 158.993505 1.144706 3.203998
104060392 -1.204584 0.462553 0.566137 1.409074 66.310526 158.993505 1.139565 3.208581
104060393 -1.204584 0.462553 0.561137 1.407072 66.496970 158.993505 1.134365 3.213142
104060394 -1.204584 0.462553 0.556137 1.405086 66.683943 158.993505 1.129107 3.217683
104060395 -1.204584 0.462553 0.551137 1.403114 66.871443 158.993505 1.123791 3.222201
104060396 -1.204584 0.462553 0.546137 1.401158 67.059469 158.993505 1.118416 3.226698
104060397 -1.204584 0.462553 0.541137 1.399217 67.248018 158.993505 1.112983 3.231173
104060398 -1.204584 0.462553 0.536137 1.397290 67.437090 158.993505 1.107491 3.235624
104060399 -1.204584 0.462553 0.531137 1.395380 67.626681 158.993505 1.101941 3.240053
104060400 -1.204584 0.462553 0.526137 1.393484 67.816791 158.993505 1.096331 3.244458
104060401 -1.192865 0.486210 1.021137 1.643791 51.595558 157.824280 1.423584 2.755337
104060402 -1.192865 0.486210 1.016137 1.640690 51.732389 157.824280 1.422646 2.760544
104060403 -1.192865 0.486210 1.011137 1.637598 51.869738 157.824280 1.421673 2.765754
104060404 -1.192865 0.486210 1.006137 1.634515 52.007606 157.824280 1.420667 2.770968
104060405 -1.192865 0.486210 1.001137 1.631442 52.145994 157.824280 1.419627 2.776185
104060406 -1.192865 0.486210 0.996137 1.628379 52.284904 157.824280 1.418552 2.781406
104060407 -1.192865 0.486210 0.991137 1.625325 52.424336 157.824280 1.417442 2.786630
104060408 -1.192865 0.486210 0.986137 1.622281 52.564293 157.824280 1.416296 2.791857
104060409 -1.192865 0.486210 0.981137 1.619246 52.704775 157.824280 1.415115 2.797087
104060410 -1.192865 0.486210 0.976137 1.616221 52.845783 157.824280 1.413898 2.802320
104060411 -1.192865 0.486210 0.971137 1.613206 52.987320 157.824280 1.412645 2.807555
104060412 -1.192865 0.486210 0.966137 1.610201 53.129385 157.824280 1.411355 2.812792
104060413 -1.192865 0.486210 0.961137 1.607206 53.271981 157.824280 1.410028 2.818032
104060414 -1.192865 0.486210 0.956137 1.604221 53.415109 157.824280 1.408664 2.823273
104060415 -1.192865 0.486210 0.951137 1.601246 53.558769 157.824280 1.407262 2.828517
104060416 -1.192865 0.486210 0.946137 1.598281 53.702964 157.824280 1.405823 2.833762
104060417 -1.192865 0.486210 0.941137 1.595327 53.847693 157.824280 1.404345 2.839008
104060418 -1.192865 0.486210 0.936137 1.592382 53.992958 157.824280 1.402828 2.844256
104060419 -1.192865 0.486210 0.931137 1.589448 54.138761 157.824280 1.401272 2.849504
104060420 -1.192865 0.486210 0.926137 1.586524 54.285102 157.824280 1.399677 2.854754
104060421 -1.192865 0.486210 0.921137 1.583610 54.431983 157.824280 1.398042 2.860004
104060422 -1.192865 0.486210 0.916137 1.580707 54.579404 157.824280 1.396368 2.865254
104060423 -1.192865 0.486210 0.911137 1.577815 54.727366 157.824280 1.394652 2.870505
104060424 -1.192865 0.486210 0.906137 1.574932 54.875871 157.824280 1.392896 2.875756
104060425 -1.192865 0.486210 0.901137 1.572061 55.024920 157.824280 1.391100 2.881006
104060426 -1.192865 0.486210 0.896137 1.569200 55.174513 157.824280 1.389261 2.886256
104060427 -1.192865 0.486210 0.891137 1.566350 55.324652 157.824280 1.387381 2.891506
104060428 -1.192865 0.486210 0.886137 1.563511 55.475336 157.824280 1.385459 2.896754
104060429 -1.192865 0.486210 0.881137 1.560683 55.626568 157.824280 1.383494 2.902001
104060430 -1.192865 0.486210 0.876137 1.557865 55.778348 157.824280 1.381487 2.907248
104060431 -1.192865 0.486210 0.871137 1.555059 55.930677 157.824280 1.379437 2.912492
104060432 -1.192865 0.486210 0.866137 1.552263 56.083556 157.824280 1.377343 2.917735
104060433 -1.192865 0.486210 0.861137 1.549479 56.236985 157.824280 1.375205 2.922976
104060434 -1.192865 0.486210 0.856137 1.546706 56.390966 157.824280 1.373023 2.928214
104060435 -1.192865 0.486210 0.851137 1.543944 56.545499 157.824280 1.370797 2.933450
104060436 -1.192865 0.486210 0.846137 1.541193 56.700584 157.824280 1.368526 2.938684
104060437 -1.192865 0.486210 0.841137 1.538454 56.856223 157.824280 1.366210 2.943914
104060438 -1.192865 0.486210 0.836137 1.535726 57.012416 157.824280 1.363848 2.949141
104060439 -1.192865 0.486210 0.831137 1.533009 57.169163 157.824280 1.361440 2.954365
104060440 -1.192865 0.486210 0.826137 1.530304 57.326466 157.824280 1.358987 2.959585
104060441 -1.192865 0.486210 0.821137 1.527611 57.484325 157.824280 1.356487 2.964801
104060442 -1.192865 0.486210 0.816137 1.524929 57.642740 157.824280 1.353940 2.970013
104060443 -1.192865 0.486210 0.811137 1.522259 57.801713 157.824280 1.351345 2.975220
104060444 -1.192865 0.486210 0.806137 1.519600 57.961242 157.824280 1.348704 2.980422
104060445 -1.192865 0.486210 0.801137 1.516954 58.121330 157.824280 1.346014 2.985620
104060446 -1.192865 0.486210 0.796137 1.514319 58.281976 157.824280 1.343277 2.990812
104060447 -1.192865 0.486210 0.791137 1.511696 58.443180 157.824280 1.340491 2.995998
104060448 -1.192865 0.486210 0.786137 1.509086 58.604944 157.824280 1.337656 3.001179
104060449 -1.192865 0.486210 0.781137 1.506487 58.767267 157.824280 1.334772 3.006354
104060450 -1.192865 0.486210 0.776137 1.503900 58.930150 157.824280 1.331838 3.011522
104060451 -1.192865 0.486210 0.771137 1.501326 59.093592 157.824280 1.328855 3.016683
104060452 -1.192865 0.486210 0.766137 1.498764 59.257595 157.824280 1.325822 3.021838
104060453 -1.192865 0.486210 0.761137 1.496214 59.422158 157.824280 1.322739 3.026985
104060454 -1.192865 0.486210 0.756137 1.493677 59.587281 157.824280 1.319604 3.032124
104060455 -1.192865 0.486210 0.751137 1.491152 59.752965 157.824280 1.316419 3.037256
104060456 -1.192865 0.486210 0.746137 1.488640 59.919210 157.824280 1.313183 3.042380
104060457 -1.192865 0.486210 0.741137 1.486140 60.086016 157.824280 1.309894 3.047495
104060458 -1.192865 0.486210 0.736137 1.483653 60.253382 157.824280 1.306554 3.052601
104060459 -1.192865 0.486210 0.731137 1.481178 60.421308 157.824280 1.303162 3.057698
104060460 -1.192865 0.486210 0.726137 1.478717 60.589796 157.824280 1.299717 3.062786
104060461 -1.192865 0.486210 0.721137 1.476268 60.758843 157.824280 1.296220 3.067865
104060462 -1.192865 0.486210 0.716137 1.473832 60.928451 157.824280 1.292669 3.072933
104060463 -1.192865 0.486210 0.711137 1.471409 61.098619 157.824280 1.289066 3.077991
104060464 -1.192865 0.486210 0.706137 1.468999 61.269347 157.824280 1.285408 3.083038
104060465 -1.192865 0.486210 0.701137 1.466602 61.440635 157.824280 1.281697 3.088074
104060466 -1.192865 0.486210 0.696137 1.464218 61.612482 157.824280 1.277931 3.093099
104060467 -1.192865 0.486210 0.691137 1.461848 61.784887 157.824280 1.274111 3.098112
104060468 -1.192865 0.486210 0.686137 1.459490 61.957851 157.824280 1.270237 3.103114
104060469 -1.192865 0.486210 0.681137 1.457146 62.131374 157.824280 1.266307 3.108103
104060470 -1.192865 0.486210 0.676137 1.454816 62.305453 157.824280 1.262322 3.113079
104060471 -1.192865 0.486210 0.671137 1.452499 62.480090 157.824280 1.258282 3.118043
104060472 -1.192865 0.486210 0.666137 1.450195 62.655283 157.824280 1.254186 3.122993
104060473 -1.192865 0.486210 0.661137 1.447905 62.831032 157.824280 1.250034 3.127930
104060474 -1.192865 0.486210 0.656137 1.445629 63.007336 157.824280 1.245826 3.132853
104060475 -1.192865 0.486210 0.651137 1.443367 63.184195 157.824280 1.241561 3.137761
104060476 -1.192865 0.486210 0.646137 1.441118 63.361607 157.824280 1.237240 3.142655
104060477 -1.192865 0.486210 0.641137 1.438883 63.539572 157.824280 1.232862 3.147533
104060478 -1.192865 0.486210 0.636137 1.436662 63.718089 157.824280 1.228427 3.152397
104060479 -1.192865 0.486210 0.631137 1.434455 63.897156 157.824280 1.223934 3.157244
104060480 -1.192865 0.486210 0.626137 1.432262 64.076774 157.824280 1.219385 3.162076
104060481 -1.192865 0.486210 0.621137 1.430084 64.256942 157.824280 1.214777 3.166891
104060482 -1.192865 0.486210 0.616137 1.427919 64.437657 157.824280 1.210112 3.171689
104060483 -1.192865 0.486210 0.611137 1.425769 64.618919 157.824280 1.205388 3.176470
104060484 -1.192865 0.486210 0.606137 1.423633 64.800726 157.824280 1.200607 3.181234
104060485 -1.192865 0.486210 0.601137 1.421511 64.983079 157.824280 1.195767 3.185979
104060486 -1.192865 0.486210 0.596137 1.419404 65.165974 157.824280 1.190868 3.190707
104060487 -1.192865 0.486210 0.591137 1.417311 65.349412 157.824280 1.185911 3.195415
104060488 -1.192865 0.486210 0.586137 1.415233 65.533390 157.824280 1.180895 3.200105
104060489 -1.192865 0.486210 0.581137 1.413170 65.717908 157.824280 1.175819 3.204775
104060490 -1.192865 0.486210 0.576137 1.411121 65.902963 157.824280 1.170685 3.209426
104060491 -1.192865 0.486210 0.571137 1.409087 66.088554 157.824280 1.165491 3.214056
104060492 -1.192865 0.486210 0.566137 1.407068 66.274680 157.824280 1.160238 3.218666
104060493 -1.192865 0.486210 0.561137 1.405063 66.461339 157.824280 1.154926 3.223255
104060494 -1.192865 0.486210 0.556137 1.403074 66.648529 157.824280 1.149554 3.227823
104060495 -1.192865 0.486210 0.551137 1.401100 66.836249 157.824280 1.144122 3.232369
104060496 -1.192865 0.486210 0.546137 1.399140 67.024496 157.824280 1.138630 3.236893
104060497 -1.192865 0.486210 0.541137 1.397196 67.213270 157.824280 1.133078 3.241394
104060498 -1.192865 0.486210 0.536137 1.395267 67.402567 157.824280 1.127467 3.245873
104060499 -1.192865 0.486210 0.531137 1.393354 67.592387 157.824280 1.121795 3.250328
104060500 -1.192865 0.486210 0.526137 1.391455 67.782726 157.824280 1.116063 3.254760
104060501 -1.181147 0.509867 1.021137 1.642496 51.559739 156.651561 1.448664 2.761094
104060502 -1.181147 0.509867 1.016137 1.639392 51.696611 156.651561 1.447706 2.766319
104060503 -1.181147 0.509867 1.011137 1.636298 51.834002 156.651561 1.446714 2.771549
104060504 -1.181147 0.509867 1.006137 1.633213 51.971912 156.651561 1.445687 2.776782
104060505 -1.181147 0.509867 1.001137 1.630137 52.110343 156.651561 1.444625 2.782019
104060506 -1.181147 0.509867 0.996137 1.627071 52.249297 156.651561 1.443527 2.787259
104060507 -1.181147 0.509867 0.991137 1.624015 52.388775 156.651561 1.442394 2.792502
104060508 -1.181147 0.509867 0.986137 1.620968 52.528778 156.651561 1.441225 2.797749
104060509 -1.181147 0.509867 0.981137 1.617931 52.669307 156.651561 1.440020 2.802998
104060510 -1.181147 0.509867 0.976137 1.614904 52.810364 156.651561 1.438778 2.808250
104060511 -1.181147 0.509867 0.971137 1.611887 52.951950 156.651561 1.437499 2.813505
104060512 -1.181147 0.509867 0.966137 1.608879 53.094066 156.651561 1.436183 2.818762
104060513 -1.181147 0.509867 0.961137 1.605882 53.236714 156.651561 1.434829 2.824022
104060514 -1.181147 0.509867 0.956137 1.602894 53.379894 156.651561 1.433436 2.829283
104060515 -1.181147 0.509867 0.951137 1.599917 53.523608 156.651561 1.432006 2.834546
104060516 -1.181147 0.509867 0.946137 1.596949 53.667857 156.651561 1.430537 2.839811
104060517 -1.181147 0.509867 0.941137 1.593992 53.812642 156.651561 1.429028 2.845078
104060518 -1.181147 0.509867 0.936137 1.591045 53.957965 156.651561 1.427480 2.850345
104060519 -1.181147 0.509867 0.931137 1.588108 54.103826 156.651561 1.425893 2.855614
104060520 -1.181147 0.509867 0.926137 1.585182 54.250226 156.651561 1.424265 2.860883
104060521 -1.181147 0.509867 0.921137 1.582266 54.397167 156.651561 1.422597 2.866154
104060522 -1.181147 0.509867 0.916137 1.579360 54.544650 156.651561 1.420888 2.871424
104060523 -1.181147 0.509867 0.911137 1.576465 54.692675 156.651561 1.419137 2.876695
104060524 -1.181147 0.509867 0.906137 1.573581 54.841244 156.651561 1.417346 2.881966
104060525 -1.181147 0.509867 0.901137 1.570707 54.990358 156.651561 1.415512 2.887237
104060526 -1.181147 0.509867 0.896137 1.567844 55.140017 156.651561 1.413636 2.892508
104060527 -1.181147 0.509867 0.891137 1.564991 55.290223 156.651561 1.411718 2.897778
104060528 -1.181147 0.509867 0.886137 1.562150 55.440976 156.651561 1.409756 2.903047
104060529 -1.181147 0.509867 0.881137 1.559319 55.592278 156.651561 1.407751 2.908315
104060530 -1.181147 0.509867 0.876137 1.556499 55.744129 156.651561 1.405703 2.913582
104060531 -1.181147 0.509867 0.871137 1.553690 55.896531 156.651561 1.403611 2.918847
104060532 -1.181147 0.509867 0.866137 1.550892 56.049483 156.651561 1.401474 2.924110
104060533 -1.181147 0.509867 0.861137 1.548105 56.202987 156.651561 1.399293 2.929372
104060534 -1.181147 0.509867 0.856137 1.545329 56.357043 156.651561 1.397066 2.934631
104060535 -1.181147 0.509867 0.851137 1.542565 56.511653 156.651561 1.394795 2.939888
104060536 -1.181147 0.509867 0.846137 1.539812 56.666817 156.651561 1.392477 2.945142
104060537 -1.181147 0.509867 0.841137 1.537070 56.822536 156.651561 1.390114 2.950394
104060538 -1.181147 0.509867 0.836137 1.534339 56.978810 156.651561 1.387704 2.955642
104060539 -1.181147 0.509867 0.831137 1.531620 57.135640 156.651561 1.385247 2.960886
104060540 -1.181147 0.509867 0.826137 1.528913 57.293026 156.651561 1.382743 2.966127
104060541 -1.181147 0.509867 0.821137 1.526217 57.450970 156.651561 1.380192 2.971364
104060542 -1.181147 0.509867 0.816137 1.523533 57.609472 156.651561 1.377593 2.976597
104060543 -1.181147 0.509867 0.811137 1.520860 57.768531 156.651561 1.374946 2.981826
104060544 -1.181147 0.509867 0.806137 1.518199 57.928150 156.651561 1.372250 2.987049
104060545 -1.181147 0.509867 0.801137 1.515550 58.088328 156.651561 1.369506 2.992268
104060546 -1.181147 0.509867 0.796137 1.512913 58.249066 156.651561 1.366712 2.997481
104060547 -1.181147 0.509867 0.791137 1.510288 58.410363 156.651561 1.363869 3.002689
104060548 -1.181147 0.509867 0.786137 1.507675 58.572221 156.651561 1.360977 3.007891
104060549 -1.181147 0.509867 0.781137 1.505074 58.734640 156.651561 1.358034 3.013087
104060550 -1.181147 0.509867 0.776137 1.502485 58.897620 156.651561 1.355040 3.018276
104060551 -1.181147 0.509867 0.771137 1.499908 59.061161 156.651561 1.351996 3.023459
104060552 -1.181147 0.509867 0.766137 1.497344 59.225263 156.651561 1.348901 3.028635
104060553 -1.181147 0.509867 0.761137 1.494792 59.389928 156.651561 1.345755 3.033803
104060554 -1.181147 0.509867 0.756137 1.492252 59.555154 156.651561 1.342556 3.038964
104060555 -1.181147 0.509867 0.751137 1.489725 59.720942 156.651561 1.339306 3.044118
104060556 -1.181147 0.509867 0.746137 1.487210 59.887292 156.651561 1.336003 3.049263
104060557 -1.181147 0.509867 0.741137 1.484708 60.054205 156.651561 1.332648 3.054399
104060558 -1.181147 0.509867 0.736137 1.482218 60.221679 156.651561 1.329240 3.059527
104060559 -1.181147 0.509867 0.731137 1.479741 60.389716 156.651561 1.325778 3.064646
104060560 -1.181147 0.509867 0.726137 1.477277 60.558315 156.651561 1.322263 3.069755
104060561 -1.181147 0.509867 0.721137 1.474826 60.727475 156.651561 1.318694 3.074855
104060562 -1.181147 0.509867 0.716137 1.472387 60.897198 156.651561 1.315071 3.079944
104060563 -1.181147 0.509867 0.711137 1.469962 61.067481 156.651561 1.311393 3.085024
104060564 -1.181147 0.509867 0.706137 1.467550 61.238327 156.651561 1.307661 3.090093
104060565 -1.181147 0.509867 0.701137 1.465150 61.409733 156.651561 1.303873 3.095150
104060566 -1.181147 0.509867 0.696137 1.462764 61.581700 156.651561 1.300030 3.100197
104060567 -1.181147 0.509867 0.691137 1.460391 61.754228 156.651561 1.296132 3.105232
104060568 -1.181147 0.509867 0.686137 1.458032 61.927315 156.651561 1.292178 3.110255
104060569 -1.181147 0.509867 0.681137 1.455685 62.100962 156.651561 1.288168 3.115265
104060570 -1.181147 0.509867 0.676137 1.453353 62.275168 156.651561 1.284101 3.120263
104060571 -1.181147 0.509867 0.671137 1.451033 62.449933 156.651561 1.279978 3.125248
104060572 -1.181147 0.509867 0.666137 1.448727 62.625255 156.651561 1.275798 3.130220
104060573 -1.181147 0.509867 0.661137 1.446435 62.801135 156.651561 1.271561 3.135178
104060574 -1.181147 0.509867 0.656137 1.444157 62.977572 156.651561 1.267267 3.140122
104060575 -1.181147 0.509867 0.651137 1.441892 63.154564 156.651561 1.262915 3.145052
104060576 -1.181147 0.509867 0.646137 1.439641 63.332112 156.651561 1.258505 3.149967
104060577 -1.181147 0.509867 0.641137 1.437404 63.510214 156.651561 1.254037 3.154867
104060578 -1.181147 0.509867 0.636137 1.435180 63.688870 156.651561 1.249511 3.159752
104060579 -1.181147 0.509867 0.631137 1.432971 63.868078 156.651561 1.244926 3.164621
104060580 -1.181147 0.509867 0.626137 1.430776 64.047838 156.651561 1.240283 3.169474
104060581 -1.181147 0.509867 0.621137 1.428595 64.228148 156.651561 1.235581 3.174310
104060582 -1.181147 0.509867 0.616137 1.426428 64.409008 156.651561 1.230819 3.179130
104060583 -1.181147 0.509867 0.611137 1.424276 64.590417 156.651561 1.225999 3.183932
104060584 -1.181147 0.509867 0.606137 1.422137 64.772373 156.651561 1.221119 3.188717
104060585 -1.181147 0.509867 0.601137 1.420013 64.954875 156.651561 1.216179 3.193483
104060586 -1.181147 0.509867 0.596137 1.417904 65.137922 156.651561 1.211180 3.198232
104060587 -1.181147 0.509867 0.591137 1.415809 65.321513 156.651561 1.206121 3.202962
104060588 -1.181147 0.509867 0.586137 1.413729 65.505645 156.651561 1.201001 3.207672
104060589 -1.181147 0.509867 0.581137 1.411663 65.690319 156.651561 1.195822 3.212364
104060590 -1.181147 0.509867 0.576137 1.409612 65.875532 156.651561 1.190581 3.217035
104060591 -1.181147 0.509867 0.571137 1.407576 66.061283 156.651561 1.185281 3.221687
104060592 -1.181147 0.509867 0.566137 1.405555 66.247570 156.651561 1.179920 3.226317
104060593 -1.181147 0.509867 0.561137 1.403548 66.434391 156.651561 1.174498 3.230927
104060594 -1.181147 0.509867 0.556137 1.401557 66.621745 156.651561 1.169015 3.235516
104060595 -1.181147 0.509867 0.551137 1.399580 66.809631 156.651561 1.163471 3.240082
104060596 -1.181147 0.509867 0.546137 1.397619 66.998046 156.651561 1.157866 3.244627
104060597 -1.181147 0.509867 0.541137 1.395672 67.186989 156.651561 1.152200 3.249149
104060598 -1.181147 0.509867 0.536137 1.393741 67.376457 156.651561 1.146473 3.253648
104060599 -1.181147 0.509867 0.531137 1.391826 67.566449 156.651561 1.140684 3.258124
104060600 -1.181147 0.509867 0.526137 1.389925 67.756962 156.651561 1.134834 3.262577
104060601 -1.169429 0.533523 1.021137 1.641625 51.535595 155.476318 1.472617 2.764993
104060602 -1.169429 0.533523 1.016137 1.638519 51.672494 155.476318 1.471638 2.770231
104060603 -1.169429 0.533523 1.011137 1.635423 51.809912 155.476318 1.470624 2.775474
104060604 -1.169429 0.533523 1.006137 1.632336 51.947851 155.476318 1.469574 2.780720
104060605 -1.169429 0.533523 1.001137 1.629259 52.086312 155.476318 1.468489 2.785970
104060606 -1.169429 0.533523 0.996137 1.626192 52.225295 155.476318 1.467369 2.791223
104060607 -1.169429 0.533523 0.991137 1.623134 52.364803 155.476318 1.466211 2.796479
104060608 -1.169429 0.533523 0.986137 1.620085 52.504837 155.476318 1.465018 2.801739
104060609 -1.169429 0.533523 0.981137 1.617047 52.645399 155.476318 1.463787 2.807002
104060610 -1.169429 0.533523 0.976137 1.614018 52.786488 155.476318 1.462518 2.812267
104060611 -1.169429 0.533523 0.971137 1.610999 52.928107 155.476318 1.461213 2.817535
104060612 -1.169429 0.533523 0.966137 1.607990 53.070257 155.476318 1.459869 2.822806
104060613 -1.169429 0.533523 0.961137 1.604991 53.212940 155.476318 1.458486 2.828079
104060614 -1.169429 0.533523 0.956137 1.602001 53.356155 155.476318 1.457065 2.833353
104060615 -1.169429 0.533523 0.951137 1.599022 53.499905 155.476318 1.455605 2.838630
104060616 -1.169429 0.533523 0.946137 1.596053 53.644191 155.476318 1.454105 2.843909
104060617 -1.169429 0.533523 0.941137 1.593094 53.789014 155.476318 1.452565 2.849188
104060618 -1.169429 0.533523 0.936137 1.590146 53.934375 155.476318 1.450985 2.854470
104060619 -1.169429 0.533523 0.931137 1.587207 54.080275 155.476318 1.449365 2.859752
104060620 -1.169429 0.533523 0.926137 1.584279 54.226715 155.476318 1.447704 2.865035
104060621 -1.169429 0.533523 0.921137 1.581361 54.373697 155.476318 1.446001 2.870319
104060622 -1.169429 0.533523 0.916137 1.578454 54.521221 155.476318 1.444257 2.875604
104060623 -1.169429 0.533523 0.911137 1.575557 54.669288 155.476318 1.442471 2.880888
104060624 -1.169429 0.533523 0.906137 1.572671 54.817900 155.476318 1.440643 2.886173
104060625 -1.169429 0.533523 0.901137 1.569796 54.967058 155.476318 1.438772 2.891458
104060626 -1.169429 0.533523 0.896137 1.566931 55.116761 155.476318 1.436858 2.896742
104060627 -1.169429 0.533523 0.891137 1.564077 55.267013 155.476318 1.434901 2.902026
104060628 -1.169429 0.533523 0.886137 1.561233 55.417812 155.476318 1.432899 2.907309
104060629 -1.169429 0.533523 0.881137 1.558401 55.569161 155.476318 1.430854 2.912591
104060630 -1.169429 0.533523 0.876137 1.555579 55.721060 155.476318 1.428764 2.917872
104060631 -1.169429 0.533523 0.871137 1.552769 55.873510 155.476318 1.426630 2.923151
104060632 -1.169429 0.533523 0.866137 1.549969 56.026511 155.476318 1.424450 2.928428
104060633 -1.169429 0.533523 0.861137 1.547181 56.180066 155.476318 1.422225 2.933704
104060634 -1.169429 0.533523 0.856137 1.544403 56.334173 155.476318 1.419954 2.938977
104060635 -1.169429 0.533523 0.851137 1.541637 56.488835 155.476318 1.417636 2.944248
104060636 -1.169429 0.533523 0.846137 1.538882 56.644052 155.476318 1.415272 2.949517
104060637 -1.169429 0.533523 0.841137 1.536139 56.799824 155.476318 1.412861 2.954782
104060638 -1.169429 0.533523 0.836137 1.533407 56.956152 155.476318 1.410403 2.960045
104060639 -1.169429 0.533523 0.831137 1.530686 57.113038 155.476318 1.407897 2.965303
104060640 -1.169429 0.533523 0.826137 1.527977 57.270481 155.476318 1.405344 2.970559
104060641 -1.169429 0.533523 0.821137 1.525279 57.428482 155.476318 1.402741 2.975810
104060642 -1.169429 0.533523 0.816137 1.522593 57.587041 155.476318 1.400091 2.981057
104060643 -1.169429 0.533523 0.811137 1.519919 57.746160 155.476318 1.397391 2.986300
104060644 -1.169429 0.533523 0.806137 1.517257 57.905839 155.476318 1.394642 2.991538
104060645 -1.169429 0.533523 0.801137 1.514606 58.066077 155.476318 1.391843 2.996771
104060646 -1.169429 0.533523 0.796137 1.511967 58.226876 155.476318 1.388994 3.001998
104060647 -1.169429 0.533523 0.791137 1.509340 58.388237 155.476318 1.386094 3.007220
104060648 -1.169429 0.533523 0.786137 1.506726 58.550158 155.476318 1.383144 3.012437
104060649 -1.169429 0.533523 0.781137 1.504123 58.712641 155.476318 1.380143 3.017647
104060650 -1.169429 0.533523 0.776137 1.501532 58.875687 155.476318 1.377090 3.022851
104060651 -1.169429 0.533523 0.771137 1.498954 59.039294 155.476318 1.373986 3.028048
104060652 -1.169429 0.533523 0.766137 1.496388 59.203464 155.476318 1.370829 3.033239
104060653 -1.169429 0.533523 0.761137 1.493834 59.368196 155.476318 1.367621 3.038422
104060654 -1.169429 0.533523 0.756137 1.491293 59.533492 155.476318 1.364359 3.043597
104060655 -1.169429 0.533523 0.751137 1.488764 59.699350 155.476318 1.361044 3.048765
104060656 -1.169429 0.533523 0.746137 1.486247 59.865771 155.476318 1.357677 3.053924
104060657 -1.169429 0.533523 0.741137 1.483743 60.032756 155.476318 1.354255 3.059075
104060658 -1.169429 0.533523 0.736137 1.481252 60.200303 155.476318 1.350779 3.064218
104060659 -1.169429 0.533523 0.731137 1.478774 60.368414 155.476318 1.347250 3.069351
104060660 -1.169429 0.533523 0.726137 1.476308 60.537088 155.476318 1.343665 3.074475
104060661 -1.169429 0.533523 0.721137 1.473855 60.706324 155.476318 1.340026 3.079589
104060662 -1.169429 0.533523 0.716137 1.471415 60.876124 155.476318 1.336331 3.084693
104060663 -1.169429 0.533523 0.711137 1.468988 61.046485 155.476318 1.332581 3.089787
104060664 -1.169429 0.533523 0.706137 1.466574 61.217410 155.476318 1.328776 3.094871
104060665 -1.169429 0.533523 0.701137 1.464173 61.388896 155.476318 1.324914 3.099943
104060666 -1.169429 0.533523 0.696137 1.461786 61.560944 155.476318 1.320996 3.105004
104060667 -1.169429 0.533523 0.691137 1.459411 61.733554 155.476318 1.317021 3.110053
104060668 -1.169429 0.533523 0.686137 1.457050 61.906724 155.476318 1.312989 3.115091
104060669 -1.169429 0.533523 0.681137 1.454702 62.080455 155.476318 1.308900 3.120116
104060670 -1.169429 0.533523 0.676137 1.452368 62.254746 155.476318 1.304754 3.125129
104060671 -1.169429 0.533523 0.671137 1.450047 62.429597 155.476318 1.300550 3.130128
104060672 -1.169429 0.533523 0.666137 1.447739 62.605007 155.476318 1.296288 3.135115
104060673 -1.169429 0.533523 0.661137 1.445446 62.780975 155.476318 1.291968 3.140087
104060674 -1.169429 0.533523 0.656137 1.443165 62.957501 155.476318 1.287589 3.145046
104060675 -1.169429 0.533523 0.651137 1.440899 63.134583 155.476318 1.283152 3.149990
104060676 -1.169429 0.533523 0.646137 1.438646 63.312222 155.476318 1.278656 3.154920
104060677 -1.169429 0.533523 0.641137 1.436408 63.490417 155.476318 1.274101 3.159834
104060678 -1.169429 0.533523 0.636137 1.434183 63.669166 155.476318 1.269486 3.164734
104060679 -1.169429 0.533523 0.631137 1.431972 63.848469 155.476318 1.264812 3.169617
104060680 -1.169429 0.533523 0.626137 1.429776 64.028324 155.476318 1.260078 3.174484
104060681 -1.169429 0.533523 0.621137 1.427593 64.208731 155.476318 1.255284 3.179335
104060682 -1.169429 0.533523 0.616137 1.425425 64.389689 155.476318 1.250429 3.184169
104060683 -1.169429 0.533523 0.611137 1.423271 64.571197 155.476318 1.245515 3.188986
104060684 -1.169429 0.533523 0.606137 1.421131 64.753252 155.476318 1.240539 3.193785
104060685 -1.169429 0.533523 0.601137 1.419005 64.935855 155.476318 1.235503 3.198566
104060686 -1.169429 0.533523 0.596137 1.416894 65.119004 155.476318 1.230406 3.203329
104060687 -1.169429 0.533523 0.591137 1.414798 65.302698 155.476318 1.225248 3.208073
104060688 -1.169429 0.533523 0.586137 1.412716 65.486935 155.476318 1.220029 3.212798
104060689 -1.169429 0.533523 0.581137 1.410649 65.671714 155.476318 1.214748 3.217504
104060690 -1.169429 0.533523 0.576137 1.408597 65.857033 155.476318 1.209406 3.222189
104060691 -1.169429 0.533523 0.571137 1.406559 66.042891 155.476318 1.204002 3.226855
104060692 -1.169429 0.533523 0.566137 1.404536 66.229286 155.476318 1.198536 3.231500
104060693 -1.169429 0.533523 0.561137 1.402528 66.416218 155.476318 1.193009 3.236124
104060694 -1.169429 0.533523 0.556137 1.400535 66.603683 155.476318 1.187419 3.240726
104060695 -1.169429 0.533523 0.551137 1.398557 66.791680 155.476318 1.181767 3.245307
104060696 -1.169429 0.533523 0.546137 1.396595 66.980208 155.476318 1.176053 3.249865
104060697 -1.169429 0.533523 0.541137 1.394647 67.169264 155.476318 1.170276 3.254402
104060698 -1.169429 0.533523 0.536137 1.392714 67.358848 155.476318 1.164437 3.258915
104060699 -1.169429 0.533523 0.531137 1.390797 67.548956 155.476318 1.158536 3.263404
104060700 -1.169429 0.533523 0.526137 1.388896 67.739586 155.476318 1.152572 3.267871
104060701 -1.157710 0.557180 1.021137 1.641177 51.523193 154.299536 1.495369 2.767018
104060702 -1.157710 0.557180 1.016137 1.638071 51.660106 154.299536 1.494367 2.772263
104060703 -1.157710 0.557180 1.011137 1.634974 51.797538 154.299536 1.493330 2.777512
104060704 -1.157710 0.557180 1.006137 1.631887 51.935492 154.299536 1.492258 2.782765
104060705 -1.157710 0.557180 1.001137 1.628809 52.073967 154.299536 1.491149 2.788022
104060706 -1.157710 0.557180 0.996137 1.625740 52.212966 154.299536 1.490003 2.793282
104060707 -1.157710 0.557180 0.991137 1.622682 52.352490 154.299536 1.488820 2.798545
104060708 -1.157710 0.557180 0.986137 1.619632 52.492540 154.299536 1.487600 2.803812
104060709 -1.157710 0.557180 0.981137 1.616593 52.633117 154.299536 1.486343 2.809081
104060710 -1.157710 0.557180 0.976137 1.613563 52.774223 154.299536 1.485047 2.814354
104060711 -1.157710 0.557180 0.971137 1.610543 52.915860 154.299536 1.483713 2.819629
104060712 -1.157710 0.557180 0.966137 1.607533 53.058027 154.299536 1.482340 2.824906
104060713 -1.157710 0.557180 0.961137 1.604533 53.200727 154.299536 1.480928 2.830186
104060714 -1.157710 0.557180 0.956137 1.601543 53.343961 154.299536 1.479477 2.835468
104060715 -1.157710 0.557180 0.951137 1.598563 53.487730 154.299536 1.477986 2.840751
104060716 -1.157710 0.557180 0.946137 1.595593 53.632034 154.299536 1.476455 2.846037
104060717 -1.157710 0.557180 0.941137 1.592634 53.776877 154.299536 1.474883 2.851324
104060718 -1.157710 0.557180 0.936137 1.589684 53.922257 154.299536 1.473270 2.856612
104060719 -1.157710 0.557180 0.931137 1.586745 54.068177 154.299536 1.471616 2.861901
104060720 -1.157710 0.557180 0.926137 1.583816 54.214638 154.299536 1.469921 2.867191
104060721 -1.157710 0.557180 0.921137 1.580897 54.361640 154.299536 1.468183 2.872482
104060722 -1.157710 0.557180 0.916137 1.577989 54.509185 154.299536 1.466403 2.877774
104060723 -1.157710 0.557180 0.911137 1.575092 54.657274 154.299536 1.464581 2.883066
104060724 -1.157710 0.557180 0.906137 1.572205 54.805908 154.299536 1.462715 2.888358
104060725 -1.157710 0.557180 0.901137 1.569328 54.955088 154.299536 1.460806 2.893650
104060726 -1.157710 0.557180 0.896137 1.566462 55.104815 154.299536 1.458854 2.898941
104060727 -1.157710 0.557180 0.891137 1.563607 55.255089 154.299536 1.456857 2.904232
104060728 -1.157710 0.557180 0.886137 1.560763 55.405913 154.299536 1.454815 2.909522
104060729 -1.157710 0.557180 0.881137 1.557930 55.557285 154.299536 1.452729 2.914811
104060730 -1.157710 0.557180 0.876137 1.555107 55.709209 154.299536 1.450597 2.920099
104060731 -1.157710 0.557180 0.871137 1.552296 55.861684 154.299536 1.448420 2.925386
104060732 -1.157710 0.557180 0.866137 1.549495 56.014711 154.299536 1.446197 2.930671
104060733 -1.157710 0.557180 0.861137 1.546706 56.168291 154.299536 1.443928 2.935953
104060734 -1.157710 0.557180 0.856137 1.543928 56.322424 154.299536 1.441611 2.941234
104060735 -1.157710 0.557180 0.851137 1.541161 56.477113 154.299536 1.439248 2.946512
104060736 -1.157710 0.557180 0.846137 1.538405 56.632357 154.299536 1.436838 2.951788
104060737 -1.157710 0.557180 0.841137 1.535661 56.788156 154.299536 1.434379 2.957061
104060738 -1.157710 0.557180 0.836137 1.532928 56.944513 154.299536 1.431873 2.962331
104060739 -1.157710 0.557180 0.831137 1.530206 57.101427 154.299536 1.429318 2.967597
104060740 -1.157710 0.557180 0.826137 1.527496 57.258898 154.299536 1.426714 2.972859
104060741 -1.157710 0.557180 0.821137 1.524798 57.416929 154.299536 1.424061 2.978118
104060742 -1.157710 0.557180 0.816137 1.522111 57.575518 154.299536 1.421359 2.983373
104060743 -1.157710 0.557180 0.811137 1.519436 57.734667 154.299536 1.418607 2.988623
104060744 -1.157710 0.557180 0.806137 1.516773 57.894376 154.299536 1.415804 2.993868
104060745 -1.157710 0.557180 0.801137 1.514121 58.054646 154.299536 1.412951 2.999108
104060746 -1.157710 0.557180 0.796137 1.511482 58.215477 154.299536 1.410047 3.004343
104060747 -1.157710 0.557180 0.791137 1.508854 58.376869 154.299536 1.407091 3.009573
104060748 -1.157710 0.557180 0.786137 1.506238 58.538824 154.299536 1.404084 3.014797
104060749 -1.157710 0.557180 0.781137 1.503635 58.701340 154.299536 1.401025 3.020015
104060750 -1.157710 0.557180 0.776137 1.501043 58.864418 154.299536 1.397914 3.025226
104060751 -1.157710 0.557180 0.771137 1.498464 59.028060 154.299536 1.394750 3.030431
104060752 -1.157710 0.557180 0.766137 1.495897 59.192264 154.299536 1.391533 3.035628
104060753 -1.157710 0.557180 0.761137 1.493343 59.357032 154.299536 1.388263 3.040819
104060754 -1.157710 0.557180 0.756137 1.490800 59.522363 154.299536 1.384939 3.046002
104060755 -1.157710 0.557180 0.751137 1.488271 59.688257 154.299536 1.381561 3.051177
104060756 -1.157710 0.557180 0.746137 1.485753 59.854715 154.299536 1.378129 3.056344
104060757 -1.157710 0.557180 0.741137 1.483249 60.021736 154.299536 1.374643 3.061503
104060758 -1.157710 0.557180 0.736137 1.480757 60.189321 154.299536 1.371101 3.066653
104060759 -1.157710 0.557180 0.731137 1.478277 60.357470 154.299536 1.367504 3.071793
104060760 -1.157710 0.557180 0.726137 1.475811 60.526182 154.299536 1.363852 3.076925
104060761 -1.157710 0.557180 0.721137 1.473357 60.695458 154.299536 1.360144 3.082047
104060762 -1.157710 0.557180 0.716137 1.470916 60.865297 154.299536 1.356379 3.087159
104060763 -1.157710 0.557180 0.711137 1.468489 61.035698 154.299536 1.352559 3.092260
104060764 -1.157710 0.557180 0.706137 1.466074 61.206663 154.299536 1.348681 3.097351
104060765 -1.157710 0.557180 0.701137 1.463672 61.378191 154.299536 1.344747 3.102431
104060766 -1.157710 0.557180 0.696137 1.461284 61.550280 154.299536 1.340755 3.107499
104060767 -1.157710 0.557180 0.691137 1.458908 61.722932 154.299536 1.336705 3.112556
104060768 -1.157710 0.557180 0.686137 1.456546 61.896145 154.299536 1.332598 3.117601
104060769 -1.157710 0.557180 0.681137 1.454197 62.069919 154.299536 1.328432 3.122634
104060770 -1.157710 0.557180 0.676137 1.451862 62.244254 154.299536 1.324208 3.127654
104060771 -1.157710 0.557180 0.671137 1.449540 62.419149 154.299536 1.319926 3.132661
104060772 -1.157710 0.557180 0.666137 1.447232 62.594603 154.299536 1.315584 3.137655
104060773 -1.157710 0.557180 0.661137 1.444938 62.770617 154.299536 1.311183 3.142635
104060774 -1.157710 0.557180 0.656137 1.442657 62.947188 154.299536 1.306723 3.147601
104060775 -1.157710 0.557180 0.651137 1.440390 63.124317 154.299536 1.302203 3.152553
104060776 -1.157710 0.557180 0.646137 1.438136 63.302003 154.299536 1.297623 3.157490
104060777 -1.157710 0.557180 0.641137 1.435897 63.480245 154.299536 1.292983 3.162413
104060778 -1.157710 0.557180 0.636137 1.433671 63.659042 154.299536 1.288282 3.167319
104060779 -1.157710 0.557180 0.631137 1.431460 63.838394 154.299536 1.283521 3.172210
104060780 -1.157710 0.557180 0.626137 1.429262 64.018298 154.299536 1.278699 3.177085
104060781 -1.157710 0.557180 0.621137 1.427079 64.198755 154.299536 1.273816 3.181943
104060782 -1.157710 0.557180 0.616137 1.424910 64.379763 154.299536 1.268872 3.186784
104060783 -1.157710 0.557180 0.611137 1.422755 64.561321 154.299536 1.263866 3.191609
104060784 -1.157710 0.557180 0.606137 1.420614 64.743428 154.299536 1.258798 3.196415
104060785 -1.157710 0.557180 0.601137 1.418488 64.926083 154.299536 1.253669 3.201204
104060786 -1.157710 0.557180 0.596137 1.416376 65.109284 154.299536 1.248478 3.205974
104060787 -1.157710 0.557180 0.591137 1.414279 65.293031 154.299536 1.243225 3.210725
104060788 -1.157710 0.557180 0.586137 1.412197 65.477321 154.299536 1.237909 3.215458
104060789 -1.157710 0.557180 0.581137 1.410129 65.662154 154.299536 1.232531 3.220171
104060790 -1.157710 0.557180 0.576137 1.408075 65.847528 154.299536 1.227090 3.224864
104060791 -1.157710 0.557180 0.571137 1.406037 66.033441 154.299536 1.221587 3.229537
104060792 -1.157710 0.557180 0.566137 1.404013 66.219892 154.299536 1.216020 3.234189
104060793 -1.157710 0.557180 0.561137 1.402005 66.406880 154.299536 1.210391 3.238820
104060794 -1.157710 0.557180 0.556137 1.400011 66.594402 154.299536 1.204699 3.243430
104060795 -1.157710 0.557180 0.551137 1.398032 66.782457 154.299536 1.198943 3.248018
104060796 -1.157710 0.557180 0.546137 1.396069 66.971042 154.299536 1.193124 3.252584
104060797 -1.157710 0.557180 0.541137 1.394121 67.160157 154.299536 1.187241 3.257127
104060798 -1.157710 0.557180 0.536137 1.392187 67.349800 154.299536 1.181296 3.261647
104060799 -1.157710 0.557180 0.531137 1.390269 67.539967 154.299536 1.175286 3.266144
104060800 -1.157710 0.557180 0.526137 1.388367 67.730658 154.299536 1.169213 3.270618
