# pixelID   x   y   z   l2  two_theta   azimuthal   polar_width azimuthal_width
110010001 0.894456 -0.741291 -0.249067 1.188106 102.100870 -39.650639 1.402631 3.759163
110010002 0.895632 -0.741291 -0.244207 1.187984 101.862539 -39.613648 1.388666 3.760004
110010003 0.896808 -0.741291 -0.239347 1.187882 101.624159 -39.576714 1.374655 3.760776
110010004 0.897985 -0.741291 -0.234488 1.187802 101.385737 -39.539838 1.360598 3.761479
110010005 0.899161 -0.741291 -0.229628 1.187742 101.147282 -39.503019 1.346497 3.762114
110010006 0.900337 -0.741291 -0.224768 1.187703 100.908803 -39.466258 1.332354 3.762680
110010007 0.901513 -0.741291 -0.219909 1.187686 100.670308 -39.429554 1.318170 3.763177
110010008 0.902690 -0.741291 -0.215049 1.187690 100.431807 -39.392906 1.303946 3.763605
110010009 0.903866 -0.741291 -0.210190 1.187714 100.193307 -39.356316 1.289684 3.763965
110010010 0.905042 -0.741291 -0.205330 1.187760 99.954817 -39.319783 1.275386 3.764255
110010011 0.906219 -0.741291 -0.200470 1.187827 99.716345 -39.283307 1.261053 3.764477
110010012 0.907395 -0.741291 -0.195611 1.187914 99.477901 -39.246887 1.246687 3.764629
110010013 0.908571 -0.741291 -0.190751 1.188023 99.239492 -39.210524 1.232288 3.764713
110010014 0.909748 -0.741291 -0.185891 1.188153 99.001128 -39.174217 1.217860 3.764728
110010015 0.910924 -0.741291 -0.181032 1.188304 98.762817 -39.137967 1.203402 3.764675
110010016 0.912100 -0.741291 -0.176172 1.188476 98.524566 -39.101773 1.188918 3.764552
110010017 0.913276 -0.741291 -0.171312 1.188669 98.286386 -39.065635 1.174408 3.764361
110010018 0.914453 -0.741291 -0.166453 1.188883 98.048284 -39.029553 1.159874 3.764102
110010019 0.915629 -0.741291 -0.161593 1.189118 97.810268 -38.993527 1.145317 3.763774
110010020 0.916805 -0.741291 -0.156733 1.189373 97.572348 -38.957558 1.130739 3.763378
110010021 0.917982 -0.741291 -0.151874 1.189650 97.334531 -38.921643 1.116142 3.762914
110010022 0.919158 -0.741291 -0.147014 1.189948 97.096826 -38.885785 1.101528 3.762381
110010023 0.920334 -0.741291 -0.142154 1.190267 96.859242 -38.849982 1.086897 3.761781
110010024 0.921511 -0.741291 -0.137295 1.190606 96.621786 -38.814235 1.072251 3.761113
110010025 0.922687 -0.741291 -0.132435 1.190967 96.384467 -38.778543 1.057593 3.760377
110010026 0.923863 -0.741291 -0.127575 1.191348 96.147294 -38.742906 1.042923 3.759574
110010027 0.925040 -0.741291 -0.122716 1.191750 95.910274 -38.707324 1.028243 3.758703
110010028 0.926216 -0.741291 -0.117856 1.192173 95.673416 -38.671798 1.013555 3.757766
110010029 0.927392 -0.741291 -0.112996 1.192617 95.436728 -38.636326 0.998860 3.756761
110010030 0.928568 -0.741291 -0.108137 1.193082 95.200218 -38.600909 0.984160 3.755690
110010031 0.929745 -0.741291 -0.103277 1.193567 94.963895 -38.565547 0.969456 3.754552
110010032 0.930921 -0.741291 -0.098417 1.194074 94.727766 -38.530240 0.954750 3.753348
110010033 0.932097 -0.741291 -0.093558 1.194600 94.491839 -38.494987 0.940044 3.752078
110010034 0.933274 -0.741291 -0.088698 1.195148 94.256123 -38.459789 0.925338 3.750743
110010035 0.934450 -0.741291 -0.083838 1.195716 94.020625 -38.424645 0.910635 3.749341
110010036 0.935626 -0.741291 -0.078979 1.196305 93.785353 -38.389555 0.895936 3.747875
110010037 0.936803 -0.741291 -0.074119 1.196915 93.550316 -38.354520 0.881243 3.746344
110010038 0.937979 -0.741291 -0.069259 1.197545 93.315520 -38.319538 0.866557 3.744747
110010039 0.939155 -0.741291 -0.064400 1.198195 93.080974 -38.284611 0.851880 3.743087
110010040 0.940331 -0.741291 -0.059540 1.198866 92.846686 -38.249737 0.837213 3.741362
110010041 0.941508 -0.741291 -0.054680 1.199558 92.612663 -38.214917 0.822557 3.739574
110010042 0.942684 -0.741291 -0.049821 1.200270 92.378912 -38.180151 0.807914 3.737722
110010043 0.943860 -0.741291 -0.044961 1.201002 92.145441 -38.145438 0.793287 3.735807
110010044 0.945037 -0.741291 -0.040101 1.201755 91.912259 -38.110779 0.778675 3.733829
110010045 0.946213 -0.741291 -0.035242 1.202528 91.679371 -38.076174 0.764080 3.731789
110010046 0.947389 -0.741291 -0.030382 1.203321 91.446786 -38.041621 0.749505 3.729687
110010047 0.948566 -0.741291 -0.025522 1.204134 91.214511 -38.007122 0.734950 3.727523
110010048 0.949742 -0.741291 -0.020663 1.204968 90.982553 -37.972675 0.720417 3.725297
110010049 0.950918 -0.741291 -0.015803 1.205822 90.750919 -37.938282 0.705907 3.723011
110010050 0.952095 -0.741291 -0.010943 1.206696 90.519616 -37.903942 0.691422 3.720664
110010051 0.953271 -0.741291 -0.006084 1.207590 90.288652 -37.869654 0.676962 3.718257
110010052 0.954447 -0.741291 -0.001224 1.208504 90.058034 -37.835419 0.662530 3.715790
110010053 0.955623 -0.741291 0.003636 1.209438 89.827768 -37.801237 0.668903 3.713263
110010054 0.956800 -0.741291 0.008495 1.210392 89.597861 -37.767107 0.682211 3.710678
110010055 0.957976 -0.741291 0.013355 1.211366 89.368320 -37.733030 0.695448 3.708033
110010056 0.959152 -0.741291 0.018215 1.212360 89.139152 -37.699005 0.708610 3.705331
110010057 0.960329 -0.741291 0.023074 1.213373 88.910364 -37.665032 0.721699 3.702571
110010058 0.961505 -0.741291 0.027934 1.214407 88.681961 -37.631111 0.734712 3.699754
110010059 0.962681 -0.741291 0.032794 1.215460 88.453951 -37.597243 0.747649 3.696879
110010060 0.963858 -0.741291 0.037653 1.216532 88.226340 -37.563426 0.760508 3.693949
110010061 0.965034 -0.741291 0.042513 1.217624 87.999134 -37.529661 0.773290 3.690962
110010062 0.966210 -0.741291 0.047373 1.218736 87.772340 -37.495947 0.785992 3.687920
110010063 0.967386 -0.741291 0.052232 1.219867 87.545963 -37.462286 0.798615 3.684823
110010064 0.968563 -0.741291 0.057092 1.221018 87.320010 -37.428676 0.811157 3.681671
110010065 0.969739 -0.741291 0.061952 1.222188 87.094488 -37.395117 0.823618 3.678466
110010066 0.970915 -0.741291 0.066811 1.223377 86.869401 -37.361610 0.835996 3.675206
110010067 0.972092 -0.741291 0.071671 1.224586 86.644756 -37.328154 0.848292 3.671894
110010068 0.973268 -0.741291 0.076531 1.225814 86.420558 -37.294749 0.860503 3.668529
110010069 0.974444 -0.741291 0.081390 1.227061 86.196814 -37.261395 0.872631 3.665112
110010070 0.975621 -0.741291 0.086250 1.228327 85.973529 -37.228092 0.884673 3.661643
110010071 0.976797 -0.741291 0.091109 1.229612 85.750709 -37.194840 0.896629 3.658123
110010072 0.977973 -0.741291 0.095969 1.230916 85.528359 -37.161639 0.908499 3.654552
110010073 0.979150 -0.741291 0.100829 1.232239 85.306484 -37.128488 0.920282 3.650931
110010074 0.980326 -0.741291 0.105688 1.233580 85.085090 -37.095388 0.931977 3.647261
110010075 0.981502 -0.741291 0.110548 1.234941 84.864182 -37.062339 0.943585 3.643541
110010076 0.982678 -0.741291 0.115408 1.236320 84.643766 -37.029340 0.955103 3.639773
110010077 0.983855 -0.741291 0.120267 1.237718 84.423845 -36.996391 0.966532 3.635957
110010078 0.985031 -0.741291 0.125127 1.239135 84.204426 -36.963493 0.977871 3.632094
110010079 0.986207 -0.741291 0.129987 1.240570 83.985514 -36.930644 0.989120 3.628183
110010080 0.987384 -0.741291 0.134846 1.242023 83.767112 -36.897846 1.000278 3.624226
110010081 0.988560 -0.741291 0.139706 1.243495 83.549226 -36.865097 1.011344 3.620223
110010082 0.989736 -0.741291 0.144566 1.244985 83.331861 -36.832399 1.022319 3.616175
110010083 0.990913 -0.741291 0.149425 1.246494 83.115021 -36.799750 1.033203 3.612082
110010084 0.992089 -0.741291 0.154285 1.248021 82.898710 -36.767151 1.043993 3.607944
110010085 0.993265 -0.741291 0.159145 1.249566 82.682934 -36.734601 1.054691 3.603763
110010086 0.994441 -0.741291 0.164004 1.251129 82.467696 -36.702101 1.065296 3.599538
110010087 0.995618 -0.741291 0.168864 1.252710 82.253000 -36.669651 1.075807 3.595271
110010088 0.996794 -0.741291 0.173724 1.254309 82.038851 -36.637249 1.086225 3.590962
110010089 0.997970 -0.741291 0.178583 1.255925 81.825253 -36.604897 1.096548 3.586611
110010090 0.999147 -0.741291 0.183443 1.257560 81.612210 -36.572594 1.106777 3.582219
110010091 1.000323 -0.741291 0.188303 1.259212 81.399725 -36.540340 1.116912 3.577786
110010092 1.001499 -0.741291 0.193162 1.260882 81.187803 -36.508135 1.126952 3.573314
110010093 1.002676 -0.741291 0.198022 1.262570 80.976448 -36.475978 1.136897 3.568802
110010094 1.003852 -0.741291 0.202882 1.264275 80.765662 -36.443871 1.146747 3.564251
110010095 1.005028 -0.741291 0.207741 1.265998 80.555450 -36.411812 1.156502 3.559663
110010096 1.006205 -0.741291 0.212601 1.267738 80.345815 -36.379802 1.166162 3.555036
110010097 1.007381 -0.741291 0.217461 1.269495 80.136760 -36.347840 1.175726 3.550372
110010098 1.008557 -0.741291 0.222320 1.271269 79.928289 -36.315926 1.185194 3.545671
110010099 1.009733 -0.741291 0.227180 1.273061 79.720406 -36.284061 1.194567 3.540935
110010100 1.010910 -0.741291 0.232040 1.274870 79.513112 -36.252244 1.203844 3.536163
110010101 0.906878 -0.718190 -0.252074 1.183962 102.292757 -38.377028 1.411987 3.787056
110010102 0.908054 -0.718190 -0.247214 1.183839 102.053445 -38.340887 1.398058 3.787840
110010103 0.909230 -0.718190 -0.242354 1.183737 101.814082 -38.304803 1.384082 3.788556
110010104 0.910406 -0.718190 -0.237495 1.183656 101.574679 -38.268776 1.370060 3.789201
110010105 0.911583 -0.718190 -0.232635 1.183596 101.335242 -38.232807 1.355994 3.789777
110010106 0.912759 -0.718190 -0.227775 1.183557 101.095781 -38.196895 1.341885 3.790284
110010107 0.913935 -0.718190 -0.222916 1.183540 100.856305 -38.161040 1.327735 3.790720
110010108 0.915112 -0.718190 -0.218056 1.183544 100.616821 -38.125242 1.313545 3.791087
110010109 0.916288 -0.718190 -0.213196 1.183568 100.377339 -38.089501 1.299316 3.791385
110010110 0.917464 -0.718190 -0.208337 1.183614 100.137868 -38.053817 1.285051 3.791612
110010111 0.918641 -0.718190 -0.203477 1.183681 99.898415 -38.018190 1.270750 3.791770
110010112 0.919817 -0.718190 -0.198617 1.183769 99.658991 -37.982619 1.256416 3.791859
110010113 0.920993 -0.718190 -0.193758 1.183878 99.419602 -37.947105 1.242049 3.791878
110010114 0.922169 -0.718190 -0.188898 1.184009 99.180258 -37.911647 1.227652 3.791827
110010115 0.923346 -0.718190 -0.184038 1.184160 98.940968 -37.876245 1.213226 3.791706
110010116 0.924522 -0.718190 -0.179179 1.184333 98.701740 -37.840899 1.198772 3.791516
110010117 0.925698 -0.718190 -0.174319 1.184526 98.462583 -37.805610 1.184292 3.791257
110010118 0.926875 -0.718190 -0.169459 1.184741 98.223504 -37.770376 1.169788 3.790929
110010119 0.928051 -0.718190 -0.164600 1.184976 97.984514 -37.735198 1.155261 3.790531
110010120 0.929227 -0.718190 -0.159740 1.185233 97.745620 -37.700076 1.140713 3.790064
110010121 0.930404 -0.718190 -0.154880 1.185511 97.506831 -37.665010 1.126146 3.789528
110010122 0.931580 -0.718190 -0.150021 1.185810 97.268155 -37.629999 1.111560 3.788924
110010123 0.932756 -0.718190 -0.145161 1.186130 97.029601 -37.595043 1.096958 3.788250
110010124 0.933933 -0.718190 -0.140301 1.186470 96.791177 -37.560143 1.082341 3.787509
110010125 0.935109 -0.718190 -0.135442 1.186832 96.552892 -37.525298 1.067710 3.786698
110010126 0.936285 -0.718190 -0.130582 1.187215 96.314753 -37.490508 1.053068 3.785820
110010127 0.937461 -0.718190 -0.125722 1.187618 96.076771 -37.455774 1.038416 3.784874
110010128 0.938638 -0.718190 -0.120863 1.188043 95.838951 -37.421094 1.023755 3.783859
110010129 0.939814 -0.718190 -0.116003 1.188488 95.601304 -37.386468 1.009087 3.782778
110010130 0.940990 -0.718190 -0.111143 1.188955 95.363837 -37.351898 0.994414 3.781628
110010131 0.942167 -0.718190 -0.106284 1.189442 95.126559 -37.317382 0.979737 3.780412
110010132 0.943343 -0.718190 -0.101424 1.189950 94.889477 -37.282920 0.965057 3.779129
110010133 0.944519 -0.718190 -0.096564 1.190478 94.652599 -37.248513 0.950377 3.777779
110010134 0.945696 -0.718190 -0.091705 1.191028 94.415935 -37.214160 0.935698 3.776362
110010135 0.946872 -0.718190 -0.086845 1.191598 94.179491 -37.179862 0.921021 3.774880
110010136 0.948048 -0.718190 -0.081985 1.192189 93.943276 -37.145617 0.906347 3.773331
110010137 0.949224 -0.718190 -0.077126 1.192800 93.707298 -37.111426 0.891680 3.771717
110010138 0.950401 -0.718190 -0.072266 1.193433 93.471564 -37.077289 0.877019 3.770037
110010139 0.951577 -0.718190 -0.067406 1.194085 93.236083 -37.043206 0.862367 3.768293
110010140 0.952753 -0.718190 -0.062547 1.194759 93.000862 -37.009177 0.847724 3.766484
110010141 0.953930 -0.718190 -0.057687 1.195453 92.765909 -36.975201 0.833093 3.764610
110010142 0.955106 -0.718190 -0.052827 1.196167 92.531232 -36.941278 0.818475 3.762672
110010143 0.956282 -0.718190 -0.047968 1.196902 92.296838 -36.907409 0.803872 3.760671
110010144 0.957459 -0.718190 -0.043108 1.197657 92.062734 -36.873593 0.789284 3.758606
110010145 0.958635 -0.718190 -0.038248 1.198433 91.828929 -36.839830 0.774714 3.756478
110010146 0.959811 -0.718190 -0.033389 1.199229 91.595430 -36.806121 0.760163 3.754288
110010147 0.960988 -0.718190 -0.028529 1.200045 91.362244 -36.772464 0.745632 3.752035
110010148 0.962164 -0.718190 -0.023670 1.200882 91.129379 -36.738860 0.731123 3.749720
110010149 0.963340 -0.718190 -0.018810 1.201739 90.896841 -36.705308 0.716636 3.747344
110010150 0.964516 -0.718190 -0.013950 1.202616 90.664638 -36.671810 0.702174 3.744906
110010151 0.965693 -0.718190 -0.009091 1.203513 90.432778 -36.638364 0.687739 3.742408
110010152 0.966869 -0.718190 -0.004231 1.204430 90.201266 -36.604970 0.673330 3.739850
110010153 0.968045 -0.718190 0.000629 1.205367 89.970111 -36.571628 0.662534 3.737231
110010154 0.969222 -0.718190 0.005488 1.206324 89.739318 -36.538339 0.675822 3.734553
110010155 0.970398 -0.718190 0.010348 1.207301 89.508895 -36.505102 0.689037 3.731816
110010156 0.971574 -0.718190 0.015208 1.208299 89.278850 -36.471917 0.702178 3.729021
110010157 0.972751 -0.718190 0.020067 1.209315 89.049187 -36.438784 0.715244 3.726167
110010158 0.973927 -0.718190 0.024927 1.210352 88.819914 -36.405703 0.728235 3.723255
110010159 0.975103 -0.718190 0.029787 1.211409 88.591038 -36.372673 0.741149 3.720286
110010160 0.976279 -0.718190 0.034646 1.212485 88.362565 -36.339695 0.753986 3.717260
110010161 0.977456 -0.718190 0.039506 1.213581 88.134502 -36.306769 0.766744 3.714178
110010162 0.978632 -0.718190 0.044366 1.214696 87.906854 -36.273894 0.779423 3.711040
110010163 0.979808 -0.718190 0.049225 1.215831 87.679628 -36.241070 0.792021 3.707846
110010164 0.980985 -0.718190 0.054085 1.216985 87.452831 -36.208298 0.804538 3.704598
110010165 0.982161 -0.718190 0.058945 1.218159 87.226468 -36.175576 0.816974 3.701295
110010166 0.983337 -0.718190 0.063804 1.219353 87.000545 -36.142906 0.829327 3.697938
110010167 0.984514 -0.718190 0.068664 1.220565 86.775069 -36.110287 0.841597 3.694528
110010168 0.985690 -0.718190 0.073524 1.221797 86.550044 -36.077718 0.853782 3.691064
110010169 0.986866 -0.718190 0.078383 1.223048 86.325478 -36.045200 0.865883 3.687549
110010170 0.988043 -0.718190 0.083243 1.224318 86.101375 -36.012733 0.877898 3.683981
110010171 0.989219 -0.718190 0.088103 1.225607 85.877741 -35.980317 0.889827 3.680362
110010172 0.990395 -0.718190 0.092962 1.226916 85.654582 -35.947950 0.901670 3.676691
110010173 0.991571 -0.718190 0.097822 1.228243 85.431904 -35.915635 0.913425 3.672971
110010174 0.992748 -0.718190 0.102682 1.229589 85.209711 -35.883369 0.925092 3.669200
110010175 0.993924 -0.718190 0.107541 1.230954 84.988008 -35.851154 0.936670 3.665380
110010176 0.995100 -0.718190 0.112401 1.232338 84.766802 -35.818988 0.948159 3.661512
110010177 0.996277 -0.718190 0.117261 1.233740 84.546097 -35.786873 0.959558 3.657595
110010178 0.997453 -0.718190 0.122120 1.235161 84.325899 -35.754807 0.970868 3.653630
110010179 0.998629 -0.718190 0.126980 1.236601 84.106211 -35.722792 0.982086 3.649618
110010180 0.999806 -0.718190 0.131840 1.238059 83.887040 -35.690826 0.993214 3.645560
110010181 1.000982 -0.718190 0.136699 1.239536 83.668389 -35.658909 1.004249 3.641455
110010182 1.002158 -0.718190 0.141559 1.241031 83.450264 -35.627042 1.015193 3.637305
110010183 1.003334 -0.718190 0.146419 1.242544 83.232669 -35.595225 1.026045 3.633109
110010184 1.004511 -0.718190 0.151278 1.244076 83.015609 -35.563456 1.036803 3.628869
110010185 1.005687 -0.718190 0.156138 1.245626 82.799087 -35.531737 1.047469 3.624585
110010186 1.006863 -0.718190 0.160998 1.247193 82.583110 -35.500067 1.058041 3.620258
110010187 1.008040 -0.718190 0.165857 1.248779 82.367679 -35.468446 1.068520 3.615888
110010188 1.009216 -0.718190 0.170717 1.250383 82.152801 -35.436874 1.078904 3.611476
110010189 1.010392 -0.718190 0.175577 1.252005 81.938479 -35.405351 1.089194 3.607022
110010190 1.011569 -0.718190 0.180436 1.253645 81.724717 -35.373876 1.099389 3.602527
110010191 1.012745 -0.718190 0.185296 1.255302 81.511518 -35.342450 1.109490 3.597991
110010192 1.013921 -0.718190 0.190156 1.256978 81.298888 -35.311073 1.119496 3.593415
110010193 1.015098 -0.718190 0.195015 1.258670 81.086829 -35.279744 1.129406 3.588800
110010194 1.016274 -0.718190 0.199875 1.260381 80.875345 -35.248463 1.139221 3.584146
110010195 1.017450 -0.718190 0.204735 1.262109 80.664440 -35.217231 1.148941 3.579453
110010196 1.018626 -0.718190 0.209594 1.263854 80.454117 -35.186047 1.158565 3.574723
110010197 1.019803 -0.718190 0.214454 1.265617 80.244380 -35.154910 1.168093 3.569955
110010198 1.020979 -0.718190 0.219314 1.267397 80.035232 -35.123822 1.177526 3.565151
110010199 1.022155 -0.718190 0.224173 1.269194 79.826677 -35.092782 1.186862 3.560311
110010200 1.023332 -0.718190 0.229033 1.271008 79.618716 -35.061790 1.196103 3.555435
110010201 0.919299 -0.695090 -0.255080 1.180393 102.479941 -37.093245 1.419780 3.811504
110010202 0.920476 -0.695090 -0.250221 1.180270 102.239759 -37.058004 1.405910 3.812232
110010203 0.921652 -0.695090 -0.245361 1.180167 101.999526 -37.022820 1.391993 3.812891
110010204 0.922828 -0.695090 -0.240501 1.180086 101.759251 -36.987694 1.378029 3.813479
110010205 0.924005 -0.695090 -0.235642 1.180026 101.518944 -36.952625 1.364021 3.813997
110010206 0.925181 -0.695090 -0.230782 1.179988 101.278612 -36.917613 1.349969 3.814444
110010207 0.926357 -0.695090 -0.225922 1.179970 101.038265 -36.882657 1.335876 3.814822
110010208 0.927534 -0.695090 -0.221063 1.179974 100.797910 -36.847759 1.321743 3.815128
110010209 0.928710 -0.695090 -0.216203 1.179998 100.557558 -36.812916 1.307570 3.815365
110010210 0.929886 -0.695090 -0.211343 1.180044 100.317216 -36.778131 1.293361 3.815531
110010211 0.931062 -0.695090 -0.206484 1.180112 100.076894 -36.743402 1.279117 3.815627
110010212 0.932239 -0.695090 -0.201624 1.180200 99.836600 -36.708729 1.264838 3.815652
110010213 0.933415 -0.695090 -0.196764 1.180309 99.596342 -36.674113 1.250527 3.815607
110010214 0.934591 -0.695090 -0.191905 1.180440 99.356130 -36.639552 1.236184 3.815492
110010215 0.935768 -0.695090 -0.187045 1.180592 99.115972 -36.605048 1.221813 3.815306
110010216 0.936944 -0.695090 -0.182185 1.180765 98.875877 -36.570599 1.207413 3.815051
110010217 0.938120 -0.695090 -0.177326 1.180959 98.635853 -36.536206 1.192988 3.814725
110010218 0.939297 -0.695090 -0.172466 1.181175 98.395909 -36.501869 1.178538 3.814330
110010219 0.940473 -0.695090 -0.167606 1.181411 98.156055 -36.467587 1.164064 3.813864
110010220 0.941649 -0.695090 -0.162747 1.181668 97.916297 -36.433361 1.149569 3.813329
110010221 0.942826 -0.695090 -0.157887 1.181947 97.676646 -36.399189 1.135055 3.812725
110010222 0.944002 -0.695090 -0.153027 1.182247 97.437109 -36.365074 1.120522 3.812050
110010223 0.945178 -0.695090 -0.148168 1.182568 97.197695 -36.331013 1.105972 3.811307
110010224 0.946354 -0.695090 -0.143308 1.182909 96.958413 -36.297007 1.091407 3.810494
110010225 0.947531 -0.695090 -0.138448 1.183272 96.719271 -36.263056 1.076828 3.809613
110010226 0.948707 -0.695090 -0.133589 1.183656 96.480278 -36.229160 1.062237 3.808662
110010227 0.949883 -0.695090 -0.128729 1.184061 96.241441 -36.195318 1.047636 3.807643
110010228 0.951060 -0.695090 -0.123870 1.184487 96.002770 -36.161532 1.033026 3.806556
110010229 0.952236 -0.695090 -0.119010 1.184933 95.764272 -36.127799 1.018409 3.805400
110010230 0.953412 -0.695090 -0.114150 1.185401 95.525956 -36.094121 1.003786 3.804176
110010231 0.954589 -0.695090 -0.109291 1.185890 95.287831 -36.060497 0.989159 3.802885
110010232 0.955765 -0.695090 -0.104431 1.186399 95.049904 -36.026927 0.974530 3.801526
110010233 0.956941 -0.695090 -0.099571 1.186929 94.812184 -35.993411 0.959899 3.800100
110010234 0.958117 -0.695090 -0.094712 1.187480 94.574679 -35.959949 0.945269 3.798607
110010235 0.959294 -0.695090 -0.089852 1.188052 94.337396 -35.926541 0.930641 3.797047
110010236 0.960470 -0.695090 -0.084992 1.188645 94.100345 -35.893186 0.916017 3.795420
110010237 0.961646 -0.695090 -0.080133 1.189258 93.863533 -35.859885 0.901398 3.793728
110010238 0.962823 -0.695090 -0.075273 1.189892 93.626967 -35.826638 0.886785 3.791970
110010239 0.963999 -0.695090 -0.070413 1.190547 93.390657 -35.793444 0.872181 3.790146
110010240 0.965175 -0.695090 -0.065554 1.191223 93.154609 -35.760303 0.857587 3.788256
110010241 0.966352 -0.695090 -0.060694 1.191919 92.918832 -35.727215 0.843003 3.786302
110010242 0.967528 -0.695090 -0.055834 1.192635 92.683333 -35.694181 0.828433 3.784284
110010243 0.968704 -0.695090 -0.050975 1.193372 92.448120 -35.661199 0.813877 3.782201
110010244 0.969881 -0.695090 -0.046115 1.194130 92.213201 -35.628270 0.799336 3.780054
110010245 0.971057 -0.695090 -0.041255 1.194907 91.978582 -35.595394 0.784813 3.777844
110010246 0.972233 -0.695090 -0.036396 1.195706 91.744273 -35.562570 0.770308 3.775571
110010247 0.973409 -0.695090 -0.031536 1.196525 91.510279 -35.529799 0.755823 3.773234
110010248 0.974586 -0.695090 -0.026676 1.197364 91.276609 -35.497081 0.741360 3.770836
110010249 0.975762 -0.695090 -0.021817 1.198223 91.043270 -35.464415 0.726920 3.768375
110010250 0.976938 -0.695090 -0.016957 1.199102 90.810268 -35.431801 0.712504 3.765853
110010251 0.978115 -0.695090 -0.012097 1.200002 90.577612 -35.399239 0.698113 3.763270
110010252 0.979291 -0.695090 -0.007238 1.200922 90.345309 -35.366729 0.683750 3.760626
110010253 0.980467 -0.695090 -0.002378 1.201862 90.113364 -35.334270 0.669415 3.757922
110010254 0.981644 -0.695090 0.002482 1.202822 89.881786 -35.301864 0.669167 3.755157
110010255 0.982820 -0.695090 0.007341 1.203802 89.650582 -35.269510 0.682341 3.752334
110010256 0.983996 -0.695090 0.012201 1.204802 89.419757 -35.237207 0.695441 3.749451
110010257 0.985172 -0.695090 0.017061 1.205822 89.189319 -35.204955 0.708466 3.746510
110010258 0.986349 -0.695090 0.021920 1.206862 88.959275 -35.172755 0.721415 3.743510
110010259 0.987525 -0.695090 0.026780 1.207921 88.729631 -35.140606 0.734288 3.740453
110010260 0.988701 -0.695090 0.031640 1.209000 88.500393 -35.108508 0.747082 3.737339
110010261 0.989878 -0.695090 0.036499 1.210099 88.271569 -35.076462 0.759798 3.734168
110010262 0.991054 -0.695090 0.041359 1.211218 88.043164 -35.044466 0.772434 3.730941
110010263 0.992230 -0.695090 0.046219 1.212356 87.815185 -35.012521 0.784990 3.727658
110010264 0.993407 -0.695090 0.051078 1.213514 87.587638 -34.980627 0.797464 3.724319
110010265 0.994583 -0.695090 0.055938 1.214691 87.360529 -34.948784 0.809857 3.720926
110010266 0.995759 -0.695090 0.060798 1.215888 87.133864 -34.916991 0.822166 3.717479
110010267 0.996936 -0.695090 0.065657 1.217104 86.907649 -34.885249 0.834393 3.713978
110010268 0.998112 -0.695090 0.070517 1.218339 86.681891 -34.853557 0.846534 3.710424
110010269 0.999288 -0.695090 0.075377 1.219594 86.456594 -34.821915 0.858591 3.706817
110010270 1.000464 -0.695090 0.080236 1.220868 86.231766 -34.790323 0.870562 3.703158
110010271 1.001641 -0.695090 0.085096 1.222160 86.007410 -34.758782 0.882447 3.699447
110010272 1.002817 -0.695090 0.089956 1.223472 85.783533 -34.727290 0.894245 3.695685
110010273 1.003993 -0.695090 0.094815 1.224803 85.560141 -34.695849 0.905955 3.691872
110010274 1.005170 -0.695090 0.099675 1.226153 85.337238 -34.664457 0.917577 3.688009
110010275 1.006346 -0.695090 0.104535 1.227522 85.114831 -34.633115 0.929111 3.684097
110010276 1.007522 -0.695090 0.109394 1.228910 84.892924 -34.601822 0.940555 3.680136
110010277 1.008699 -0.695090 0.114254 1.230316 84.671522 -34.570579 0.951909 3.676126
110010278 1.009875 -0.695090 0.119114 1.231741 84.450630 -34.539385 0.963173 3.672068
110010279 1.011051 -0.695090 0.123973 1.233185 84.230255 -34.508240 0.974346 3.667963
110010280 1.012227 -0.695090 0.128833 1.234647 84.010399 -34.477145 0.985427 3.663811
110010281 1.013404 -0.695090 0.133693 1.236128 83.791069 -34.446099 0.996417 3.659613
110010282 1.014580 -0.695090 0.138552 1.237627 83.572269 -34.415101 1.007315 3.655369
110010283 1.015756 -0.695090 0.143412 1.239144 83.354003 -34.384153 1.018120 3.651080
110010284 1.016933 -0.695090 0.148272 1.240680 83.136276 -34.353253 1.028833 3.646746
110010285 1.018109 -0.695090 0.153131 1.242234 82.919093 -34.322402 1.039452 3.642368
110010286 1.019285 -0.695090 0.157991 1.243806 82.702458 -34.291600 1.049977 3.637947
110010287 1.020462 -0.695090 0.162851 1.245397 82.486375 -34.260846 1.060409 3.633483
110010288 1.021638 -0.695090 0.167710 1.247005 82.270848 -34.230140 1.070747 3.628976
110010289 1.022814 -0.695090 0.172570 1.248631 82.055882 -34.199483 1.080990 3.624428
110010290 1.023991 -0.695090 0.177429 1.250275 81.841480 -34.168874 1.091138 3.619838
110010291 1.025167 -0.695090 0.182289 1.251937 81.627647 -34.138313 1.101192 3.615208
110010292 1.026343 -0.695090 0.187149 1.253617 81.414386 -34.107800 1.111150 3.610538
110010293 1.027519 -0.695090 0.192008 1.255314 81.201701 -34.077335 1.121013 3.605828
110010294 1.028696 -0.695090 0.196868 1.257029 80.989596 -34.046918 1.130781 3.601079
110010295 1.029872 -0.695090 0.201728 1.258762 80.778075 -34.016549 1.140453 3.596292
110010296 1.031048 -0.695090 0.206587 1.260512 80.567140 -33.986227 1.150030 3.591467
110010297 1.032225 -0.695090 0.211447 1.262279 80.356796 -33.955953 1.159511 3.586605
110010298 1.033401 -0.695090 0.216307 1.264064 80.147045 -33.925726 1.168896 3.581706
110010299 1.034577 -0.695090 0.221166 1.265865 79.937891 -33.895546 1.178185 3.576771
110010300 1.035754 -0.695090 0.226026 1.267684 79.729338 -33.865414 1.187377 3.571801
110010301 0.931721 -0.671990 -0.258087 1.177406 102.662039 -35.800469 1.425949 3.832362
110010302 0.932898 -0.671990 -0.253227 1.177282 102.421101 -35.766178 1.412161 3.833035
110010303 0.934074 -0.671990 -0.248368 1.177179 102.180113 -35.731944 1.398325 3.833637
110010304 0.935250 -0.671990 -0.243508 1.177098 101.939082 -35.697767 1.384443 3.834169
110010305 0.936427 -0.671990 -0.238649 1.177038 101.698018 -35.663647 1.370516 3.834629
110010306 0.937603 -0.671990 -0.233789 1.176999 101.456931 -35.629583 1.356545 3.835019
110010307 0.938779 -0.671990 -0.228929 1.176982 101.215827 -35.595575 1.342533 3.835338
110010308 0.939955 -0.671990 -0.224070 1.176985 100.974717 -35.561624 1.328479 3.835586
110010309 0.941132 -0.671990 -0.219210 1.177010 100.733609 -35.527729 1.314388 3.835763
110010310 0.942308 -0.671990 -0.214350 1.177056 100.492512 -35.493890 1.300258 3.835869
110010311 0.943484 -0.671990 -0.209491 1.177124 100.251434 -35.460107 1.286093 3.835904
110010312 0.944661 -0.671990 -0.204631 1.177212 100.010385 -35.426380 1.271894 3.835868
110010313 0.945837 -0.671990 -0.199771 1.177322 99.769373 -35.392708 1.257662 3.835761
110010314 0.947013 -0.671990 -0.194912 1.177453 99.528408 -35.359092 1.243398 3.835584
110010315 0.948190 -0.671990 -0.190052 1.177605 99.287497 -35.325532 1.229105 3.835336
110010316 0.949366 -0.671990 -0.185192 1.177779 99.046649 -35.292027 1.214784 3.835017
110010317 0.950542 -0.671990 -0.180333 1.177973 98.805874 -35.258578 1.200436 3.834628
110010318 0.951719 -0.671990 -0.175473 1.178189 98.565179 -35.225183 1.186064 3.834168
110010319 0.952895 -0.671990 -0.170613 1.178426 98.324574 -35.191844 1.171668 3.833637
110010320 0.954071 -0.671990 -0.165754 1.178684 98.084068 -35.158559 1.157250 3.833037
110010321 0.955247 -0.671990 -0.160894 1.178964 97.843668 -35.125329 1.142812 3.832366
110010322 0.956424 -0.671990 -0.156034 1.179264 97.603384 -35.092154 1.128356 3.831626
110010323 0.957600 -0.671990 -0.151175 1.179586 97.363225 -35.059034 1.113882 3.830815
110010324 0.958776 -0.671990 -0.146315 1.179928 97.123198 -35.025968 1.099393 3.829935
110010325 0.959953 -0.671990 -0.141455 1.180292 96.883312 -34.992956 1.084890 3.828986
110010326 0.961129 -0.671990 -0.136596 1.180677 96.643576 -34.959999 1.070375 3.827967
110010327 0.962305 -0.671990 -0.131736 1.181083 96.403999 -34.927096 1.055849 3.826879
110010328 0.963482 -0.671990 -0.126876 1.181510 96.164588 -34.894246 1.041314 3.825722
110010329 0.964658 -0.671990 -0.122017 1.181958 95.925353 -34.861451 1.026771 3.824497
110010330 0.965834 -0.671990 -0.117157 1.182426 95.686301 -34.828710 1.012223 3.823203
110010331 0.967010 -0.671990 -0.112297 1.182916 95.447441 -34.796022 0.997669 3.821841
110010332 0.968187 -0.671990 -0.107438 1.183427 95.208781 -34.763388 0.983114 3.820410
110010333 0.969363 -0.671990 -0.102578 1.183959 94.970329 -34.730807 0.968556 3.818913
110010334 0.970539 -0.671990 -0.097718 1.184511 94.732094 -34.698280 0.953999 3.817347
110010335 0.971716 -0.671990 -0.092859 1.185084 94.494084 -34.665806 0.939444 3.815715
110010336 0.972892 -0.671990 -0.087999 1.185678 94.256307 -34.633385 0.924892 3.814015
110010337 0.974068 -0.671990 -0.083139 1.186293 94.018771 -34.601017 0.910345 3.812250
110010338 0.975245 -0.671990 -0.078280 1.186929 93.781484 -34.568702 0.895804 3.810417
110010339 0.976421 -0.671990 -0.073420 1.187585 93.544454 -34.536439 0.881272 3.808519
110010340 0.977597 -0.671990 -0.068560 1.188262 93.307689 -34.504230 0.866749 3.806555
110010341 0.978774 -0.671990 -0.063701 1.188960 93.071196 -34.472073 0.852236 3.804526
110010342 0.979950 -0.671990 -0.058841 1.189678 92.834984 -34.439969 0.837736 3.802432
110010343 0.981126 -0.671990 -0.053981 1.190417 92.599060 -34.407917 0.823250 3.800274
110010344 0.982302 -0.671990 -0.049122 1.191177 92.363432 -34.375917 0.808780 3.798051
110010345 0.983479 -0.671990 -0.044262 1.191957 92.128108 -34.343969 0.794326 3.795764
110010346 0.984655 -0.671990 -0.039402 1.192757 91.893095 -34.312074 0.779891 3.793414
110010347 0.985831 -0.671990 -0.034543 1.193578 91.658400 -34.280230 0.765475 3.791000
110010348 0.987008 -0.671990 -0.029683 1.194419 91.424031 -34.248439 0.751080 3.788524
110010349 0.988184 -0.671990 -0.024823 1.195280 91.189996 -34.216699 0.736708 3.785986
110010350 0.989360 -0.671990 -0.019964 1.196162 90.956302 -34.185010 0.722360 3.783385
110010351 0.990537 -0.671990 -0.015104 1.197064 90.722955 -34.153373 0.708038 3.780723
110010352 0.991713 -0.671990 -0.010244 1.197986 90.489964 -34.121788 0.693742 3.778001
110010353 0.992889 -0.671990 -0.005385 1.198928 90.257334 -34.090254 0.679474 3.775217
110010354 0.994065 -0.671990 -0.000525 1.199891 90.025074 -34.058771 0.665236 3.772373
110010355 0.995242 -0.671990 0.004335 1.200873 89.793190 -34.027339 0.675392 3.769470
110010356 0.996418 -0.671990 0.009194 1.201875 89.561689 -33.995958 0.688431 3.766507
110010357 0.997594 -0.671990 0.014054 1.202898 89.330578 -33.964628 0.701395 3.763485
110010358 0.998771 -0.671990 0.018914 1.203940 89.099863 -33.933349 0.714282 3.760405
110010359 0.999947 -0.671990 0.023773 1.205002 88.869552 -33.902121 0.727093 3.757267
110010360 1.001123 -0.671990 0.028633 1.206084 88.639650 -33.870943 0.739826 3.754072
110010361 1.002300 -0.671990 0.033493 1.207186 88.410164 -33.839815 0.752481 3.750819
110010362 1.003476 -0.671990 0.038352 1.208307 88.181101 -33.808738 0.765056 3.747510
110010363 1.004652 -0.671990 0.043212 1.209448 87.952468 -33.777711 0.777550 3.744146
110010364 1.005829 -0.671990 0.048072 1.210608 87.724269 -33.746735 0.789963 3.740725
110010365 1.007005 -0.671990 0.052931 1.211788 87.496512 -33.715808 0.802294 3.737250
110010366 1.008181 -0.671990 0.057791 1.212988 87.269202 -33.684932 0.814542 3.733720
110010367 1.009357 -0.671990 0.062650 1.214207 87.042346 -33.654105 0.826707 3.730137
110010368 1.010534 -0.671990 0.067510 1.215445 86.815949 -33.623328 0.838787 3.726500
110010369 1.011710 -0.671990 0.072370 1.216703 86.590018 -33.592600 0.850783 3.722810
110010370 1.012886 -0.671990 0.077229 1.217979 86.364558 -33.561922 0.862693 3.719067
110010371 1.014063 -0.671990 0.082089 1.219275 86.139574 -33.531294 0.874516 3.715273
110010372 1.015239 -0.671990 0.086949 1.220590 85.915073 -33.500715 0.886252 3.711427
110010373 1.016415 -0.671990 0.091808 1.221925 85.691060 -33.470185 0.897901 3.707531
110010374 1.017592 -0.671990 0.096668 1.223278 85.467540 -33.439704 0.909462 3.703585
110010375 1.018768 -0.671990 0.101528 1.224650 85.244519 -33.409273 0.920934 3.699588
110010376 1.019944 -0.671990 0.106387 1.226040 85.022002 -33.378890 0.932317 3.695543
110010377 1.021120 -0.671990 0.111247 1.227450 84.799993 -33.348556 0.943610 3.691449
110010378 1.022297 -0.671990 0.116107 1.228878 84.578499 -33.318271 0.954812 3.687307
110010379 1.023473 -0.671990 0.120966 1.230326 84.357524 -33.288034 0.965924 3.683117
110010380 1.024649 -0.671990 0.125826 1.231791 84.137074 -33.257846 0.976945 3.678881
110010381 1.025826 -0.671990 0.130686 1.233275 83.917152 -33.227706 0.987873 3.674598
110010382 1.027002 -0.671990 0.135545 1.234778 83.697763 -33.197615 0.998710 3.670270
110010383 1.028178 -0.671990 0.140405 1.236299 83.478913 -33.167572 1.009455 3.665896
110010384 1.029355 -0.671990 0.145265 1.237838 83.260606 -33.137577 1.020106 3.661477
110010385 1.030531 -0.671990 0.150124 1.239396 83.042846 -33.107630 1.030665 3.657015
110010386 1.031707 -0.671990 0.154984 1.240972 82.825638 -33.077731 1.041130 3.652509
110010387 1.032884 -0.671990 0.159844 1.242566 82.608986 -33.047880 1.051501 3.647960
110010388 1.034060 -0.671990 0.164703 1.244178 82.392894 -33.018076 1.061778 3.643368
110010389 1.035236 -0.671990 0.169563 1.245807 82.177366 -32.988321 1.071961 3.638735
110010390 1.036412 -0.671990 0.174423 1.247455 81.962407 -32.958612 1.082049 3.634061
110010391 1.037589 -0.671990 0.179282 1.249121 81.748020 -32.928952 1.092042 3.629345
110010392 1.038765 -0.671990 0.184142 1.250805 81.534210 -32.899338 1.101941 3.624590
110010393 1.039941 -0.671990 0.189002 1.252506 81.320979 -32.869772 1.111744 3.619796
110010394 1.041118 -0.671990 0.193861 1.254224 81.108332 -32.840253 1.121452 3.614962
110010395 1.042294 -0.671990 0.198721 1.255961 80.896273 -32.810781 1.131065 3.610090
110010396 1.043470 -0.671990 0.203581 1.257715 80.684804 -32.781356 1.140582 3.605180
110010397 1.044647 -0.671990 0.208440 1.259486 80.473929 -32.751978 1.150003 3.600233
110010398 1.045823 -0.671990 0.213300 1.261274 80.263652 -32.722646 1.159329 3.595249
110010399 1.046999 -0.671990 0.218160 1.263080 80.053976 -32.693361 1.168558 3.590230
110010400 1.048175 -0.671990 0.223019 1.264903 79.844904 -32.664123 1.177692 3.585175
110010401 0.944143 -0.648890 -0.261094 1.175004 102.838683 -34.499935 1.430442 3.849502
110010402 0.945320 -0.648890 -0.256234 1.174880 102.597107 -34.466641 1.416759 3.850121
110010403 0.946496 -0.648890 -0.251375 1.174777 102.355480 -34.433404 1.403028 3.850668
110010404 0.947672 -0.648890 -0.246515 1.174696 102.113812 -34.400223 1.389250 3.851144
110010405 0.948848 -0.648890 -0.241655 1.174636 101.872111 -34.367098 1.375428 3.851549
110010406 0.950025 -0.648890 -0.236796 1.174597 101.630385 -34.334029 1.361561 3.851883
110010407 0.951201 -0.648890 -0.231936 1.174579 101.388644 -34.301016 1.347653 3.852145
110010408 0.952377 -0.648890 -0.227076 1.174583 101.146896 -34.268058 1.333704 3.852335
110010409 0.953554 -0.648890 -0.222217 1.174608 100.905151 -34.235156 1.319716 3.852455
110010410 0.954730 -0.648890 -0.217357 1.174654 100.663416 -34.202310 1.305691 3.852503
110010411 0.955906 -0.648890 -0.212497 1.174721 100.421702 -34.169519 1.291629 3.852480
110010412 0.957083 -0.648890 -0.207638 1.174810 100.180016 -34.136783 1.277533 3.852385
110010413 0.958259 -0.648890 -0.202778 1.174920 99.938369 -34.104102 1.263403 3.852219
110010414 0.959435 -0.648890 -0.197918 1.175051 99.696767 -34.071475 1.249243 3.851982
110010415 0.960612 -0.648890 -0.193059 1.175204 99.455221 -34.038904 1.235052 3.851674
110010416 0.961788 -0.648890 -0.188199 1.175378 99.213739 -34.006388 1.220833 3.851295
110010417 0.962964 -0.648890 -0.183339 1.175573 98.972330 -33.973926 1.206588 3.850844
110010418 0.964140 -0.648890 -0.178480 1.175789 98.731002 -33.941519 1.192317 3.850323
110010419 0.965317 -0.648890 -0.173620 1.176027 98.489765 -33.909166 1.178023 3.849731
110010420 0.966493 -0.648890 -0.168760 1.176285 98.248627 -33.876867 1.163706 3.849069
110010421 0.967669 -0.648890 -0.163901 1.176565 98.007597 -33.844622 1.149369 3.848336
110010422 0.968846 -0.648890 -0.159041 1.176866 97.766683 -33.812432 1.135013 3.847532
110010423 0.970022 -0.648890 -0.154181 1.177189 97.525894 -33.780295 1.120640 3.846659
110010424 0.971198 -0.648890 -0.149322 1.177532 97.285239 -33.748213 1.106251 3.845715
110010425 0.972375 -0.648890 -0.144462 1.177896 97.044727 -33.716183 1.091848 3.844702
110010426 0.973551 -0.648890 -0.139602 1.178282 96.804365 -33.684208 1.077432 3.843619
110010427 0.974727 -0.648890 -0.134743 1.178689 96.564163 -33.652286 1.063005 3.842466
110010428 0.975903 -0.648890 -0.129883 1.179116 96.324129 -33.620417 1.048569 3.841244
110010429 0.977080 -0.648890 -0.125023 1.179565 96.084271 -33.588602 1.034124 3.839954
110010430 0.978256 -0.648890 -0.120164 1.180035 95.844598 -33.556839 1.019674 3.838594
110010431 0.979432 -0.648890 -0.115304 1.180526 95.605119 -33.525130 1.005219 3.837166
110010432 0.980609 -0.648890 -0.110444 1.181038 95.365841 -33.493473 0.990760 3.835669
110010433 0.981785 -0.648890 -0.105585 1.181570 95.126773 -33.461869 0.976300 3.834105
110010434 0.982961 -0.648890 -0.100725 1.182124 94.887923 -33.430318 0.961840 3.832473
110010435 0.984138 -0.648890 -0.095865 1.182698 94.649299 -33.398820 0.947381 3.830773
110010436 0.985314 -0.648890 -0.091006 1.183294 94.410910 -33.367374 0.932925 3.829006
110010437 0.986490 -0.648890 -0.086146 1.183910 94.172763 -33.335980 0.918474 3.827172
110010438 0.987667 -0.648890 -0.081286 1.184547 93.934868 -33.304638 0.904029 3.825272
110010439 0.988843 -0.648890 -0.076427 1.185204 93.697230 -33.273349 0.889591 3.823305
110010440 0.990019 -0.648890 -0.071567 1.185883 93.459860 -33.242112 0.875162 3.821272
110010441 0.991195 -0.648890 -0.066707 1.186582 93.222764 -33.210926 0.860744 3.819174
110010442 0.992372 -0.648890 -0.061848 1.187302 92.985950 -33.179792 0.846338 3.817011
110010443 0.993548 -0.648890 -0.056988 1.188042 92.749427 -33.148710 0.831945 3.814783
110010444 0.994724 -0.648890 -0.052128 1.188803 92.513201 -33.117679 0.817568 3.812490
110010445 0.995901 -0.648890 -0.047269 1.189584 92.277281 -33.086700 0.803207 3.810133
110010446 0.997077 -0.648890 -0.042409 1.190386 92.041674 -33.055773 0.788864 3.807712
110010447 0.998253 -0.648890 -0.037550 1.191209 91.806388 -33.024896 0.774540 3.805228
110010448 0.999430 -0.648890 -0.032690 1.192051 91.571430 -32.994070 0.760237 3.802681
110010449 1.000606 -0.648890 -0.027830 1.192914 91.336808 -32.963296 0.745956 3.800072
110010450 1.001782 -0.648890 -0.022971 1.193798 91.102528 -32.932572 0.731698 3.797400
110010451 1.002958 -0.648890 -0.018111 1.194702 90.868598 -32.901900 0.717466 3.794667
110010452 1.004135 -0.648890 -0.013251 1.195626 90.635026 -32.871277 0.703260 3.791872
110010453 1.005311 -0.648890 -0.008392 1.196570 90.401819 -32.840706 0.689082 3.789017
110010454 1.006487 -0.648890 -0.003532 1.197534 90.168983 -32.810185 0.674932 3.786101
110010455 1.007664 -0.648890 0.001328 1.198518 89.936525 -32.779714 0.668221 3.783125
110010456 1.008840 -0.648890 0.006187 1.199523 89.704453 -32.749293 0.681179 3.780090
110010457 1.010016 -0.648890 0.011047 1.200547 89.472773 -32.718923 0.694061 3.776995
110010458 1.011193 -0.648890 0.015907 1.201591 89.241492 -32.688603 0.706868 3.773842
110010459 1.012369 -0.648890 0.020766 1.202656 89.010617 -32.658332 0.719598 3.770631
110010460 1.013545 -0.648890 0.025626 1.203740 88.780154 -32.628112 0.732251 3.767363
110010461 1.014722 -0.648890 0.030486 1.204843 88.550109 -32.597941 0.744825 3.764037
110010462 1.015898 -0.648890 0.035345 1.205967 88.320491 -32.567820 0.757319 3.760655
110010463 1.017074 -0.648890 0.040205 1.207110 88.091303 -32.537748 0.769733 3.757216
110010464 1.018250 -0.648890 0.045065 1.208273 87.862554 -32.507726 0.782066 3.753722
110010465 1.019427 -0.648890 0.049924 1.209455 87.634249 -32.477752 0.794318 3.750173
110010466 1.020603 -0.648890 0.054784 1.210657 87.406394 -32.447829 0.806486 3.746570
110010467 1.021779 -0.648890 0.059644 1.211878 87.178995 -32.417954 0.818571 3.742912
110010468 1.022956 -0.648890 0.064503 1.213119 86.952059 -32.388128 0.830573 3.739201
110010469 1.024132 -0.648890 0.069363 1.214379 86.725591 -32.358351 0.842489 3.735436
110010470 1.025308 -0.648890 0.074223 1.215658 86.499596 -32.328623 0.854320 3.731619
110010471 1.026485 -0.648890 0.079082 1.216956 86.274081 -32.298943 0.866065 3.727751
110010472 1.027661 -0.648890 0.083942 1.218274 86.049052 -32.269312 0.877723 3.723831
110010473 1.028837 -0.648890 0.088802 1.219611 85.824513 -32.239730 0.889293 3.719860
110010474 1.030013 -0.648890 0.093661 1.220966 85.600471 -32.210196 0.900776 3.715838
110010475 1.031190 -0.648890 0.098521 1.222341 85.376930 -32.180710 0.912170 3.711767
110010476 1.032366 -0.648890 0.103381 1.223734 85.153896 -32.151272 0.923476 3.707647
110010477 1.033542 -0.648890 0.108240 1.225147 84.931374 -32.121882 0.934691 3.703478
110010478 1.034719 -0.648890 0.113100 1.226578 84.709369 -32.092541 0.945817 3.699262
110010479 1.035895 -0.648890 0.117960 1.228027 84.487886 -32.063247 0.956852 3.694997
110010480 1.037071 -0.648890 0.122819 1.229496 84.266931 -32.034000 0.967796 3.690686
110010481 1.038248 -0.648890 0.127679 1.230983 84.046507 -32.004802 0.978649 3.686328
110010482 1.039424 -0.648890 0.132539 1.232488 83.826620 -31.975651 0.989410 3.681924
110010483 1.040600 -0.648890 0.137398 1.234012 83.607274 -31.946547 1.000079 3.677476
110010484 1.041776 -0.648890 0.142258 1.235554 83.388475 -31.917491 1.010655 3.672982
110010485 1.042953 -0.648890 0.147118 1.237115 83.170225 -31.888482 1.021138 3.668445
110010486 1.044129 -0.648890 0.151977 1.238693 82.952531 -31.859520 1.031529 3.663864
110010487 1.045305 -0.648890 0.156837 1.240290 82.735396 -31.830606 1.041825 3.659240
110010488 1.046482 -0.648890 0.161697 1.241905 82.518824 -31.801738 1.052028 3.654573
110010489 1.047658 -0.648890 0.166556 1.243538 82.302820 -31.772917 1.062137 3.649865
110010490 1.048834 -0.648890 0.171416 1.245189 82.087387 -31.744142 1.072152 3.645116
110010491 1.050011 -0.648890 0.176276 1.246858 81.872530 -31.715415 1.082072 3.640326
110010492 1.051187 -0.648890 0.181135 1.248544 81.658252 -31.686734 1.091898 3.635496
110010493 1.052363 -0.648890 0.185995 1.250248 81.444557 -31.658099 1.101628 3.630627
110010494 1.053540 -0.648890 0.190855 1.251970 81.231449 -31.629511 1.111264 3.625718
110010495 1.054716 -0.648890 0.195714 1.253710 81.018932 -31.600968 1.120805 3.620772
110010496 1.055892 -0.648890 0.200574 1.255467 80.807009 -31.572473 1.130250 3.615788
110010497 1.057068 -0.648890 0.205434 1.257241 80.595683 -31.544023 1.139600 3.610766
110010498 1.058245 -0.648890 0.210293 1.259033 80.384958 -31.515619 1.148855 3.605708
110010499 1.059421 -0.648890 0.215153 1.260842 80.174838 -31.487261 1.158014 3.600614
110010500 1.060597 -0.648890 0.220013 1.262668 79.965324 -31.458948 1.167078 3.595485
110010501 0.956565 -0.625790 -0.264101 1.173192 103.009522 -33.192924 1.433217 3.862819
110010502 0.957741 -0.625790 -0.259241 1.173068 102.767429 -33.160672 1.419662 3.863384
110010503 0.958918 -0.625790 -0.254381 1.172965 102.525286 -33.128477 1.406059 3.863878
110010504 0.960094 -0.625790 -0.249522 1.172883 102.283101 -33.096337 1.392410 3.864300
110010505 0.961270 -0.625790 -0.244662 1.172823 102.040882 -33.064252 1.378715 3.864651
110010506 0.962447 -0.625790 -0.239802 1.172784 101.798640 -33.032222 1.364977 3.864930
110010507 0.963623 -0.625790 -0.234943 1.172766 101.556382 -33.000247 1.351197 3.865138
110010508 0.964799 -0.625790 -0.230083 1.172770 101.314118 -32.968327 1.337375 3.865274
110010509 0.965976 -0.625790 -0.225223 1.172795 101.071856 -32.936461 1.323515 3.865338
110010510 0.967152 -0.625790 -0.220364 1.172841 100.829606 -32.904650 1.309616 3.865330
110010511 0.968328 -0.625790 -0.215504 1.172909 100.587376 -32.872894 1.295682 3.865251
110010512 0.969505 -0.625790 -0.210644 1.172998 100.345175 -32.841192 1.281713 3.865100
110010513 0.970681 -0.625790 -0.205785 1.173108 100.103012 -32.809545 1.267710 3.864878
110010514 0.971857 -0.625790 -0.200925 1.173239 99.860897 -32.777951 1.253676 3.864585
110010515 0.973033 -0.625790 -0.196065 1.173392 99.618836 -32.746412 1.239612 3.864219
110010516 0.974210 -0.625790 -0.191206 1.173566 99.376841 -32.714926 1.225519 3.863783
110010517 0.975386 -0.625790 -0.186346 1.173761 99.134918 -32.683494 1.211400 3.863275
110010518 0.976562 -0.625790 -0.181486 1.173978 98.893078 -32.652116 1.197255 3.862697
110010519 0.977739 -0.625790 -0.176627 1.174216 98.651329 -32.620792 1.183086 3.862047
110010520 0.978915 -0.625790 -0.171767 1.174475 98.409680 -32.589521 1.168894 3.861326
110010521 0.980091 -0.625790 -0.166907 1.174755 98.168139 -32.558303 1.154682 3.860535
110010522 0.981268 -0.625790 -0.162048 1.175057 97.926715 -32.527138 1.140451 3.859673
110010523 0.982444 -0.625790 -0.157188 1.175380 97.685418 -32.496026 1.126202 3.858740
110010524 0.983620 -0.625790 -0.152329 1.175723 97.444254 -32.464968 1.111937 3.857737
110010525 0.984796 -0.625790 -0.147469 1.176089 97.203234 -32.433962 1.097657 3.856665
110010526 0.985973 -0.625790 -0.142609 1.176475 96.962366 -32.403009 1.083365 3.855522
110010527 0.987149 -0.625790 -0.137750 1.176882 96.721659 -32.372108 1.069061 3.854309
110010528 0.988325 -0.625790 -0.132890 1.177310 96.481120 -32.341260 1.054747 3.853028
110010529 0.989502 -0.625790 -0.128030 1.177760 96.240758 -32.310465 1.040426 3.851676
110010530 0.990678 -0.625790 -0.123171 1.178230 96.000583 -32.279721 1.026097 3.850256
110010531 0.991854 -0.625790 -0.118311 1.178722 95.760602 -32.249030 1.011763 3.848768
110010532 0.993031 -0.625790 -0.113451 1.179235 95.520823 -32.218391 0.997426 3.847210
110010533 0.994207 -0.625790 -0.108592 1.179768 95.281256 -32.187804 0.983087 3.845585
110010534 0.995383 -0.625790 -0.103732 1.180322 95.041908 -32.157268 0.968747 3.843891
110010535 0.996559 -0.625790 -0.098872 1.180898 94.802787 -32.126784 0.954408 3.842130
110010536 0.997736 -0.625790 -0.094013 1.181494 94.563903 -32.096352 0.940072 3.840301
110010537 0.998912 -0.625790 -0.089153 1.182111 94.325262 -32.065971 0.925740 3.838405
110010538 1.000088 -0.625790 -0.084293 1.182749 94.086873 -32.035642 0.911414 3.836443
110010539 1.001265 -0.625790 -0.079434 1.183408 93.848744 -32.005364 0.897094 3.834414
110010540 1.002441 -0.625790 -0.074574 1.184087 93.610884 -31.975137 0.882783 3.832319
110010541 1.003617 -0.625790 -0.069714 1.184787 93.373299 -31.944961 0.868483 3.830159
110010542 1.004794 -0.625790 -0.064855 1.185508 93.135998 -31.914835 0.854194 3.827932
110010543 1.005970 -0.625790 -0.059995 1.186250 92.898989 -31.884761 0.839918 3.825641
110010544 1.007146 -0.625790 -0.055135 1.187012 92.662279 -31.854737 0.825656 3.823286
110010545 1.008323 -0.625790 -0.050276 1.187794 92.425876 -31.824764 0.811411 3.820866
110010546 1.009499 -0.625790 -0.045416 1.188597 92.189788 -31.794841 0.797183 3.818382
110010547 1.010675 -0.625790 -0.040556 1.189421 91.954022 -31.764969 0.782973 3.815834
110010548 1.011851 -0.625790 -0.035697 1.190265 91.718586 -31.735147 0.768784 3.813224
110010549 1.013028 -0.625790 -0.030837 1.191129 91.483488 -31.705375 0.754617 3.810551
110010550 1.014204 -0.625790 -0.025977 1.192014 91.248734 -31.675652 0.740473 3.807815
110010551 1.015380 -0.625790 -0.021118 1.192919 91.014331 -31.645980 0.726353 3.805018
110010552 1.016557 -0.625790 -0.016258 1.193845 90.780288 -31.616358 0.712259 3.802159
110010553 1.017733 -0.625790 -0.011398 1.194790 90.546611 -31.586785 0.698192 3.799240
110010554 1.018909 -0.625790 -0.006539 1.195756 90.313308 -31.557262 0.684154 3.796259
110010555 1.020086 -0.625790 -0.001679 1.196742 90.080385 -31.527788 0.670145 3.793219
110010556 1.021262 -0.625790 0.003181 1.197747 89.847849 -31.498364 0.673718 3.790120
110010557 1.022438 -0.625790 0.008040 1.198773 89.615707 -31.468989 0.686500 3.786961
110010558 1.023614 -0.625790 0.012900 1.199819 89.383967 -31.439663 0.699206 3.783743
110010559 1.024791 -0.625790 0.017760 1.200885 89.152634 -31.410386 0.711836 3.780468
110010560 1.025967 -0.625790 0.022619 1.201971 88.921715 -31.381158 0.724389 3.777134
110010561 1.027143 -0.625790 0.027479 1.203076 88.691217 -31.351978 0.736863 3.773744
110010562 1.028320 -0.625790 0.032339 1.204201 88.461146 -31.322848 0.749258 3.770297
110010563 1.029496 -0.625790 0.037198 1.205346 88.231509 -31.293766 0.761573 3.766794
110010564 1.030672 -0.625790 0.042058 1.206510 88.002312 -31.264732 0.773808 3.763235
110010565 1.031849 -0.625790 0.046918 1.207694 87.773561 -31.235747 0.785961 3.759621
110010566 1.033025 -0.625790 0.051777 1.208898 87.545263 -31.206810 0.798032 3.755952
110010567 1.034201 -0.625790 0.056637 1.210121 87.317423 -31.177922 0.810020 3.752229
110010568 1.035378 -0.625790 0.061497 1.211364 87.090047 -31.149081 0.821924 3.748453
110010569 1.036554 -0.625790 0.066356 1.212625 86.863142 -31.120289 0.833744 3.744624
110010570 1.037730 -0.625790 0.071216 1.213906 86.636713 -31.091544 0.845479 3.740742
110010571 1.038906 -0.625790 0.076076 1.215207 86.410766 -31.062847 0.857128 3.736808
110010572 1.040083 -0.625790 0.080935 1.216526 86.185306 -31.034197 0.868690 3.732823
110010573 1.041259 -0.625790 0.085795 1.217865 85.960339 -31.005596 0.880166 3.728787
110010574 1.042435 -0.625790 0.090655 1.219222 85.735870 -30.977041 0.891554 3.724701
110010575 1.043612 -0.625790 0.095514 1.220599 85.511906 -30.948534 0.902855 3.720565
110010576 1.044788 -0.625790 0.100374 1.221994 85.288450 -30.920074 0.914066 3.716379
110010577 1.045964 -0.625790 0.105234 1.223409 85.065509 -30.891661 0.925189 3.712146
110010578 1.047141 -0.625790 0.110093 1.224842 84.843088 -30.863296 0.936222 3.707864
110010579 1.048317 -0.625790 0.114953 1.226293 84.621191 -30.834977 0.947165 3.703534
110010580 1.049493 -0.625790 0.119813 1.227764 84.399823 -30.806705 0.958017 3.699158
110010581 1.050669 -0.625790 0.124672 1.229253 84.178990 -30.778480 0.968779 3.694736
110010582 1.051846 -0.625790 0.129532 1.230760 83.958696 -30.750301 0.979449 3.690267
110010583 1.053022 -0.625790 0.134392 1.232286 83.738945 -30.722169 0.990027 3.685754
110010584 1.054198 -0.625790 0.139251 1.233831 83.519743 -30.694083 1.000514 3.681196
110010585 1.055375 -0.625790 0.144111 1.235393 83.301094 -30.666044 1.010908 3.676594
110010586 1.056551 -0.625790 0.148970 1.236974 83.083002 -30.638051 1.021209 3.671948
110010587 1.057727 -0.625790 0.153830 1.238573 82.865471 -30.610104 1.031418 3.667260
110010588 1.058904 -0.625790 0.158690 1.240190 82.648507 -30.582202 1.041533 3.662529
110010589 1.060080 -0.625790 0.163549 1.241826 82.432112 -30.554347 1.051554 3.657756
110010590 1.061256 -0.625790 0.168409 1.243479 82.216291 -30.526538 1.061482 3.652943
110010591 1.062433 -0.625790 0.173269 1.245150 82.001048 -30.498774 1.071316 3.648089
110010592 1.063609 -0.625790 0.178128 1.246839 81.786387 -30.471056 1.081056 3.643195
110010593 1.064785 -0.625790 0.182988 1.248545 81.572312 -30.443384 1.090702 3.638261
110010594 1.065961 -0.625790 0.187848 1.250269 81.358826 -30.415756 1.100253 3.633289
110010595 1.067138 -0.625790 0.192707 1.252011 81.145933 -30.388175 1.109710 3.628279
110010596 1.068314 -0.625790 0.197567 1.253771 80.933637 -30.360638 1.119072 3.623231
110010597 1.069490 -0.625790 0.202427 1.255547 80.721941 -30.333146 1.128339 3.618146
110010598 1.070667 -0.625790 0.207286 1.257342 80.510848 -30.305700 1.137511 3.613025
110010599 1.071843 -0.625790 0.212146 1.259153 80.300361 -30.278298 1.146589 3.607868
110010600 1.073019 -0.625790 0.217006 1.260982 80.090485 -30.250941 1.155571 3.602675
110010601 0.968987 -0.602690 -0.267108 1.171972 103.174229 -31.880755 1.434246 3.872227
110010602 0.970163 -0.602690 -0.262248 1.171847 102.931743 -31.849589 1.420842 3.872741
110010603 0.971340 -0.602690 -0.257388 1.171744 102.689206 -31.818477 1.407391 3.873183
110010604 0.972516 -0.602690 -0.252529 1.171663 102.446628 -31.787419 1.393893 3.873553
110010605 0.973692 -0.602690 -0.247669 1.171602 102.204016 -31.756416 1.380349 3.873852
110010606 0.974869 -0.602690 -0.242809 1.171563 101.961381 -31.725466 1.366762 3.874079
110010607 0.976045 -0.602690 -0.237950 1.171545 101.718730 -31.694571 1.353132 3.874235
110010608 0.977221 -0.602690 -0.233090 1.171549 101.476073 -31.663730 1.339462 3.874318
110010609 0.978397 -0.602690 -0.228230 1.171574 101.233419 -31.632942 1.325752 3.874330
110010610 0.979574 -0.602690 -0.223371 1.171620 100.990776 -31.602208 1.312005 3.874270
110010611 0.980750 -0.602690 -0.218511 1.171688 100.748154 -31.571527 1.298221 3.874138
110010612 0.981926 -0.602690 -0.213651 1.171777 100.505561 -31.540900 1.284402 3.873934
110010613 0.983103 -0.602690 -0.208792 1.171887 100.263007 -31.510326 1.270550 3.873659
110010614 0.984279 -0.602690 -0.203932 1.172019 100.020499 -31.479805 1.256666 3.873312
110010615 0.985455 -0.602690 -0.199072 1.172172 99.778048 -31.449337 1.242752 3.872894
110010616 0.986632 -0.602690 -0.194213 1.172346 99.535662 -31.418922 1.228809 3.872404
110010617 0.987808 -0.602690 -0.189353 1.172542 99.293350 -31.388560 1.214839 3.871843
110010618 0.988984 -0.602690 -0.184493 1.172759 99.051120 -31.358251 1.200843 3.871210
110010619 0.990161 -0.602690 -0.179634 1.172997 98.808982 -31.327994 1.186823 3.870507
110010620 0.991337 -0.602690 -0.174774 1.173256 98.566944 -31.297789 1.172780 3.869732
110010621 0.992513 -0.602690 -0.169914 1.173537 98.325015 -31.267637 1.158717 3.868886
110010622 0.993689 -0.602690 -0.165055 1.173838 98.083204 -31.237537 1.144634 3.867970
110010623 0.994866 -0.602690 -0.160195 1.174162 97.841519 -31.207489 1.130533 3.866984
110010624 0.996042 -0.602690 -0.155335 1.174506 97.599970 -31.177493 1.116416 3.865926
110010625 0.997218 -0.602690 -0.150476 1.174871 97.358564 -31.147548 1.102284 3.864799
110010626 0.998395 -0.602690 -0.145616 1.175258 97.117311 -31.117656 1.088138 3.863602
110010627 0.999571 -0.602690 -0.140756 1.175666 96.876219 -31.087815 1.073981 3.862335
110010628 1.000747 -0.602690 -0.135897 1.176094 96.635297 -31.058025 1.059814 3.860998
110010629 1.001924 -0.602690 -0.131037 1.176544 96.394553 -31.028287 1.045638 3.859592
110010630 1.003100 -0.602690 -0.126177 1.177015 96.153995 -30.998600 1.031455 3.858117
110010631 1.004276 -0.602690 -0.121318 1.177507 95.913633 -30.968964 1.017267 3.856574
110010632 1.005452 -0.602690 -0.116458 1.178020 95.673474 -30.939379 1.003074 3.854961
110010633 1.006629 -0.602690 -0.111598 1.178555 95.433527 -30.909845 0.988879 3.853280
110010634 1.007805 -0.602690 -0.106739 1.179110 95.193800 -30.880362 0.974683 3.851532
110010635 1.008981 -0.602690 -0.101879 1.179686 94.954302 -30.850929 0.960488 3.849715
110010636 1.010158 -0.602690 -0.097019 1.180282 94.715040 -30.821547 0.946295 3.847831
110010637 1.011334 -0.602690 -0.092160 1.180900 94.476023 -30.792216 0.932105 3.845880
110010638 1.012510 -0.602690 -0.087300 1.181539 94.237259 -30.762934 0.917921 3.843862
110010639 1.013687 -0.602690 -0.082440 1.182198 93.998757 -30.733703 0.903743 3.841778
110010640 1.014863 -0.602690 -0.077581 1.182878 93.760523 -30.704522 0.889573 3.839627
110010641 1.016039 -0.602690 -0.072721 1.183579 93.522566 -30.675391 0.875413 3.837411
110010642 1.017216 -0.602690 -0.067861 1.184301 93.284894 -30.646310 0.861264 3.835129
110010643 1.018392 -0.602690 -0.063002 1.185043 93.047515 -30.617279 0.847127 3.832783
110010644 1.019568 -0.602690 -0.058142 1.185806 92.810436 -30.588297 0.833005 3.830371
110010645 1.020744 -0.602690 -0.053282 1.186589 92.573666 -30.559364 0.818897 3.827895
110010646 1.021921 -0.602690 -0.048423 1.187393 92.337211 -30.530481 0.804807 3.825356
110010647 1.023097 -0.602690 -0.043563 1.188217 92.101080 -30.501648 0.790735 3.822753
110010648 1.024273 -0.602690 -0.038703 1.189062 91.865280 -30.472863 0.776682 3.820086
110010649 1.025450 -0.602690 -0.033844 1.189928 91.629819 -30.444128 0.762651 3.817357
110010650 1.026626 -0.602690 -0.028984 1.190813 91.394703 -30.415442 0.748642 3.814566
110010651 1.027802 -0.602690 -0.024124 1.191719 91.159940 -30.386804 0.734657 3.811713
110010652 1.028979 -0.602690 -0.019265 1.192645 90.925538 -30.358215 0.720697 3.808799
110010653 1.030155 -0.602690 -0.014405 1.193592 90.691503 -30.329675 0.706763 3.805823
110010654 1.031331 -0.602690 -0.009545 1.194559 90.457843 -30.301183 0.692857 3.802787
110010655 1.032507 -0.602690 -0.004686 1.195545 90.224564 -30.272740 0.678981 3.799691
110010656 1.033684 -0.602690 0.000174 1.196552 89.991674 -30.244345 0.666084 3.796536
110010657 1.034860 -0.602690 0.005034 1.197579 89.759180 -30.215998 0.678745 3.793321
110010658 1.036036 -0.602690 0.009893 1.198626 89.527088 -30.187699 0.691331 3.790048
110010659 1.037213 -0.602690 0.014753 1.199693 89.295405 -30.159449 0.703842 3.786717
110010660 1.038389 -0.602690 0.019613 1.200780 89.064138 -30.131246 0.716275 3.783328
110010661 1.039565 -0.602690 0.024472 1.201886 88.833292 -30.103091 0.728631 3.779881
110010662 1.040742 -0.602690 0.029332 1.203012 88.602876 -30.074983 0.740908 3.776379
110010663 1.041918 -0.602690 0.034192 1.204158 88.372895 -30.046923 0.753106 3.772820
110010664 1.043094 -0.602690 0.039051 1.205324 88.143355 -30.018911 0.765224 3.769205
110010665 1.044271 -0.602690 0.043911 1.206509 87.914263 -29.990945 0.777260 3.765536
110010666 1.045447 -0.602690 0.048770 1.207714 87.685625 -29.963027 0.789216 3.761812
110010667 1.046623 -0.602690 0.053630 1.208938 87.457446 -29.935157 0.801088 3.758034
110010668 1.047799 -0.602690 0.058490 1.210182 87.229734 -29.907333 0.812878 3.754202
110010669 1.048976 -0.602690 0.063349 1.211445 87.002493 -29.879556 0.824584 3.750317
110010670 1.050152 -0.602690 0.068209 1.212727 86.775731 -29.851826 0.836205 3.746380
110010671 1.051328 -0.602690 0.073069 1.214029 86.549451 -29.824142 0.847742 3.742391
110010672 1.052505 -0.602690 0.077928 1.215349 86.323660 -29.796505 0.859192 3.738351
110010673 1.053681 -0.602690 0.082788 1.216689 86.098365 -29.768915 0.870557 3.734260
110010674 1.054857 -0.602690 0.087648 1.218048 85.873569 -29.741371 0.881834 3.730119
110010675 1.056034 -0.602690 0.092507 1.219426 85.649278 -29.713873 0.893024 3.725928
110010676 1.057210 -0.602690 0.097367 1.220823 85.425499 -29.686422 0.904126 3.721688
110010677 1.058386 -0.602690 0.102227 1.222238 85.202235 -29.659016 0.915140 3.717400
110010678 1.059562 -0.602690 0.107086 1.223673 84.979493 -29.631657 0.926065 3.713063
110010679 1.060739 -0.602690 0.111946 1.225126 84.757276 -29.604343 0.936900 3.708680
110010680 1.061915 -0.602690 0.116806 1.226598 84.535591 -29.577075 0.947646 3.704249
110010681 1.063091 -0.602690 0.121665 1.228088 84.314442 -29.549853 0.958301 3.699772
110010682 1.064268 -0.602690 0.126525 1.229597 84.093833 -29.522676 0.968866 3.695250
110010683 1.065444 -0.602690 0.131385 1.231125 83.873770 -29.495545 0.979340 3.690682
110010684 1.066620 -0.602690 0.136244 1.232670 83.654257 -29.468459 0.989722 3.686070
110010685 1.067797 -0.602690 0.141104 1.234235 83.435298 -29.441418 1.000013 3.681414
110010686 1.068973 -0.602690 0.145964 1.235817 83.216898 -29.414423 1.010211 3.676715
110010687 1.070149 -0.602690 0.150823 1.237418 82.999062 -29.387472 1.020318 3.671973
110010688 1.071326 -0.602690 0.155683 1.239036 82.781793 -29.360567 1.030332 3.667189
110010689 1.072502 -0.602690 0.160543 1.240673 82.565095 -29.333706 1.040253 3.662363
110010690 1.073678 -0.602690 0.165402 1.242328 82.348974 -29.306890 1.050081 3.657496
110010691 1.074854 -0.602690 0.170262 1.244000 82.133432 -29.280119 1.059816 3.652589
110010692 1.076031 -0.602690 0.175122 1.245691 81.918474 -29.253392 1.069458 3.647642
110010693 1.077207 -0.602690 0.179981 1.247399 81.704103 -29.226710 1.079006 3.642656
110010694 1.078383 -0.602690 0.184841 1.249124 81.490323 -29.200072 1.088460 3.637632
110010695 1.079560 -0.602690 0.189701 1.250868 81.277138 -29.173478 1.097820 3.632569
110010696 1.080736 -0.602690 0.194560 1.252629 81.064551 -29.146928 1.107087 3.627469
110010697 1.081912 -0.602690 0.199420 1.254407 80.852566 -29.120423 1.116260 3.622332
110010698 1.083089 -0.602690 0.204280 1.256203 80.641186 -29.093961 1.125338 3.617158
110010699 1.084265 -0.602690 0.209139 1.258016 80.430414 -29.067543 1.134323 3.611949
110010700 1.085441 -0.602690 0.213999 1.259846 80.220254 -29.041169 1.143213 3.606705
110010701 0.981409 -0.579590 -0.270114 1.171345 103.332503 -30.564783 1.433513 3.877664
110010702 0.982585 -0.579590 -0.265255 1.171221 103.089749 -30.534740 1.420283 3.878128
110010703 0.983762 -0.579590 -0.260395 1.171118 102.846944 -30.504751 1.407005 3.878521
110010704 0.984938 -0.579590 -0.255535 1.171036 102.604097 -30.474815 1.393680 3.878843
110010705 0.986114 -0.579590 -0.250676 1.170976 102.361217 -30.444932 1.380310 3.879092
110010706 0.987290 -0.579590 -0.245816 1.170936 102.118314 -30.415102 1.366897 3.879270
110010707 0.988467 -0.579590 -0.240956 1.170919 101.875396 -30.385324 1.353441 3.879376
110010708 0.989643 -0.579590 -0.236097 1.170922 101.632471 -30.355600 1.339944 3.879410
110010709 0.990819 -0.579590 -0.231237 1.170947 101.389550 -30.325928 1.326408 3.879372
110010710 0.991996 -0.579590 -0.226377 1.170994 101.146640 -30.296308 1.312834 3.879263
110010711 0.993172 -0.579590 -0.221518 1.171061 100.903751 -30.266741 1.299224 3.879082
110010712 0.994348 -0.579590 -0.216658 1.171151 100.660892 -30.237225 1.285579 3.878829
110010713 0.995525 -0.579590 -0.211798 1.171261 100.418071 -30.207762 1.271900 3.878504
110010714 0.996701 -0.579590 -0.206939 1.171393 100.175298 -30.178351 1.258189 3.878108
110010715 0.997877 -0.579590 -0.202079 1.171546 99.932581 -30.148992 1.244448 3.877640
110010716 0.999054 -0.579590 -0.197219 1.171720 99.689929 -30.119685 1.230678 3.877101
110010717 1.000230 -0.579590 -0.192360 1.171916 99.447352 -30.090429 1.216881 3.876490
110010718 1.001406 -0.579590 -0.187500 1.172133 99.204857 -30.061224 1.203057 3.875809
110010719 1.002582 -0.579590 -0.182640 1.172371 98.962455 -30.032071 1.189210 3.875056
110010720 1.003759 -0.579590 -0.177781 1.172630 98.720153 -30.002969 1.175339 3.874232
110010721 1.004935 -0.579590 -0.172921 1.172911 98.477960 -29.973918 1.161448 3.873337
110010722 1.006111 -0.579590 -0.168061 1.173213 98.235885 -29.944918 1.147536 3.872372
110010723 1.007288 -0.579590 -0.163202 1.173536 97.993938 -29.915970 1.133607 3.871336
110010724 1.008464 -0.579590 -0.158342 1.173881 97.752126 -29.887071 1.119660 3.870230
110010725 1.009640 -0.579590 -0.153482 1.174246 97.510458 -29.858224 1.105699 3.869053
110010726 1.010817 -0.579590 -0.148623 1.174633 97.268943 -29.829427 1.091724 3.867807
110010727 1.011993 -0.579590 -0.143763 1.175041 97.027590 -29.800680 1.077737 3.866491
110010728 1.013169 -0.579590 -0.138903 1.175470 96.786407 -29.771984 1.063739 3.865105
110010729 1.014345 -0.579590 -0.134044 1.175920 96.545403 -29.743338 1.049732 3.863650
110010730 1.015522 -0.579590 -0.129184 1.176392 96.304585 -29.714741 1.035718 3.862127
110010731 1.016698 -0.579590 -0.124324 1.176884 96.063964 -29.686195 1.021698 3.860534
110010732 1.017874 -0.579590 -0.119465 1.177397 95.823546 -29.657699 1.007673 3.858873
110010733 1.019051 -0.579590 -0.114605 1.177932 95.583341 -29.629252 0.993646 3.857143
110010734 1.020227 -0.579590 -0.109745 1.178487 95.343356 -29.600855 0.979617 3.855346
110010735 1.021403 -0.579590 -0.104886 1.179063 95.103601 -29.572507 0.965588 3.853480
110010736 1.022580 -0.579590 -0.100026 1.179660 94.864082 -29.544209 0.951560 3.851548
110010737 1.023756 -0.579590 -0.095166 1.180278 94.624810 -29.515960 0.937536 3.849548
110010738 1.024932 -0.579590 -0.090307 1.180917 94.385790 -29.487760 0.923517 3.847482
110010739 1.026109 -0.579590 -0.085447 1.181577 94.147033 -29.459609 0.909503 3.845349
110010740 1.027285 -0.579590 -0.080587 1.182257 93.908545 -29.431507 0.895497 3.843151
110010741 1.028461 -0.579590 -0.075728 1.182959 93.670334 -29.403453 0.881500 3.840886
110010742 1.029637 -0.579590 -0.070868 1.183681 93.432410 -29.375449 0.867513 3.838556
110010743 1.030814 -0.579590 -0.066009 1.184423 93.194778 -29.347492 0.853539 3.836161
110010744 1.031990 -0.579590 -0.061149 1.185186 92.957448 -29.319585 0.839577 3.833702
110010745 1.033166 -0.579590 -0.056289 1.185970 92.720426 -29.291725 0.825630 3.831178
110010746 1.034343 -0.579590 -0.051430 1.186775 92.483722 -29.263914 0.811700 3.828591
110010747 1.035519 -0.579590 -0.046570 1.187599 92.247341 -29.236151 0.797787 3.825940
110010748 1.036695 -0.579590 -0.041710 1.188445 92.011292 -29.208436 0.783893 3.823226
110010749 1.037872 -0.579590 -0.036851 1.189311 91.775582 -29.180769 0.770020 3.820449
110010750 1.039048 -0.579590 -0.031991 1.190197 91.540219 -29.153150 0.756168 3.817611
110010751 1.040224 -0.579590 -0.027131 1.191103 91.305209 -29.125578 0.742339 3.814710
110010752 1.041400 -0.579590 -0.022272 1.192030 91.070561 -29.098054 0.728534 3.811749
110010753 1.042577 -0.579590 -0.017412 1.192977 90.836281 -29.070577 0.714756 3.808726
110010754 1.043753 -0.579590 -0.012552 1.193944 90.602376 -29.043147 0.701004 3.805643
110010755 1.044929 -0.579590 -0.007693 1.194931 90.368854 -29.015765 0.687281 3.802500
110010756 1.046106 -0.579590 -0.002833 1.195939 90.135721 -28.988430 0.673587 3.799298
110010757 1.047282 -0.579590 0.002027 1.196966 89.902984 -28.961142 0.670832 3.796037
110010758 1.048458 -0.579590 0.006886 1.198014 89.670651 -28.933901 0.683279 3.792717
110010759 1.049635 -0.579590 0.011746 1.199081 89.438727 -28.906706 0.695651 3.789339
110010760 1.050811 -0.579590 0.016606 1.200168 89.207220 -28.879558 0.707946 3.785904
110010761 1.051987 -0.579590 0.021465 1.201275 88.976136 -28.852457 0.720165 3.782411
110010762 1.053164 -0.579590 0.026325 1.202402 88.745482 -28.825402 0.732306 3.778862
110010763 1.054340 -0.579590 0.031185 1.203549 88.515263 -28.798394 0.744368 3.775258
110010764 1.055516 -0.579590 0.036044 1.204715 88.285487 -28.771432 0.756351 3.771597
110010765 1.056692 -0.579590 0.040904 1.205901 88.056159 -28.744516 0.768254 3.767882
110010766 1.057869 -0.579590 0.045764 1.207106 87.827286 -28.717645 0.780075 3.764112
110010767 1.059045 -0.579590 0.050623 1.208331 87.598874 -28.690821 0.791816 3.760289
110010768 1.060221 -0.579590 0.055483 1.209575 87.370929 -28.664043 0.803474 3.756412
110010769 1.061398 -0.579590 0.060343 1.210839 87.143456 -28.637310 0.815049 3.752482
110010770 1.062574 -0.579590 0.065202 1.212122 86.916462 -28.610623 0.826540 3.748500
110010771 1.063750 -0.579590 0.070062 1.213424 86.689952 -28.583982 0.837947 3.744466
110010772 1.064927 -0.579590 0.074922 1.214745 86.463932 -28.557386 0.849269 3.740381
110010773 1.066103 -0.579590 0.079781 1.216086 86.238408 -28.530835 0.860506 3.736246
110010774 1.067279 -0.579590 0.084641 1.217445 86.013384 -28.504329 0.871656 3.732060
110010775 1.068455 -0.579590 0.089501 1.218824 85.788867 -28.477869 0.882720 3.727825
110010776 1.069632 -0.579590 0.094360 1.220221 85.564862 -28.451453 0.893697 3.723541
110010777 1.070808 -0.579590 0.099220 1.221638 85.341373 -28.425083 0.904587 3.719209
110010778 1.071984 -0.579590 0.104080 1.223073 85.118407 -28.398757 0.915388 3.714828
110010779 1.073161 -0.579590 0.108939 1.224527 84.895967 -28.372475 0.926101 3.710401
110010780 1.074337 -0.579590 0.113799 1.225999 84.674060 -28.346239 0.936725 3.705927
110010781 1.075513 -0.579590 0.118659 1.227491 84.452689 -28.320047 0.947259 3.701407
110010782 1.076690 -0.579590 0.123518 1.229000 84.231860 -28.293899 0.957704 3.696841
110010783 1.077866 -0.579590 0.128378 1.230528 84.011578 -28.267795 0.968059 3.692231
110010784 1.079042 -0.579590 0.133238 1.232075 83.791846 -28.241736 0.978323 3.687576
110010785 1.080219 -0.579590 0.138097 1.233640 83.572670 -28.215720 0.988496 3.682877
110010786 1.081395 -0.579590 0.142957 1.235223 83.354054 -28.189749 0.998579 3.678136
110010787 1.082571 -0.579590 0.147817 1.236824 83.136002 -28.163821 1.008570 3.673351
110010788 1.083747 -0.579590 0.152676 1.238444 82.918519 -28.137937 1.018469 3.668525
110010789 1.084924 -0.579590 0.157536 1.240081 82.701608 -28.112097 1.028277 3.663657
110010790 1.086100 -0.579590 0.162396 1.241737 82.485274 -28.086301 1.037993 3.658749
110010791 1.087276 -0.579590 0.167255 1.243410 82.269520 -28.060548 1.047616 3.653800
110010792 1.088453 -0.579590 0.172115 1.245101 82.054351 -28.034838 1.057147 3.648812
110010793 1.089629 -0.579590 0.176975 1.246810 81.839771 -28.009171 1.066585 3.643785
110010794 1.090805 -0.579590 0.181834 1.248537 81.625782 -27.983548 1.075930 3.638719
110010795 1.091982 -0.579590 0.186694 1.250281 81.412389 -27.957968 1.085183 3.633615
110010796 1.093158 -0.579590 0.191554 1.252043 81.199596 -27.932430 1.094343 3.628475
110010797 1.094334 -0.579590 0.196413 1.253822 80.987405 -27.906936 1.103409 3.623297
110010798 1.095510 -0.579590 0.201273 1.255619 80.775820 -27.881484 1.112383 3.618084
110010799 1.096687 -0.579590 0.206133 1.257433 80.564845 -27.856075 1.121263 3.612834
110010800 1.097863 -0.579590 0.210992 1.259264 80.354482 -27.830708 1.130051 3.607550
