# pixelID   x   y   z   l2  two_theta   azimuthal   polar_width azimuthal_width
105060001 -1.199735 0.392339 0.191477 1.276697 81.374324 161.891150 1.008316 3.494422
105060002 -1.198558 0.392339 0.186617 1.274872 81.582722 161.874539 1.000796 3.499620
105060003 -1.197382 0.392339 0.181758 1.273063 81.791717 161.857898 0.993196 3.504785
105060004 -1.196205 0.392339 0.176898 1.271271 82.001304 161.841228 0.985518 3.509918
105060005 -1.195029 0.392339 0.172038 1.269497 82.211480 161.824528 0.977761 3.515018
105060006 -1.193853 0.392339 0.167179 1.267739 82.422243 161.807798 0.969924 3.520085
105060007 -1.192676 0.392339 0.162319 1.265999 82.633588 161.791039 0.962009 3.525117
105060008 -1.191500 0.392339 0.157459 1.264277 82.845513 161.774249 0.954015 3.530115
105060009 -1.190324 0.392339 0.152600 1.262572 83.058014 161.757430 0.945942 3.535078
105060010 -1.189147 0.392339 0.147740 1.260884 83.271087 161.740581 0.937791 3.540005
105060011 -1.187971 0.392339 0.142881 1.259214 83.484729 161.723701 0.929561 3.544895
105060012 -1.186795 0.392339 0.138021 1.257562 83.698936 161.706792 0.921253 3.549749
105060013 -1.185618 0.392339 0.133161 1.255927 83.913704 161.689852 0.912866 3.554566
105060014 -1.184442 0.392339 0.128302 1.254310 84.129030 161.672882 0.904402 3.559345
105060015 -1.183266 0.392339 0.123442 1.252711 84.344908 161.655881 0.895860 3.564085
105060016 -1.182089 0.392339 0.118582 1.251130 84.561336 161.638850 0.887240 3.568786
105060017 -1.180913 0.392339 0.113723 1.249567 84.778309 161.621788 0.878543 3.573448
105060018 -1.179737 0.392339 0.108863 1.248022 84.995823 161.604696 0.869768 3.578069
105060019 -1.178560 0.392339 0.104003 1.246496 85.213873 161.587573 0.860917 3.582651
105060020 -1.177384 0.392339 0.099144 1.244987 85.432455 161.570420 0.851989 3.587190
105060021 -1.176208 0.392339 0.094284 1.243497 85.651565 161.553235 0.842985 3.591689
105060022 -1.175031 0.392339 0.089424 1.242025 85.871198 161.536019 0.833904 3.596144
105060023 -1.173855 0.392339 0.084565 1.240571 86.091349 161.518773 0.824749 3.600558
105060024 -1.172679 0.392339 0.079705 1.239136 86.312013 161.501495 0.815517 3.604927
105060025 -1.171502 0.392339 0.074845 1.237719 86.533187 161.484186 0.806211 3.609253
105060026 -1.170326 0.392339 0.069986 1.236321 86.754864 161.466846 0.796830 3.613535
105060027 -1.169150 0.392339 0.065126 1.234942 86.977040 161.449474 0.787376 3.617772
105060028 -1.167973 0.392339 0.060266 1.233582 87.199710 161.432071 0.777847 3.621963
105060029 -1.166797 0.392339 0.055407 1.232240 87.422868 161.414637 0.768245 3.626108
105060030 -1.165621 0.392339 0.050547 1.230917 87.646510 161.397170 0.758570 3.630207
105060031 -1.164444 0.392339 0.045687 1.229613 87.870629 161.379672 0.748823 3.634259
105060032 -1.163268 0.392339 0.040828 1.228328 88.095222 161.362143 0.739004 3.638263
105060033 -1.162092 0.392339 0.035968 1.227062 88.320281 161.344581 0.729113 3.642219
105060034 -1.160915 0.392339 0.031109 1.225815 88.545802 161.326988 0.719152 3.646127
105060035 -1.159739 0.392339 0.026249 1.224587 88.771779 161.309362 0.709121 3.649985
105060036 -1.158563 0.392339 0.021389 1.223378 88.998206 161.291705 0.699019 3.653794
105060037 -1.157386 0.392339 0.016530 1.222189 89.225077 161.274015 0.688849 3.657553
105060038 -1.156210 0.392339 0.011670 1.221019 89.452387 161.256293 0.678610 3.661262
105060039 -1.155034 0.392339 0.006810 1.219868 89.680130 161.238538 0.668303 3.664919
105060040 -1.153857 0.392339 0.001951 1.218737 89.908298 161.220751 0.657929 3.668525
105060041 -1.152681 0.392339 -0.002909 1.217625 90.136887 161.202932 0.660712 3.672079
105060042 -1.151505 0.392339 -0.007769 1.216533 90.365891 161.185080 0.672370 3.675581
105060043 -1.150328 0.392339 -0.012628 1.215461 90.595302 161.167195 0.684054 3.679029
105060044 -1.149152 0.392339 -0.017488 1.214408 90.825114 161.149278 0.695761 3.682424
105060045 -1.147976 0.392339 -0.022348 1.213374 91.055322 161.131327 0.707492 3.685766
105060046 -1.146799 0.392339 -0.027207 1.212361 91.285918 161.113344 0.719244 3.689052
105060047 -1.145623 0.392339 -0.032067 1.211367 91.516896 161.095327 0.731017 3.692285
105060048 -1.144447 0.392339 -0.036927 1.210393 91.748249 161.077278 0.742810 3.695462
105060049 -1.143270 0.392339 -0.041786 1.209439 91.979972 161.059195 0.754622 3.698583
105060050 -1.142094 0.392339 -0.046646 1.208505 92.212056 161.041079 0.766451 3.701648
105060051 -1.140918 0.392339 -0.051506 1.207591 92.444494 161.022929 0.778297 3.704657
105060052 -1.139741 0.392339 -0.056365 1.206697 92.677281 161.004746 0.790158 3.707609
105060053 -1.138565 0.392339 -0.061225 1.205823 92.910410 160.986529 0.802034 3.710503
105060054 -1.137389 0.392339 -0.066085 1.204969 93.143872 160.968279 0.813922 3.713340
105060055 -1.136212 0.392339 -0.070944 1.204135 93.377661 160.949995 0.825822 3.716118
105060056 -1.135036 0.392339 -0.075804 1.203321 93.611769 160.931677 0.837733 3.718839
105060057 -1.133860 0.392339 -0.080664 1.202528 93.846190 160.913325 0.849654 3.721500
105060058 -1.132683 0.392339 -0.085523 1.201755 94.080917 160.894939 0.861583 3.724102
105060059 -1.131507 0.392339 -0.090383 1.201002 94.315941 160.876519 0.873519 3.726644
105060060 -1.130331 0.392339 -0.095242 1.200270 94.551255 160.858064 0.885461 3.729126
105060061 -1.129154 0.392339 -0.100102 1.199558 94.786853 160.839576 0.897407 3.731548
105060062 -1.127978 0.392339 -0.104962 1.198866 95.022725 160.821053 0.909358 3.733909
105060063 -1.126802 0.392339 -0.109821 1.198195 95.258866 160.802495 0.921310 3.736209
105060064 -1.125625 0.392339 -0.114681 1.197545 95.495266 160.783903 0.933264 3.738448
105060065 -1.124449 0.392339 -0.119541 1.196915 95.731919 160.765276 0.945218 3.740625
105060066 -1.123273 0.392339 -0.124400 1.196305 95.968816 160.746615 0.957170 3.742740
105060067 -1.122096 0.392339 -0.129260 1.195716 96.205950 160.727918 0.969119 3.744793
105060068 -1.120920 0.392339 -0.134120 1.195148 96.443313 160.709187 0.981065 3.746783
105060069 -1.119744 0.392339 -0.138979 1.194601 96.680897 160.690420 0.993005 3.748710
105060070 -1.118567 0.392339 -0.143839 1.194074 96.918695 160.671619 1.004940 3.750574
105060071 -1.117391 0.392339 -0.148699 1.193567 97.156697 160.652782 1.016866 3.752374
105060072 -1.116214 0.392339 -0.153558 1.193082 97.394896 160.633910 1.028784 3.754111
105060073 -1.115038 0.392339 -0.158418 1.192617 97.633284 160.615002 1.040691 3.755784
105060074 -1.113862 0.392339 -0.163278 1.192173 97.871854 160.596059 1.052587 3.757393
105060075 -1.112685 0.392339 -0.168137 1.191750 98.110596 160.577080 1.064471 3.758937
105060076 -1.111509 0.392339 -0.172997 1.191348 98.349502 160.558065 1.076340 3.760417
105060077 -1.110333 0.392339 -0.177857 1.190967 98.588565 160.539015 1.088194 3.761832
105060078 -1.109156 0.392339 -0.182716 1.190606 98.827775 160.519929 1.100032 3.763182
105060079 -1.107980 0.392339 -0.187576 1.190267 99.067126 160.500806 1.111852 3.764466
105060080 -1.106804 0.392339 -0.192436 1.189948 99.306608 160.481648 1.123653 3.765685
105060081 -1.105627 0.392339 -0.197295 1.189650 99.546213 160.462453 1.135433 3.766839
105060082 -1.104451 0.392339 -0.202155 1.189373 99.785932 160.443222 1.147192 3.767927
105060083 -1.103275 0.392339 -0.207015 1.189117 100.025758 160.423955 1.158929 3.768949
105060084 -1.102098 0.392339 -0.211874 1.188882 100.265682 160.404651 1.170641 3.769904
105060085 -1.100922 0.392339 -0.216734 1.188668 100.505696 160.385311 1.182328 3.770794
105060086 -1.099746 0.392339 -0.221593 1.188476 100.745790 160.365934 1.193988 3.771617
105060087 -1.098569 0.392339 -0.226453 1.188304 100.985957 160.346520 1.205620 3.772374
105060088 -1.097393 0.392339 -0.231313 1.188153 101.226188 160.327069 1.217224 3.773065
105060089 -1.096217 0.392339 -0.236172 1.188023 101.466474 160.307581 1.228797 3.773689
105060090 -1.095040 0.392339 -0.241032 1.187914 101.706807 160.288056 1.240338 3.774246
105060091 -1.093864 0.392339 -0.245892 1.187826 101.947179 160.268494 1.251847 3.774736
105060092 -1.092688 0.392339 -0.250751 1.187759 102.187581 160.248894 1.263322 3.775160
105060093 -1.091511 0.392339 -0.255611 1.187714 102.428004 160.229257 1.274761 3.775517
105060094 -1.090335 0.392339 -0.260471 1.187689 102.668440 160.209583 1.286164 3.775807
105060095 -1.089159 0.392339 -0.265330 1.187685 102.908880 160.189871 1.297530 3.776030
105060096 -1.087982 0.392339 -0.270190 1.187703 103.149316 160.170121 1.308856 3.776186
105060097 -1.086806 0.392339 -0.275050 1.187741 103.389740 160.150333 1.320143 3.776275
105060098 -1.085630 0.392339 -0.279909 1.187801 103.630141 160.130508 1.331388 3.776297
105060099 -1.084453 0.392339 -0.284769 1.187881 103.870513 160.110644 1.342592 3.776253
105060100 -1.083277 0.392339 -0.289629 1.187983 104.110847 160.090742 1.353751 3.776141
105060101 -1.187313 0.415439 0.194484 1.272841 81.211057 160.715135 1.026005 3.518168
105060102 -1.186136 0.415439 0.189624 1.271010 81.419906 160.697423 1.018311 3.523421
105060103 -1.184960 0.415439 0.184765 1.269196 81.629356 160.679680 1.010536 3.528642
105060104 -1.183784 0.415439 0.179905 1.267398 81.839403 160.661906 1.002680 3.533830
105060105 -1.182607 0.415439 0.175045 1.265619 82.050044 160.644100 0.994743 3.538985
105060106 -1.181431 0.415439 0.170186 1.263856 82.261277 160.626263 0.986724 3.544106
105060107 -1.180255 0.415439 0.165326 1.262111 82.473098 160.608394 0.978624 3.549192
105060108 -1.179078 0.415439 0.160466 1.260383 82.685503 160.590493 0.970443 3.554244
105060109 -1.177902 0.415439 0.155607 1.258672 82.898489 160.572561 0.962181 3.559259
105060110 -1.176726 0.415439 0.150747 1.256979 83.112052 160.554596 0.953838 3.564239
105060111 -1.175549 0.415439 0.145887 1.255304 83.326189 160.536600 0.945414 3.569182
105060112 -1.174373 0.415439 0.141028 1.253647 83.540896 160.518572 0.936910 3.574088
105060113 -1.173197 0.415439 0.136168 1.252007 83.756169 160.500511 0.928326 3.578955
105060114 -1.172020 0.415439 0.131308 1.250385 83.972004 160.482419 0.919661 3.583785
105060115 -1.170844 0.415439 0.126449 1.248781 84.188397 160.464294 0.910916 3.588575
105060116 -1.169668 0.415439 0.121589 1.247195 84.405345 160.446136 0.902091 3.593326
105060117 -1.168491 0.415439 0.116729 1.245627 84.622842 160.427946 0.893186 3.598038
105060118 -1.167315 0.415439 0.111870 1.244077 84.840885 160.409724 0.884203 3.602708
105060119 -1.166139 0.415439 0.107010 1.242546 85.059469 160.391469 0.875140 3.607337
105060120 -1.164962 0.415439 0.102151 1.241032 85.278590 160.373181 0.865998 3.611925
105060121 -1.163786 0.415439 0.097291 1.239537 85.498243 160.354861 0.856778 3.616470
105060122 -1.162610 0.415439 0.092431 1.238061 85.718424 160.336507 0.847479 3.620973
105060123 -1.161433 0.415439 0.087572 1.236602 85.939128 160.318121 0.838103 3.625432
105060124 -1.160257 0.415439 0.082712 1.235163 86.160350 160.299702 0.828649 3.629847
105060125 -1.159081 0.415439 0.077852 1.233741 86.382086 160.281249 0.819118 3.634218
105060126 -1.157904 0.415439 0.072993 1.232339 86.604330 160.262763 0.809510 3.638544
105060127 -1.156728 0.415439 0.068133 1.230955 86.827077 160.244244 0.799826 3.642824
105060128 -1.155551 0.415439 0.063273 1.229590 87.050323 160.225692 0.790066 3.647058
105060129 -1.154375 0.415439 0.058414 1.228244 87.274062 160.207106 0.780230 3.651246
105060130 -1.153199 0.415439 0.053554 1.226917 87.498288 160.188486 0.770320 3.655386
105060131 -1.152022 0.415439 0.048694 1.225609 87.722997 160.169833 0.760335 3.659479
105060132 -1.150846 0.415439 0.043835 1.224319 87.948183 160.151146 0.750276 3.663524
105060133 -1.149670 0.415439 0.038975 1.223049 88.173841 160.132426 0.740144 3.667520
105060134 -1.148493 0.415439 0.034115 1.221798 88.399964 160.113671 0.729938 3.671467
105060135 -1.147317 0.415439 0.029256 1.220566 88.626548 160.094882 0.719661 3.675364
105060136 -1.146141 0.415439 0.024396 1.219354 88.853585 160.076060 0.709311 3.679211
105060137 -1.144964 0.415439 0.019536 1.218160 89.081072 160.057203 0.698891 3.683007
105060138 -1.143788 0.415439 0.014677 1.216986 89.309001 160.038312 0.688400 3.686751
105060139 -1.142612 0.415439 0.009817 1.215832 89.537366 160.019386 0.677839 3.690444
105060140 -1.141435 0.415439 0.004957 1.214697 89.766162 160.000426 0.667208 3.694085
105060141 -1.140259 0.415439 0.000098 1.213582 89.995383 159.981432 0.656510 3.697673
105060142 -1.139083 0.415439 -0.004762 1.212486 90.225021 159.962402 0.667996 3.701208
105060143 -1.137906 0.415439 -0.009622 1.211410 90.455071 159.943338 0.679966 3.704689
105060144 -1.136730 0.415439 -0.014481 1.210353 90.685527 159.924240 0.691961 3.708116
105060145 -1.135554 0.415439 -0.019341 1.209316 90.916381 159.905106 0.703981 3.711488
105060146 -1.134377 0.415439 -0.024200 1.208299 91.147627 159.885938 0.716024 3.714805
105060147 -1.133201 0.415439 -0.029060 1.207302 91.379259 159.866734 0.728090 3.718067
105060148 -1.132025 0.415439 -0.033920 1.206325 91.611271 159.847495 0.740177 3.721272
105060149 -1.130848 0.415439 -0.038779 1.205368 91.843654 159.828221 0.752283 3.724422
105060150 -1.129672 0.415439 -0.043639 1.204430 92.076402 159.808911 0.764409 3.727514
105060151 -1.128496 0.415439 -0.048499 1.203513 92.309509 159.789566 0.776553 3.730549
105060152 -1.127319 0.415439 -0.053358 1.202616 92.542968 159.770186 0.788714 3.733526
105060153 -1.126143 0.415439 -0.058218 1.201739 92.776771 159.750770 0.800890 3.736445
105060154 -1.124967 0.415439 -0.063078 1.200882 93.010911 159.731318 0.813080 3.739305
105060155 -1.123790 0.415439 -0.067937 1.200046 93.245381 159.711830 0.825283 3.742106
105060156 -1.122614 0.415439 -0.072797 1.199229 93.480174 159.692307 0.837499 3.744848
105060157 -1.121438 0.415439 -0.077657 1.198433 93.715282 159.672747 0.849725 3.747530
105060158 -1.120261 0.415439 -0.082516 1.197658 93.950699 159.653151 0.861960 3.750152
105060159 -1.119085 0.415439 -0.087376 1.196902 94.186416 159.633519 0.874204 3.752714
105060160 -1.117909 0.415439 -0.092236 1.196167 94.422426 159.613851 0.886455 3.755214
105060161 -1.116732 0.415439 -0.097095 1.195453 94.658722 159.594146 0.898711 3.757653
105060162 -1.115556 0.415439 -0.101955 1.194759 94.895296 159.574405 0.910972 3.760031
105060163 -1.114380 0.415439 -0.106815 1.194086 95.132140 159.554627 0.923236 3.762346
105060164 -1.113203 0.415439 -0.111674 1.193433 95.369247 159.534813 0.935503 3.764600
105060165 -1.112027 0.415439 -0.116534 1.192801 95.606608 159.514961 0.947770 3.766790
105060166 -1.110851 0.415439 -0.121394 1.192189 95.844217 159.495073 0.960036 3.768918
105060167 -1.109674 0.415439 -0.126253 1.191598 96.082065 159.475148 0.972301 3.770983
105060168 -1.108498 0.415439 -0.131113 1.191028 96.320143 159.455186 0.984562 3.772983
105060169 -1.107322 0.415439 -0.135972 1.190479 96.558445 159.435186 0.996819 3.774920
105060170 -1.106145 0.415439 -0.140832 1.189950 96.796963 159.415150 1.009071 3.776793
105060171 -1.104969 0.415439 -0.145692 1.189442 97.035687 159.395076 1.021315 3.778602
105060172 -1.103793 0.415439 -0.150551 1.188955 97.274610 159.374964 1.033551 3.780345
105060173 -1.102616 0.415439 -0.155411 1.188488 97.513724 159.354815 1.045777 3.782024
105060174 -1.101440 0.415439 -0.160271 1.188043 97.753020 159.334628 1.057993 3.783638
105060175 -1.100264 0.415439 -0.165130 1.187618 97.992491 159.314404 1.070196 3.785186
105060176 -1.099087 0.415439 -0.169990 1.187215 98.232128 159.294141 1.082386 3.786669
105060177 -1.097911 0.415439 -0.174850 1.186832 98.471923 159.273841 1.094561 3.788086
105060178 -1.096735 0.415439 -0.179709 1.186470 98.711867 159.253502 1.106719 3.789437
105060179 -1.095558 0.415439 -0.184569 1.186129 98.951952 159.233125 1.118861 3.790721
105060180 -1.094382 0.415439 -0.189429 1.185810 99.192170 159.212710 1.130983 3.791939
105060181 -1.093206 0.415439 -0.194288 1.185511 99.432511 159.192257 1.143085 3.793091
105060182 -1.092029 0.415439 -0.199148 1.185233 99.672969 159.171765 1.155166 3.794175
105060183 -1.090853 0.415439 -0.204008 1.184976 99.913534 159.151234 1.167225 3.795193
105060184 -1.089677 0.415439 -0.208867 1.184740 100.154198 159.130665 1.179259 3.796144
105060185 -1.088500 0.415439 -0.213727 1.184526 100.394952 159.110057 1.191268 3.797027
105060186 -1.087324 0.415439 -0.218587 1.184332 100.635788 159.089410 1.203250 3.797843
105060187 -1.086148 0.415439 -0.223446 1.184160 100.876696 159.068724 1.215205 3.798592
105060188 -1.084971 0.415439 -0.228306 1.184008 101.117670 159.047999 1.227130 3.799273
105060189 -1.083795 0.415439 -0.233166 1.183878 101.358699 159.027234 1.239025 3.799887
105060190 -1.082619 0.415439 -0.238025 1.183769 101.599775 159.006431 1.250888 3.800433
105060191 -1.081442 0.415439 -0.242885 1.183681 101.840891 158.985587 1.262719 3.800911
105060192 -1.080266 0.415439 -0.247745 1.183614 102.082036 158.964705 1.274515 3.801321
105060193 -1.079090 0.415439 -0.252604 1.183568 102.323203 158.943782 1.286275 3.801664
105060194 -1.077913 0.415439 -0.257464 1.183543 102.564382 158.922820 1.297999 3.801938
105060195 -1.076737 0.415439 -0.262323 1.183539 102.805566 158.901818 1.309684 3.802145
105060196 -1.075560 0.415439 -0.267183 1.183557 103.046745 158.880776 1.321331 3.802284
105060197 -1.074384 0.415439 -0.272043 1.183595 103.287911 158.859694 1.332936 3.802354
105060198 -1.073208 0.415439 -0.276902 1.183655 103.529055 158.838572 1.344501 3.802357
105060199 -1.072031 0.415439 -0.281762 1.183736 103.770169 158.817409 1.356022 3.802292
105060200 -1.070855 0.415439 -0.286622 1.183838 104.011244 158.796206 1.367499 3.802159
105060201 -1.174891 0.438539 0.197491 1.269522 81.050547 159.531438 1.043378 3.539146
105060202 -1.173714 0.438539 0.192631 1.267686 81.259768 159.512627 1.035518 3.544444
105060203 -1.172538 0.438539 0.187771 1.265867 81.469593 159.493783 1.027574 3.549710
105060204 -1.171362 0.438539 0.182912 1.264065 81.680021 159.474906 1.019547 3.554942
105060205 -1.170185 0.438539 0.178052 1.262281 81.891048 159.455996 1.011437 3.560141
105060206 -1.169009 0.438539 0.173193 1.260513 82.102670 159.437053 1.003243 3.565305
105060207 -1.167833 0.438539 0.168333 1.258764 82.314884 159.418076 0.994966 3.570435
105060208 -1.166656 0.438539 0.163473 1.257031 82.527687 159.399065 0.986605 3.575529
105060209 -1.165480 0.438539 0.158614 1.255316 82.741075 159.380021 0.978162 3.580587
105060210 -1.164304 0.438539 0.153754 1.253619 82.955045 159.360943 0.969635 3.585609
105060211 -1.163127 0.438539 0.148894 1.251939 83.169593 159.341831 0.961026 3.590593
105060212 -1.161951 0.438539 0.144035 1.250277 83.384715 159.322686 0.952334 3.595540
105060213 -1.160775 0.438539 0.139175 1.248633 83.600407 159.303506 0.943559 3.600449
105060214 -1.159598 0.438539 0.134315 1.247007 83.816666 159.284293 0.934702 3.605318
105060215 -1.158422 0.438539 0.129456 1.245398 84.033487 159.265045 0.925763 3.610149
105060216 -1.157246 0.438539 0.124596 1.243808 84.250866 159.245763 0.916742 3.614939
105060217 -1.156069 0.438539 0.119736 1.242236 84.468800 159.226447 0.907639 3.619689
105060218 -1.154893 0.438539 0.114877 1.240682 84.687283 159.207096 0.898454 3.624398
105060219 -1.153717 0.438539 0.110017 1.239146 84.906311 159.187711 0.889189 3.629065
105060220 -1.152540 0.438539 0.105157 1.237628 85.125881 159.168291 0.879842 3.633690
105060221 -1.151364 0.438539 0.100298 1.236129 85.345987 159.148837 0.870415 3.638272
105060222 -1.150188 0.438539 0.095438 1.234648 85.566625 159.129348 0.860907 3.642811
105060223 -1.149011 0.438539 0.090578 1.233186 85.787789 159.109824 0.851320 3.647306
105060224 -1.147835 0.438539 0.085719 1.231742 86.009477 159.090265 0.841653 3.651756
105060225 -1.146659 0.438539 0.080859 1.230317 86.231681 159.070671 0.831906 3.656162
105060226 -1.145482 0.438539 0.075999 1.228911 86.454398 159.051042 0.822081 3.660522
105060227 -1.144306 0.438539 0.071140 1.227523 86.677622 159.031378 0.812178 3.664836
105060228 -1.143130 0.438539 0.066280 1.226154 86.901349 159.011679 0.802196 3.669103
105060229 -1.141953 0.438539 0.061421 1.224805 87.125572 158.991944 0.792138 3.673323
105060230 -1.140777 0.438539 0.056561 1.223474 87.350287 158.972173 0.782002 3.677496
105060231 -1.139601 0.438539 0.051701 1.222162 87.575489 158.952368 0.771789 3.681620
105060232 -1.138424 0.438539 0.046842 1.220869 87.801171 158.932526 0.761501 3.685695
105060233 -1.137248 0.438539 0.041982 1.219595 88.027328 158.912649 0.751137 3.689721
105060234 -1.136072 0.438539 0.037122 1.218340 88.253955 158.892736 0.740698 3.693697
105060235 -1.134895 0.438539 0.032263 1.217105 88.481046 158.872787 0.730185 3.697623
105060236 -1.133719 0.438539 0.027403 1.215889 88.708595 158.852802 0.719599 3.701498
105060237 -1.132543 0.438539 0.022543 1.214692 88.936596 158.832781 0.708939 3.705322
105060238 -1.131366 0.438539 0.017684 1.213515 89.165043 158.812723 0.698207 3.709093
105060239 -1.130190 0.438539 0.012824 1.212357 89.393930 158.792630 0.687403 3.712812
105060240 -1.129014 0.438539 0.007964 1.211219 89.623251 158.772500 0.676528 3.716479
105060241 -1.127837 0.438539 0.003105 1.210100 89.853000 158.752333 0.665582 3.720092
105060242 -1.126661 0.438539 -0.001755 1.209001 90.083170 158.732130 0.662967 3.723650
105060243 -1.125485 0.438539 -0.006615 1.207922 90.313756 158.711891 0.675210 3.727155
105060244 -1.124308 0.438539 -0.011474 1.206862 90.544750 158.691614 0.687480 3.730605
105060245 -1.123132 0.438539 -0.016334 1.205823 90.776146 158.671301 0.699777 3.733999
105060246 -1.121956 0.438539 -0.021194 1.204803 91.007938 158.650950 0.712098 3.737337
105060247 -1.120779 0.438539 -0.026053 1.203803 91.240118 158.630563 0.724443 3.740619
105060248 -1.119603 0.438539 -0.030913 1.202823 91.472681 158.610139 0.736810 3.743845
105060249 -1.118426 0.438539 -0.035773 1.201863 91.705618 158.589677 0.749199 3.747013
105060250 -1.117250 0.438539 -0.040632 1.200923 91.938924 158.569178 0.761609 3.750123
105060251 -1.116074 0.438539 -0.045492 1.200003 92.172592 158.548641 0.774037 3.753176
105060252 -1.114897 0.438539 -0.050352 1.199103 92.406614 158.528067 0.786484 3.756170
105060253 -1.113721 0.438539 -0.055211 1.198223 92.640983 158.507456 0.798947 3.759105
105060254 -1.112545 0.438539 -0.060071 1.197364 92.875692 158.486806 0.811426 3.761980
105060255 -1.111368 0.438539 -0.064930 1.196525 93.110733 158.466119 0.823919 3.764796
105060256 -1.110192 0.438539 -0.069790 1.195706 93.346100 158.445394 0.836426 3.767551
105060257 -1.109016 0.438539 -0.074650 1.194908 93.581786 158.424630 0.848944 3.770246
105060258 -1.107839 0.438539 -0.079509 1.194130 93.817782 158.403829 0.861472 3.772880
105060259 -1.106663 0.438539 -0.084369 1.193372 94.054081 158.382990 0.874010 3.775453
105060260 -1.105487 0.438539 -0.089229 1.192635 94.290676 158.362112 0.886556 3.777964
105060261 -1.104310 0.438539 -0.094088 1.191919 94.527558 158.341195 0.899109 3.780413
105060262 -1.103134 0.438539 -0.098948 1.191223 94.764721 158.320241 0.911667 3.782799
105060263 -1.101958 0.438539 -0.103808 1.190548 95.002157 158.299247 0.924230 3.785122
105060264 -1.100781 0.438539 -0.108667 1.189893 95.239857 158.278215 0.936795 3.787383
105060265 -1.099605 0.438539 -0.113527 1.189259 95.477814 158.257144 0.949362 3.789580
105060266 -1.098429 0.438539 -0.118387 1.188645 95.716020 158.236034 0.961929 3.791713
105060267 -1.097252 0.438539 -0.123246 1.188053 95.954468 158.214885 0.974495 3.793782
105060268 -1.096076 0.438539 -0.128106 1.187481 96.193148 158.193697 0.987059 3.795786
105060269 -1.094900 0.438539 -0.132966 1.186930 96.432053 158.172470 0.999619 3.797726
105060270 -1.093723 0.438539 -0.137825 1.186399 96.671175 158.151203 1.012174 3.799601
105060271 -1.092547 0.438539 -0.142685 1.185890 96.910506 158.129897 1.024722 3.801410
105060272 -1.091371 0.438539 -0.147545 1.185401 97.150038 158.108551 1.037263 3.803154
105060273 -1.090194 0.438539 -0.152404 1.184933 97.389761 158.087166 1.049795 3.804832
105060274 -1.089018 0.438539 -0.157264 1.184487 97.629669 158.065741 1.062316 3.806444
105060275 -1.087842 0.438539 -0.162124 1.184061 97.869753 158.044276 1.074825 3.807990
105060276 -1.086665 0.438539 -0.166983 1.183656 98.110004 158.022771 1.087322 3.809469
105060277 -1.085489 0.438539 -0.171843 1.183272 98.350414 158.001226 1.099804 3.810882
105060278 -1.084313 0.438539 -0.176702 1.182909 98.590975 157.979640 1.112270 3.812227
105060279 -1.083136 0.438539 -0.181562 1.182567 98.831677 157.958015 1.124719 3.813505
105060280 -1.081960 0.438539 -0.186422 1.182247 99.072514 157.936349 1.137150 3.814716
105060281 -1.080784 0.438539 -0.191281 1.181947 99.313475 157.914643 1.149560 3.815860
105060282 -1.079607 0.438539 -0.196141 1.181668 99.554554 157.892896 1.161950 3.816936
105060283 -1.078431 0.438539 -0.201001 1.181411 99.795740 157.871108 1.174316 3.817944
105060284 -1.077255 0.438539 -0.205860 1.181174 100.037026 157.849279 1.186659 3.818884
105060285 -1.076078 0.438539 -0.210720 1.180959 100.278402 157.827410 1.198977 3.819756
105060286 -1.074902 0.438539 -0.215580 1.180765 100.519861 157.805499 1.211268 3.820559
105060287 -1.073726 0.438539 -0.220439 1.180592 100.761394 157.783548 1.223532 3.821295
105060288 -1.072549 0.438539 -0.225299 1.180440 101.002991 157.761555 1.235766 3.821961
105060289 -1.071373 0.438539 -0.230159 1.180309 101.244645 157.739520 1.247969 3.822560
105060290 -1.070197 0.438539 -0.235018 1.180200 101.486346 157.717445 1.260141 3.823089
105060291 -1.069020 0.438539 -0.239878 1.180111 101.728086 157.695327 1.272279 3.823550
105060292 -1.067844 0.438539 -0.244738 1.180044 101.969857 157.673168 1.284383 3.823943
105060293 -1.066668 0.438539 -0.249597 1.179998 102.211648 157.650967 1.296451 3.824266
105060294 -1.065491 0.438539 -0.254457 1.179973 102.453453 157.628724 1.308482 3.824520
105060295 -1.064315 0.438539 -0.259317 1.179969 102.695261 157.606440 1.320475 3.824706
105060296 -1.063139 0.438539 -0.264176 1.179987 102.937065 157.584113 1.332428 3.824823
105060297 -1.061962 0.438539 -0.269036 1.180026 103.178856 157.561743 1.344340 3.824871
105060298 -1.060786 0.438539 -0.273896 1.180086 103.420624 157.539332 1.356210 3.824850
105060299 -1.059610 0.438539 -0.278755 1.180167 103.662361 157.516878 1.368037 3.824760
105060300 -1.058433 0.438539 -0.283615 1.180269 103.904059 157.494381 1.379819 3.824602
105060301 -1.162469 0.461639 0.200498 1.266745 80.893053 158.341004 1.060369 3.557254
105060302 -1.161293 0.461639 0.195638 1.264905 81.102566 158.321098 1.052350 3.562586
105060303 -1.160116 0.461639 0.190778 1.263082 81.312688 158.301158 1.044245 3.567885
105060304 -1.158940 0.461639 0.185919 1.261276 81.523415 158.281182 1.036055 3.573150
105060305 -1.157763 0.461639 0.181059 1.259488 81.734745 158.261172 1.027779 3.578382
105060306 -1.156587 0.461639 0.176199 1.257716 81.946675 158.241126 1.019419 3.583579
105060307 -1.155411 0.461639 0.171340 1.255963 82.159200 158.221045 1.010972 3.588740
105060308 -1.154234 0.461639 0.166480 1.254226 82.372317 158.200929 1.002441 3.593866
105060309 -1.153058 0.461639 0.161620 1.252507 82.586023 158.180778 0.993825 3.598955
105060310 -1.151882 0.461639 0.156761 1.250806 82.800314 158.160591 0.985123 3.604008
105060311 -1.150705 0.461639 0.151901 1.249123 83.015187 158.140368 0.976337 3.609023
105060312 -1.149529 0.461639 0.147041 1.247457 83.230638 158.120110 0.967466 3.614000
105060313 -1.148353 0.461639 0.142182 1.245809 83.446663 158.099816 0.958510 3.618938
105060314 -1.147176 0.461639 0.137322 1.244179 83.663257 158.079486 0.949470 3.623837
105060315 -1.146000 0.461639 0.132463 1.242567 83.880418 158.059121 0.940345 3.628696
105060316 -1.144824 0.461639 0.127603 1.240973 84.098140 158.038719 0.931137 3.633515
105060317 -1.143647 0.461639 0.122743 1.239397 84.316420 158.018281 0.921845 3.638293
105060318 -1.142471 0.461639 0.117884 1.237840 84.535253 157.997807 0.912470 3.643029
105060319 -1.141295 0.461639 0.113024 1.236300 84.754635 157.977297 0.903011 3.647723
105060320 -1.140118 0.461639 0.108164 1.234779 84.974561 157.956751 0.893469 3.652375
105060321 -1.138942 0.461639 0.103305 1.233277 85.195027 157.936168 0.883845 3.656983
105060322 -1.137766 0.461639 0.098445 1.231793 85.416029 157.915548 0.874139 3.661548
105060323 -1.136589 0.461639 0.093585 1.230327 85.637561 157.894892 0.864351 3.666068
105060324 -1.135413 0.461639 0.088726 1.228880 85.859618 157.874199 0.854481 3.670543
105060325 -1.134237 0.461639 0.083866 1.227451 86.082196 157.853469 0.844530 3.674973
105060326 -1.133060 0.461639 0.079006 1.226042 86.305290 157.832702 0.834498 3.679356
105060327 -1.131884 0.461639 0.074147 1.224651 86.528895 157.811899 0.824386 3.683694
105060328 -1.130708 0.461639 0.069287 1.223279 86.753005 157.791058 0.814194 3.687983
105060329 -1.129531 0.461639 0.064427 1.221926 86.977616 157.770180 0.803923 3.692226
105060330 -1.128355 0.461639 0.059568 1.220592 87.202721 157.749264 0.793572 3.696420
105060331 -1.127179 0.461639 0.054708 1.219277 87.428316 157.728312 0.783144 3.700565
105060332 -1.126002 0.461639 0.049848 1.217981 87.654395 157.707322 0.772638 3.704661
105060333 -1.124826 0.461639 0.044989 1.216704 87.880952 157.686294 0.762054 3.708707
105060334 -1.123650 0.461639 0.040129 1.215446 88.107982 157.665228 0.751393 3.712702
105060335 -1.122473 0.461639 0.035269 1.214208 88.335478 157.644125 0.740657 3.716647
105060336 -1.121297 0.461639 0.030410 1.212989 88.563436 157.622984 0.729845 3.720540
105060337 -1.120121 0.461639 0.025550 1.211790 88.791849 157.601805 0.718958 3.724381
105060338 -1.118944 0.461639 0.020690 1.210609 89.020711 157.580588 0.707997 3.728170
105060339 -1.117768 0.461639 0.015831 1.209449 89.250017 157.559333 0.696962 3.731905
105060340 -1.116592 0.461639 0.010971 1.208308 89.479759 157.538039 0.685855 3.735587
105060341 -1.115415 0.461639 0.006112 1.207187 89.709931 157.516707 0.674675 3.739215
105060342 -1.114239 0.461639 0.001252 1.206085 89.940528 157.495337 0.663424 3.742789
105060343 -1.113063 0.461639 -0.003608 1.205003 90.171543 157.473928 0.669799 3.746307
105060344 -1.111886 0.461639 -0.008467 1.203941 90.402970 157.452480 0.682330 3.749770
105060345 -1.110710 0.461639 -0.013327 1.202899 90.634801 157.430994 0.694888 3.753177
105060346 -1.109534 0.461639 -0.018187 1.201876 90.867030 157.409469 0.707473 3.756528
105060347 -1.108357 0.461639 -0.023046 1.200874 91.099650 157.387905 0.720083 3.759821
105060348 -1.107181 0.461639 -0.027906 1.199891 91.332656 157.366302 0.732716 3.763057
105060349 -1.106005 0.461639 -0.032766 1.198929 91.566039 157.344660 0.745373 3.766235
105060350 -1.104828 0.461639 -0.037625 1.197987 91.799793 157.322978 0.758052 3.769355
105060351 -1.103652 0.461639 -0.042485 1.197064 92.033911 157.301257 0.770750 3.772416
105060352 -1.102476 0.461639 -0.047345 1.196162 92.268385 157.279497 0.783468 3.775418
105060353 -1.101299 0.461639 -0.052204 1.195281 92.503209 157.257697 0.796204 3.778360
105060354 -1.100123 0.461639 -0.057064 1.194419 92.738376 157.235858 0.808957 3.781242
105060355 -1.098947 0.461639 -0.061924 1.193578 92.973877 157.213979 0.821725 3.784064
105060356 -1.097770 0.461639 -0.066783 1.192757 93.209706 157.192060 0.834507 3.786825
105060357 -1.096594 0.461639 -0.071643 1.191957 93.445856 157.170101 0.847303 3.789524
105060358 -1.095418 0.461639 -0.076503 1.191177 93.682318 157.148102 0.860109 3.792162
105060359 -1.094241 0.461639 -0.081362 1.190418 93.919085 157.126063 0.872927 3.794737
105060360 -1.093065 0.461639 -0.086222 1.189679 94.156150 157.103983 0.885753 3.797251
105060361 -1.091889 0.461639 -0.091082 1.188961 94.393505 157.081863 0.898587 3.799701
105060362 -1.090712 0.461639 -0.095941 1.188263 94.631143 157.059703 0.911427 3.802088
105060363 -1.089536 0.461639 -0.100801 1.187586 94.869054 157.037502 0.924273 3.804412
105060364 -1.088360 0.461639 -0.105660 1.186929 95.107232 157.015260 0.937122 3.806671
105060365 -1.087183 0.461639 -0.110520 1.186294 95.345669 156.992978 0.949974 3.808867
105060366 -1.086007 0.461639 -0.115380 1.185679 95.584357 156.970655 0.962826 3.810998
105060367 -1.084831 0.461639 -0.120239 1.185085 95.823287 156.948291 0.975679 3.813064
105060368 -1.083654 0.461639 -0.125099 1.184511 96.062452 156.925885 0.988529 3.815064
105060369 -1.082478 0.461639 -0.129959 1.183959 96.301843 156.903439 1.001377 3.817000
105060370 -1.081302 0.461639 -0.134818 1.183427 96.541453 156.880951 1.014220 3.818869
105060371 -1.080125 0.461639 -0.139678 1.182916 96.781272 156.858422 1.027058 3.820673
105060372 -1.078949 0.461639 -0.144538 1.182426 97.021294 156.835851 1.039888 3.822410
105060373 -1.077772 0.461639 -0.149397 1.181958 97.261509 156.813238 1.052710 3.824080
105060374 -1.076596 0.461639 -0.154257 1.181510 97.501910 156.790584 1.065522 3.825684
105060375 -1.075420 0.461639 -0.159117 1.181083 97.742487 156.767888 1.078323 3.827220
105060376 -1.074243 0.461639 -0.163976 1.180677 97.983233 156.745150 1.091111 3.828690
105060377 -1.073067 0.461639 -0.168836 1.180292 98.224139 156.722370 1.103884 3.830091
105060378 -1.071891 0.461639 -0.173696 1.179928 98.465197 156.699548 1.116643 3.831425
105060379 -1.070714 0.461639 -0.178555 1.179586 98.706398 156.676683 1.129384 3.832691
105060380 -1.069538 0.461639 -0.183415 1.179264 98.947733 156.653776 1.142108 3.833889
105060381 -1.068362 0.461639 -0.188275 1.178963 99.189194 156.630827 1.154812 3.835019
105060382 -1.067185 0.461639 -0.193134 1.178684 99.430772 156.607834 1.167494 3.836080
105060383 -1.066009 0.461639 -0.197994 1.178426 99.672459 156.584800 1.180155 3.837072
105060384 -1.064833 0.461639 -0.202854 1.178189 99.914247 156.561722 1.192791 3.837996
105060385 -1.063656 0.461639 -0.207713 1.177973 100.156125 156.538601 1.205403 3.838850
105060386 -1.062480 0.461639 -0.212573 1.177778 100.398086 156.515437 1.217988 3.839636
105060387 -1.061304 0.461639 -0.217433 1.177605 100.640122 156.492230 1.230545 3.840353
105060388 -1.060127 0.461639 -0.222292 1.177453 100.882222 156.468980 1.243072 3.841000
105060389 -1.058951 0.461639 -0.227152 1.177322 101.124379 156.445687 1.255570 3.841578
105060390 -1.057775 0.461639 -0.232011 1.177212 101.366584 156.422349 1.268035 3.842086
105060391 -1.056598 0.461639 -0.236871 1.177123 101.608827 156.398969 1.280467 3.842525
105060392 -1.055422 0.461639 -0.241731 1.177056 101.851101 156.375544 1.292864 3.842894
105060393 -1.054246 0.461639 -0.246590 1.177010 102.093397 156.352076 1.305225 3.843194
105060394 -1.053069 0.461639 -0.251450 1.176985 102.335705 156.328563 1.317549 3.843424
105060395 -1.051893 0.461639 -0.256310 1.176981 102.578017 156.305007 1.329834 3.843585
105060396 -1.050717 0.461639 -0.261169 1.176999 102.820324 156.281406 1.342079 3.843675
105060397 -1.049540 0.461639 -0.266029 1.177037 103.062617 156.257761 1.354283 3.843696
105060398 -1.048364 0.461639 -0.270889 1.177098 103.304888 156.234071 1.366444 3.843648
105060399 -1.047188 0.461639 -0.275748 1.177179 103.547127 156.210337 1.378562 3.843529
105060400 -1.046011 0.461639 -0.280608 1.177281 103.789326 156.186558 1.390634 3.843341
105060401 -1.150047 0.484739 0.203505 1.264513 80.738826 157.144811 1.076911 3.572402
105060402 -1.148871 0.484739 0.198645 1.262670 80.948552 157.123817 1.068741 3.577756
105060403 -1.147694 0.484739 0.193785 1.260844 81.158889 157.102787 1.060483 3.583077
105060404 -1.146518 0.484739 0.188926 1.259035 81.369835 157.081720 1.052139 3.588364
105060405 -1.145342 0.484739 0.184066 1.257243 81.581386 157.060616 1.043707 3.593617
105060406 -1.144165 0.484739 0.179206 1.255469 81.793539 157.039476 1.035187 3.598834
105060407 -1.142989 0.484739 0.174347 1.253712 82.006290 157.018299 1.026581 3.604016
105060408 -1.141813 0.484739 0.169487 1.251972 82.219637 156.997084 1.017888 3.609162
105060409 -1.140636 0.484739 0.164627 1.250250 82.433576 156.975833 1.009107 3.614272
105060410 -1.139460 0.484739 0.159768 1.248546 82.648103 156.954545 1.000240 3.619343
105060411 -1.138284 0.484739 0.154908 1.246859 82.863214 156.933219 0.991286 3.624377
105060412 -1.137107 0.484739 0.150048 1.245191 83.078906 156.911856 0.982245 3.629373
105060413 -1.135931 0.484739 0.145189 1.243540 83.295175 156.890455 0.973118 3.634330
105060414 -1.134755 0.484739 0.140329 1.241907 83.512016 156.869017 0.963905 3.639246
105060415 -1.133578 0.484739 0.135469 1.240292 83.729427 156.847542 0.954606 3.644123
105060416 -1.132402 0.484739 0.130610 1.238695 83.947401 156.826028 0.945220 3.648959
105060417 -1.131226 0.484739 0.125750 1.237116 84.165937 156.804477 0.935750 3.653754
105060418 -1.130049 0.484739 0.120890 1.235556 84.385028 156.782888 0.926194 3.658506
105060419 -1.128873 0.484739 0.116031 1.234013 84.604671 156.761261 0.916553 3.663217
105060420 -1.127697 0.484739 0.111171 1.232490 84.824861 156.739596 0.906827 3.667884
105060421 -1.126520 0.484739 0.106311 1.230984 85.045593 156.717892 0.897017 3.672507
105060422 -1.125344 0.484739 0.101452 1.229497 85.266864 156.696151 0.887122 3.677086
105060423 -1.124168 0.484739 0.096592 1.228029 85.488668 156.674371 0.877144 3.681620
105060424 -1.122991 0.484739 0.091733 1.226579 85.711000 156.652552 0.867083 3.686109
105060425 -1.121815 0.484739 0.086873 1.225148 85.933856 156.630695 0.856939 3.690552
105060426 -1.120638 0.484739 0.082013 1.223736 86.157230 156.608799 0.846712 3.694949
105060427 -1.119462 0.484739 0.077154 1.222342 86.381117 156.586865 0.836403 3.699299
105060428 -1.118286 0.484739 0.072294 1.220968 86.605512 156.564892 0.826012 3.703600
105060429 -1.117109 0.484739 0.067434 1.219612 86.830410 156.542879 0.815541 3.707854
105060430 -1.115933 0.484739 0.062575 1.218275 87.055806 156.520828 0.804988 3.712059
105060431 -1.114757 0.484739 0.057715 1.216958 87.281694 156.498738 0.794356 3.716215
105060432 -1.113580 0.484739 0.052855 1.215659 87.508068 156.476608 0.783644 3.720320
105060433 -1.112404 0.484739 0.047996 1.214380 87.734923 156.454439 0.772853 3.724376
105060434 -1.111228 0.484739 0.043136 1.213120 87.962254 156.432230 0.761984 3.728380
105060435 -1.110051 0.484739 0.038276 1.211879 88.190053 156.409982 0.751037 3.732333
105060436 -1.108875 0.484739 0.033417 1.210658 88.418317 156.387695 0.740012 3.736235
105060437 -1.107699 0.484739 0.028557 1.209456 88.647037 156.365367 0.728912 3.740083
105060438 -1.106522 0.484739 0.023697 1.208274 88.876210 156.343000 0.717735 3.743879
105060439 -1.105346 0.484739 0.018838 1.207111 89.105828 156.320593 0.706483 3.747621
105060440 -1.104170 0.484739 0.013978 1.205968 89.335885 156.298146 0.695157 3.751309
105060441 -1.102993 0.484739 0.009118 1.204844 89.566374 156.275658 0.683757 3.754942
105060442 -1.101817 0.484739 0.004259 1.203740 89.797291 156.253131 0.672284 3.758520
105060443 -1.100641 0.484739 -0.000601 1.202656 90.028627 156.230563 0.663748 3.762043
105060444 -1.099464 0.484739 -0.005461 1.201592 90.260377 156.207955 0.676524 3.765509
105060445 -1.098288 0.484739 -0.010320 1.200548 90.492535 156.185306 0.689329 3.768919
105060446 -1.097112 0.484739 -0.015180 1.199524 90.725092 156.162616 0.702161 3.772272
105060447 -1.095935 0.484739 -0.020040 1.198519 90.958043 156.139886 0.715020 3.775568
105060448 -1.094759 0.484739 -0.024899 1.197535 91.191381 156.117115 0.727905 3.778805
105060449 -1.093583 0.484739 -0.029759 1.196570 91.425098 156.094303 0.740813 3.781984
105060450 -1.092406 0.484739 -0.034618 1.195626 91.659188 156.071449 0.753745 3.785104
105060451 -1.091230 0.484739 -0.039478 1.194702 91.893645 156.048555 0.766698 3.788165
105060452 -1.090054 0.484739 -0.044338 1.193799 92.128459 156.025620 0.779671 3.791165
105060453 -1.088877 0.484739 -0.049197 1.192915 92.363626 156.002643 0.792663 3.794106
105060454 -1.087701 0.484739 -0.054057 1.192052 92.599136 155.979624 0.805674 3.796986
105060455 -1.086525 0.484739 -0.058917 1.191209 92.834983 155.956564 0.818701 3.799805
105060456 -1.085348 0.484739 -0.063776 1.190387 93.071160 155.933463 0.831743 3.802562
105060457 -1.084172 0.484739 -0.068636 1.189585 93.307659 155.910319 0.844799 3.805257
105060458 -1.082996 0.484739 -0.073496 1.188803 93.544472 155.887134 0.857868 3.807890
105060459 -1.081819 0.484739 -0.078355 1.188042 93.781592 155.863907 0.870948 3.810460
105060460 -1.080643 0.484739 -0.083215 1.187302 94.019011 155.840637 0.884038 3.812967
105060461 -1.079467 0.484739 -0.088075 1.186582 94.256722 155.817326 0.897137 3.815411
105060462 -1.078290 0.484739 -0.092934 1.185883 94.494717 155.793972 0.910243 3.817791
105060463 -1.077114 0.484739 -0.097794 1.185205 94.732987 155.770575 0.923355 3.820107
105060464 -1.075938 0.484739 -0.102654 1.184547 94.971525 155.747136 0.936471 3.822358
105060465 -1.074761 0.484739 -0.107513 1.183910 95.210324 155.723655 0.949591 3.824544
105060466 -1.073585 0.484739 -0.112373 1.183294 95.449374 155.700130 0.962713 3.826665
105060467 -1.072409 0.484739 -0.117233 1.182699 95.688668 155.676563 0.975835 3.828720
105060468 -1.071232 0.484739 -0.122092 1.182124 95.928199 155.652953 0.988956 3.830710
105060469 -1.070056 0.484739 -0.126952 1.181570 96.167956 155.629300 1.002074 3.832633
105060470 -1.068880 0.484739 -0.131812 1.181038 96.407934 155.605603 1.015189 3.834490
105060471 -1.067703 0.484739 -0.136671 1.180526 96.648122 155.581864 1.028299 3.836281
105060472 -1.066527 0.484739 -0.141531 1.180035 96.888514 155.558081 1.041402 3.838004
105060473 -1.065351 0.484739 -0.146390 1.179565 97.129100 155.534254 1.054498 3.839660
105060474 -1.064174 0.484739 -0.151250 1.179116 97.369873 155.510384 1.067583 3.841248
105060475 -1.062998 0.484739 -0.156110 1.178689 97.610823 155.486470 1.080658 3.842769
105060476 -1.061822 0.484739 -0.160969 1.178282 97.851942 155.462512 1.093721 3.844221
105060477 -1.060645 0.484739 -0.165829 1.177896 98.093223 155.438510 1.106770 3.845606
105060478 -1.059469 0.484739 -0.170689 1.177532 98.334655 155.414464 1.119804 3.846922
105060479 -1.058293 0.484739 -0.175548 1.177188 98.576232 155.390374 1.132822 3.848169
105060480 -1.057116 0.484739 -0.180408 1.176866 98.817943 155.366239 1.145821 3.849348
105060481 -1.055940 0.484739 -0.185268 1.176565 99.059781 155.342060 1.158801 3.850457
105060482 -1.054764 0.484739 -0.190127 1.176285 99.301737 155.317837 1.171761 3.851498
105060483 -1.053587 0.484739 -0.194987 1.176026 99.543802 155.293569 1.184698 3.852469
105060484 -1.052411 0.484739 -0.199847 1.175789 99.785968 155.269256 1.197611 3.853370
105060485 -1.051235 0.484739 -0.204706 1.175573 100.028225 155.244898 1.210500 3.854202
105060486 -1.050058 0.484739 -0.209566 1.175378 100.270566 155.220496 1.223362 3.854964
105060487 -1.048882 0.484739 -0.214426 1.175204 100.512980 155.196048 1.236196 3.855657
105060488 -1.047706 0.484739 -0.219285 1.175051 100.755460 155.171555 1.249001 3.856279
105060489 -1.046529 0.484739 -0.224145 1.174920 100.997997 155.147017 1.261776 3.856831
105060490 -1.045353 0.484739 -0.229005 1.174810 101.240582 155.122433 1.274518 3.857314
105060491 -1.044177 0.484739 -0.233864 1.174721 101.483205 155.097803 1.287227 3.857726
105060492 -1.043000 0.484739 -0.238724 1.174653 101.725859 155.073128 1.299901 3.858067
105060493 -1.041824 0.484739 -0.243584 1.174607 101.968534 155.048407 1.312538 3.858339
105060494 -1.040647 0.484739 -0.248443 1.174582 102.211222 155.023640 1.325139 3.858540
105060495 -1.039471 0.484739 -0.253303 1.174579 102.453914 154.998828 1.337700 3.858671
105060496 -1.038295 0.484739 -0.258163 1.174596 102.696600 154.973968 1.350221 3.858731
105060497 -1.037118 0.484739 -0.263022 1.174635 102.939272 154.949063 1.362701 3.858721
105060498 -1.035942 0.484739 -0.267882 1.174695 103.181922 154.924111 1.375137 3.858640
105060499 -1.034766 0.484739 -0.272741 1.174777 103.424540 154.899113 1.387529 3.858490
105060500 -1.033589 0.484739 -0.277601 1.174879 103.667117 154.874068 1.399876 3.858269
105060501 -1.137625 0.507839 0.206511 1.262830 80.588110 155.943867 1.092938 3.584516
105060502 -1.136449 0.507839 0.201652 1.260984 80.797967 155.921795 1.084626 3.589880
105060503 -1.135272 0.507839 0.196792 1.259155 81.008437 155.899685 1.076224 3.595211
105060504 -1.134096 0.507839 0.191932 1.257344 81.219519 155.877537 1.067734 3.600507
105060505 -1.132920 0.507839 0.187073 1.255549 81.431208 155.855350 1.059155 3.605769
105060506 -1.131743 0.507839 0.182213 1.253773 81.643501 155.833125 1.050486 3.610996
105060507 -1.130567 0.507839 0.177353 1.252013 81.856395 155.810862 1.041729 3.616187
105060508 -1.129391 0.507839 0.172494 1.250271 82.069886 155.788560 1.032883 3.621341
105060509 -1.128214 0.507839 0.167634 1.248547 82.283972 155.766219 1.023949 3.626458
105060510 -1.127038 0.507839 0.162775 1.246840 82.498647 155.743840 1.014926 3.631538
105060511 -1.125862 0.507839 0.157915 1.245152 82.713909 155.721422 1.005814 3.636579
105060512 -1.124685 0.507839 0.153055 1.243481 82.929754 155.698964 0.996614 3.641582
105060513 -1.123509 0.507839 0.148196 1.241827 83.146178 155.676468 0.987326 3.646545
105060514 -1.122333 0.507839 0.143336 1.240192 83.363176 155.653933 0.977950 3.651468
105060515 -1.121156 0.507839 0.138476 1.238575 83.580745 155.631358 0.968486 3.656351
105060516 -1.119980 0.507839 0.133617 1.236976 83.798882 155.608744 0.958935 3.661192
105060517 -1.118804 0.507839 0.128757 1.235395 84.017580 155.586091 0.949297 3.665992
105060518 -1.117627 0.507839 0.123897 1.233832 84.236837 155.563398 0.939571 3.670750
105060519 -1.116451 0.507839 0.119038 1.232288 84.456647 155.540665 0.929759 3.675464
105060520 -1.115275 0.507839 0.114178 1.230762 84.677007 155.517893 0.919861 3.680136
105060521 -1.114098 0.507839 0.109318 1.229254 84.897911 155.495080 0.909876 3.684763
105060522 -1.112922 0.507839 0.104459 1.227765 85.119356 155.472228 0.899806 3.689345
105060523 -1.111746 0.507839 0.099599 1.226295 85.341335 155.449336 0.889650 3.693883
105060524 -1.110569 0.507839 0.094739 1.224843 85.563845 155.426404 0.879409 3.698374
105060525 -1.109393 0.507839 0.089880 1.223410 85.786880 155.403432 0.869084 3.702820
105060526 -1.108217 0.507839 0.085020 1.221996 86.010436 155.380419 0.858674 3.707218
105060527 -1.107040 0.507839 0.080160 1.220600 86.234507 155.357366 0.848181 3.711569
105060528 -1.105864 0.507839 0.075301 1.219224 86.459088 155.334272 0.837605 3.715872
105060529 -1.104688 0.507839 0.070441 1.217866 86.684173 155.311138 0.826946 3.720126
105060530 -1.103511 0.507839 0.065581 1.216527 86.909758 155.287963 0.816205 3.724331
105060531 -1.102335 0.507839 0.060722 1.215208 87.135838 155.264747 0.805382 3.728486
105060532 -1.101159 0.507839 0.055862 1.213908 87.362405 155.241490 0.794478 3.732591
105060533 -1.099982 0.507839 0.051003 1.212626 87.589455 155.218193 0.783493 3.736646
105060534 -1.098806 0.507839 0.046143 1.211365 87.816982 155.194854 0.772428 3.740649
105060535 -1.097630 0.507839 0.041283 1.210122 88.044981 155.171474 0.761285 3.744600
105060536 -1.096453 0.507839 0.036424 1.208899 88.273445 155.148052 0.750062 3.748498
105060537 -1.095277 0.507839 0.031564 1.207696 88.502368 155.124590 0.738761 3.752344
105060538 -1.094101 0.507839 0.026704 1.206511 88.731744 155.101085 0.727383 3.756136
105060539 -1.092924 0.507839 0.021845 1.205347 88.961568 155.077539 0.715929 3.759874
105060540 -1.091748 0.507839 0.016985 1.204202 89.191832 155.053952 0.704398 3.763558
105060541 -1.090572 0.507839 0.012125 1.203077 89.422532 155.030322 0.692792 3.767186
105060542 -1.089395 0.507839 0.007266 1.201972 89.653659 155.006651 0.681112 3.770759
105060543 -1.088219 0.507839 0.002406 1.200886 89.885208 154.982937 0.669359 3.774276
105060544 -1.087043 0.507839 -0.002454 1.199820 90.117172 154.959182 0.670082 3.777736
105060545 -1.085866 0.507839 -0.007313 1.198774 90.349545 154.935384 0.683117 3.781140
105060546 -1.084690 0.507839 -0.012173 1.197748 90.582320 154.911544 0.696181 3.784485
105060547 -1.083514 0.507839 -0.017033 1.196742 90.815490 154.887661 0.709272 3.787773
105060548 -1.082337 0.507839 -0.021892 1.195757 91.049048 154.863736 0.722390 3.791002
105060549 -1.081161 0.507839 -0.026752 1.194791 91.282987 154.839768 0.735533 3.794172
105060550 -1.079984 0.507839 -0.031612 1.193845 91.517301 154.815758 0.748700 3.797283
105060551 -1.078808 0.507839 -0.036471 1.192920 91.751982 154.791704 0.761890 3.800334
105060552 -1.077632 0.507839 -0.041331 1.192015 91.987023 154.767608 0.775102 3.803325
105060553 -1.076455 0.507839 -0.046191 1.191130 92.222417 154.743469 0.788334 3.806255
105060554 -1.075279 0.507839 -0.051050 1.190266 92.458157 154.719286 0.801584 3.809123
105060555 -1.074103 0.507839 -0.055910 1.189422 92.694234 154.695060 0.814852 3.811930
105060556 -1.072926 0.507839 -0.060770 1.188598 92.930643 154.670790 0.828137 3.814675
105060557 -1.071750 0.507839 -0.065629 1.187795 93.167374 154.646478 0.841436 3.817358
105060558 -1.070574 0.507839 -0.070489 1.187012 93.404422 154.622121 0.854749 3.819978
105060559 -1.069397 0.507839 -0.075348 1.186250 93.641777 154.597721 0.868074 3.822534
105060560 -1.068221 0.507839 -0.080208 1.185509 93.879433 154.573277 0.881411 3.825027
105060561 -1.067045 0.507839 -0.085068 1.184788 94.117381 154.548788 0.894756 3.827455
105060562 -1.065868 0.507839 -0.089927 1.184088 94.355614 154.524256 0.908110 3.829820
105060563 -1.064692 0.507839 -0.094787 1.183408 94.594124 154.499680 0.921471 3.832119
105060564 -1.063516 0.507839 -0.099647 1.182749 94.832904 154.475059 0.934837 3.834354
105060565 -1.062339 0.507839 -0.104506 1.182111 95.071944 154.450394 0.948207 3.836523
105060566 -1.061163 0.507839 -0.109366 1.181494 95.311237 154.425685 0.961579 3.838626
105060567 -1.059987 0.507839 -0.114226 1.180898 95.550775 154.400931 0.974953 3.840664
105060568 -1.058810 0.507839 -0.119085 1.180323 95.790550 154.376132 0.988326 3.842635
105060569 -1.057634 0.507839 -0.123945 1.179768 96.030553 154.351288 1.001698 3.844539
105060570 -1.056458 0.507839 -0.128805 1.179235 96.270777 154.326400 1.015066 3.846376
105060571 -1.055281 0.507839 -0.133664 1.178722 96.511213 154.301466 1.028430 3.848146
105060572 -1.054105 0.507839 -0.138524 1.178231 96.751852 154.276487 1.041788 3.849848
105060573 -1.052929 0.507839 -0.143384 1.177760 96.992687 154.251463 1.055139 3.851482
105060574 -1.051752 0.507839 -0.148243 1.177310 97.233708 154.226394 1.068480 3.853049
105060575 -1.050576 0.507839 -0.153103 1.176882 97.474908 154.201279 1.081811 3.854547
105060576 -1.049400 0.507839 -0.157963 1.176475 97.716278 154.176118 1.095131 3.855976
105060577 -1.048223 0.507839 -0.162822 1.176088 97.957809 154.150911 1.108437 3.857337
105060578 -1.047047 0.507839 -0.167682 1.175723 98.199493 154.125659 1.121728 3.858629
105060579 -1.045871 0.507839 -0.172542 1.175379 98.441322 154.100361 1.135003 3.859851
105060580 -1.044694 0.507839 -0.177401 1.175057 98.683286 154.075017 1.148261 3.861004
105060581 -1.043518 0.507839 -0.182261 1.174755 98.925377 154.049626 1.161499 3.862088
105060582 -1.042342 0.507839 -0.187120 1.174475 99.167586 154.024189 1.174717 3.863101
105060583 -1.041165 0.507839 -0.191980 1.174216 99.409904 153.998706 1.187913 3.864045
105060584 -1.039989 0.507839 -0.196840 1.173978 99.652323 153.973176 1.201085 3.864919
105060585 -1.038813 0.507839 -0.201699 1.173761 99.894835 153.947599 1.214233 3.865723
105060586 -1.037636 0.507839 -0.206559 1.173566 100.137429 153.921976 1.227354 3.866456
105060587 -1.036460 0.507839 -0.211419 1.173392 100.380098 153.896306 1.240448 3.867119
105060588 -1.035284 0.507839 -0.216278 1.173239 100.622833 153.870588 1.253512 3.867711
105060589 -1.034107 0.507839 -0.221138 1.173107 100.865624 153.844824 1.266545 3.868233
105060590 -1.032931 0.507839 -0.225998 1.172997 101.108463 153.819012 1.279547 3.868684
105060591 -1.031755 0.507839 -0.230857 1.172908 101.351341 153.793153 1.292515 3.869064
105060592 -1.030578 0.507839 -0.235717 1.172841 101.594250 153.767246 1.305448 3.869374
105060593 -1.029402 0.507839 -0.240577 1.172794 101.837179 153.741292 1.318344 3.869612
105060594 -1.028226 0.507839 -0.245436 1.172769 102.080121 153.715290 1.331203 3.869780
105060595 -1.027049 0.507839 -0.250296 1.172766 102.323067 153.689240 1.344023 3.869877
105060596 -1.025873 0.507839 -0.255156 1.172783 102.566007 153.663142 1.356803 3.869903
105060597 -1.024697 0.507839 -0.260015 1.172822 102.808933 153.636996 1.369540 3.869857
105060598 -1.023520 0.507839 -0.264875 1.172882 103.051835 153.610802 1.382234 3.869741
105060599 -1.022344 0.507839 -0.269735 1.172964 103.294706 153.584559 1.394884 3.869554
105060600 -1.021168 0.507839 -0.274594 1.173067 103.537536 153.558268 1.407488 3.869297
105060601 -1.125203 0.530939 0.209518 1.261696 80.441135 154.739203 1.108386 3.593534
105060602 -1.124027 0.530939 0.204659 1.259848 80.651042 154.716066 1.099941 3.598897
105060603 -1.122850 0.530939 0.199799 1.258018 80.861564 154.692889 1.091405 3.604225
105060604 -1.121674 0.530939 0.194939 1.256205 81.072699 154.669673 1.082778 3.609519
105060605 -1.120498 0.530939 0.190080 1.254409 81.284442 154.646417 1.074061 3.614778
105060606 -1.119321 0.530939 0.185220 1.252631 81.496791 154.623121 1.065254 3.620002
105060607 -1.118145 0.530939 0.180360 1.250870 81.709742 154.599785 1.056356 3.625189
105060608 -1.116969 0.530939 0.175501 1.249126 81.923292 154.576409 1.047368 3.630340
105060609 -1.115792 0.530939 0.170641 1.247400 82.137437 154.552992 1.038289 3.635453
105060610 -1.114616 0.530939 0.165781 1.245692 82.352173 154.529536 1.029121 3.640529
105060611 -1.113440 0.530939 0.160922 1.244002 82.567498 154.506039 1.019862 3.645566
105060612 -1.112263 0.530939 0.156062 1.242329 82.783407 154.482501 1.010514 3.650563
105060613 -1.111087 0.530939 0.151202 1.240675 82.999896 154.458923 1.001076 3.655521
105060614 -1.109911 0.530939 0.146343 1.239038 83.216961 154.435304 0.991548 3.660439
105060615 -1.108734 0.530939 0.141483 1.237419 83.434599 154.411645 0.981932 3.665316
105060616 -1.107558 0.530939 0.136623 1.235819 83.652805 154.387944 0.972226 3.670152
105060617 -1.106382 0.530939 0.131764 1.234236 83.871574 154.364203 0.962431 3.674945
105060618 -1.105205 0.530939 0.126904 1.232672 84.090903 154.340421 0.952548 3.679696
105060619 -1.104029 0.530939 0.122045 1.231126 84.310787 154.316597 0.942577 3.684404
105060620 -1.102853 0.530939 0.117185 1.229599 84.531221 154.292732 0.932518 3.689067
105060621 -1.101676 0.530939 0.112325 1.228090 84.752202 154.268826 0.922371 3.693687
105060622 -1.100500 0.530939 0.107466 1.226599 84.973724 154.244878 0.912137 3.698261
105060623 -1.099324 0.530939 0.102606 1.225127 85.195782 154.220889 0.901817 3.702790
105060624 -1.098147 0.530939 0.097746 1.223674 85.418372 154.196858 0.891410 3.707273
105060625 -1.096971 0.530939 0.092887 1.222240 85.641488 154.172785 0.880916 3.711709
105060626 -1.095795 0.530939 0.088027 1.220824 85.865127 154.148670 0.870338 3.716098
105060627 -1.094618 0.530939 0.083167 1.219427 86.089282 154.124514 0.859674 3.720440
105060628 -1.093442 0.530939 0.078308 1.218049 86.313948 154.100315 0.848925 3.724732
105060629 -1.092266 0.530939 0.073448 1.216690 86.539120 154.076074 0.838092 3.728976
105060630 -1.091089 0.530939 0.068588 1.215351 86.764793 154.051791 0.827176 3.733170
105060631 -1.089913 0.530939 0.063729 1.214030 86.990961 154.027466 0.816176 3.737314
105060632 -1.088737 0.530939 0.058869 1.212728 87.217618 154.003098 0.805094 3.741408
105060633 -1.087560 0.530939 0.054009 1.211446 87.444760 153.978688 0.793930 3.745450
105060634 -1.086384 0.530939 0.049150 1.210183 87.672380 153.954234 0.782685 3.749441
105060635 -1.085208 0.530939 0.044290 1.208939 87.900472 153.929738 0.771359 3.753379
105060636 -1.084031 0.530939 0.039430 1.207715 88.129031 153.905200 0.759953 3.757265
105060637 -1.082855 0.530939 0.034571 1.206510 88.358050 153.880618 0.748468 3.761097
105060638 -1.081679 0.530939 0.029711 1.205325 88.587523 153.855993 0.736904 3.764875
105060639 -1.080502 0.530939 0.024851 1.204159 88.817445 153.831325 0.725262 3.768599
105060640 -1.079326 0.530939 0.019992 1.203013 89.047809 153.806613 0.713542 3.772268
105060641 -1.078150 0.530939 0.015132 1.201887 89.278608 153.781858 0.701747 3.775882
105060642 -1.076973 0.530939 0.010272 1.200780 89.509837 153.757060 0.689875 3.779440
105060643 -1.075797 0.530939 0.005413 1.199694 89.741489 153.732218 0.677929 3.782941
105060644 -1.074621 0.530939 0.000553 1.198627 89.973557 153.707332 0.665909 3.786385
105060645 -1.073444 0.530939 -0.004306 1.197580 90.206034 153.682403 0.676276 3.789772
105060646 -1.072268 0.530939 -0.009166 1.196553 90.438915 153.657429 0.689553 3.793100
105060647 -1.071092 0.530939 -0.014026 1.195546 90.672191 153.632412 0.702859 3.796371
105060648 -1.069915 0.530939 -0.018885 1.194559 90.905857 153.607350 0.716192 3.799582
105060649 -1.068739 0.530939 -0.023745 1.193593 91.139905 153.582244 0.729552 3.802734
105060650 -1.067563 0.530939 -0.028605 1.192646 91.374328 153.557094 0.742936 3.805827
105060651 -1.066386 0.530939 -0.033464 1.191720 91.609120 153.531899 0.756345 3.808858
105060652 -1.065210 0.530939 -0.038324 1.190814 91.844272 153.506660 0.769776 3.811830
105060653 -1.064034 0.530939 -0.043184 1.189928 92.079778 153.481376 0.783228 3.814740
105060654 -1.062857 0.530939 -0.048043 1.189063 92.315631 153.456047 0.796700 3.817588
105060655 -1.061681 0.530939 -0.052903 1.188218 92.551822 153.430673 0.810191 3.820374
105060656 -1.060505 0.530939 -0.057763 1.187393 92.788345 153.405254 0.823699 3.823098
105060657 -1.059328 0.530939 -0.062622 1.186589 93.025192 153.379790 0.837223 3.825759
105060658 -1.058152 0.530939 -0.067482 1.185806 93.262356 153.354281 0.850761 3.828357
105060659 -1.056976 0.530939 -0.072342 1.185043 93.499828 153.328727 0.864313 3.830891
105060660 -1.055799 0.530939 -0.077201 1.184301 93.737602 153.303127 0.877876 3.833361
105060661 -1.054623 0.530939 -0.082061 1.183579 93.975668 153.277481 0.891450 3.835767
105060662 -1.053447 0.530939 -0.086921 1.182879 94.214021 153.251790 0.905032 3.838107
105060663 -1.052270 0.530939 -0.091780 1.182198 94.452651 153.226053 0.918622 3.840383
105060664 -1.051094 0.530939 -0.096640 1.181539 94.691550 153.200270 0.932219 3.842593
105060665 -1.049918 0.530939 -0.101500 1.180900 94.930711 153.174441 0.945820 3.844737
105060666 -1.048741 0.530939 -0.106359 1.180283 95.170126 153.148566 0.959424 3.846815
105060667 -1.047565 0.530939 -0.111219 1.179686 95.409786 153.122645 0.973030 3.848827
105060668 -1.046389 0.530939 -0.116078 1.179110 95.649684 153.096677 0.986636 3.850771
105060669 -1.045212 0.530939 -0.120938 1.178555 95.889810 153.070663 1.000241 3.852649
105060670 -1.044036 0.530939 -0.125798 1.178021 96.130158 153.044603 1.013844 3.854459
105060671 -1.042859 0.530939 -0.130657 1.177508 96.370717 153.018495 1.027443 3.856201
105060672 -1.041683 0.530939 -0.135517 1.177015 96.611481 152.992341 1.041036 3.857875
105060673 -1.040507 0.530939 -0.140377 1.176544 96.852441 152.966140 1.054622 3.859481
105060674 -1.039330 0.530939 -0.145236 1.176094 97.093588 152.939891 1.068200 3.861019
105060675 -1.038154 0.530939 -0.150096 1.175666 97.334914 152.913596 1.081768 3.862487
105060676 -1.036978 0.530939 -0.154956 1.175258 97.576410 152.887253 1.095324 3.863887
105060677 -1.035801 0.530939 -0.159815 1.174871 97.818067 152.860863 1.108868 3.865217
105060678 -1.034625 0.530939 -0.164675 1.174506 98.059878 152.834426 1.122397 3.866478
105060679 -1.033449 0.530939 -0.169535 1.174161 98.301834 152.807941 1.135910 3.867670
105060680 -1.032272 0.530939 -0.174394 1.173838 98.543925 152.781408 1.149407 3.868791
105060681 -1.031096 0.530939 -0.179254 1.173537 98.786143 152.754827 1.162884 3.869843
105060682 -1.029920 0.530939 -0.184114 1.173256 99.028479 152.728198 1.176341 3.870824
105060683 -1.028743 0.530939 -0.188973 1.172996 99.270926 152.701521 1.189776 3.871735
105060684 -1.027567 0.530939 -0.193833 1.172758 99.513473 152.674796 1.203188 3.872576
105060685 -1.026391 0.530939 -0.198693 1.172541 99.756112 152.648023 1.216575 3.873345
105060686 -1.025214 0.530939 -0.203552 1.172346 99.998835 152.621201 1.229936 3.874045
105060687 -1.024038 0.530939 -0.208412 1.172172 100.241631 152.594330 1.243269 3.874673
105060688 -1.022862 0.530939 -0.213272 1.172019 100.484494 152.567411 1.256573 3.875230
105060689 -1.021685 0.530939 -0.218131 1.171887 100.727413 152.540443 1.269847 3.875716
105060690 -1.020509 0.530939 -0.222991 1.171777 100.970380 152.513426 1.283088 3.876132
105060691 -1.019333 0.530939 -0.227851 1.171688 101.213386 152.486360 1.296296 3.876475
105060692 -1.018156 0.530939 -0.232710 1.171620 101.456422 152.459245 1.309469 3.876748
105060693 -1.016980 0.530939 -0.237570 1.171574 101.699480 152.432081 1.322605 3.876949
105060694 -1.015804 0.530939 -0.242429 1.171549 101.942549 152.404867 1.335704 3.877080
105060695 -1.014627 0.530939 -0.247289 1.171545 102.185622 152.377603 1.348763 3.877138
105060696 -1.013451 0.530939 -0.252149 1.171563 102.428689 152.350290 1.361782 3.877126
105060697 -1.012275 0.530939 -0.257008 1.171602 102.671742 152.322927 1.374759 3.877041
105060698 -1.011098 0.530939 -0.261868 1.171662 102.914771 152.295514 1.387692 3.876886
105060699 -1.009922 0.530939 -0.266728 1.171744 103.157768 152.268051 1.400581 3.876659
105060700 -1.008746 0.530939 -0.271587 1.171847 103.400724 152.240538 1.413423 3.876361
105060701 -1.112781 0.554040 0.212525 1.261114 80.298120 153.531872 1.123193 3.599413
105060702 -1.111605 0.554040 0.207665 1.259266 80.507996 153.507686 1.114624 3.604762
105060703 -1.110429 0.554040 0.202806 1.257435 80.718487 153.483459 1.105963 3.610076
105060704 -1.109252 0.554040 0.197946 1.255621 80.929591 153.459190 1.097210 3.615355
105060705 -1.108076 0.554040 0.193087 1.253824 81.141305 153.434881 1.088366 3.620599
105060706 -1.106900 0.554040 0.188227 1.252045 81.353625 153.410530 1.079429 3.625808
105060707 -1.105723 0.554040 0.183367 1.250283 81.566548 153.386138 1.070401 3.630980
105060708 -1.104547 0.554040 0.178508 1.248539 81.780070 153.361704 1.061281 3.636115
105060709 -1.103371 0.554040 0.173648 1.246812 81.994189 153.337228 1.052070 3.641212
105060710 -1.102194 0.554040 0.168788 1.245103 82.208899 153.312711 1.042767 3.646271
105060711 -1.101018 0.554040 0.163929 1.243412 82.424198 153.288152 1.033372 3.651292
105060712 -1.099842 0.554040 0.159069 1.241738 82.640082 153.263551 1.023887 3.656273
105060713 -1.098665 0.554040 0.154209 1.240083 82.856547 153.238908 1.014311 3.661214
105060714 -1.097489 0.554040 0.149350 1.238445 83.073588 153.214223 1.004643 3.666114
105060715 -1.096313 0.554040 0.144490 1.236826 83.291203 153.189496 0.994886 3.670974
105060716 -1.095136 0.554040 0.139630 1.235225 83.509386 153.164727 0.985037 3.675791
105060717 -1.093960 0.554040 0.134771 1.233641 83.728133 153.139915 0.975099 3.680567
105060718 -1.092784 0.554040 0.129911 1.232077 83.947441 153.115060 0.965071 3.685299
105060719 -1.091607 0.554040 0.125051 1.230530 84.167304 153.090163 0.954954 3.689988
105060720 -1.090431 0.554040 0.120192 1.229002 84.387719 153.065223 0.944747 3.694633
105060721 -1.089255 0.554040 0.115332 1.227492 84.608680 153.040241 0.934451 3.699233
105060722 -1.088078 0.554040 0.110472 1.226001 84.830183 153.015215 0.924067 3.703788
105060723 -1.086902 0.554040 0.105613 1.224528 85.052223 152.990147 0.913594 3.708298
105060724 -1.085726 0.554040 0.100753 1.223074 85.274795 152.965035 0.903034 3.712760
105060725 -1.084549 0.554040 0.095893 1.221639 85.497894 152.939881 0.892387 3.717176
105060726 -1.083373 0.554040 0.091034 1.220223 85.721516 152.914682 0.881653 3.721545
105060727 -1.082196 0.554040 0.086174 1.218825 85.945655 152.889441 0.870832 3.725865
105060728 -1.081020 0.554040 0.081315 1.217447 86.170305 152.864156 0.859925 3.730136
105060729 -1.079844 0.554040 0.076455 1.216087 86.395463 152.838827 0.848933 3.734359
105060730 -1.078667 0.554040 0.071595 1.214747 86.621121 152.813455 0.837857 3.738531
105060731 -1.077491 0.554040 0.066736 1.213425 86.847275 152.788039 0.826695 3.742653
105060732 -1.076315 0.554040 0.061876 1.212123 87.073920 152.762579 0.815450 3.746724
105060733 -1.075138 0.554040 0.057016 1.210840 87.301048 152.737074 0.804122 3.750744
105060734 -1.073962 0.554040 0.052157 1.209576 87.528656 152.711526 0.792712 3.754712
105060735 -1.072786 0.554040 0.047297 1.208332 87.756736 152.685934 0.781219 3.758627
105060736 -1.071609 0.554040 0.042437 1.207107 87.985284 152.660297 0.769645 3.762489
105060737 -1.070433 0.554040 0.037578 1.205902 88.214292 152.634615 0.757991 3.766297
105060738 -1.069257 0.554040 0.032718 1.204716 88.443755 152.608890 0.746257 3.770051
105060739 -1.068080 0.554040 0.027858 1.203550 88.673668 152.583119 0.734444 3.773750
105060740 -1.066904 0.554040 0.022999 1.202403 88.904022 152.557304 0.722552 3.777395
105060741 -1.065728 0.554040 0.018139 1.201276 89.134813 152.531444 0.710583 3.780983
105060742 -1.064551 0.554040 0.013279 1.200169 89.366033 152.505538 0.698537 3.784515
105060743 -1.063375 0.554040 0.008420 1.199082 89.597677 152.479588 0.686416 3.787991
105060744 -1.062199 0.554040 0.003560 1.198014 89.829738 152.453593 0.674219 3.791409
105060745 -1.061022 0.554040 -0.001300 1.196967 90.062208 152.427552 0.668834 3.794769
105060746 -1.059846 0.554040 -0.006159 1.195940 90.295082 152.401466 0.682304 3.798071
105060747 -1.058670 0.554040 -0.011019 1.194932 90.528353 152.375334 0.695805 3.801315
105060748 -1.057493 0.554040 -0.015879 1.193945 90.762013 152.349157 0.709335 3.804499
105060749 -1.056317 0.554040 -0.020738 1.192978 90.996055 152.322934 0.722892 3.807623
105060750 -1.055141 0.554040 -0.025598 1.192031 91.230474 152.296665 0.736475 3.810687
105060751 -1.053964 0.554040 -0.030458 1.191104 91.465260 152.270350 0.750082 3.813691
105060752 -1.052788 0.554040 -0.035317 1.190197 91.700408 152.243989 0.763713 3.816634
105060753 -1.051612 0.554040 -0.040177 1.189311 91.935911 152.217582 0.777367 3.819515
105060754 -1.050435 0.554040 -0.045036 1.188445 92.171760 152.191129 0.791041 3.822334
105060755 -1.049259 0.554040 -0.049896 1.187600 92.407948 152.164629 0.804735 3.825091
105060756 -1.048083 0.554040 -0.054756 1.186775 92.644468 152.138083 0.818446 3.827785
105060757 -1.046906 0.554040 -0.059615 1.185971 92.881313 152.111490 0.832175 3.830416
105060758 -1.045730 0.554040 -0.064475 1.185187 93.118474 152.084850 0.845919 3.832983
105060759 -1.044554 0.554040 -0.069335 1.184424 93.355944 152.058164 0.859676 3.835486
105060760 -1.043377 0.554040 -0.074194 1.183681 93.593716 152.031430 0.873447 3.837925
105060761 -1.042201 0.554040 -0.079054 1.182959 93.831782 152.004650 0.887228 3.840299
105060762 -1.041025 0.554040 -0.083914 1.182258 94.070133 151.977822 0.901019 3.842608
105060763 -1.039848 0.554040 -0.088773 1.181577 94.308762 151.950947 0.914818 3.844852
105060764 -1.038672 0.554040 -0.093633 1.180918 94.547661 151.924025 0.928625 3.847029
105060765 -1.037496 0.554040 -0.098493 1.180279 94.786822 151.897055 0.942436 3.849141
105060766 -1.036319 0.554040 -0.103352 1.179661 95.026236 151.870038 0.956252 3.851186
105060767 -1.035143 0.554040 -0.108212 1.179063 95.265896 151.842972 0.970069 3.853164
105060768 -1.033967 0.554040 -0.113072 1.178487 95.505794 151.815859 0.983888 3.855075
105060769 -1.032790 0.554040 -0.117931 1.177932 95.745921 151.788698 0.997707 3.856918
105060770 -1.031614 0.554040 -0.122791 1.177397 95.986269 151.761489 1.011523 3.858694
105060771 -1.030438 0.554040 -0.127651 1.176884 96.226829 151.734232 1.025336 3.860401
105060772 -1.029261 0.554040 -0.132510 1.176392 96.467594 151.706926 1.039144 3.862041
105060773 -1.028085 0.554040 -0.137370 1.175920 96.708555 151.679572 1.052945 3.863611
105060774 -1.026909 0.554040 -0.142230 1.175470 96.949703 151.652169 1.066739 3.865113
105060775 -1.025732 0.554040 -0.147089 1.175041 97.191029 151.624718 1.080522 3.866546
105060776 -1.024556 0.554040 -0.151949 1.174633 97.432527 151.597218 1.094295 3.867910
105060777 -1.023380 0.554040 -0.156808 1.174246 97.674186 151.569669 1.108056 3.869203
105060778 -1.022203 0.554040 -0.161668 1.173881 97.915998 151.542071 1.121802 3.870428
105060779 -1.021027 0.554040 -0.166528 1.173536 98.157954 151.514424 1.135533 3.871582
105060780 -1.019851 0.554040 -0.171387 1.173213 98.400047 151.486727 1.149247 3.872666
105060781 -1.018674 0.554040 -0.176247 1.172911 98.642266 151.458982 1.162943 3.873680
105060782 -1.017498 0.554040 -0.181107 1.172630 98.884604 151.431186 1.176618 3.874623
105060783 -1.016322 0.554040 -0.185966 1.172371 99.127052 151.403341 1.190272 3.875496
105060784 -1.015145 0.554040 -0.190826 1.172132 99.369600 151.375447 1.203903 3.876297
105060785 -1.013969 0.554040 -0.195686 1.171915 99.612241 151.347502 1.217509 3.877028
105060786 -1.012793 0.554040 -0.200545 1.171720 99.854964 151.319508 1.231089 3.877688
105060787 -1.011616 0.554040 -0.205405 1.171545 100.097762 151.291463 1.244642 3.878277
105060788 -1.010440 0.554040 -0.210265 1.171392 100.340626 151.263368 1.258165 3.878794
105060789 -1.009264 0.554040 -0.215124 1.171261 100.583546 151.235223 1.271658 3.879240
105060790 -1.008087 0.554040 -0.219984 1.171150 100.826514 151.207028 1.285119 3.879615
105060791 -1.006911 0.554040 -0.224844 1.171061 101.069521 151.178782 1.298546 3.879918
105060792 -1.005735 0.554040 -0.229703 1.170993 101.312557 151.150485 1.311939 3.880149
105060793 -1.004558 0.554040 -0.234563 1.170947 101.555615 151.122137 1.325295 3.880309
105060794 -1.003382 0.554040 -0.239423 1.170922 101.798685 151.093738 1.338613 3.880398
105060795 -1.002205 0.554040 -0.244282 1.170918 102.041757 151.065289 1.351892 3.880414
105060796 -1.001029 0.554040 -0.249142 1.170936 102.284824 151.036788 1.365130 3.880359
105060797 -0.999853 0.554040 -0.254002 1.170975 102.527877 151.008235 1.378326 3.880233
105060798 -0.998676 0.554040 -0.258861 1.171035 102.770905 150.979632 1.391478 3.880034
105060799 -0.997500 0.554040 -0.263721 1.171117 103.013901 150.950976 1.404585 3.879765
105060800 -0.996324 0.554040 -0.268581 1.171220 103.256856 150.922269 1.417646 3.879423
