# pixelID   x   y   z   l2  two_theta   azimuthal   polar_width azimuthal_width
113020001 0.714487 -0.413400 2.213767 2.362659 20.449364 -30.053540 0.969128 1.678784
113020002 0.713227 -0.413400 2.218606 2.366813 20.383710 -30.097392 0.968874 1.675124
113020003 0.711967 -0.413400 2.223444 2.370971 20.318298 -30.141360 0.968621 1.671472
113020004 0.710708 -0.413400 2.228283 2.375132 20.253125 -30.185444 0.968369 1.667828
113020005 0.709448 -0.413400 2.233122 2.379296 20.188192 -30.229646 0.968118 1.664191
113020006 0.708188 -0.413400 2.237960 2.383463 20.123497 -30.273965 0.967867 1.660562
113020007 0.706928 -0.413400 2.242799 2.387634 20.059039 -30.318401 0.967618 1.656940
113020008 0.705668 -0.413400 2.247638 2.391807 19.994817 -30.362956 0.967370 1.653326
113020009 0.704408 -0.413400 2.252476 2.395984 19.930829 -30.407630 0.967123 1.649719
113020010 0.703148 -0.413400 2.257315 2.400164 19.867076 -30.452422 0.966876 1.646119
113020011 0.701889 -0.413400 2.262154 2.404347 19.803556 -30.497334 0.966631 1.642527
113020012 0.700629 -0.413400 2.266992 2.408534 19.740267 -30.542366 0.966387 1.638943
113020013 0.699369 -0.413400 2.271831 2.412723 19.677210 -30.587518 0.966144 1.635366
113020014 0.698109 -0.413400 2.276670 2.416916 19.614383 -30.632790 0.965902 1.631796
113020015 0.696849 -0.413400 2.281508 2.421111 19.551784 -30.678184 0.965661 1.628234
113020016 0.695589 -0.413400 2.286347 2.425310 19.489414 -30.723700 0.965421 1.624678
113020017 0.694330 -0.413400 2.291186 2.429511 19.427271 -30.769337 0.965182 1.621131
113020018 0.693070 -0.413400 2.296024 2.433716 19.365353 -30.815097 0.964945 1.617590
113020019 0.691810 -0.413400 2.300863 2.437924 19.303661 -30.860980 0.964708 1.614056
113020020 0.690550 -0.413400 2.305702 2.442134 19.242193 -30.906986 0.964473 1.610530
113020021 0.689290 -0.413400 2.310541 2.446348 19.180948 -30.953116 0.964239 1.607011
113020022 0.688030 -0.413400 2.315379 2.450564 19.119925 -30.999370 0.964006 1.603499
113020023 0.686770 -0.413400 2.320218 2.454784 19.059124 -31.045748 0.963775 1.599994
113020024 0.685511 -0.413400 2.325057 2.459006 18.998543 -31.092252 0.963545 1.596496
113020025 0.684251 -0.413400 2.329895 2.463232 18.938181 -31.138881 0.963316 1.593005
113020026 0.682991 -0.413400 2.334734 2.467460 18.878038 -31.185636 0.963088 1.589521
113020027 0.681731 -0.413400 2.339573 2.471691 18.818112 -31.232518 0.962861 1.586045
113020028 0.680471 -0.413400 2.344411 2.475925 18.758403 -31.279526 0.962636 1.582575
113020029 0.679211 -0.413400 2.349250 2.480162 18.698910 -31.326662 0.962413 1.579112
113020030 0.677951 -0.413400 2.354089 2.484402 18.639631 -31.373926 0.962190 1.575655
113020031 0.676692 -0.413400 2.358927 2.488644 18.580567 -31.421318 0.961969 1.572206
113020032 0.675432 -0.413400 2.363766 2.492889 18.521715 -31.468838 0.961749 1.568764
113020033 0.674172 -0.413400 2.368605 2.497137 18.463075 -31.516488 0.961531 1.565328
113020034 0.672912 -0.413400 2.373443 2.501388 18.404647 -31.564267 0.961314 1.561899
113020035 0.671652 -0.413400 2.378282 2.505642 18.346428 -31.612176 0.961098 1.558477
113020036 0.670392 -0.413400 2.383121 2.509898 18.288419 -31.660216 0.960884 1.555061
113020037 0.669133 -0.413400 2.387959 2.514157 18.230619 -31.708386 0.960671 1.551653
113020038 0.667873 -0.413400 2.392798 2.518419 18.173026 -31.756689 0.960460 1.548250
113020039 0.666613 -0.413400 2.397637 2.522684 18.115640 -31.805123 0.960250 1.544855
113020040 0.665353 -0.413400 2.402475 2.526951 18.058460 -31.853689 0.960042 1.541466
113020041 0.664093 -0.413400 2.407314 2.531221 18.001484 -31.902389 0.959835 1.538084
113020042 0.662833 -0.413400 2.412153 2.535494 17.944713 -31.951221 0.959629 1.534708
113020043 0.661573 -0.413400 2.416991 2.539769 17.888146 -32.000188 0.959426 1.531338
113020044 0.660314 -0.413400 2.421830 2.544047 17.831780 -32.049289 0.959223 1.527975
113020045 0.659054 -0.413400 2.426669 2.548327 17.775616 -32.098525 0.959022 1.524619
113020046 0.657794 -0.413400 2.431507 2.552611 17.719653 -32.147896 0.958823 1.521269
113020047 0.656534 -0.413400 2.436346 2.556896 17.663890 -32.197402 0.958625 1.517925
113020048 0.655274 -0.413400 2.441185 2.561185 17.608326 -32.247045 0.958429 1.514587
113020049 0.654014 -0.413400 2.446023 2.565476 17.552960 -32.296825 0.958234 1.511256
113020050 0.652755 -0.413400 2.450862 2.569769 17.497792 -32.346742 0.958041 1.507932
113020051 0.651495 -0.413400 2.455701 2.574065 17.442820 -32.396797 0.957849 1.504613
113020052 0.650235 -0.413400 2.460539 2.578364 17.388044 -32.446990 0.957659 1.501301
113020053 0.648975 -0.413400 2.465378 2.582665 17.333462 -32.497321 0.957471 1.497994
113020054 0.647715 -0.413400 2.470217 2.586968 17.279075 -32.547792 0.957284 1.494694
113020055 0.646455 -0.413400 2.475055 2.591275 17.224882 -32.598402 0.957099 1.491401
113020056 0.645195 -0.413400 2.479894 2.595583 17.170880 -32.649153 0.956916 1.488113
113020057 0.643936 -0.413400 2.484733 2.599894 17.117071 -32.700044 0.956734 1.484831
113020058 0.642676 -0.413400 2.489572 2.604208 17.063452 -32.751077 0.956554 1.481555
113020059 0.641416 -0.413400 2.494410 2.608524 17.010024 -32.802251 0.956375 1.478286
113020060 0.640156 -0.413400 2.499249 2.612842 16.956785 -32.853568 0.956198 1.475022
113020061 0.638896 -0.413400 2.504088 2.617163 16.903735 -32.905027 0.956023 1.471764
113020062 0.637636 -0.413400 2.508926 2.621486 16.850872 -32.956630 0.955850 1.468512
113020063 0.636376 -0.413400 2.513765 2.625812 16.798196 -33.008376 0.955678 1.465266
113020064 0.635117 -0.413400 2.518604 2.630140 16.745707 -33.060266 0.955508 1.462026
113020065 0.633857 -0.413400 2.523442 2.634470 16.693403 -33.112302 0.955339 1.458792
113020066 0.632597 -0.413400 2.528281 2.638803 16.641284 -33.164482 0.955172 1.455563
113020067 0.631337 -0.413400 2.533120 2.643138 16.589349 -33.216809 0.955007 1.452340
113020068 0.630077 -0.413400 2.537958 2.647476 16.537597 -33.269282 0.954844 1.449123
113020069 0.628817 -0.413400 2.542797 2.651816 16.486027 -33.321902 0.954683 1.445912
113020070 0.627558 -0.413400 2.547636 2.656158 16.434640 -33.374669 0.954523 1.442706
113020071 0.626298 -0.413400 2.552474 2.660502 16.383433 -33.427584 0.954365 1.439506
113020072 0.625038 -0.413400 2.557313 2.664849 16.332406 -33.480648 0.954208 1.436311
113020073 0.623778 -0.413400 2.562152 2.669198 16.281559 -33.533861 0.954054 1.433122
113020074 0.622518 -0.413400 2.566990 2.673550 16.230891 -33.587223 0.953901 1.429939
113020075 0.621258 -0.413400 2.571829 2.677903 16.180401 -33.640735 0.953750 1.426761
113020076 0.619998 -0.413400 2.576668 2.682259 16.130088 -33.694398 0.953601 1.423589
113020077 0.618739 -0.413400 2.581506 2.686617 16.079952 -33.748212 0.953453 1.420422
113020078 0.617479 -0.413400 2.586345 2.690978 16.029992 -33.802178 0.953308 1.417260
113020079 0.616219 -0.413400 2.591184 2.695340 15.980207 -33.856297 0.953164 1.414104
113020080 0.614959 -0.413400 2.596022 2.699705 15.930596 -33.910568 0.953022 1.410953
113020081 0.613699 -0.413400 2.600861 2.704072 15.881159 -33.964992 0.952882 1.407807
113020082 0.612439 -0.413400 2.605700 2.708441 15.831895 -34.019570 0.952743 1.404667
113020083 0.611180 -0.413400 2.610538 2.712812 15.782804 -34.074303 0.952606 1.401532
113020084 0.609920 -0.413400 2.615377 2.717186 15.733884 -34.129191 0.952472 1.398402
113020085 0.608660 -0.413400 2.620216 2.721561 15.685136 -34.184234 0.952339 1.395278
113020086 0.607400 -0.413400 2.625054 2.725939 15.636557 -34.239434 0.952208 1.392158
113020087 0.606140 -0.413400 2.629893 2.730319 15.588149 -34.294790 0.952078 1.389044
113020088 0.604880 -0.413400 2.634732 2.734701 15.539909 -34.350304 0.951951 1.385935
113020089 0.603620 -0.413400 2.639570 2.739085 15.491837 -34.405975 0.951825 1.382830
113020090 0.602361 -0.413400 2.644409 2.743472 15.443934 -34.461805 0.951701 1.379731
113020091 0.601101 -0.413400 2.649248 2.747860 15.396197 -34.517794 0.951579 1.376637
113020092 0.599841 -0.413400 2.654086 2.752251 15.348626 -34.573942 0.951459 1.373548
113020093 0.598581 -0.413400 2.658925 2.756643 15.301221 -34.630251 0.951341 1.370464
113020094 0.597321 -0.413400 2.663764 2.761038 15.253981 -34.686720 0.951225 1.367385
113020095 0.596061 -0.413400 2.668603 2.765435 15.206906 -34.743350 0.951110 1.364310
113020096 0.594801 -0.413400 2.673441 2.769833 15.159994 -34.800143 0.950998 1.361241
113020097 0.593542 -0.413400 2.678280 2.774234 15.113245 -34.857097 0.950887 1.358176
113020098 0.592282 -0.413400 2.683119 2.778637 15.066658 -34.914215 0.950778 1.355116
113020099 0.591022 -0.413400 2.687957 2.783042 15.020233 -34.971497 0.950671 1.352061
113020100 0.589762 -0.413400 2.692796 2.787448 14.973969 -35.028943 0.950566 1.349010
113020101 0.714487 -0.387000 2.213767 2.358183 20.155688 -28.442070 0.928263 1.707598
113020102 0.713227 -0.387000 2.218606 2.362345 20.090033 -28.484437 0.928035 1.703934
113020103 0.711967 -0.387000 2.223444 2.366510 20.024619 -28.526920 0.927807 1.700279
113020104 0.710708 -0.387000 2.228283 2.370679 19.959445 -28.569519 0.927581 1.696631
113020105 0.709448 -0.387000 2.233122 2.374851 19.894510 -28.612235 0.927356 1.692990
113020106 0.708188 -0.387000 2.237960 2.379026 19.829813 -28.655068 0.927131 1.689358
113020107 0.706928 -0.387000 2.242799 2.383205 19.765354 -28.698018 0.926908 1.685733
113020108 0.705668 -0.387000 2.247638 2.387386 19.701130 -28.741087 0.926687 1.682116
113020109 0.704408 -0.387000 2.252476 2.391571 19.637141 -28.784273 0.926466 1.678507
113020110 0.703148 -0.387000 2.257315 2.395758 19.573386 -28.827579 0.926247 1.674905
113020111 0.701889 -0.387000 2.262154 2.399949 19.509864 -28.871004 0.926028 1.671311
113020112 0.700629 -0.387000 2.266992 2.404143 19.446574 -28.914548 0.925811 1.667724
113020113 0.699369 -0.387000 2.271831 2.408340 19.383515 -28.958213 0.925596 1.664145
113020114 0.698109 -0.387000 2.276670 2.412540 19.320685 -29.001998 0.925381 1.660574
113020115 0.696849 -0.387000 2.281508 2.416743 19.258085 -29.045904 0.925168 1.657010
113020116 0.695589 -0.387000 2.286347 2.420950 19.195712 -29.089932 0.924956 1.653453
113020117 0.694330 -0.387000 2.291186 2.425159 19.133567 -29.134082 0.924746 1.649904
113020118 0.693070 -0.387000 2.296024 2.429371 19.071647 -29.178354 0.924537 1.646362
113020119 0.691810 -0.387000 2.300863 2.433586 19.009953 -29.222749 0.924329 1.642828
113020120 0.690550 -0.387000 2.305702 2.437804 18.948482 -29.267267 0.924123 1.639301
113020121 0.689290 -0.387000 2.310541 2.442025 18.887235 -29.311910 0.923917 1.635781
113020122 0.688030 -0.387000 2.315379 2.446249 18.826210 -29.356676 0.923714 1.632269
113020123 0.686770 -0.387000 2.320218 2.450476 18.765406 -29.401567 0.923512 1.628763
113020124 0.685511 -0.387000 2.325057 2.454706 18.704822 -29.446583 0.923311 1.625265
113020125 0.684251 -0.387000 2.329895 2.458939 18.644457 -29.491725 0.923112 1.621775
113020126 0.682991 -0.387000 2.334734 2.463174 18.584310 -29.536994 0.922914 1.618291
113020127 0.681731 -0.387000 2.339573 2.467413 18.524381 -29.582388 0.922717 1.614815
113020128 0.680471 -0.387000 2.344411 2.471654 18.464669 -29.627910 0.922522 1.611345
113020129 0.679211 -0.387000 2.349250 2.475898 18.405172 -29.673559 0.922329 1.607883
113020130 0.677951 -0.387000 2.354089 2.480145 18.345889 -29.719337 0.922137 1.604428
113020131 0.676692 -0.387000 2.358927 2.484395 18.286821 -29.765242 0.921947 1.600979
113020132 0.675432 -0.387000 2.363766 2.488648 18.227965 -29.811277 0.921758 1.597538
113020133 0.674172 -0.387000 2.368605 2.492903 18.169321 -29.857441 0.921571 1.594104
113020134 0.672912 -0.387000 2.373443 2.497161 18.110887 -29.903736 0.921385 1.590676
113020135 0.671652 -0.387000 2.378282 2.501422 18.052664 -29.950160 0.921201 1.587256
113020136 0.670392 -0.387000 2.383121 2.505685 17.994651 -29.996716 0.921018 1.583842
113020137 0.669133 -0.387000 2.387959 2.509952 17.936845 -30.043403 0.920837 1.580435
113020138 0.667873 -0.387000 2.392798 2.514221 17.879247 -30.090222 0.920658 1.577035
113020139 0.666613 -0.387000 2.397637 2.518492 17.821855 -30.137173 0.920481 1.573642
113020140 0.665353 -0.387000 2.402475 2.522767 17.764669 -30.184258 0.920305 1.570255
113020141 0.664093 -0.387000 2.407314 2.527044 17.707688 -30.231475 0.920130 1.566876
113020142 0.662833 -0.387000 2.412153 2.531323 17.650910 -30.278827 0.919957 1.563502
113020143 0.661573 -0.387000 2.416991 2.535606 17.594336 -30.326313 0.919786 1.560136
113020144 0.660314 -0.387000 2.421830 2.539891 17.537964 -30.373934 0.919617 1.556776
113020145 0.659054 -0.387000 2.426669 2.544178 17.481793 -30.421690 0.919449 1.553423
113020146 0.657794 -0.387000 2.431507 2.548468 17.425823 -30.469583 0.919284 1.550076
113020147 0.656534 -0.387000 2.436346 2.552761 17.370052 -30.517612 0.919119 1.546736
113020148 0.655274 -0.387000 2.441185 2.557056 17.314480 -30.565778 0.918957 1.543402
113020149 0.654014 -0.387000 2.446023 2.561354 17.259106 -30.614081 0.918796 1.540074
113020150 0.652755 -0.387000 2.450862 2.565654 17.203929 -30.662523 0.918637 1.536753
113020151 0.651495 -0.387000 2.455701 2.569957 17.148948 -30.711103 0.918480 1.533439
113020152 0.650235 -0.387000 2.460539 2.574263 17.094163 -30.759822 0.918324 1.530131
113020153 0.648975 -0.387000 2.465378 2.578571 17.039573 -30.808680 0.918171 1.526829
113020154 0.647715 -0.387000 2.470217 2.582881 16.985176 -30.857679 0.918019 1.523533
113020155 0.646455 -0.387000 2.475055 2.587194 16.930973 -30.906819 0.917869 1.520244
113020156 0.645195 -0.387000 2.479894 2.591509 16.876962 -30.956099 0.917720 1.516961
113020157 0.643936 -0.387000 2.484733 2.595827 16.823142 -31.005522 0.917574 1.513684
113020158 0.642676 -0.387000 2.489572 2.600148 16.769512 -31.055086 0.917429 1.510413
113020159 0.641416 -0.387000 2.494410 2.604470 16.716073 -31.104794 0.917286 1.507148
113020160 0.640156 -0.387000 2.499249 2.608795 16.662822 -31.154645 0.917145 1.503890
113020161 0.638896 -0.387000 2.504088 2.613123 16.609760 -31.204640 0.917006 1.500638
113020162 0.637636 -0.387000 2.508926 2.617453 16.556886 -31.254779 0.916869 1.497391
113020163 0.636376 -0.387000 2.513765 2.621785 16.504198 -31.305063 0.916734 1.494151
113020164 0.635117 -0.387000 2.518604 2.626120 16.451696 -31.355493 0.916600 1.490916
113020165 0.633857 -0.387000 2.523442 2.630457 16.399379 -31.406069 0.916468 1.487688
113020166 0.632597 -0.387000 2.528281 2.634796 16.347246 -31.456791 0.916338 1.484465
113020167 0.631337 -0.387000 2.533120 2.639138 16.295297 -31.507661 0.916211 1.481249
113020168 0.630077 -0.387000 2.537958 2.643482 16.243531 -31.558679 0.916085 1.478038
113020169 0.628817 -0.387000 2.542797 2.647829 16.191947 -31.609845 0.915960 1.474833
113020170 0.627558 -0.387000 2.547636 2.652177 16.140545 -31.661160 0.915838 1.471633
113020171 0.626298 -0.387000 2.552474 2.656528 16.089323 -31.712624 0.915718 1.468440
113020172 0.625038 -0.387000 2.557313 2.660882 16.038281 -31.764238 0.915600 1.465252
113020173 0.623778 -0.387000 2.562152 2.665237 15.987418 -31.816003 0.915483 1.462070
113020174 0.622518 -0.387000 2.566990 2.669595 15.936733 -31.867920 0.915369 1.458894
113020175 0.621258 -0.387000 2.571829 2.673955 15.886227 -31.919988 0.915256 1.455723
113020176 0.619998 -0.387000 2.576668 2.678317 15.835897 -31.972208 0.915146 1.452558
113020177 0.618739 -0.387000 2.581506 2.682682 15.785743 -32.024581 0.915037 1.449398
113020178 0.617479 -0.387000 2.586345 2.687048 15.735765 -32.077108 0.914931 1.446244
113020179 0.616219 -0.387000 2.591184 2.691417 15.685962 -32.129789 0.914826 1.443095
113020180 0.614959 -0.387000 2.596022 2.695789 15.636333 -32.182625 0.914723 1.439952
113020181 0.613699 -0.387000 2.600861 2.700162 15.586877 -32.235616 0.914623 1.436814
113020182 0.612439 -0.387000 2.605700 2.704537 15.537594 -32.288763 0.914524 1.433682
113020183 0.611180 -0.387000 2.610538 2.708915 15.488482 -32.342066 0.914427 1.430555
113020184 0.609920 -0.387000 2.615377 2.713295 15.439543 -32.395527 0.914332 1.427433
113020185 0.608660 -0.387000 2.620216 2.717677 15.390773 -32.449145 0.914240 1.424317
113020186 0.607400 -0.387000 2.625054 2.722061 15.342174 -32.502921 0.914149 1.421206
113020187 0.606140 -0.387000 2.629893 2.726447 15.293744 -32.556857 0.914060 1.418100
113020188 0.604880 -0.387000 2.634732 2.730835 15.245482 -32.610952 0.913974 1.414999
113020189 0.603620 -0.387000 2.639570 2.735226 15.197389 -32.665207 0.913889 1.411903
113020190 0.602361 -0.387000 2.644409 2.739618 15.149462 -32.719622 0.913807 1.408813
113020191 0.601101 -0.387000 2.649248 2.744013 15.101702 -32.774199 0.913726 1.405728
113020192 0.599841 -0.387000 2.654086 2.748409 15.054108 -32.828938 0.913647 1.402648
113020193 0.598581 -0.387000 2.658925 2.752808 15.006679 -32.883840 0.913571 1.399572
113020194 0.597321 -0.387000 2.663764 2.757209 14.959415 -32.938905 0.913497 1.396502
113020195 0.596061 -0.387000 2.668603 2.761611 14.912314 -32.994134 0.913424 1.393437
113020196 0.594801 -0.387000 2.673441 2.766016 14.865377 -33.049527 0.913354 1.390377
113020197 0.593542 -0.387000 2.678280 2.770423 14.818602 -33.105085 0.913286 1.387321
113020198 0.592282 -0.387000 2.683119 2.774832 14.771990 -33.160809 0.913219 1.384271
113020199 0.591022 -0.387000 2.687957 2.779243 14.725538 -33.216700 0.913155 1.381225
113020200 0.589762 -0.387000 2.692796 2.783656 14.679247 -33.272757 0.913093 1.378185
113020201 0.714487 -0.360600 2.213767 2.353994 19.876085 -26.779973 0.884775 1.735698
113020202 0.713227 -0.360600 2.218606 2.358164 19.810420 -26.820668 0.884570 1.732034
113020203 0.711967 -0.360600 2.223444 2.362337 19.744997 -26.861478 0.884366 1.728379
113020204 0.710708 -0.360600 2.228283 2.366513 19.679813 -26.902403 0.884163 1.724731
113020205 0.709448 -0.360600 2.233122 2.370692 19.614868 -26.943443 0.883962 1.721091
113020206 0.708188 -0.360600 2.237960 2.374875 19.550161 -26.984600 0.883762 1.717459
113020207 0.706928 -0.360600 2.242799 2.379060 19.485691 -27.025873 0.883563 1.713835
113020208 0.705668 -0.360600 2.247638 2.383249 19.421458 -27.067262 0.883365 1.710219
113020209 0.704408 -0.360600 2.252476 2.387441 19.357458 -27.108769 0.883169 1.706611
113020210 0.703148 -0.360600 2.257315 2.391636 19.293693 -27.150394 0.882975 1.703010
113020211 0.701889 -0.360600 2.262154 2.395834 19.230161 -27.192137 0.882781 1.699418
113020212 0.700629 -0.360600 2.266992 2.400035 19.166860 -27.233999 0.882590 1.695833
113020213 0.699369 -0.360600 2.271831 2.404239 19.103790 -27.275980 0.882399 1.692256
113020214 0.698109 -0.360600 2.276670 2.408446 19.040950 -27.318081 0.882210 1.688686
113020215 0.696849 -0.360600 2.281508 2.412657 18.978339 -27.360302 0.882023 1.685125
113020216 0.695589 -0.360600 2.286347 2.416870 18.915956 -27.402643 0.881837 1.681571
113020217 0.694330 -0.360600 2.291186 2.421086 18.853799 -27.445106 0.881652 1.678024
113020218 0.693070 -0.360600 2.296024 2.425305 18.791868 -27.487690 0.881469 1.674485
113020219 0.691810 -0.360600 2.300863 2.429528 18.730162 -27.530396 0.881288 1.670954
113020220 0.690550 -0.360600 2.305702 2.433753 18.668680 -27.573225 0.881108 1.667430
113020221 0.689290 -0.360600 2.310541 2.437981 18.607421 -27.616176 0.880929 1.663914
113020222 0.688030 -0.360600 2.315379 2.442212 18.546384 -27.659251 0.880752 1.660405
113020223 0.686770 -0.360600 2.320218 2.446446 18.485567 -27.702450 0.880577 1.656903
113020224 0.685511 -0.360600 2.325057 2.450683 18.424971 -27.745773 0.880404 1.653409
113020225 0.684251 -0.360600 2.329895 2.454922 18.364594 -27.789222 0.880232 1.649922
113020226 0.682991 -0.360600 2.334734 2.459165 18.304435 -27.832795 0.880061 1.646443
113020227 0.681731 -0.360600 2.339573 2.463410 18.244493 -27.876495 0.879893 1.642971
113020228 0.680471 -0.360600 2.344411 2.467658 18.184767 -27.920321 0.879725 1.639506
113020229 0.679211 -0.360600 2.349250 2.471909 18.125257 -27.964273 0.879560 1.636049
113020230 0.677951 -0.360600 2.354089 2.476163 18.065961 -28.008354 0.879396 1.632598
113020231 0.676692 -0.360600 2.358927 2.480420 18.006878 -28.052562 0.879234 1.629155
113020232 0.675432 -0.360600 2.363766 2.484679 17.948008 -28.096898 0.879074 1.625719
113020233 0.674172 -0.360600 2.368605 2.488941 17.889350 -28.141363 0.878915 1.622290
113020234 0.672912 -0.360600 2.373443 2.493206 17.830902 -28.185958 0.878759 1.618868
113020235 0.671652 -0.360600 2.378282 2.497474 17.772664 -28.230683 0.878604 1.615454
113020236 0.670392 -0.360600 2.383121 2.501744 17.714635 -28.275538 0.878450 1.612046
113020237 0.669133 -0.360600 2.387959 2.506017 17.656815 -28.320524 0.878299 1.608645
113020238 0.667873 -0.360600 2.392798 2.510293 17.599201 -28.365641 0.878149 1.605251
113020239 0.666613 -0.360600 2.397637 2.514571 17.541793 -28.410891 0.878001 1.601865
113020240 0.665353 -0.360600 2.402475 2.518852 17.484591 -28.456273 0.877855 1.598485
113020241 0.664093 -0.360600 2.407314 2.523136 17.427593 -28.501788 0.877710 1.595111
113020242 0.662833 -0.360600 2.412153 2.527422 17.370799 -28.547437 0.877568 1.591745
113020243 0.661573 -0.360600 2.416991 2.531711 17.314208 -28.593219 0.877427 1.588386
113020244 0.660314 -0.360600 2.421830 2.536002 17.257818 -28.639137 0.877288 1.585033
113020245 0.659054 -0.360600 2.426669 2.540296 17.201630 -28.685189 0.877151 1.581687
113020246 0.657794 -0.360600 2.431507 2.544593 17.145642 -28.731377 0.877016 1.578348
113020247 0.656534 -0.360600 2.436346 2.548892 17.089853 -28.777702 0.876883 1.575015
113020248 0.655274 -0.360600 2.441185 2.553194 17.034262 -28.824163 0.876751 1.571689
113020249 0.654014 -0.360600 2.446023 2.557498 16.978869 -28.870762 0.876622 1.568370
113020250 0.652755 -0.360600 2.450862 2.561805 16.923673 -28.917498 0.876494 1.565057
113020251 0.651495 -0.360600 2.455701 2.566115 16.868673 -28.964373 0.876369 1.561751
113020252 0.650235 -0.360600 2.460539 2.570426 16.813868 -29.011387 0.876245 1.558451
113020253 0.648975 -0.360600 2.465378 2.574741 16.759257 -29.058540 0.876123 1.555158
113020254 0.647715 -0.360600 2.470217 2.579058 16.704840 -29.105834 0.876004 1.551871
113020255 0.646455 -0.360600 2.475055 2.583377 16.650616 -29.153268 0.875886 1.548591
113020256 0.645195 -0.360600 2.479894 2.587699 16.596583 -29.200843 0.875770 1.545317
113020257 0.643936 -0.360600 2.484733 2.592023 16.542742 -29.248560 0.875656 1.542049
113020258 0.642676 -0.360600 2.489572 2.596350 16.489090 -29.296420 0.875544 1.538788
113020259 0.641416 -0.360600 2.494410 2.600679 16.435628 -29.344422 0.875434 1.535533
113020260 0.640156 -0.360600 2.499249 2.605010 16.382355 -29.392568 0.875326 1.532284
113020261 0.638896 -0.360600 2.504088 2.609344 16.329270 -29.440858 0.875220 1.529042
113020262 0.637636 -0.360600 2.508926 2.613680 16.276372 -29.489293 0.875116 1.525805
113020263 0.636376 -0.360600 2.513765 2.618019 16.223660 -29.537873 0.875015 1.522575
113020264 0.635117 -0.360600 2.518604 2.622360 16.171133 -29.586599 0.874915 1.519351
113020265 0.633857 -0.360600 2.523442 2.626703 16.118792 -29.635471 0.874817 1.516133
113020266 0.632597 -0.360600 2.528281 2.631048 16.066634 -29.684490 0.874721 1.512921
113020267 0.631337 -0.360600 2.533120 2.635396 16.014660 -29.733656 0.874627 1.509715
113020268 0.630077 -0.360600 2.537958 2.639747 15.962868 -29.782971 0.874536 1.506515
113020269 0.628817 -0.360600 2.542797 2.644099 15.911257 -29.832435 0.874446 1.503321
113020270 0.627558 -0.360600 2.547636 2.648454 15.859828 -29.882048 0.874359 1.500133
113020271 0.626298 -0.360600 2.552474 2.652811 15.808579 -29.931811 0.874273 1.496951
113020272 0.625038 -0.360600 2.557313 2.657170 15.757509 -29.981725 0.874190 1.493775
113020273 0.623778 -0.360600 2.562152 2.661532 15.706619 -30.031789 0.874109 1.490604
113020274 0.622518 -0.360600 2.566990 2.665896 15.655906 -30.082006 0.874030 1.487440
113020275 0.621258 -0.360600 2.571829 2.670262 15.605370 -30.132375 0.873953 1.484281
113020276 0.619998 -0.360600 2.576668 2.674630 15.555011 -30.182897 0.873878 1.481127
113020277 0.618739 -0.360600 2.581506 2.679001 15.504827 -30.233573 0.873805 1.477980
113020278 0.617479 -0.360600 2.586345 2.683373 15.454819 -30.284403 0.873735 1.474838
113020279 0.616219 -0.360600 2.591184 2.687748 15.404985 -30.335388 0.873666 1.471702
113020280 0.614959 -0.360600 2.596022 2.692125 15.355325 -30.386528 0.873600 1.468571
113020281 0.613699 -0.360600 2.600861 2.696505 15.305838 -30.437825 0.873536 1.465446
113020282 0.612439 -0.360600 2.605700 2.700886 15.256522 -30.489278 0.873474 1.462327
113020283 0.611180 -0.360600 2.610538 2.705270 15.207379 -30.540889 0.873414 1.459212
113020284 0.609920 -0.360600 2.615377 2.709655 15.158406 -30.592658 0.873356 1.456104
113020285 0.608660 -0.360600 2.620216 2.714043 15.109603 -30.644585 0.873301 1.453001
113020286 0.607400 -0.360600 2.625054 2.718433 15.060970 -30.696672 0.873247 1.449903
113020287 0.606140 -0.360600 2.629893 2.722825 15.012506 -30.748919 0.873196 1.446811
113020288 0.604880 -0.360600 2.634732 2.727219 14.964209 -30.801327 0.873147 1.443723
113020289 0.603620 -0.360600 2.639570 2.731615 14.916080 -30.853896 0.873101 1.440642
113020290 0.602361 -0.360600 2.644409 2.736014 14.868118 -30.906627 0.873056 1.437565
113020291 0.601101 -0.360600 2.649248 2.740414 14.820322 -30.959520 0.873014 1.434494
113020292 0.599841 -0.360600 2.654086 2.744816 14.772691 -31.012577 0.872974 1.431428
113020293 0.598581 -0.360600 2.658925 2.749221 14.725225 -31.065798 0.872936 1.428367
113020294 0.597321 -0.360600 2.663764 2.753627 14.677923 -31.119184 0.872900 1.425311
113020295 0.596061 -0.360600 2.668603 2.758036 14.630784 -31.172734 0.872867 1.422260
113020296 0.594801 -0.360600 2.673441 2.762446 14.583808 -31.226451 0.872835 1.419215
113020297 0.593542 -0.360600 2.678280 2.766859 14.536994 -31.280334 0.872806 1.416174
113020298 0.592282 -0.360600 2.683119 2.771273 14.490342 -31.334385 0.872780 1.413138
113020299 0.591022 -0.360600 2.687957 2.775690 14.443850 -31.388604 0.872755 1.410108
113020300 0.589762 -0.360600 2.692796 2.780108 14.397519 -31.442991 0.872733 1.407082
113020301 0.714487 -0.334200 2.213767 2.350095 19.611434 -25.067754 0.838657 1.762908
113020302 0.713227 -0.334200 2.218606 2.354271 19.545752 -25.106584 0.838472 1.759248
113020303 0.711967 -0.334200 2.223444 2.358451 19.480311 -25.145525 0.838289 1.755596
113020304 0.710708 -0.334200 2.228283 2.362634 19.415110 -25.184580 0.838107 1.751952
113020305 0.709448 -0.334200 2.233122 2.366820 19.350148 -25.223749 0.837927 1.748316
113020306 0.708188 -0.334200 2.237960 2.371010 19.285423 -25.263032 0.837748 1.744688
113020307 0.706928 -0.334200 2.242799 2.375202 19.220936 -25.302429 0.837571 1.741069
113020308 0.705668 -0.334200 2.247638 2.379398 19.156684 -25.341941 0.837395 1.737457
113020309 0.704408 -0.334200 2.252476 2.383596 19.092667 -25.381568 0.837221 1.733854
113020310 0.703148 -0.334200 2.257315 2.387798 19.028884 -25.421311 0.837049 1.730258
113020311 0.701889 -0.334200 2.262154 2.392003 18.965333 -25.461171 0.836877 1.726671
113020312 0.700629 -0.334200 2.266992 2.396211 18.902014 -25.501147 0.836708 1.723091
113020313 0.699369 -0.334200 2.271831 2.400421 18.838926 -25.541241 0.836540 1.719519
113020314 0.698109 -0.334200 2.276670 2.404635 18.776067 -25.581452 0.836374 1.715956
113020315 0.696849 -0.334200 2.281508 2.408852 18.713437 -25.621782 0.836209 1.712400
113020316 0.695589 -0.334200 2.286347 2.413072 18.651034 -25.662231 0.836046 1.708852
113020317 0.694330 -0.334200 2.291186 2.417295 18.588858 -25.702798 0.835885 1.705312
113020318 0.693070 -0.334200 2.296024 2.421521 18.526908 -25.743486 0.835725 1.701779
113020319 0.691810 -0.334200 2.300863 2.425750 18.465182 -25.784293 0.835567 1.698254
113020320 0.690550 -0.334200 2.305702 2.429981 18.403680 -25.825222 0.835411 1.694737
113020321 0.689290 -0.334200 2.310541 2.434216 18.342401 -25.866271 0.835256 1.691228
113020322 0.688030 -0.334200 2.315379 2.438454 18.281343 -25.907442 0.835103 1.687726
113020323 0.686770 -0.334200 2.320218 2.442694 18.220507 -25.948735 0.834952 1.684232
113020324 0.685511 -0.334200 2.325057 2.446937 18.159890 -25.990151 0.834803 1.680746
113020325 0.684251 -0.334200 2.329895 2.451183 18.099491 -26.031691 0.834655 1.677267
113020326 0.682991 -0.334200 2.334734 2.455432 18.039311 -26.073353 0.834509 1.673795
113020327 0.681731 -0.334200 2.339573 2.459684 17.979347 -26.115140 0.834365 1.670332
113020328 0.680471 -0.334200 2.344411 2.463939 17.919600 -26.157052 0.834223 1.666875
113020329 0.679211 -0.334200 2.349250 2.468196 17.860067 -26.199089 0.834082 1.663426
113020330 0.677951 -0.334200 2.354089 2.472456 17.800749 -26.241252 0.833944 1.659984
113020331 0.676692 -0.334200 2.358927 2.476719 17.741644 -26.283541 0.833807 1.656550
113020332 0.675432 -0.334200 2.363766 2.480985 17.682751 -26.325956 0.833672 1.653123
113020333 0.674172 -0.334200 2.368605 2.485254 17.624069 -26.368499 0.833539 1.649704
113020334 0.672912 -0.334200 2.373443 2.489525 17.565598 -26.411170 0.833408 1.646291
113020335 0.671652 -0.334200 2.378282 2.493799 17.507336 -26.453970 0.833279 1.642886
113020336 0.670392 -0.334200 2.383121 2.498075 17.449283 -26.496898 0.833152 1.639488
113020337 0.669133 -0.334200 2.387959 2.502354 17.391438 -26.539955 0.833026 1.636098
113020338 0.667873 -0.334200 2.392798 2.506636 17.333799 -26.583143 0.832903 1.632714
113020339 0.666613 -0.334200 2.397637 2.510921 17.276366 -26.626461 0.832781 1.629337
113020340 0.665353 -0.334200 2.402475 2.515208 17.219139 -26.669910 0.832662 1.625968
113020341 0.664093 -0.334200 2.407314 2.519498 17.162115 -26.713490 0.832544 1.622606
113020342 0.662833 -0.334200 2.412153 2.523790 17.105295 -26.757203 0.832428 1.619250
113020343 0.661573 -0.334200 2.416991 2.528086 17.048677 -26.801049 0.832315 1.615902
113020344 0.660314 -0.334200 2.421830 2.532383 16.992261 -26.845027 0.832203 1.612560
113020345 0.659054 -0.334200 2.426669 2.536683 16.936045 -26.889140 0.832093 1.609226
113020346 0.657794 -0.334200 2.431507 2.540986 16.880029 -26.933387 0.831986 1.605898
113020347 0.656534 -0.334200 2.436346 2.545292 16.824213 -26.977769 0.831880 1.602577
113020348 0.655274 -0.334200 2.441185 2.549599 16.768594 -27.022286 0.831776 1.599263
113020349 0.654014 -0.334200 2.446023 2.553910 16.713172 -27.066939 0.831675 1.595956
113020350 0.652755 -0.334200 2.450862 2.558223 16.657947 -27.111729 0.831575 1.592656
113020351 0.651495 -0.334200 2.455701 2.562538 16.602918 -27.156656 0.831478 1.589362
113020352 0.650235 -0.334200 2.460539 2.566856 16.548083 -27.201721 0.831383 1.586075
113020353 0.648975 -0.334200 2.465378 2.571176 16.493442 -27.246924 0.831289 1.582795
113020354 0.647715 -0.334200 2.470217 2.575499 16.438994 -27.292267 0.831198 1.579521
113020355 0.646455 -0.334200 2.475055 2.579824 16.384739 -27.337748 0.831109 1.576254
113020356 0.645195 -0.334200 2.479894 2.584152 16.330675 -27.383370 0.831022 1.572993
113020357 0.643936 -0.334200 2.484733 2.588482 16.276801 -27.429133 0.830937 1.569739
113020358 0.642676 -0.334200 2.489572 2.592815 16.223118 -27.475036 0.830854 1.566491
113020359 0.641416 -0.334200 2.494410 2.597150 16.169623 -27.521082 0.830774 1.563250
113020360 0.640156 -0.334200 2.499249 2.601487 16.116317 -27.567270 0.830695 1.560015
113020361 0.638896 -0.334200 2.504088 2.605827 16.063198 -27.613602 0.830619 1.556787
113020362 0.637636 -0.334200 2.508926 2.610169 16.010266 -27.660076 0.830545 1.553565
113020363 0.636376 -0.334200 2.513765 2.614513 15.957520 -27.706696 0.830473 1.550349
113020364 0.635117 -0.334200 2.518604 2.618860 15.904958 -27.753460 0.830403 1.547140
113020365 0.633857 -0.334200 2.523442 2.623209 15.852581 -27.800370 0.830336 1.543936
113020366 0.632597 -0.334200 2.528281 2.627560 15.800388 -27.847425 0.830270 1.540739
113020367 0.631337 -0.334200 2.533120 2.631914 15.748378 -27.894628 0.830207 1.537549
113020368 0.630077 -0.334200 2.537958 2.636270 15.696549 -27.941978 0.830146 1.534364
113020369 0.628817 -0.334200 2.542797 2.640628 15.644902 -27.989476 0.830088 1.531186
113020370 0.627558 -0.334200 2.547636 2.644989 15.593435 -28.037122 0.830031 1.528013
113020371 0.626298 -0.334200 2.552474 2.649352 15.542148 -28.084918 0.829977 1.524847
113020372 0.625038 -0.334200 2.557313 2.653717 15.491039 -28.132864 0.829925 1.521686
113020373 0.623778 -0.334200 2.562152 2.658084 15.440110 -28.180960 0.829875 1.518532
113020374 0.622518 -0.334200 2.566990 2.662453 15.389357 -28.229208 0.829827 1.515384
113020375 0.621258 -0.334200 2.571829 2.666825 15.338781 -28.277607 0.829782 1.512241
113020376 0.619998 -0.334200 2.576668 2.671199 15.288382 -28.326159 0.829739 1.509105
113020377 0.618739 -0.334200 2.581506 2.675575 15.238158 -28.374864 0.829698 1.505974
113020378 0.617479 -0.334200 2.586345 2.679953 15.188108 -28.423723 0.829660 1.502849
113020379 0.616219 -0.334200 2.591184 2.684334 15.138232 -28.472736 0.829624 1.499730
113020380 0.614959 -0.334200 2.596022 2.688717 15.088529 -28.521904 0.829590 1.496616
113020381 0.613699 -0.334200 2.600861 2.693101 15.038999 -28.571228 0.829558 1.493509
113020382 0.612439 -0.334200 2.605700 2.697488 14.989640 -28.620709 0.829529 1.490407
113020383 0.611180 -0.334200 2.610538 2.701877 14.940453 -28.670346 0.829502 1.487310
113020384 0.609920 -0.334200 2.615377 2.706268 14.891436 -28.720142 0.829478 1.484220
113020385 0.608660 -0.334200 2.620216 2.710662 14.842588 -28.770096 0.829455 1.481134
113020386 0.607400 -0.334200 2.625054 2.715057 14.793909 -28.820209 0.829435 1.478055
113020387 0.606140 -0.334200 2.629893 2.719455 14.745399 -28.870482 0.829418 1.474981
113020388 0.604880 -0.334200 2.634732 2.723854 14.697056 -28.920915 0.829403 1.471912
113020389 0.603620 -0.334200 2.639570 2.728256 14.648880 -28.971510 0.829390 1.468849
113020390 0.602361 -0.334200 2.644409 2.732659 14.600870 -29.022266 0.829379 1.465791
113020391 0.601101 -0.334200 2.649248 2.737065 14.553026 -29.073185 0.829371 1.462739
113020392 0.599841 -0.334200 2.654086 2.741473 14.505346 -29.124268 0.829365 1.459692
113020393 0.598581 -0.334200 2.658925 2.745883 14.457831 -29.175514 0.829362 1.456650
113020394 0.597321 -0.334200 2.663764 2.750295 14.410479 -29.226925 0.829361 1.453614
113020395 0.596061 -0.334200 2.668603 2.754708 14.363290 -29.278502 0.829362 1.450582
113020396 0.594801 -0.334200 2.673441 2.759124 14.316263 -29.330244 0.829366 1.447556
113020397 0.593542 -0.334200 2.678280 2.763542 14.269398 -29.382154 0.829372 1.444536
113020398 0.592282 -0.334200 2.683119 2.767962 14.222693 -29.434231 0.829380 1.441520
113020399 0.591022 -0.334200 2.687957 2.772384 14.176149 -29.486477 0.829391 1.438509
113020400 0.589762 -0.334200 2.692796 2.776807 14.129765 -29.538891 0.829405 1.435504
113020401 0.714487 -0.307800 2.213767 2.346486 19.362610 -23.306307 0.789922 1.789043
113020402 0.713227 -0.307800 2.218606 2.350669 19.296905 -23.343072 0.789755 1.785389
113020403 0.711967 -0.307800 2.223444 2.354855 19.231440 -23.379946 0.789590 1.781743
113020404 0.710708 -0.307800 2.228283 2.359045 19.166215 -23.416931 0.789426 1.778106
113020405 0.709448 -0.307800 2.233122 2.363237 19.101229 -23.454026 0.789264 1.774478
113020406 0.708188 -0.307800 2.237960 2.367433 19.036481 -23.491233 0.789104 1.770857
113020407 0.706928 -0.307800 2.242799 2.371631 18.971969 -23.528551 0.788945 1.767245
113020408 0.705668 -0.307800 2.247638 2.375833 18.907693 -23.565980 0.788788 1.763641
113020409 0.704408 -0.307800 2.252476 2.380038 18.843651 -23.603523 0.788632 1.760046
113020410 0.703148 -0.307800 2.257315 2.384246 18.779843 -23.641178 0.788478 1.756458
113020411 0.701889 -0.307800 2.262154 2.388457 18.716267 -23.678946 0.788326 1.752879
113020412 0.700629 -0.307800 2.266992 2.392671 18.652923 -23.716829 0.788176 1.749308
113020413 0.699369 -0.307800 2.271831 2.396888 18.589809 -23.754826 0.788027 1.745746
113020414 0.698109 -0.307800 2.276670 2.401109 18.526925 -23.792937 0.787880 1.742191
113020415 0.696849 -0.307800 2.281508 2.405332 18.464269 -23.831164 0.787735 1.738644
113020416 0.695589 -0.307800 2.286347 2.409558 18.401840 -23.869507 0.787592 1.735105
113020417 0.694330 -0.307800 2.291186 2.413787 18.339638 -23.907967 0.787450 1.731575
113020418 0.693070 -0.307800 2.296024 2.418019 18.277661 -23.946543 0.787310 1.728052
113020419 0.691810 -0.307800 2.300863 2.422254 18.215909 -23.985236 0.787172 1.724537
113020420 0.690550 -0.307800 2.305702 2.426492 18.154379 -24.024047 0.787036 1.721031
113020421 0.689290 -0.307800 2.310541 2.430732 18.093073 -24.062977 0.786902 1.717532
113020422 0.688030 -0.307800 2.315379 2.434976 18.031987 -24.102025 0.786769 1.714040
113020423 0.686770 -0.307800 2.320218 2.439222 17.971123 -24.141193 0.786639 1.710557
113020424 0.685511 -0.307800 2.325057 2.443472 17.910477 -24.180480 0.786510 1.707082
113020425 0.684251 -0.307800 2.329895 2.447724 17.850050 -24.219888 0.786383 1.703614
113020426 0.682991 -0.307800 2.334734 2.451979 17.789841 -24.259417 0.786259 1.700154
113020427 0.681731 -0.307800 2.339573 2.456237 17.729849 -24.299067 0.786136 1.696702
113020428 0.680471 -0.307800 2.344411 2.460497 17.670072 -24.338839 0.786015 1.693257
113020429 0.679211 -0.307800 2.349250 2.464760 17.610509 -24.378733 0.785895 1.689820
113020430 0.677951 -0.307800 2.354089 2.469027 17.551161 -24.418751 0.785778 1.686390
113020431 0.676692 -0.307800 2.358927 2.473295 17.492025 -24.458892 0.785663 1.682968
113020432 0.675432 -0.307800 2.363766 2.477567 17.433102 -24.499157 0.785550 1.679554
113020433 0.674172 -0.307800 2.368605 2.481841 17.374389 -24.539546 0.785439 1.676147
113020434 0.672912 -0.307800 2.373443 2.486118 17.315886 -24.580061 0.785330 1.672748
113020435 0.671652 -0.307800 2.378282 2.490398 17.257593 -24.620702 0.785223 1.669356
113020436 0.670392 -0.307800 2.383121 2.494681 17.199508 -24.661468 0.785117 1.665971
113020437 0.669133 -0.307800 2.387959 2.498966 17.141630 -24.702361 0.785014 1.662594
113020438 0.667873 -0.307800 2.392798 2.503253 17.083958 -24.743382 0.784913 1.659224
113020439 0.666613 -0.307800 2.397637 2.507544 17.026493 -24.784530 0.784814 1.655862
113020440 0.665353 -0.307800 2.402475 2.511837 16.969231 -24.825807 0.784718 1.652506
113020441 0.664093 -0.307800 2.407314 2.516132 16.912174 -24.867213 0.784623 1.649158
113020442 0.662833 -0.307800 2.412153 2.520430 16.855319 -24.908748 0.784530 1.645817
113020443 0.661573 -0.307800 2.416991 2.524731 16.798667 -24.950414 0.784439 1.642484
113020444 0.660314 -0.307800 2.421830 2.529035 16.742215 -24.992210 0.784351 1.639157
113020445 0.659054 -0.307800 2.426669 2.533340 16.685964 -25.034137 0.784265 1.635838
113020446 0.657794 -0.307800 2.431507 2.537649 16.629913 -25.076196 0.784180 1.632525
113020447 0.656534 -0.307800 2.436346 2.541960 16.574059 -25.118388 0.784098 1.629220
113020448 0.655274 -0.307800 2.441185 2.546273 16.518404 -25.160712 0.784018 1.625921
113020449 0.654014 -0.307800 2.446023 2.550589 16.462945 -25.203170 0.783941 1.622630
113020450 0.652755 -0.307800 2.450862 2.554908 16.407682 -25.245762 0.783865 1.619346
113020451 0.651495 -0.307800 2.455701 2.559229 16.352615 -25.288489 0.783792 1.616068
113020452 0.650235 -0.307800 2.460539 2.563552 16.297742 -25.331351 0.783721 1.612797
113020453 0.648975 -0.307800 2.465378 2.567878 16.243062 -25.374349 0.783652 1.609534
113020454 0.647715 -0.307800 2.470217 2.572207 16.188575 -25.417484 0.783585 1.606277
113020455 0.646455 -0.307800 2.475055 2.576537 16.134280 -25.460755 0.783520 1.603026
113020456 0.645195 -0.307800 2.479894 2.580871 16.080175 -25.504164 0.783458 1.599783
113020457 0.643936 -0.307800 2.484733 2.585206 16.026261 -25.547712 0.783398 1.596546
113020458 0.642676 -0.307800 2.489572 2.589544 15.972537 -25.591399 0.783340 1.593316
113020459 0.641416 -0.307800 2.494410 2.593885 15.919000 -25.635225 0.783285 1.590093
113020460 0.640156 -0.307800 2.499249 2.598227 15.865652 -25.679191 0.783231 1.586876
113020461 0.638896 -0.307800 2.504088 2.602572 15.812491 -25.723298 0.783180 1.583665
113020462 0.637636 -0.307800 2.508926 2.606920 15.759516 -25.767547 0.783132 1.580462
113020463 0.636376 -0.307800 2.513765 2.611270 15.706726 -25.811937 0.783085 1.577264
113020464 0.635117 -0.307800 2.518604 2.615622 15.654120 -25.856470 0.783041 1.574073
113020465 0.633857 -0.307800 2.523442 2.619976 15.601699 -25.901147 0.782999 1.570889
113020466 0.632597 -0.307800 2.528281 2.624333 15.549461 -25.945967 0.782960 1.567711
113020467 0.631337 -0.307800 2.533120 2.628692 15.497405 -25.990932 0.782923 1.564540
113020468 0.630077 -0.307800 2.537958 2.633053 15.445530 -26.036042 0.782888 1.561374
113020469 0.628817 -0.307800 2.542797 2.637417 15.393836 -26.081299 0.782855 1.558215
113020470 0.627558 -0.307800 2.547636 2.641783 15.342322 -26.126701 0.782825 1.555063
113020471 0.626298 -0.307800 2.552474 2.646151 15.290988 -26.172251 0.782797 1.551916
113020472 0.625038 -0.307800 2.557313 2.650521 15.239832 -26.217949 0.782772 1.548776
113020473 0.623778 -0.307800 2.562152 2.654894 15.188853 -26.263795 0.782749 1.545642
113020474 0.622518 -0.307800 2.566990 2.659269 15.138052 -26.309790 0.782728 1.542514
113020475 0.621258 -0.307800 2.571829 2.663645 15.087427 -26.355935 0.782710 1.539392
113020476 0.619998 -0.307800 2.576668 2.668025 15.036977 -26.402231 0.782694 1.536276
113020477 0.618739 -0.307800 2.581506 2.672406 14.986702 -26.448678 0.782681 1.533167
113020478 0.617479 -0.307800 2.586345 2.676789 14.936601 -26.495277 0.782670 1.530063
113020479 0.616219 -0.307800 2.591184 2.681175 14.886673 -26.542028 0.782661 1.526965
113020480 0.614959 -0.307800 2.596022 2.685563 14.836918 -26.588933 0.782655 1.523873
113020481 0.613699 -0.307800 2.600861 2.689953 14.787335 -26.635991 0.782651 1.520787
113020482 0.612439 -0.307800 2.605700 2.694345 14.737923 -26.683204 0.782650 1.517707
113020483 0.611180 -0.307800 2.610538 2.698739 14.688682 -26.730573 0.782651 1.514633
113020484 0.609920 -0.307800 2.615377 2.703135 14.639610 -26.778097 0.782655 1.511565
113020485 0.608660 -0.307800 2.620216 2.707534 14.590707 -26.825778 0.782661 1.508502
113020486 0.607400 -0.307800 2.625054 2.711934 14.541973 -26.873617 0.782669 1.505445
113020487 0.606140 -0.307800 2.629893 2.716337 14.493406 -26.921614 0.782680 1.502394
113020488 0.604880 -0.307800 2.634732 2.720741 14.445007 -26.969770 0.782694 1.499348
113020489 0.603620 -0.307800 2.639570 2.725148 14.396773 -27.018085 0.782710 1.496308
113020490 0.602361 -0.307800 2.644409 2.729557 14.348705 -27.066561 0.782728 1.493273
113020491 0.601101 -0.307800 2.649248 2.733967 14.300802 -27.115197 0.782749 1.490245
113020492 0.599841 -0.307800 2.654086 2.738380 14.253064 -27.163996 0.782772 1.487221
113020493 0.598581 -0.307800 2.658925 2.742795 14.205489 -27.212957 0.782798 1.484203
113020494 0.597321 -0.307800 2.663764 2.747212 14.158077 -27.262081 0.782827 1.481191
113020495 0.596061 -0.307800 2.668603 2.751630 14.110827 -27.311369 0.782858 1.478184
113020496 0.594801 -0.307800 2.673441 2.756051 14.063738 -27.360822 0.782891 1.475182
113020497 0.593542 -0.307800 2.678280 2.760474 14.016811 -27.410441 0.782927 1.472186
113020498 0.592282 -0.307800 2.683119 2.764898 13.970044 -27.460226 0.782966 1.469195
113020499 0.591022 -0.307800 2.687957 2.769325 13.923436 -27.510178 0.783007 1.466209
113020500 0.589762 -0.307800 2.692796 2.773754 13.876988 -27.560298 0.783051 1.463229
113020501 0.714487 -0.281400 2.213767 2.343169 19.130483 -21.496949 0.738612 1.813907
113020502 0.713227 -0.281400 2.218606 2.347358 19.064748 -21.531448 0.738459 1.810262
113020503 0.711967 -0.281400 2.223444 2.351550 18.999255 -21.566053 0.738308 1.806626
113020504 0.710708 -0.281400 2.228283 2.355745 18.934001 -21.600765 0.738159 1.802999
113020505 0.709448 -0.281400 2.233122 2.359944 18.868985 -21.635583 0.738011 1.799380
113020506 0.708188 -0.281400 2.237960 2.364145 18.804207 -21.670507 0.737866 1.795770
113020507 0.706928 -0.281400 2.242799 2.368350 18.739666 -21.705540 0.737721 1.792168
113020508 0.705668 -0.281400 2.247638 2.372557 18.675360 -21.740680 0.737579 1.788575
113020509 0.704408 -0.281400 2.252476 2.376768 18.611288 -21.775929 0.737439 1.784990
113020510 0.703148 -0.281400 2.257315 2.380982 18.547449 -21.811286 0.737300 1.781413
113020511 0.701889 -0.281400 2.262154 2.385199 18.483843 -21.846753 0.737163 1.777846
113020512 0.700629 -0.281400 2.266992 2.389419 18.420468 -21.882330 0.737028 1.774286
113020513 0.699369 -0.281400 2.271831 2.393641 18.357323 -21.918017 0.736895 1.770735
113020514 0.698109 -0.281400 2.276670 2.397867 18.294407 -21.953815 0.736763 1.767192
113020515 0.696849 -0.281400 2.281508 2.402096 18.231719 -21.989725 0.736634 1.763657
113020516 0.695589 -0.281400 2.286347 2.406328 18.169259 -22.025746 0.736506 1.760131
113020517 0.694330 -0.281400 2.291186 2.410563 18.107024 -22.061879 0.736381 1.756612
113020518 0.693070 -0.281400 2.296024 2.414800 18.045015 -22.098126 0.736257 1.753102
113020519 0.691810 -0.281400 2.300863 2.419041 17.983229 -22.134485 0.736135 1.749601
113020520 0.690550 -0.281400 2.305702 2.423284 17.921667 -22.170959 0.736015 1.746107
113020521 0.689290 -0.281400 2.310541 2.427530 17.860327 -22.207546 0.735897 1.742621
113020522 0.688030 -0.281400 2.315379 2.431780 17.799208 -22.244249 0.735781 1.739144
113020523 0.686770 -0.281400 2.320218 2.436032 17.738309 -22.281067 0.735667 1.735674
113020524 0.685511 -0.281400 2.325057 2.440287 17.677629 -22.318000 0.735555 1.732212
113020525 0.684251 -0.281400 2.329895 2.444544 17.617168 -22.355050 0.735445 1.728759
113020526 0.682991 -0.281400 2.334734 2.448805 17.556923 -22.392217 0.735337 1.725313
113020527 0.681731 -0.281400 2.339573 2.453068 17.496895 -22.429502 0.735231 1.721875
113020528 0.680471 -0.281400 2.344411 2.457334 17.437083 -22.466904 0.735127 1.718445
113020529 0.679211 -0.281400 2.349250 2.461603 17.377485 -22.504424 0.735025 1.715023
113020530 0.677951 -0.281400 2.354089 2.465875 17.318100 -22.542064 0.734925 1.711609
113020531 0.676692 -0.281400 2.358927 2.470149 17.258927 -22.579823 0.734827 1.708202
113020532 0.675432 -0.281400 2.363766 2.474426 17.199966 -22.617703 0.734731 1.704803
113020533 0.674172 -0.281400 2.368605 2.478706 17.141216 -22.655703 0.734638 1.701412
113020534 0.672912 -0.281400 2.373443 2.482988 17.082676 -22.693824 0.734546 1.698029
113020535 0.671652 -0.281400 2.378282 2.487273 17.024344 -22.732066 0.734457 1.694653
113020536 0.670392 -0.281400 2.383121 2.491561 16.966220 -22.770431 0.734369 1.691285
113020537 0.669133 -0.281400 2.387959 2.495851 16.908303 -22.808919 0.734284 1.687924
113020538 0.667873 -0.281400 2.392798 2.500144 16.850592 -22.847530 0.734201 1.684571
113020539 0.666613 -0.281400 2.397637 2.504440 16.793087 -22.886265 0.734120 1.681226
113020540 0.665353 -0.281400 2.402475 2.508738 16.735785 -22.925125 0.734042 1.677887
113020541 0.664093 -0.281400 2.407314 2.513039 16.678687 -22.964109 0.733965 1.674557
113020542 0.662833 -0.281400 2.412153 2.517343 16.621791 -23.003219 0.733891 1.671234
113020543 0.661573 -0.281400 2.416991 2.521649 16.565097 -23.042455 0.733819 1.667918
113020544 0.660314 -0.281400 2.421830 2.525957 16.508604 -23.081818 0.733749 1.664609
113020545 0.659054 -0.281400 2.426669 2.530269 16.452311 -23.121309 0.733681 1.661308
113020546 0.657794 -0.281400 2.431507 2.534582 16.396216 -23.160927 0.733616 1.658014
113020547 0.656534 -0.281400 2.436346 2.538898 16.340320 -23.200674 0.733553 1.654727
113020548 0.655274 -0.281400 2.441185 2.543217 16.284620 -23.240550 0.733492 1.651448
113020549 0.654014 -0.281400 2.446023 2.547538 16.229117 -23.280555 0.733433 1.648175
113020550 0.652755 -0.281400 2.450862 2.551862 16.173810 -23.320691 0.733377 1.644910
113020551 0.651495 -0.281400 2.455701 2.556188 16.118698 -23.360957 0.733322 1.641652
113020552 0.650235 -0.281400 2.460539 2.560517 16.063779 -23.401356 0.733271 1.638401
113020553 0.648975 -0.281400 2.465378 2.564848 16.009053 -23.441886 0.733221 1.635157
113020554 0.647715 -0.281400 2.470217 2.569181 15.954519 -23.482549 0.733174 1.631920
113020555 0.646455 -0.281400 2.475055 2.573517 15.900177 -23.523345 0.733129 1.628690
113020556 0.645195 -0.281400 2.479894 2.577855 15.846025 -23.564275 0.733086 1.625467
113020557 0.643936 -0.281400 2.484733 2.582196 15.792063 -23.605339 0.733046 1.622251
113020558 0.642676 -0.281400 2.489572 2.586539 15.738290 -23.646539 0.733008 1.619042
113020559 0.641416 -0.281400 2.494410 2.590884 15.684705 -23.687874 0.732973 1.615840
113020560 0.640156 -0.281400 2.499249 2.595232 15.631307 -23.729346 0.732940 1.612644
113020561 0.638896 -0.281400 2.504088 2.599582 15.578096 -23.770955 0.732909 1.609455
113020562 0.637636 -0.281400 2.508926 2.603935 15.525070 -23.812701 0.732880 1.606273
113020563 0.636376 -0.281400 2.513765 2.608290 15.472230 -23.854586 0.732854 1.603098
113020564 0.635117 -0.281400 2.518604 2.612647 15.419573 -23.896610 0.732831 1.599929
113020565 0.633857 -0.281400 2.523442 2.617006 15.367099 -23.938773 0.732809 1.596767
113020566 0.632597 -0.281400 2.528281 2.621368 15.314808 -23.981077 0.732791 1.593611
113020567 0.631337 -0.281400 2.533120 2.625732 15.262699 -24.023521 0.732774 1.590463
113020568 0.630077 -0.281400 2.537958 2.630098 15.210771 -24.066108 0.732760 1.587320
113020569 0.628817 -0.281400 2.542797 2.634466 15.159023 -24.108836 0.732749 1.584184
113020570 0.627558 -0.281400 2.547636 2.638837 15.107455 -24.151707 0.732740 1.581055
113020571 0.626298 -0.281400 2.552474 2.643210 15.056065 -24.194722 0.732733 1.577932
113020572 0.625038 -0.281400 2.557313 2.647585 15.004853 -24.237881 0.732729 1.574816
113020573 0.623778 -0.281400 2.562152 2.651963 14.953818 -24.281184 0.732727 1.571705
113020574 0.622518 -0.281400 2.566990 2.656342 14.902959 -24.324634 0.732728 1.568602
113020575 0.621258 -0.281400 2.571829 2.660724 14.852277 -24.368230 0.732731 1.565504
113020576 0.619998 -0.281400 2.576668 2.665108 14.801769 -24.411972 0.732737 1.562413
113020577 0.618739 -0.281400 2.581506 2.669494 14.751435 -24.455863 0.732745 1.559328
113020578 0.617479 -0.281400 2.586345 2.673882 14.701275 -24.499901 0.732756 1.556249
113020579 0.616219 -0.281400 2.591184 2.678273 14.651288 -24.544089 0.732769 1.553176
113020580 0.614959 -0.281400 2.596022 2.682665 14.601472 -24.588427 0.732785 1.550110
113020581 0.613699 -0.281400 2.600861 2.687060 14.551828 -24.632915 0.732804 1.547049
113020582 0.612439 -0.281400 2.605700 2.691457 14.502355 -24.677554 0.732824 1.543995
113020583 0.611180 -0.281400 2.610538 2.695856 14.453051 -24.722345 0.732848 1.540947
113020584 0.609920 -0.281400 2.615377 2.700257 14.403917 -24.767288 0.732874 1.537904
113020585 0.608660 -0.281400 2.620216 2.704660 14.354950 -24.812385 0.732903 1.534868
113020586 0.607400 -0.281400 2.625054 2.709065 14.306152 -24.857636 0.732934 1.531837
113020587 0.606140 -0.281400 2.629893 2.713472 14.257521 -24.903042 0.732967 1.528813
113020588 0.604880 -0.281400 2.634732 2.717881 14.209056 -24.948604 0.733004 1.525794
113020589 0.603620 -0.281400 2.639570 2.722292 14.160757 -24.994322 0.733043 1.522781
113020590 0.602361 -0.281400 2.644409 2.726706 14.112622 -25.040196 0.733084 1.519774
113020591 0.601101 -0.281400 2.649248 2.731121 14.064653 -25.086229 0.733128 1.516773
113020592 0.599841 -0.281400 2.654086 2.735538 14.016846 -25.132420 0.733175 1.513777
113020593 0.598581 -0.281400 2.658925 2.739958 13.969203 -25.178770 0.733224 1.510787
113020594 0.597321 -0.281400 2.663764 2.744379 13.921722 -25.225281 0.733276 1.507803
113020595 0.596061 -0.281400 2.668603 2.748802 13.874402 -25.271952 0.733331 1.504824
113020596 0.594801 -0.281400 2.673441 2.753228 13.827244 -25.318785 0.733388 1.501851
113020597 0.593542 -0.281400 2.678280 2.757655 13.780245 -25.365780 0.733448 1.498883
113020598 0.592282 -0.281400 2.683119 2.762084 13.733407 -25.412939 0.733511 1.495921
113020599 0.591022 -0.281400 2.687957 2.766515 13.686727 -25.460261 0.733576 1.492965
113020600 0.589762 -0.281400 2.692796 2.770948 13.640206 -25.507749 0.733644 1.490013
113020601 0.714487 -0.255000 2.213767 2.340146 18.915899 -19.641451 0.684793 1.837300
113020602 0.713227 -0.255000 2.218606 2.344340 18.850132 -19.673484 0.684650 1.833667
113020603 0.711967 -0.255000 2.223444 2.348537 18.784606 -19.705618 0.684510 1.830042
113020604 0.710708 -0.255000 2.228283 2.352738 18.719319 -19.737853 0.684371 1.826427
113020605 0.709448 -0.255000 2.233122 2.356942 18.654270 -19.770189 0.684234 1.822820
113020606 0.708188 -0.255000 2.237960 2.361148 18.589458 -19.802627 0.684099 1.819223
113020607 0.706928 -0.255000 2.242799 2.365358 18.524883 -19.835168 0.683965 1.815634
113020608 0.705668 -0.255000 2.247638 2.369571 18.460542 -19.867811 0.683834 1.812053
113020609 0.704408 -0.255000 2.252476 2.373787 18.396436 -19.900557 0.683704 1.808481
113020610 0.703148 -0.255000 2.257315 2.378006 18.332563 -19.933408 0.683577 1.804918
113020611 0.701889 -0.255000 2.262154 2.382228 18.268921 -19.966362 0.683451 1.801364
113020612 0.700629 -0.255000 2.266992 2.386454 18.205511 -19.999421 0.683327 1.797818
113020613 0.699369 -0.255000 2.271831 2.390682 18.142331 -20.032585 0.683205 1.794281
113020614 0.698109 -0.255000 2.276670 2.394913 18.079379 -20.065855 0.683085 1.790752
113020615 0.696849 -0.255000 2.281508 2.399147 18.016655 -20.099231 0.682967 1.787232
113020616 0.695589 -0.255000 2.286347 2.403384 17.954158 -20.132714 0.682851 1.783720
113020617 0.694330 -0.255000 2.291186 2.407623 17.891887 -20.166304 0.682737 1.780216
113020618 0.693070 -0.255000 2.296024 2.411866 17.829840 -20.200001 0.682624 1.776721
113020619 0.691810 -0.255000 2.300863 2.416112 17.768018 -20.233806 0.682514 1.773235
113020620 0.690550 -0.255000 2.305702 2.420361 17.706418 -20.267720 0.682406 1.769756
113020621 0.689290 -0.255000 2.310541 2.424612 17.645039 -20.301743 0.682300 1.766286
113020622 0.688030 -0.255000 2.315379 2.428866 17.583882 -20.335876 0.682196 1.762824
113020623 0.686770 -0.255000 2.320218 2.433123 17.522945 -20.370118 0.682094 1.759371
113020624 0.685511 -0.255000 2.325057 2.437383 17.462226 -20.404471 0.681994 1.755926
113020625 0.684251 -0.255000 2.329895 2.441646 17.401725 -20.438936 0.681896 1.752488
113020626 0.682991 -0.255000 2.334734 2.445912 17.341441 -20.473512 0.681800 1.749059
113020627 0.681731 -0.255000 2.339573 2.450180 17.281373 -20.508200 0.681706 1.745638
113020628 0.680471 -0.255000 2.344411 2.454451 17.221520 -20.543001 0.681615 1.742226
113020629 0.679211 -0.255000 2.349250 2.458725 17.161880 -20.577914 0.681525 1.738821
113020630 0.677951 -0.255000 2.354089 2.463001 17.102454 -20.612942 0.681438 1.735424
113020631 0.676692 -0.255000 2.358927 2.467281 17.043240 -20.648084 0.681353 1.732035
113020632 0.675432 -0.255000 2.363766 2.471563 16.984237 -20.683341 0.681269 1.728654
113020633 0.674172 -0.255000 2.368605 2.475847 16.925445 -20.718712 0.681189 1.725282
113020634 0.672912 -0.255000 2.373443 2.480135 16.866861 -20.754200 0.681110 1.721917
113020635 0.671652 -0.255000 2.378282 2.484425 16.808487 -20.789804 0.681033 1.718559
113020636 0.670392 -0.255000 2.383121 2.488718 16.750319 -20.825525 0.680959 1.715210
113020637 0.669133 -0.255000 2.387959 2.493013 16.692358 -20.861364 0.680887 1.711868
113020638 0.667873 -0.255000 2.392798 2.497311 16.634603 -20.897321 0.680817 1.708535
113020639 0.666613 -0.255000 2.397637 2.501611 16.577052 -20.933396 0.680749 1.705209
113020640 0.665353 -0.255000 2.402475 2.505914 16.519705 -20.969590 0.680683 1.701890
113020641 0.664093 -0.255000 2.407314 2.510220 16.462561 -21.005904 0.680620 1.698579
113020642 0.662833 -0.255000 2.412153 2.514529 16.405619 -21.042339 0.680559 1.695276
113020643 0.661573 -0.255000 2.416991 2.518839 16.348879 -21.078894 0.680500 1.691981
113020644 0.660314 -0.255000 2.421830 2.523153 16.292338 -21.115570 0.680444 1.688693
113020645 0.659054 -0.255000 2.426669 2.527469 16.235997 -21.152369 0.680390 1.685412
113020646 0.657794 -0.255000 2.431507 2.531787 16.179854 -21.189290 0.680338 1.682139
113020647 0.656534 -0.255000 2.436346 2.536108 16.123909 -21.226334 0.680288 1.678874
113020648 0.655274 -0.255000 2.441185 2.540432 16.068161 -21.263502 0.680241 1.675616
113020649 0.654014 -0.255000 2.446023 2.544757 16.012609 -21.300795 0.680196 1.672365
113020650 0.652755 -0.255000 2.450862 2.549086 15.957252 -21.338212 0.680153 1.669122
113020651 0.651495 -0.255000 2.455701 2.553417 15.902089 -21.375755 0.680113 1.665886
113020652 0.650235 -0.255000 2.460539 2.557750 15.847119 -21.413424 0.680075 1.662657
113020653 0.648975 -0.255000 2.465378 2.562086 15.792342 -21.451220 0.680040 1.659436
113020654 0.647715 -0.255000 2.470217 2.566424 15.737756 -21.489143 0.680007 1.656221
113020655 0.646455 -0.255000 2.475055 2.570764 15.683361 -21.527194 0.679976 1.653014
113020656 0.645195 -0.255000 2.479894 2.575107 15.629157 -21.565373 0.679947 1.649814
113020657 0.643936 -0.255000 2.484733 2.579453 15.575141 -21.603682 0.679921 1.646622
113020658 0.642676 -0.255000 2.489572 2.583800 15.521314 -21.642120 0.679898 1.643436
113020659 0.641416 -0.255000 2.494410 2.588150 15.467674 -21.680689 0.679876 1.640257
113020660 0.640156 -0.255000 2.499249 2.592503 15.414222 -21.719389 0.679858 1.637086
113020661 0.638896 -0.255000 2.504088 2.596857 15.360955 -21.758221 0.679841 1.633921
113020662 0.637636 -0.255000 2.508926 2.601214 15.307873 -21.797185 0.679827 1.630764
113020663 0.636376 -0.255000 2.513765 2.605574 15.254975 -21.836282 0.679816 1.627613
113020664 0.635117 -0.255000 2.518604 2.609935 15.202261 -21.875512 0.679807 1.624469
113020665 0.633857 -0.255000 2.523442 2.614299 15.149730 -21.914877 0.679800 1.621332
113020666 0.632597 -0.255000 2.528281 2.618665 15.097381 -21.954377 0.679796 1.618202
113020667 0.631337 -0.255000 2.533120 2.623034 15.045213 -21.994012 0.679795 1.615079
113020668 0.630077 -0.255000 2.537958 2.627405 14.993225 -22.033784 0.679796 1.611962
113020669 0.628817 -0.255000 2.542797 2.631777 14.941417 -22.073692 0.679799 1.608852
113020670 0.627558 -0.255000 2.547636 2.636153 14.889788 -22.113738 0.679805 1.605749
113020671 0.626298 -0.255000 2.552474 2.640530 14.838337 -22.153923 0.679814 1.602653
113020672 0.625038 -0.255000 2.557313 2.644910 14.787064 -22.194246 0.679824 1.599563
113020673 0.623778 -0.255000 2.562152 2.649291 14.735967 -22.234709 0.679838 1.596479
113020674 0.622518 -0.255000 2.566990 2.653675 14.685045 -22.275312 0.679854 1.593403
113020675 0.621258 -0.255000 2.571829 2.658062 14.634299 -22.316056 0.679873 1.590332
113020676 0.619998 -0.255000 2.576668 2.662450 14.583727 -22.356941 0.679894 1.587269
113020677 0.618739 -0.255000 2.581506 2.666840 14.533329 -22.397969 0.679918 1.584211
113020678 0.617479 -0.255000 2.586345 2.671233 14.483104 -22.439141 0.679944 1.581160
113020679 0.616219 -0.255000 2.591184 2.675628 14.433050 -22.480456 0.679973 1.578116
113020680 0.614959 -0.255000 2.596022 2.680025 14.383168 -22.521915 0.680004 1.575078
113020681 0.613699 -0.255000 2.600861 2.684424 14.333457 -22.563520 0.680038 1.572046
113020682 0.612439 -0.255000 2.605700 2.688825 14.283916 -22.605270 0.680075 1.569020
113020683 0.611180 -0.255000 2.610538 2.693228 14.234544 -22.647167 0.680114 1.566001
113020684 0.609920 -0.255000 2.615377 2.697633 14.185341 -22.689212 0.680156 1.562988
113020685 0.608660 -0.255000 2.620216 2.702040 14.136305 -22.731405 0.680201 1.559981
113020686 0.607400 -0.255000 2.625054 2.706450 14.087436 -22.773746 0.680248 1.556980
113020687 0.606140 -0.255000 2.629893 2.710861 14.038734 -22.816237 0.680298 1.553985
113020688 0.604880 -0.255000 2.634732 2.715275 13.990198 -22.858879 0.680350 1.550997
113020689 0.603620 -0.255000 2.639570 2.719690 13.941826 -22.901671 0.680405 1.548014
113020690 0.602361 -0.255000 2.644409 2.724108 13.893619 -22.944616 0.680463 1.545038
113020691 0.601101 -0.255000 2.649248 2.728527 13.845576 -22.987713 0.680523 1.542067
113020692 0.599841 -0.255000 2.654086 2.732949 13.797696 -23.030963 0.680587 1.539103
113020693 0.598581 -0.255000 2.658925 2.737372 13.749977 -23.074367 0.680652 1.536144
113020694 0.597321 -0.255000 2.663764 2.741798 13.702421 -23.117927 0.680721 1.533191
113020695 0.596061 -0.255000 2.668603 2.746225 13.655025 -23.161642 0.680792 1.530244
113020696 0.594801 -0.255000 2.673441 2.750655 13.607790 -23.205514 0.680866 1.527303
113020697 0.593542 -0.255000 2.678280 2.755086 13.560714 -23.249543 0.680943 1.524367
113020698 0.592282 -0.255000 2.683119 2.759519 13.513797 -23.293730 0.681022 1.521438
113020699 0.591022 -0.255000 2.687957 2.763955 13.467039 -23.338075 0.681104 1.518514
113020700 0.589762 -0.255000 2.692796 2.768392 13.420438 -23.382581 0.681189 1.515595
113020701 0.714487 -0.228600 2.213767 2.337416 18.719682 -17.742062 0.628562 1.859020
113020702 0.713227 -0.228600 2.218606 2.341615 18.653880 -17.771432 0.628426 1.855400
113020703 0.711967 -0.228600 2.223444 2.345818 18.588318 -17.800895 0.628291 1.851789
113020704 0.710708 -0.228600 2.228283 2.350023 18.522995 -17.830454 0.628159 1.848188
113020705 0.709448 -0.228600 2.233122 2.354232 18.457910 -17.860108 0.628028 1.844595
113020706 0.708188 -0.228600 2.237960 2.358443 18.393062 -17.889857 0.627899 1.841011
113020707 0.706928 -0.228600 2.242799 2.362658 18.328449 -17.919702 0.627772 1.837436
113020708 0.705668 -0.228600 2.247638 2.366876 18.264072 -17.949643 0.627647 1.833870
113020709 0.704408 -0.228600 2.252476 2.371097 18.199929 -17.979682 0.627524 1.830313
113020710 0.703148 -0.228600 2.257315 2.375320 18.136018 -18.009818 0.627403 1.826765
113020711 0.701889 -0.228600 2.262154 2.379547 18.072339 -18.040052 0.627284 1.823226
113020712 0.700629 -0.228600 2.266992 2.383777 18.008890 -18.070384 0.627166 1.819696
113020713 0.699369 -0.228600 2.271831 2.388010 17.945671 -18.100814 0.627051 1.816174
113020714 0.698109 -0.228600 2.276670 2.392246 17.882681 -18.131344 0.626938 1.812661
113020715 0.696849 -0.228600 2.281508 2.396484 17.819918 -18.161974 0.626826 1.809157
113020716 0.695589 -0.228600 2.286347 2.400726 17.757381 -18.192704 0.626717 1.805661
113020717 0.694330 -0.228600 2.291186 2.404971 17.695070 -18.223534 0.626610 1.802174
113020718 0.693070 -0.228600 2.296024 2.409218 17.632984 -18.254466 0.626505 1.798696
113020719 0.691810 -0.228600 2.300863 2.413468 17.571121 -18.285499 0.626401 1.795226
113020720 0.690550 -0.228600 2.305702 2.417722 17.509480 -18.316634 0.626300 1.791765
113020721 0.689290 -0.228600 2.310541 2.421978 17.448061 -18.347872 0.626201 1.788312
113020722 0.688030 -0.228600 2.315379 2.426237 17.386862 -18.379213 0.626104 1.784868
113020723 0.686770 -0.228600 2.320218 2.430498 17.325883 -18.410657 0.626009 1.781432
113020724 0.685511 -0.228600 2.325057 2.434763 17.265122 -18.442205 0.625917 1.778005
113020725 0.684251 -0.228600 2.329895 2.439030 17.204579 -18.473858 0.625826 1.774586
113020726 0.682991 -0.228600 2.334734 2.443300 17.144252 -18.505616 0.625737 1.771175
113020727 0.681731 -0.228600 2.339573 2.447573 17.084140 -18.537480 0.625651 1.767773
113020728 0.680471 -0.228600 2.344411 2.451849 17.024244 -18.569449 0.625567 1.764379
113020729 0.679211 -0.228600 2.349250 2.456127 16.964560 -18.601525 0.625484 1.760993
113020730 0.677951 -0.228600 2.354089 2.460408 16.905090 -18.633708 0.625404 1.757616
113020731 0.676692 -0.228600 2.358927 2.464692 16.845831 -18.665999 0.625327 1.754246
113020732 0.675432 -0.228600 2.363766 2.468979 16.786783 -18.698398 0.625251 1.750885
113020733 0.674172 -0.228600 2.368605 2.473268 16.727945 -18.730905 0.625178 1.747532
113020734 0.672912 -0.228600 2.373443 2.477560 16.669315 -18.763522 0.625106 1.744187
113020735 0.671652 -0.228600 2.378282 2.481854 16.610894 -18.796248 0.625037 1.740851
113020736 0.670392 -0.228600 2.383121 2.486151 16.552679 -18.829085 0.624971 1.737522
113020737 0.669133 -0.228600 2.387959 2.490451 16.494671 -18.862032 0.624906 1.734201
113020738 0.667873 -0.228600 2.392798 2.494753 16.436868 -18.895090 0.624844 1.730888
113020739 0.666613 -0.228600 2.397637 2.499058 16.379269 -18.928261 0.624784 1.727583
113020740 0.665353 -0.228600 2.402475 2.503366 16.321873 -18.961543 0.624726 1.724287
113020741 0.664093 -0.228600 2.407314 2.507676 16.264680 -18.994939 0.624670 1.720998
113020742 0.662833 -0.228600 2.412153 2.511989 16.207689 -19.028448 0.624617 1.717716
113020743 0.661573 -0.228600 2.416991 2.516304 16.150898 -19.062071 0.624566 1.714443
113020744 0.660314 -0.228600 2.421830 2.520622 16.094307 -19.095809 0.624518 1.711177
113020745 0.659054 -0.228600 2.426669 2.524942 16.037915 -19.129662 0.624471 1.707919
113020746 0.657794 -0.228600 2.431507 2.529265 15.981721 -19.163631 0.624427 1.704669
113020747 0.656534 -0.228600 2.436346 2.533590 15.925724 -19.197715 0.624386 1.701427
113020748 0.655274 -0.228600 2.441185 2.537918 15.869923 -19.231917 0.624346 1.698192
113020749 0.654014 -0.228600 2.446023 2.542248 15.814318 -19.266237 0.624309 1.694965
113020750 0.652755 -0.228600 2.450862 2.546580 15.758907 -19.300674 0.624275 1.691745
113020751 0.651495 -0.228600 2.455701 2.550915 15.703690 -19.335230 0.624242 1.688533
113020752 0.650235 -0.228600 2.460539 2.555253 15.648666 -19.369905 0.624212 1.685328
113020753 0.648975 -0.228600 2.465378 2.559593 15.593834 -19.404700 0.624185 1.682131
113020754 0.647715 -0.228600 2.470217 2.563935 15.539193 -19.439615 0.624160 1.678942
113020755 0.646455 -0.228600 2.475055 2.568280 15.484742 -19.474651 0.624137 1.675760
113020756 0.645195 -0.228600 2.479894 2.572627 15.430481 -19.509809 0.624117 1.672585
113020757 0.643936 -0.228600 2.484733 2.576977 15.376408 -19.545089 0.624099 1.669417
113020758 0.642676 -0.228600 2.489572 2.581328 15.322524 -19.580492 0.624083 1.666257
113020759 0.641416 -0.228600 2.494410 2.585683 15.268826 -19.616018 0.624070 1.663104
113020760 0.640156 -0.228600 2.499249 2.590039 15.215314 -19.651668 0.624060 1.659959
113020761 0.638896 -0.228600 2.504088 2.594398 15.161988 -19.687443 0.624051 1.656820
113020762 0.637636 -0.228600 2.508926 2.598759 15.108847 -19.723344 0.624046 1.653689
113020763 0.636376 -0.228600 2.513765 2.603123 15.055889 -19.759370 0.624043 1.650565
113020764 0.635117 -0.228600 2.518604 2.607488 15.003114 -19.795523 0.624042 1.647448
113020765 0.633857 -0.228600 2.523442 2.611856 14.950522 -19.831803 0.624044 1.644338
113020766 0.632597 -0.228600 2.528281 2.616227 14.898111 -19.868211 0.624048 1.641235
113020767 0.631337 -0.228600 2.533120 2.620599 14.845880 -19.904747 0.624055 1.638139
113020768 0.630077 -0.228600 2.537958 2.624974 14.793829 -19.941412 0.624064 1.635051
113020769 0.628817 -0.228600 2.542797 2.629351 14.741958 -19.978208 0.624076 1.631969
113020770 0.627558 -0.228600 2.547636 2.633730 14.690264 -20.015133 0.624090 1.628894
113020771 0.626298 -0.228600 2.552474 2.638111 14.638748 -20.052190 0.624107 1.625826
113020772 0.625038 -0.228600 2.557313 2.642495 14.587409 -20.089379 0.624126 1.622765
113020773 0.623778 -0.228600 2.562152 2.646881 14.536246 -20.126700 0.624148 1.619710
113020774 0.622518 -0.228600 2.566990 2.651269 14.485258 -20.164154 0.624173 1.616662
113020775 0.621258 -0.228600 2.571829 2.655659 14.434445 -20.201742 0.624200 1.613622
113020776 0.619998 -0.228600 2.576668 2.660051 14.383805 -20.239465 0.624229 1.610588
113020777 0.618739 -0.228600 2.581506 2.664446 14.333338 -20.277323 0.624262 1.607560
113020778 0.617479 -0.228600 2.586345 2.668842 14.283044 -20.315316 0.624297 1.604539
113020779 0.616219 -0.228600 2.591184 2.673241 14.232921 -20.353447 0.624334 1.601525
113020780 0.614959 -0.228600 2.596022 2.677642 14.182969 -20.391714 0.624374 1.598517
113020781 0.613699 -0.228600 2.600861 2.682045 14.133187 -20.430120 0.624417 1.595516
113020782 0.612439 -0.228600 2.605700 2.686450 14.083574 -20.468664 0.624462 1.592522
113020783 0.611180 -0.228600 2.610538 2.690857 14.034130 -20.507348 0.624510 1.589534
113020784 0.609920 -0.228600 2.615377 2.695266 13.984853 -20.546172 0.624561 1.586552
113020785 0.608660 -0.228600 2.620216 2.699677 13.935744 -20.585137 0.624614 1.583577
113020786 0.607400 -0.228600 2.625054 2.704090 13.886802 -20.624243 0.624670 1.580608
113020787 0.606140 -0.228600 2.629893 2.708505 13.838025 -20.663492 0.624728 1.577646
113020788 0.604880 -0.228600 2.634732 2.712923 13.789413 -20.702884 0.624790 1.574690
113020789 0.603620 -0.228600 2.639570 2.717342 13.740965 -20.742419 0.624854 1.571740
113020790 0.602361 -0.228600 2.644409 2.721763 13.692681 -20.782100 0.624920 1.568796
113020791 0.601101 -0.228600 2.649248 2.726187 13.644561 -20.821925 0.624990 1.565859
113020792 0.599841 -0.228600 2.654086 2.730612 13.596602 -20.861897 0.625062 1.562927
113020793 0.598581 -0.228600 2.658925 2.735039 13.548805 -20.902016 0.625136 1.560002
113020794 0.597321 -0.228600 2.663764 2.739469 13.501169 -20.942282 0.625214 1.557083
113020795 0.596061 -0.228600 2.668603 2.743900 13.453693 -20.982697 0.625294 1.554171
113020796 0.594801 -0.228600 2.673441 2.748333 13.406377 -21.023261 0.625377 1.551264
113020797 0.593542 -0.228600 2.678280 2.752768 13.359220 -21.063975 0.625463 1.548363
113020798 0.592282 -0.228600 2.683119 2.757205 13.312221 -21.104839 0.625551 1.545468
113020799 0.591022 -0.228600 2.687957 2.761644 13.265380 -21.145856 0.625642 1.542579
113020800 0.589762 -0.228600 2.692796 2.766085 13.218695 -21.187025 0.625736 1.539696
