# pixelID   x   y   z   l2  two_theta   azimuthal   polar_width azimuthal_width
111060001 1.239739 0.391580 0.521137 1.400668 68.157089 17.529083 1.026853 3.203427
111060002 1.239739 0.391580 0.526137 1.402536 67.967495 17.529083 1.032129 3.199163
111060003 1.239739 0.391580 0.531137 1.404419 67.778408 17.529083 1.037350 3.194875
111060004 1.239739 0.391580 0.536137 1.406318 67.589829 17.529083 1.042517 3.190564
111060005 1.239739 0.391580 0.541137 1.408231 67.401760 17.529083 1.047629 3.186231
111060006 1.239739 0.391580 0.546137 1.410160 67.214204 17.529083 1.052688 3.181875
111060007 1.239739 0.391580 0.551137 1.412104 67.027162 17.529083 1.057692 3.177497
111060008 1.239739 0.391580 0.556137 1.414063 66.840637 17.529083 1.062643 3.173097
111060009 1.239739 0.391580 0.561137 1.416037 66.654630 17.529083 1.067539 3.168676
111060010 1.239739 0.391580 0.566137 1.418026 66.469142 17.529083 1.072382 3.164234
111060011 1.239739 0.391580 0.571137 1.420029 66.284176 17.529083 1.077171 3.159772
111060012 1.239739 0.391580 0.576137 1.422048 66.099733 17.529083 1.081906 3.155289
111060013 1.239739 0.391580 0.581137 1.424081 65.915815 17.529083 1.086587 3.150787
111060014 1.239739 0.391580 0.586137 1.426129 65.732423 17.529083 1.091215 3.146265
111060015 1.239739 0.391580 0.591137 1.428191 65.549559 17.529083 1.095790 3.141724
111060016 1.239739 0.391580 0.596137 1.430268 65.367224 17.529083 1.100311 3.137165
111060017 1.239739 0.391580 0.601137 1.432359 65.185419 17.529083 1.104780 3.132587
111060018 1.239739 0.391580 0.606137 1.434464 65.004147 17.529083 1.109195 3.127991
111060019 1.239739 0.391580 0.611137 1.436584 64.823408 17.529083 1.113558 3.123377
111060020 1.239739 0.391580 0.616137 1.438719 64.643203 17.529083 1.117868 3.118746
111060021 1.239739 0.391580 0.621137 1.440867 64.463534 17.529083 1.122125 3.114099
111060022 1.239739 0.391580 0.626137 1.443029 64.284401 17.529083 1.126330 3.109434
111060023 1.239739 0.391580 0.631137 1.445206 64.105806 17.529083 1.130483 3.104754
111060024 1.239739 0.391580 0.636137 1.447396 63.927750 17.529083 1.134584 3.100057
111060025 1.239739 0.391580 0.641137 1.449601 63.750234 17.529083 1.138633 3.095345
111060026 1.239739 0.391580 0.646137 1.451819 63.573259 17.529083 1.142631 3.090618
111060027 1.239739 0.391580 0.651137 1.454051 63.396826 17.529083 1.146577 3.085875
111060028 1.239739 0.391580 0.656137 1.456297 63.220935 17.529083 1.150471 3.081119
111060029 1.239739 0.391580 0.661137 1.458557 63.045587 17.529083 1.154315 3.076348
111060030 1.239739 0.391580 0.666137 1.460830 62.870783 17.529083 1.158108 3.071563
111060031 1.239739 0.391580 0.671137 1.463117 62.696525 17.529083 1.161850 3.066765
111060032 1.239739 0.391580 0.676137 1.465417 62.522811 17.529083 1.165542 3.061953
111060033 1.239739 0.391580 0.681137 1.467731 62.349644 17.529083 1.169183 3.057128
111060034 1.239739 0.391580 0.686137 1.470058 62.177023 17.529083 1.172775 3.052291
111060035 1.239739 0.391580 0.691137 1.472398 62.004950 17.529083 1.176316 3.047442
111060036 1.239739 0.391580 0.696137 1.474752 61.833424 17.529083 1.179809 3.042581
111060037 1.239739 0.391580 0.701137 1.477119 61.662447 17.529083 1.183251 3.037708
111060038 1.239739 0.391580 0.706137 1.479498 61.492018 17.529083 1.186645 3.032824
111060039 1.239739 0.391580 0.711137 1.481891 61.322137 17.529083 1.189990 3.027929
111060040 1.239739 0.391580 0.716137 1.484297 61.152807 17.529083 1.193286 3.023023
111060041 1.239739 0.391580 0.721137 1.486716 60.984025 17.529083 1.196534 3.018107
111060042 1.239739 0.391580 0.726137 1.489148 60.815794 17.529083 1.199734 3.013181
111060043 1.239739 0.391580 0.731137 1.491592 60.648112 17.529083 1.202886 3.008245
111060044 1.239739 0.391580 0.736137 1.494049 60.480980 17.529083 1.205990 3.003300
111060045 1.239739 0.391580 0.741137 1.496519 60.314399 17.529083 1.209047 2.998346
111060046 1.239739 0.391580 0.746137 1.499002 60.148368 17.529083 1.212057 2.993382
111060047 1.239739 0.391580 0.751137 1.501497 59.982888 17.529083 1.215021 2.988410
111060048 1.239739 0.391580 0.756137 1.504004 59.817958 17.529083 1.217937 2.983430
111060049 1.239739 0.391580 0.761137 1.506524 59.653578 17.529083 1.220808 2.978442
111060050 1.239739 0.391580 0.766137 1.509057 59.489749 17.529083 1.223632 2.973446
111060051 1.239739 0.391580 0.771137 1.511601 59.326470 17.529083 1.226411 2.968443
111060052 1.239739 0.391580 0.776137 1.514158 59.163741 17.529083 1.229144 2.963433
111060053 1.239739 0.391580 0.781137 1.516727 59.001562 17.529083 1.231832 2.958416
111060054 1.239739 0.391580 0.786137 1.519308 58.839932 17.529083 1.234475 2.953392
111060055 1.239739 0.391580 0.791137 1.521901 58.678853 17.529083 1.237074 2.948362
111060056 1.239739 0.391580 0.796137 1.524507 58.518322 17.529083 1.239628 2.943326
111060057 1.239739 0.391580 0.801137 1.527124 58.358341 17.529083 1.242139 2.938284
111060058 1.239739 0.391580 0.806137 1.529753 58.198908 17.529083 1.244605 2.933237
111060059 1.239739 0.391580 0.811137 1.532393 58.040023 17.529083 1.247028 2.928184
111060060 1.239739 0.391580 0.816137 1.535046 57.881686 17.529083 1.249408 2.923126
111060061 1.239739 0.391580 0.821137 1.537710 57.723897 17.529083 1.251745 2.918064
111060062 1.239739 0.391580 0.826137 1.540386 57.566655 17.529083 1.254040 2.912997
111060063 1.239739 0.391580 0.831137 1.543073 57.409959 17.529083 1.256292 2.907926
111060064 1.239739 0.391580 0.836137 1.545772 57.253809 17.529083 1.258503 2.902851
111060065 1.239739 0.391580 0.841137 1.548482 57.098205 17.529083 1.260671 2.897773
111060066 1.239739 0.391580 0.846137 1.551204 56.943145 17.529083 1.262799 2.892691
111060067 1.239739 0.391580 0.851137 1.553937 56.788630 17.529083 1.264885 2.887605
111060068 1.239739 0.391580 0.856137 1.556681 56.634659 17.529083 1.266931 2.882517
111060069 1.239739 0.391580 0.861137 1.559437 56.481230 17.529083 1.268936 2.877426
111060070 1.239739 0.391580 0.866137 1.562203 56.328344 17.529083 1.270901 2.872332
111060071 1.239739 0.391580 0.871137 1.564981 56.176000 17.529083 1.272826 2.867236
111060072 1.239739 0.391580 0.876137 1.567770 56.024196 17.529083 1.274711 2.862138
111060073 1.239739 0.391580 0.881137 1.570569 55.872933 17.529083 1.276558 2.857038
111060074 1.239739 0.391580 0.886137 1.573380 55.722209 17.529083 1.278365 2.851936
111060075 1.239739 0.391580 0.891137 1.576202 55.572023 17.529083 1.280134 2.846833
111060076 1.239739 0.391580 0.896137 1.579034 55.422376 17.529083 1.281864 2.841729
111060077 1.239739 0.391580 0.901137 1.581877 55.273265 17.529083 1.283557 2.836624
111060078 1.239739 0.391580 0.906137 1.584730 55.124690 17.529083 1.285212 2.831518
111060079 1.239739 0.391580 0.911137 1.587595 54.976650 17.529083 1.286829 2.826412
111060080 1.239739 0.391580 0.916137 1.590469 54.829145 17.529083 1.288409 2.821305
111060081 1.239739 0.391580 0.921137 1.593355 54.682172 17.529083 1.289953 2.816198
111060082 1.239739 0.391580 0.926137 1.596251 54.535732 17.529083 1.291460 2.811091
111060083 1.239739 0.391580 0.931137 1.599157 54.389824 17.529083 1.292931 2.805985
111060084 1.239739 0.391580 0.936137 1.602073 54.244445 17.529083 1.294366 2.800879
111060085 1.239739 0.391580 0.941137 1.605000 54.099596 17.529083 1.295765 2.795773
111060086 1.239739 0.391580 0.946137 1.607937 53.955275 17.529083 1.297130 2.790669
111060087 1.239739 0.391580 0.951137 1.610884 53.811482 17.529083 1.298459 2.785565
111060088 1.239739 0.391580 0.956137 1.613841 53.668214 17.529083 1.299754 2.780463
111060089 1.239739 0.391580 0.961137 1.616809 53.525471 17.529083 1.301014 2.775362
111060090 1.239739 0.391580 0.966137 1.619786 53.383253 17.529083 1.302240 2.770262
111060091 1.239739 0.391580 0.971137 1.622773 53.241556 17.529083 1.303433 2.765165
111060092 1.239739 0.391580 0.976137 1.625770 53.100382 17.529083 1.304592 2.760069
111060093 1.239739 0.391580 0.981137 1.628777 52.959728 17.529083 1.305718 2.754975
111060094 1.239739 0.391580 0.986137 1.631794 52.819593 17.529083 1.306811 2.749884
111060095 1.239739 0.391580 0.991137 1.634821 52.679976 17.529083 1.307872 2.744795
111060096 1.239739 0.391580 0.996137 1.637857 52.540876 17.529083 1.308901 2.739709
111060097 1.239739 0.391580 1.001137 1.640903 52.402292 17.529083 1.309897 2.734626
111060098 1.239739 0.391580 1.006137 1.643958 52.264222 17.529083 1.310862 2.729545
111060099 1.239739 0.391580 1.011137 1.647023 52.126665 17.529083 1.311796 2.724468
111060100 1.239739 0.391580 1.016137 1.650097 51.989619 17.529083 1.312698 2.719394
111060101 1.228020 0.415237 0.521137 1.397154 68.099314 18.682200 1.048874 3.220907
111060102 1.228020 0.415237 0.526137 1.399026 67.909322 18.682200 1.054284 3.216597
111060103 1.228020 0.415237 0.531137 1.400914 67.719839 18.682200 1.059638 3.212265
111060104 1.228020 0.415237 0.536137 1.402818 67.530869 18.682200 1.064936 3.207909
111060105 1.228020 0.415237 0.541137 1.404736 67.342412 18.682200 1.070178 3.203530
111060106 1.228020 0.415237 0.546137 1.406670 67.154472 18.682200 1.075364 3.199128
111060107 1.228020 0.415237 0.551137 1.408619 66.967050 18.682200 1.080495 3.194705
111060108 1.228020 0.415237 0.556137 1.410583 66.780147 18.682200 1.085571 3.190259
111060109 1.228020 0.415237 0.561137 1.412561 66.593767 18.682200 1.090590 3.185793
111060110 1.228020 0.415237 0.566137 1.414555 66.407909 18.682200 1.095555 3.181305
111060111 1.228020 0.415237 0.571137 1.416563 66.222577 18.682200 1.100464 3.176796
111060112 1.228020 0.415237 0.576137 1.418587 66.037772 18.682200 1.105317 3.172268
111060113 1.228020 0.415237 0.581137 1.420625 65.853494 18.682200 1.110116 3.167719
111060114 1.228020 0.415237 0.586137 1.422677 65.669747 18.682200 1.114860 3.163151
111060115 1.228020 0.415237 0.591137 1.424745 65.486531 18.682200 1.119549 3.158564
111060116 1.228020 0.415237 0.596137 1.426827 65.303848 18.682200 1.124183 3.153958
111060117 1.228020 0.415237 0.601137 1.428923 65.121699 18.682200 1.128762 3.149333
111060118 1.228020 0.415237 0.606137 1.431033 64.940085 18.682200 1.133287 3.144690
111060119 1.228020 0.415237 0.611137 1.433158 64.759009 18.682200 1.137758 3.140030
111060120 1.228020 0.415237 0.616137 1.435298 64.578470 18.682200 1.142175 3.135352
111060121 1.228020 0.415237 0.621137 1.437451 64.398470 18.682200 1.146538 3.130657
111060122 1.228020 0.415237 0.626137 1.439619 64.219011 18.682200 1.150846 3.125946
111060123 1.228020 0.415237 0.631137 1.441800 64.040093 18.682200 1.155102 3.121218
111060124 1.228020 0.415237 0.636137 1.443996 63.861717 18.682200 1.159303 3.116474
111060125 1.228020 0.415237 0.641137 1.446206 63.683885 18.682200 1.163452 3.111715
111060126 1.228020 0.415237 0.646137 1.448429 63.506597 18.682200 1.167547 3.106941
111060127 1.228020 0.415237 0.651137 1.450667 63.329854 18.682200 1.171590 3.102151
111060128 1.228020 0.415237 0.656137 1.452918 63.153657 18.682200 1.175580 3.097347
111060129 1.228020 0.415237 0.661137 1.455183 62.978007 18.682200 1.179517 3.092529
111060130 1.228020 0.415237 0.666137 1.457461 62.802905 18.682200 1.183402 3.087696
111060131 1.228020 0.415237 0.671137 1.459753 62.628350 18.682200 1.187235 3.082850
111060132 1.228020 0.415237 0.676137 1.462059 62.454345 18.682200 1.191016 3.077991
111060133 1.228020 0.415237 0.681137 1.464378 62.280889 18.682200 1.194746 3.073119
111060134 1.228020 0.415237 0.686137 1.466710 62.107984 18.682200 1.198424 3.068235
111060135 1.228020 0.415237 0.691137 1.469056 61.935629 18.682200 1.202051 3.063338
111060136 1.228020 0.415237 0.696137 1.471415 61.763825 18.682200 1.205627 3.058429
111060137 1.228020 0.415237 0.701137 1.473787 61.592572 18.682200 1.209152 3.053509
111060138 1.228020 0.415237 0.706137 1.476172 61.421871 18.682200 1.212627 3.048577
111060139 1.228020 0.415237 0.711137 1.478570 61.251723 18.682200 1.216052 3.043635
111060140 1.228020 0.415237 0.716137 1.480982 61.082127 18.682200 1.219427 3.038682
111060141 1.228020 0.415237 0.721137 1.483406 60.913084 18.682200 1.222752 3.033718
111060142 1.228020 0.415237 0.726137 1.485843 60.744595 18.682200 1.226028 3.028744
111060143 1.228020 0.415237 0.731137 1.488293 60.576658 18.682200 1.229255 3.023761
111060144 1.228020 0.415237 0.736137 1.490756 60.409275 18.682200 1.232432 3.018768
111060145 1.228020 0.415237 0.741137 1.493231 60.242445 18.682200 1.235562 3.013766
111060146 1.228020 0.415237 0.746137 1.495719 60.076169 18.682200 1.238642 3.008756
111060147 1.228020 0.415237 0.751137 1.498219 59.910447 18.682200 1.241675 3.003736
111060148 1.228020 0.415237 0.756137 1.500732 59.745278 18.682200 1.244660 2.998709
111060149 1.228020 0.415237 0.761137 1.503258 59.580663 18.682200 1.247597 2.993673
111060150 1.228020 0.415237 0.766137 1.505796 59.416601 18.682200 1.250488 2.988630
111060151 1.228020 0.415237 0.771137 1.508346 59.253093 18.682200 1.253331 2.983580
111060152 1.228020 0.415237 0.776137 1.510908 59.090138 18.682200 1.256127 2.978522
111060153 1.228020 0.415237 0.781137 1.513483 58.927736 18.682200 1.258877 2.973458
111060154 1.228020 0.415237 0.786137 1.516069 58.765887 18.682200 1.261582 2.968387
111060155 1.228020 0.415237 0.791137 1.518668 58.604590 18.682200 1.264240 2.963310
111060156 1.228020 0.415237 0.796137 1.521279 58.443846 18.682200 1.266853 2.958227
111060157 1.228020 0.415237 0.801137 1.523901 58.283654 18.682200 1.269420 2.953138
111060158 1.228020 0.415237 0.806137 1.526536 58.124014 18.682200 1.271943 2.948044
111060159 1.228020 0.415237 0.811137 1.529182 57.964925 18.682200 1.274421 2.942944
111060160 1.228020 0.415237 0.816137 1.531840 57.806386 18.682200 1.276855 2.937840
111060161 1.228020 0.415237 0.821137 1.534510 57.648399 18.682200 1.279245 2.932731
111060162 1.228020 0.415237 0.826137 1.537191 57.490961 18.682200 1.281591 2.927617
111060163 1.228020 0.415237 0.831137 1.539884 57.334072 18.682200 1.283894 2.922500
111060164 1.228020 0.415237 0.836137 1.542589 57.177733 18.682200 1.286154 2.917378
111060165 1.228020 0.415237 0.841137 1.545304 57.021942 18.682200 1.288371 2.912253
111060166 1.228020 0.415237 0.846137 1.548032 56.866699 18.682200 1.290546 2.907125
111060167 1.228020 0.415237 0.851137 1.550770 56.712003 18.682200 1.292678 2.901993
111060168 1.228020 0.415237 0.856137 1.553520 56.557853 18.682200 1.294769 2.896858
111060169 1.228020 0.415237 0.861137 1.556281 56.404249 18.682200 1.296818 2.891721
111060170 1.228020 0.415237 0.866137 1.559053 56.251191 18.682200 1.298826 2.886581
111060171 1.228020 0.415237 0.871137 1.561837 56.098677 18.682200 1.300793 2.881439
111060172 1.228020 0.415237 0.876137 1.564631 55.946707 18.682200 1.302719 2.876296
111060173 1.228020 0.415237 0.881137 1.567436 55.795279 18.682200 1.304606 2.871150
111060174 1.228020 0.415237 0.886137 1.570253 55.644394 18.682200 1.306452 2.866003
111060175 1.228020 0.415237 0.891137 1.573080 55.494050 18.682200 1.308259 2.860854
111060176 1.228020 0.415237 0.896137 1.575918 55.344246 18.682200 1.310026 2.855705
111060177 1.228020 0.415237 0.901137 1.578766 55.194982 18.682200 1.311754 2.850554
111060178 1.228020 0.415237 0.906137 1.581625 55.046256 18.682200 1.313444 2.845403
111060179 1.228020 0.415237 0.911137 1.584495 54.898069 18.682200 1.315095 2.840252
111060180 1.228020 0.415237 0.916137 1.587376 54.750418 18.682200 1.316709 2.835100
111060181 1.228020 0.415237 0.921137 1.590267 54.603303 18.682200 1.318284 2.829948
111060182 1.228020 0.415237 0.926137 1.593168 54.456723 18.682200 1.319823 2.824796
111060183 1.228020 0.415237 0.931137 1.596080 54.310677 18.682200 1.321324 2.819645
111060184 1.228020 0.415237 0.936137 1.599002 54.165163 18.682200 1.322788 2.814494
111060185 1.228020 0.415237 0.941137 1.601934 54.020182 18.682200 1.324216 2.809344
111060186 1.228020 0.415237 0.946137 1.604877 53.875731 18.682200 1.325608 2.804195
111060187 1.228020 0.415237 0.951137 1.607830 53.731810 18.682200 1.326964 2.799048
111060188 1.228020 0.415237 0.956137 1.610792 53.588417 18.682200 1.328284 2.793901
111060189 1.228020 0.415237 0.961137 1.613765 53.445552 18.682200 1.329569 2.788756
111060190 1.228020 0.415237 0.966137 1.616748 53.303213 18.682200 1.330820 2.783613
111060191 1.228020 0.415237 0.971137 1.619741 53.161399 18.682200 1.332036 2.778472
111060192 1.228020 0.415237 0.976137 1.622744 53.020109 18.682200 1.333217 2.773332
111060193 1.228020 0.415237 0.981137 1.625757 52.879342 18.682200 1.334365 2.768195
111060194 1.228020 0.415237 0.986137 1.628779 52.739097 18.682200 1.335479 2.763060
111060195 1.228020 0.415237 0.991137 1.631811 52.599372 18.682200 1.336559 2.757928
111060196 1.228020 0.415237 0.996137 1.634853 52.460166 18.682200 1.337607 2.752799
111060197 1.228020 0.415237 1.001137 1.637904 52.321477 18.682200 1.338622 2.747673
111060198 1.228020 0.415237 1.006137 1.640965 52.183306 18.682200 1.339604 2.742549
111060199 1.228020 0.415237 1.011137 1.644035 52.045650 18.682200 1.340555 2.737429
111060200 1.228020 0.415237 1.016137 1.647115 51.908507 18.682200 1.341473 2.732313
111060201 1.216302 0.438893 0.521137 1.394131 68.049363 19.841600 1.070172 3.236067
111060202 1.216302 0.438893 0.526137 1.396008 67.859026 19.841600 1.075712 3.231719
111060203 1.216302 0.438893 0.531137 1.397900 67.669203 19.841600 1.081196 3.227347
111060204 1.216302 0.438893 0.536137 1.399807 67.479894 19.841600 1.086621 3.222952
111060205 1.216302 0.438893 0.541137 1.401730 67.291103 19.841600 1.091990 3.218534
111060206 1.216302 0.438893 0.546137 1.403668 67.102832 19.841600 1.097302 3.214093
111060207 1.216302 0.438893 0.551137 1.405621 66.915081 19.841600 1.102556 3.209629
111060208 1.216302 0.438893 0.556137 1.407589 66.727853 19.841600 1.107753 3.205144
111060209 1.216302 0.438893 0.561137 1.409571 66.541150 19.841600 1.112894 3.200638
111060210 1.216302 0.438893 0.566137 1.411569 66.354974 19.841600 1.117977 3.196110
111060211 1.216302 0.438893 0.571137 1.413582 66.169326 19.841600 1.123004 3.191561
111060212 1.216302 0.438893 0.576137 1.415610 65.984208 19.841600 1.127974 3.186993
111060213 1.216302 0.438893 0.581137 1.417652 65.799621 19.841600 1.132887 3.182404
111060214 1.216302 0.438893 0.586137 1.419709 65.615567 19.841600 1.137744 3.177795
111060215 1.216302 0.438893 0.591137 1.421781 65.432048 19.841600 1.142545 3.173167
111060216 1.216302 0.438893 0.596137 1.423867 65.249064 19.841600 1.147289 3.168521
111060217 1.216302 0.438893 0.601137 1.425967 65.066618 19.841600 1.151978 3.163855
111060218 1.216302 0.438893 0.606137 1.428082 64.884710 19.841600 1.156610 3.159172
111060219 1.216302 0.438893 0.611137 1.430212 64.703343 19.841600 1.161187 3.154471
111060220 1.216302 0.438893 0.616137 1.432355 64.522516 19.841600 1.165708 3.149752
111060221 1.216302 0.438893 0.621137 1.434513 64.342231 19.841600 1.170174 3.145017
111060222 1.216302 0.438893 0.626137 1.436685 64.162490 19.841600 1.174585 3.140264
111060223 1.216302 0.438893 0.631137 1.438871 63.983294 19.841600 1.178940 3.135496
111060224 1.216302 0.438893 0.636137 1.441072 63.804642 19.841600 1.183241 3.130711
111060225 1.216302 0.438893 0.641137 1.443286 63.626537 19.841600 1.187487 3.125910
111060226 1.216302 0.438893 0.646137 1.445514 63.448980 19.841600 1.191679 3.121095
111060227 1.216302 0.438893 0.651137 1.447756 63.271970 19.841600 1.195816 3.116264
111060228 1.216302 0.438893 0.656137 1.450011 63.095510 19.841600 1.199899 3.111419
111060229 1.216302 0.438893 0.661137 1.452281 62.919600 19.841600 1.203929 3.106559
111060230 1.216302 0.438893 0.666137 1.454564 62.744240 19.841600 1.207905 3.101685
111060231 1.216302 0.438893 0.671137 1.456860 62.569431 19.841600 1.211827 3.096798
111060232 1.216302 0.438893 0.676137 1.459170 62.395174 19.841600 1.215696 3.091898
111060233 1.216302 0.438893 0.681137 1.461494 62.221470 19.841600 1.219512 3.086985
111060234 1.216302 0.438893 0.686137 1.463831 62.048318 19.841600 1.223276 3.082059
111060235 1.216302 0.438893 0.691137 1.466181 61.875721 19.841600 1.226987 3.077121
111060236 1.216302 0.438893 0.696137 1.468545 61.703677 19.841600 1.230646 3.072171
111060237 1.216302 0.438893 0.701137 1.470922 61.532188 19.841600 1.234253 3.067209
111060238 1.216302 0.438893 0.706137 1.473311 61.361253 19.841600 1.237808 3.062236
111060239 1.216302 0.438893 0.711137 1.475714 61.190874 19.841600 1.241311 3.057252
111060240 1.216302 0.438893 0.716137 1.478130 61.021050 19.841600 1.244764 3.052257
111060241 1.216302 0.438893 0.721137 1.480559 60.851782 19.841600 1.248165 3.047252
111060242 1.216302 0.438893 0.726137 1.483001 60.683070 19.841600 1.251516 3.042237
111060243 1.216302 0.438893 0.731137 1.485456 60.514914 19.841600 1.254816 3.037213
111060244 1.216302 0.438893 0.736137 1.487923 60.347314 19.841600 1.258066 3.032178
111060245 1.216302 0.438893 0.741137 1.490403 60.180270 19.841600 1.261267 3.027135
111060246 1.216302 0.438893 0.746137 1.492896 60.013783 19.841600 1.264417 3.022083
111060247 1.216302 0.438893 0.751137 1.495401 59.847853 19.841600 1.267519 3.017023
111060248 1.216302 0.438893 0.756137 1.497919 59.682479 19.841600 1.270571 3.011954
111060249 1.216302 0.438893 0.761137 1.500449 59.517661 19.841600 1.273575 3.006877
111060250 1.216302 0.438893 0.766137 1.502991 59.353399 19.841600 1.276530 3.001793
111060251 1.216302 0.438893 0.771137 1.505546 59.189694 19.841600 1.279438 2.996701
111060252 1.216302 0.438893 0.776137 1.508113 59.026544 19.841600 1.282297 2.991603
111060253 1.216302 0.438893 0.781137 1.510693 58.863951 19.841600 1.285109 2.986497
111060254 1.216302 0.438893 0.786137 1.513284 58.701913 19.841600 1.287873 2.981386
111060255 1.216302 0.438893 0.791137 1.515887 58.540430 19.841600 1.290591 2.976267
111060256 1.216302 0.438893 0.796137 1.518503 58.379502 19.841600 1.293262 2.971143
111060257 1.216302 0.438893 0.801137 1.521130 58.219129 19.841600 1.295887 2.966014
111060258 1.216302 0.438893 0.806137 1.523770 58.059310 19.841600 1.298465 2.960879
111060259 1.216302 0.438893 0.811137 1.526421 57.900045 19.841600 1.300998 2.955738
111060260 1.216302 0.438893 0.816137 1.529084 57.741334 19.841600 1.303486 2.950593
111060261 1.216302 0.438893 0.821137 1.531758 57.583175 19.841600 1.305928 2.945444
111060262 1.216302 0.438893 0.826137 1.534444 57.425570 19.841600 1.308326 2.940290
111060263 1.216302 0.438893 0.831137 1.537142 57.268516 19.841600 1.310679 2.935132
111060264 1.216302 0.438893 0.836137 1.539851 57.112014 19.841600 1.312988 2.929970
111060265 1.216302 0.438893 0.841137 1.542572 56.956062 19.841600 1.315253 2.924804
111060266 1.216302 0.438893 0.846137 1.545304 56.800661 19.841600 1.317475 2.919635
111060267 1.216302 0.438893 0.851137 1.548048 56.645810 19.841600 1.319654 2.914464
111060268 1.216302 0.438893 0.856137 1.550802 56.491507 19.841600 1.321790 2.909289
111060269 1.216302 0.438893 0.861137 1.553568 56.337753 19.841600 1.323883 2.904111
111060270 1.216302 0.438893 0.866137 1.556345 56.184546 19.841600 1.325934 2.898932
111060271 1.216302 0.438893 0.871137 1.559133 56.031887 19.841600 1.327943 2.893750
111060272 1.216302 0.438893 0.876137 1.561932 55.879773 19.841600 1.329911 2.888566
111060273 1.216302 0.438893 0.881137 1.564743 55.728205 19.841600 1.331837 2.883381
111060274 1.216302 0.438893 0.886137 1.567564 55.577181 19.841600 1.333722 2.878194
111060275 1.216302 0.438893 0.891137 1.570396 55.426701 19.841600 1.335567 2.873006
111060276 1.216302 0.438893 0.896137 1.573238 55.276763 19.841600 1.337372 2.867817
111060277 1.216302 0.438893 0.901137 1.576092 55.127368 19.841600 1.339136 2.862627
111060278 1.216302 0.438893 0.906137 1.578956 54.978513 19.841600 1.340861 2.857437
111060279 1.216302 0.438893 0.911137 1.581830 54.830199 19.841600 1.342547 2.852246
111060280 1.216302 0.438893 0.916137 1.584716 54.682423 19.841600 1.344194 2.847055
111060281 1.216302 0.438893 0.921137 1.587611 54.535186 19.841600 1.345802 2.841864
111060282 1.216302 0.438893 0.926137 1.590518 54.388486 19.841600 1.347372 2.836673
111060283 1.216302 0.438893 0.931137 1.593434 54.242322 19.841600 1.348904 2.831483
111060284 1.216302 0.438893 0.936137 1.596361 54.096693 19.841600 1.350398 2.826294
111060285 1.216302 0.438893 0.941137 1.599299 53.951598 19.841600 1.351855 2.821105
111060286 1.216302 0.438893 0.946137 1.602246 53.807035 19.841600 1.353275 2.815918
111060287 1.216302 0.438893 0.951137 1.605204 53.663005 19.841600 1.354658 2.810731
111060288 1.216302 0.438893 0.956137 1.608171 53.519505 19.841600 1.356005 2.805547
111060289 1.216302 0.438893 0.961137 1.611149 53.376535 19.841600 1.357315 2.800363
111060290 1.216302 0.438893 0.966137 1.614137 53.234093 19.841600 1.358590 2.795182
111060291 1.216302 0.438893 0.971137 1.617134 53.092179 19.841600 1.359830 2.790003
111060292 1.216302 0.438893 0.976137 1.620142 52.950790 19.841600 1.361035 2.784825
111060293 1.216302 0.438893 0.981137 1.623159 52.809926 19.841600 1.362204 2.779650
111060294 1.216302 0.438893 0.986137 1.626187 52.669586 19.841600 1.363340 2.774478
111060295 1.216302 0.438893 0.991137 1.629224 52.529768 19.841600 1.364441 2.769308
111060296 1.216302 0.438893 0.996137 1.632270 52.390472 19.841600 1.365508 2.764142
111060297 1.216302 0.438893 1.001137 1.635326 52.251695 19.841600 1.366542 2.758978
111060298 1.216302 0.438893 1.006137 1.638392 52.113437 19.841600 1.367543 2.753817
111060299 1.216302 0.438893 1.011137 1.641467 51.975696 19.841600 1.368511 2.748660
111060300 1.216302 0.438893 1.016137 1.644552 51.838471 19.841600 1.369447 2.743506
111060301 1.204583 0.462550 0.521137 1.391602 68.007400 21.006379 1.090664 3.248842
111060302 1.204583 0.462550 0.526137 1.393483 67.816775 21.006379 1.096332 3.244461
111060303 1.204583 0.462550 0.531137 1.395378 67.626665 21.006379 1.101941 3.240056
111060304 1.204583 0.462550 0.536137 1.397289 67.437074 21.006379 1.107492 3.235627
111060305 1.204583 0.462550 0.541137 1.399215 67.248002 21.006379 1.112984 3.231175
111060306 1.204583 0.462550 0.546137 1.401156 67.059452 21.006379 1.118417 3.226701
111060307 1.204583 0.462550 0.551137 1.403113 66.871426 21.006379 1.123792 3.222204
111060308 1.204583 0.462550 0.556137 1.405084 66.683926 21.006379 1.129108 3.217685
111060309 1.204583 0.462550 0.561137 1.407071 66.496953 21.006379 1.134366 3.213145
111060310 1.204583 0.462550 0.566137 1.409072 66.310509 21.006379 1.139565 3.208583
111060311 1.204583 0.462550 0.571137 1.411089 66.124596 21.006379 1.144707 3.204001
111060312 1.204583 0.462550 0.576137 1.413120 65.939216 21.006379 1.149790 3.199398
111060313 1.204583 0.462550 0.581137 1.415166 65.754369 21.006379 1.154816 3.194775
111060314 1.204583 0.462550 0.586137 1.417226 65.570059 21.006379 1.159783 3.190133
111060315 1.204583 0.462550 0.591137 1.419301 65.386285 21.006379 1.164693 3.185471
111060316 1.204583 0.462550 0.596137 1.421391 65.203050 21.006379 1.169545 3.180790
111060317 1.204583 0.462550 0.601137 1.423495 65.020355 21.006379 1.174340 3.176090
111060318 1.204583 0.462550 0.606137 1.425614 64.838200 21.006379 1.179078 3.171372
111060319 1.204583 0.462550 0.611137 1.427747 64.656589 21.006379 1.183758 3.166637
111060320 1.204583 0.462550 0.616137 1.429894 64.475521 21.006379 1.188382 3.161884
111060321 1.204583 0.462550 0.621137 1.432056 64.294998 21.006379 1.192949 3.157113
111060322 1.204583 0.462550 0.626137 1.434232 64.115020 21.006379 1.197459 3.152326
111060323 1.204583 0.462550 0.631137 1.436422 63.935590 21.006379 1.201913 3.147523
111060324 1.204583 0.462550 0.636137 1.438626 63.756708 21.006379 1.206311 3.142704
111060325 1.204583 0.462550 0.641137 1.440843 63.578374 21.006379 1.210652 3.137868
111060326 1.204583 0.462550 0.646137 1.443075 63.400591 21.006379 1.214938 3.133018
111060327 1.204583 0.462550 0.651137 1.445321 63.223358 21.006379 1.219168 3.128152
111060328 1.204583 0.462550 0.656137 1.447580 63.046677 21.006379 1.223343 3.123272
111060329 1.204583 0.462550 0.661137 1.449854 62.870549 21.006379 1.227463 3.118378
111060330 1.204583 0.462550 0.666137 1.452140 62.694973 21.006379 1.231528 3.113469
111060331 1.204583 0.462550 0.671137 1.454441 62.519951 21.006379 1.235538 3.108547
111060332 1.204583 0.462550 0.676137 1.456755 62.345484 21.006379 1.239493 3.103612
111060333 1.204583 0.462550 0.681137 1.459082 62.171571 21.006379 1.243395 3.098664
111060334 1.204583 0.462550 0.686137 1.461423 61.998214 21.006379 1.247242 3.093703
111060335 1.204583 0.462550 0.691137 1.463777 61.825413 21.006379 1.251036 3.088730
111060336 1.204583 0.462550 0.696137 1.466145 61.653169 21.006379 1.254776 3.083745
111060337 1.204583 0.462550 0.701137 1.468525 61.481481 21.006379 1.258463 3.078748
111060338 1.204583 0.462550 0.706137 1.470919 61.310351 21.006379 1.262097 3.073740
111060339 1.204583 0.462550 0.711137 1.473326 61.139778 21.006379 1.265678 3.068721
111060340 1.204583 0.462550 0.716137 1.475746 60.969764 21.006379 1.269207 3.063692
111060341 1.204583 0.462550 0.721137 1.478179 60.800307 21.006379 1.272683 3.058652
111060342 1.204583 0.462550 0.726137 1.480624 60.631409 21.006379 1.276108 3.053602
111060343 1.204583 0.462550 0.731137 1.483083 60.463069 21.006379 1.279481 3.048542
111060344 1.204583 0.462550 0.736137 1.485554 60.295288 21.006379 1.282803 3.043473
111060345 1.204583 0.462550 0.741137 1.488038 60.128066 21.006379 1.286073 3.038395
111060346 1.204583 0.462550 0.746137 1.490535 59.961402 21.006379 1.289293 3.033308
111060347 1.204583 0.462550 0.751137 1.493044 59.795297 21.006379 1.292463 3.028213
111060348 1.204583 0.462550 0.756137 1.495566 59.629751 21.006379 1.295582 3.023109
111060349 1.204583 0.462550 0.761137 1.498100 59.464764 21.006379 1.298651 3.017998
111060350 1.204583 0.462550 0.766137 1.500646 59.300335 21.006379 1.301671 3.012879
111060351 1.204583 0.462550 0.771137 1.503205 59.136465 21.006379 1.304642 3.007753
111060352 1.204583 0.462550 0.776137 1.505776 58.973152 21.006379 1.307563 3.002619
111060353 1.204583 0.462550 0.781137 1.508359 58.810398 21.006379 1.310436 2.997479
111060354 1.204583 0.462550 0.786137 1.510955 58.648202 21.006379 1.313261 2.992333
111060355 1.204583 0.462550 0.791137 1.513562 58.486564 21.006379 1.316037 2.987180
111060356 1.204583 0.462550 0.796137 1.516182 58.325482 21.006379 1.318766 2.982021
111060357 1.204583 0.462550 0.801137 1.518813 58.164958 21.006379 1.321447 2.976857
111060358 1.204583 0.462550 0.806137 1.521457 58.004990 21.006379 1.324081 2.971688
111060359 1.204583 0.462550 0.811137 1.524112 57.845578 21.006379 1.326669 2.966513
111060360 1.204583 0.462550 0.816137 1.526779 57.686722 21.006379 1.329210 2.961334
111060361 1.204583 0.462550 0.821137 1.529457 57.528421 21.006379 1.331704 2.956150
111060362 1.204583 0.462550 0.826137 1.532147 57.370675 21.006379 1.334153 2.950961
111060363 1.204583 0.462550 0.831137 1.534849 57.213483 21.006379 1.336557 2.945769
111060364 1.204583 0.462550 0.836137 1.537562 57.056844 21.006379 1.338915 2.940573
111060365 1.204583 0.462550 0.841137 1.540287 56.900759 21.006379 1.341229 2.935374
111060366 1.204583 0.462550 0.846137 1.543023 56.745226 21.006379 1.343498 2.930171
111060367 1.204583 0.462550 0.851137 1.545771 56.590245 21.006379 1.345723 2.924965
111060368 1.204583 0.462550 0.856137 1.548530 56.435814 21.006379 1.347904 2.919756
111060369 1.204583 0.462550 0.861137 1.551299 56.281935 21.006379 1.350041 2.914545
111060370 1.204583 0.462550 0.866137 1.554081 56.128604 21.006379 1.352135 2.909332
111060371 1.204583 0.462550 0.871137 1.556873 55.975823 21.006379 1.354187 2.904116
111060372 1.204583 0.462550 0.876137 1.559676 55.823590 21.006379 1.356196 2.898899
111060373 1.204583 0.462550 0.881137 1.562490 55.671904 21.006379 1.358162 2.893680
111060374 1.204583 0.462550 0.886137 1.565315 55.520765 21.006379 1.360087 2.888459
111060375 1.204583 0.462550 0.891137 1.568151 55.370171 21.006379 1.361970 2.883238
111060376 1.204583 0.462550 0.896137 1.570998 55.220122 21.006379 1.363812 2.878016
111060377 1.204583 0.462550 0.901137 1.573855 55.070617 21.006379 1.365614 2.872792
111060378 1.204583 0.462550 0.906137 1.576724 54.921654 21.006379 1.367374 2.867569
111060379 1.204583 0.462550 0.911137 1.579602 54.773234 21.006379 1.369095 2.862345
111060380 1.204583 0.462550 0.916137 1.582492 54.625355 21.006379 1.370776 2.857121
111060381 1.204583 0.462550 0.921137 1.585392 54.478015 21.006379 1.372417 2.851897
111060382 1.204583 0.462550 0.926137 1.588302 54.331215 21.006379 1.374019 2.846674
111060383 1.204583 0.462550 0.931137 1.591223 54.184952 21.006379 1.375582 2.841451
111060384 1.204583 0.462550 0.936137 1.594154 54.039227 21.006379 1.377107 2.836229
111060385 1.204583 0.462550 0.941137 1.597095 53.894037 21.006379 1.378593 2.831007
111060386 1.204583 0.462550 0.946137 1.600046 53.749382 21.006379 1.380042 2.825787
111060387 1.204583 0.462550 0.951137 1.603008 53.605261 21.006379 1.381453 2.820569
111060388 1.204583 0.462550 0.956137 1.605980 53.461672 21.006379 1.382826 2.815352
111060389 1.204583 0.462550 0.961137 1.608962 53.318614 21.006379 1.384164 2.810136
111060390 1.204583 0.462550 0.966137 1.611953 53.176087 21.006379 1.385464 2.804922
111060391 1.204583 0.462550 0.971137 1.614955 53.034088 21.006379 1.386728 2.799711
111060392 1.204583 0.462550 0.976137 1.617967 52.892617 21.006379 1.387957 2.794502
111060393 1.204583 0.462550 0.981137 1.620988 52.751673 21.006379 1.389150 2.789295
111060394 1.204583 0.462550 0.986137 1.624019 52.611254 21.006379 1.390307 2.784091
111060395 1.204583 0.462550 0.991137 1.627060 52.471359 21.006379 1.391430 2.778889
111060396 1.204583 0.462550 0.996137 1.630111 52.331987 21.006379 1.392518 2.773691
111060397 1.204583 0.462550 1.001137 1.633171 52.193137 21.006379 1.393572 2.768496
111060398 1.204583 0.462550 1.006137 1.636241 52.054806 21.006379 1.394593 2.763304
111060399 1.204583 0.462550 1.011137 1.639320 51.916995 21.006379 1.395579 2.758115
111060400 1.204583 0.462550 1.016137 1.642409 51.779701 21.006379 1.396532 2.752930
111060401 1.192865 0.486207 0.521137 1.389571 67.973567 22.175605 1.110272 3.259171
111060402 1.192865 0.486207 0.526137 1.391454 67.782709 22.175605 1.116064 3.254763
111060403 1.192865 0.486207 0.531137 1.393352 67.592369 22.175605 1.121796 3.250331
111060404 1.192865 0.486207 0.536137 1.395266 67.402550 22.175605 1.127468 3.245876
111060405 1.192865 0.486207 0.541137 1.397195 67.213252 22.175605 1.133079 3.241397
111060406 1.192865 0.486207 0.546137 1.399139 67.024478 22.175605 1.138631 3.236896
111060407 1.192865 0.486207 0.551137 1.401098 66.836231 22.175605 1.144122 3.232372
111060408 1.192865 0.486207 0.556137 1.403072 66.648511 22.175605 1.149554 3.227826
111060409 1.192865 0.486207 0.561137 1.405062 66.461320 22.175605 1.154926 3.223258
111060410 1.192865 0.486207 0.566137 1.407066 66.274661 22.175605 1.160239 3.218669
111060411 1.192865 0.486207 0.571137 1.409085 66.088535 22.175605 1.165492 3.214059
111060412 1.192865 0.486207 0.576137 1.411119 65.902944 22.175605 1.170686 3.209429
111060413 1.192865 0.486207 0.581137 1.413168 65.717888 22.175605 1.175820 3.204778
111060414 1.192865 0.486207 0.586137 1.415231 65.533371 22.175605 1.180895 3.200108
111060415 1.192865 0.486207 0.591137 1.417310 65.349393 22.175605 1.185911 3.195418
111060416 1.192865 0.486207 0.596137 1.419402 65.165955 22.175605 1.190869 3.190709
111060417 1.192865 0.486207 0.601137 1.421509 64.983059 22.175605 1.195767 3.185982
111060418 1.192865 0.486207 0.606137 1.423631 64.800707 22.175605 1.200607 3.181236
111060419 1.192865 0.486207 0.611137 1.425767 64.618899 22.175605 1.205389 3.176473
111060420 1.192865 0.486207 0.616137 1.427917 64.437636 22.175605 1.210112 3.171692
111060421 1.192865 0.486207 0.621137 1.430082 64.256921 22.175605 1.214778 3.166894
111060422 1.192865 0.486207 0.626137 1.432261 64.076754 22.175605 1.219385 3.162079
111060423 1.192865 0.486207 0.631137 1.434454 63.897136 22.175605 1.223935 3.157247
111060424 1.192865 0.486207 0.636137 1.436661 63.718068 22.175605 1.228428 3.152400
111060425 1.192865 0.486207 0.641137 1.438882 63.539551 22.175605 1.232863 3.147536
111060426 1.192865 0.486207 0.646137 1.441116 63.361586 22.175605 1.237241 3.142658
111060427 1.192865 0.486207 0.651137 1.443365 63.184173 22.175605 1.241562 3.137764
111060428 1.192865 0.486207 0.656137 1.445628 63.007315 22.175605 1.245826 3.132855
111060429 1.192865 0.486207 0.661137 1.447904 62.831010 22.175605 1.250034 3.127933
111060430 1.192865 0.486207 0.666137 1.450194 62.655261 22.175605 1.254186 3.122996
111060431 1.192865 0.486207 0.671137 1.452497 62.480068 22.175605 1.258282 3.118046
111060432 1.192865 0.486207 0.676137 1.454814 62.305431 22.175605 1.262323 3.113082
111060433 1.192865 0.486207 0.681137 1.457145 62.131351 22.175605 1.266308 3.108106
111060434 1.192865 0.486207 0.686137 1.459489 61.957829 22.175605 1.270237 3.103117
111060435 1.192865 0.486207 0.691137 1.461846 61.784865 22.175605 1.274112 3.098115
111060436 1.192865 0.486207 0.696137 1.464217 61.612459 22.175605 1.277932 3.093102
111060437 1.192865 0.486207 0.701137 1.466600 61.440612 22.175605 1.281697 3.088077
111060438 1.192865 0.486207 0.706137 1.468997 61.269324 22.175605 1.285409 3.083040
111060439 1.192865 0.486207 0.711137 1.471407 61.098596 22.175605 1.289066 3.077993
111060440 1.192865 0.486207 0.716137 1.473830 60.928428 22.175605 1.292670 3.072935
111060441 1.192865 0.486207 0.721137 1.476266 60.758820 22.175605 1.296221 3.067867
111060442 1.192865 0.486207 0.726137 1.478715 60.589772 22.175605 1.299718 3.062789
111060443 1.192865 0.486207 0.731137 1.481177 60.421285 22.175605 1.303163 3.057701
111060444 1.192865 0.486207 0.736137 1.483651 60.253358 22.175605 1.306555 3.052604
111060445 1.192865 0.486207 0.741137 1.486138 60.085992 22.175605 1.309895 3.047497
111060446 1.192865 0.486207 0.746137 1.488638 59.919186 22.175605 1.313183 3.042382
111060447 1.192865 0.486207 0.751137 1.491151 59.752941 22.175605 1.316420 3.037259
111060448 1.192865 0.486207 0.756137 1.493676 59.587257 22.175605 1.319605 3.032127
111060449 1.192865 0.486207 0.761137 1.496213 59.422133 22.175605 1.322739 3.026987
111060450 1.192865 0.486207 0.766137 1.498763 59.257570 22.175605 1.325823 3.021840
111060451 1.192865 0.486207 0.771137 1.501325 59.093567 22.175605 1.328856 3.016686
111060452 1.192865 0.486207 0.776137 1.503899 58.930125 22.175605 1.331839 3.011524
111060453 1.192865 0.486207 0.781137 1.506485 58.767242 22.175605 1.334772 3.006356
111060454 1.192865 0.486207 0.786137 1.509084 58.604919 22.175605 1.337656 3.001182
111060455 1.192865 0.486207 0.791137 1.511695 58.443155 22.175605 1.340491 2.996001
111060456 1.192865 0.486207 0.796137 1.514318 58.281950 22.175605 1.343277 2.990814
111060457 1.192865 0.486207 0.801137 1.516952 58.121304 22.175605 1.346015 2.985622
111060458 1.192865 0.486207 0.806137 1.519599 57.961217 22.175605 1.348704 2.980425
111060459 1.192865 0.486207 0.811137 1.522257 57.801687 22.175605 1.351346 2.975222
111060460 1.192865 0.486207 0.816137 1.524927 57.642714 22.175605 1.353940 2.970015
111060461 1.192865 0.486207 0.821137 1.527609 57.484299 22.175605 1.356487 2.964803
111060462 1.192865 0.486207 0.826137 1.530303 57.326440 22.175605 1.358987 2.959587
111060463 1.192865 0.486207 0.831137 1.533008 57.169137 22.175605 1.361441 2.954367
111060464 1.192865 0.486207 0.836137 1.535724 57.012389 22.175605 1.363849 2.949144
111060465 1.192865 0.486207 0.841137 1.538452 56.856196 22.175605 1.366210 2.943916
111060466 1.192865 0.486207 0.846137 1.541192 56.700557 22.175605 1.368526 2.938686
111060467 1.192865 0.486207 0.851137 1.543942 56.545472 22.175605 1.370798 2.933453
111060468 1.192865 0.486207 0.856137 1.546704 56.390939 22.175605 1.373024 2.928217
111060469 1.192865 0.486207 0.861137 1.549477 56.236959 22.175605 1.375206 2.922978
111060470 1.192865 0.486207 0.866137 1.552262 56.083529 22.175605 1.377343 2.917737
111060471 1.192865 0.486207 0.871137 1.555057 55.930650 22.175605 1.379437 2.912494
111060472 1.192865 0.486207 0.876137 1.557864 55.778321 22.175605 1.381488 2.907250
111060473 1.192865 0.486207 0.881137 1.560681 55.626541 22.175605 1.383495 2.902004
111060474 1.192865 0.486207 0.886137 1.563510 55.475309 22.175605 1.385460 2.896756
111060475 1.192865 0.486207 0.891137 1.566349 55.324624 22.175605 1.387382 2.891508
111060476 1.192865 0.486207 0.896137 1.569199 55.174486 22.175605 1.389262 2.886258
111060477 1.192865 0.486207 0.901137 1.572060 55.024892 22.175605 1.391100 2.881008
111060478 1.192865 0.486207 0.906137 1.574931 54.875844 22.175605 1.392897 2.875758
111060479 1.192865 0.486207 0.911137 1.577813 54.727339 22.175605 1.394653 2.870507
111060480 1.192865 0.486207 0.916137 1.580706 54.579376 22.175605 1.396368 2.865256
111060481 1.192865 0.486207 0.921137 1.583609 54.431955 22.175605 1.398043 2.860006
111060482 1.192865 0.486207 0.926137 1.586522 54.285074 22.175605 1.399678 2.854756
111060483 1.192865 0.486207 0.931137 1.589446 54.138733 22.175605 1.401273 2.849506
111060484 1.192865 0.486207 0.936137 1.592381 53.992930 22.175605 1.402828 2.844258
111060485 1.192865 0.486207 0.941137 1.595325 53.847665 22.175605 1.404345 2.839010
111060486 1.192865 0.486207 0.946137 1.598280 53.702935 22.175605 1.405823 2.833764
111060487 1.192865 0.486207 0.951137 1.601245 53.558741 22.175605 1.407263 2.828519
111060488 1.192865 0.486207 0.956137 1.604220 53.415080 22.175605 1.408665 2.823275
111060489 1.192865 0.486207 0.961137 1.607205 53.271953 22.175605 1.410029 2.818034
111060490 1.192865 0.486207 0.966137 1.610200 53.129357 22.175605 1.411356 2.812794
111060491 1.192865 0.486207 0.971137 1.613205 52.987291 22.175605 1.412645 2.807557
111060492 1.192865 0.486207 0.976137 1.616220 52.845754 22.175605 1.413899 2.802322
111060493 1.192865 0.486207 0.981137 1.619245 52.704746 22.175605 1.415116 2.797089
111060494 1.192865 0.486207 0.986137 1.622279 52.564264 22.175605 1.416297 2.791859
111060495 1.192865 0.486207 0.991137 1.625323 52.424307 22.175605 1.417442 2.786632
111060496 1.192865 0.486207 0.996137 1.628377 52.284875 22.175605 1.418552 2.781408
111060497 1.192865 0.486207 1.001137 1.631441 52.145965 22.175605 1.419627 2.776187
111060498 1.192865 0.486207 1.006137 1.634514 52.007577 22.175605 1.420668 2.770970
111060499 1.192865 0.486207 1.011137 1.637596 51.869709 22.175605 1.421674 2.765756
111060500 1.192865 0.486207 1.016137 1.640688 51.732360 22.175605 1.422646 2.760546
111060501 1.181147 0.509863 0.521137 1.388039 67.947977 23.348325 1.128924 3.267008
111060502 1.181147 0.509863 0.526137 1.389924 67.756944 23.348325 1.134835 3.262580
111060503 1.181147 0.509863 0.531137 1.391824 67.566430 23.348325 1.140685 3.258128
111060504 1.181147 0.509863 0.536137 1.393740 67.376438 23.348325 1.146473 3.253652
111060505 1.181147 0.509863 0.541137 1.395671 67.186970 23.348325 1.152201 3.249153
111060506 1.181147 0.509863 0.546137 1.397617 66.998027 23.348325 1.157867 3.244630
111060507 1.181147 0.509863 0.551137 1.399578 66.809612 23.348325 1.163472 3.240086
111060508 1.181147 0.509863 0.556137 1.401555 66.621726 23.348325 1.169016 3.235519
111060509 1.181147 0.509863 0.561137 1.403546 66.434372 23.348325 1.174499 3.230931
111060510 1.181147 0.509863 0.566137 1.405553 66.247550 23.348325 1.179921 3.226321
111060511 1.181147 0.509863 0.571137 1.407574 66.061263 23.348325 1.185282 3.221690
111060512 1.181147 0.509863 0.576137 1.409610 65.875512 23.348325 1.190582 3.217039
111060513 1.181147 0.509863 0.581137 1.411661 65.690299 23.348325 1.195822 3.212367
111060514 1.181147 0.509863 0.586137 1.413727 65.505625 23.348325 1.201002 3.207676
111060515 1.181147 0.509863 0.591137 1.415807 65.321492 23.348325 1.206122 3.202965
111060516 1.181147 0.509863 0.596137 1.417902 65.137901 23.348325 1.211181 3.198235
111060517 1.181147 0.509863 0.601137 1.420012 64.954854 23.348325 1.216180 3.193487
111060518 1.181147 0.509863 0.606137 1.422136 64.772352 23.348325 1.221120 3.188720
111060519 1.181147 0.509863 0.611137 1.424274 64.590396 23.348325 1.226000 3.183935
111060520 1.181147 0.509863 0.616137 1.426426 64.408987 23.348325 1.230820 3.179133
111060521 1.181147 0.509863 0.621137 1.428593 64.228127 23.348325 1.235582 3.174313
111060522 1.181147 0.509863 0.626137 1.430774 64.047816 23.348325 1.240284 3.169477
111060523 1.181147 0.509863 0.631137 1.432969 63.868056 23.348325 1.244927 3.164624
111060524 1.181147 0.509863 0.636137 1.435179 63.688847 23.348325 1.249512 3.159755
111060525 1.181147 0.509863 0.641137 1.437402 63.510192 23.348325 1.254038 3.154870
111060526 1.181147 0.509863 0.646137 1.439639 63.332089 23.348325 1.258506 3.149970
111060527 1.181147 0.509863 0.651137 1.441890 63.154542 23.348325 1.262916 3.145055
111060528 1.181147 0.509863 0.656137 1.444155 62.977549 23.348325 1.267268 3.140125
111060529 1.181147 0.509863 0.661137 1.446433 62.801112 23.348325 1.271562 3.135181
111060530 1.181147 0.509863 0.666137 1.448726 62.625232 23.348325 1.275799 3.130223
111060531 1.181147 0.509863 0.671137 1.451032 62.449909 23.348325 1.279979 3.125251
111060532 1.181147 0.509863 0.676137 1.453351 62.275145 23.348325 1.284102 3.120266
111060533 1.181147 0.509863 0.681137 1.455684 62.100938 23.348325 1.288169 3.115268
111060534 1.181147 0.509863 0.686137 1.458030 61.927291 23.348325 1.292179 3.110258
111060535 1.181147 0.509863 0.691137 1.460390 61.754204 23.348325 1.296133 3.105235
111060536 1.181147 0.509863 0.696137 1.462763 61.581676 23.348325 1.300031 3.100200
111060537 1.181147 0.509863 0.701137 1.465149 61.409709 23.348325 1.303874 3.095153
111060538 1.181147 0.509863 0.706137 1.467548 61.238302 23.348325 1.307661 3.090096
111060539 1.181147 0.509863 0.711137 1.469960 61.067457 23.348325 1.311394 3.085027
111060540 1.181147 0.509863 0.716137 1.472386 60.897173 23.348325 1.315071 3.079947
111060541 1.181147 0.509863 0.721137 1.474824 60.727450 23.348325 1.318695 3.074858
111060542 1.181147 0.509863 0.726137 1.477275 60.558290 23.348325 1.322264 3.069758
111060543 1.181147 0.509863 0.731137 1.479739 60.389691 23.348325 1.325779 3.064649
111060544 1.181147 0.509863 0.736137 1.482216 60.221654 23.348325 1.329240 3.059530
111060545 1.181147 0.509863 0.741137 1.484706 60.054179 23.348325 1.332649 3.054402
111060546 1.181147 0.509863 0.746137 1.487208 59.887267 23.348325 1.336004 3.049265
111060547 1.181147 0.509863 0.751137 1.489723 59.720916 23.348325 1.339307 3.044120
111060548 1.181147 0.509863 0.756137 1.492250 59.555128 23.348325 1.342557 3.038967
111060549 1.181147 0.509863 0.761137 1.494790 59.389902 23.348325 1.345755 3.033806
111060550 1.181147 0.509863 0.766137 1.497342 59.225237 23.348325 1.348902 3.028638
111060551 1.181147 0.509863 0.771137 1.499907 59.061135 23.348325 1.351997 3.023462
111060552 1.181147 0.509863 0.776137 1.502483 58.897593 23.348325 1.355041 3.018279
111060553 1.181147 0.509863 0.781137 1.505072 58.734613 23.348325 1.358035 3.013090
111060554 1.181147 0.509863 0.786137 1.507673 58.572195 23.348325 1.360977 3.007894
111060555 1.181147 0.509863 0.791137 1.510287 58.410336 23.348325 1.363870 3.002692
111060556 1.181147 0.509863 0.796137 1.512912 58.249039 23.348325 1.366713 2.997484
111060557 1.181147 0.509863 0.801137 1.515549 58.088301 23.348325 1.369507 2.992271
111060558 1.181147 0.509863 0.806137 1.518198 57.928123 23.348325 1.372251 2.987052
111060559 1.181147 0.509863 0.811137 1.520859 57.768504 23.348325 1.374947 2.981828
111060560 1.181147 0.509863 0.816137 1.523531 57.609444 23.348325 1.377594 2.976600
111060561 1.181147 0.509863 0.821137 1.526215 57.450943 23.348325 1.380193 2.971367
111060562 1.181147 0.509863 0.826137 1.528911 57.292999 23.348325 1.382744 2.966130
111060563 1.181147 0.509863 0.831137 1.531619 57.135612 23.348325 1.385248 2.960889
111060564 1.181147 0.509863 0.836137 1.534338 56.978782 23.348325 1.387704 2.955644
111060565 1.181147 0.509863 0.841137 1.537068 56.822508 23.348325 1.390114 2.950396
111060566 1.181147 0.509863 0.846137 1.539810 56.666789 23.348325 1.392478 2.945145
111060567 1.181147 0.509863 0.851137 1.542563 56.511625 23.348325 1.394795 2.939891
111060568 1.181147 0.509863 0.856137 1.545328 56.357015 23.348325 1.397067 2.934634
111060569 1.181147 0.509863 0.861137 1.548104 56.202959 23.348325 1.399293 2.929374
111060570 1.181147 0.509863 0.866137 1.550890 56.049454 23.348325 1.401475 2.924113
111060571 1.181147 0.509863 0.871137 1.553688 55.896502 23.348325 1.403611 2.918849
111060572 1.181147 0.509863 0.876137 1.556497 55.744101 23.348325 1.405704 2.913584
111060573 1.181147 0.509863 0.881137 1.559317 55.592250 23.348325 1.407752 2.908317
111060574 1.181147 0.509863 0.886137 1.562148 55.440948 23.348325 1.409757 2.903049
111060575 1.181147 0.509863 0.891137 1.564990 55.290194 23.348325 1.411718 2.897780
111060576 1.181147 0.509863 0.896137 1.567842 55.139988 23.348325 1.413637 2.892510
111060577 1.181147 0.509863 0.901137 1.570705 54.990329 23.348325 1.415513 2.887240
111060578 1.181147 0.509863 0.906137 1.573579 54.841215 23.348325 1.417346 2.881969
111060579 1.181147 0.509863 0.911137 1.576464 54.692646 23.348325 1.419138 2.876698
111060580 1.181147 0.509863 0.916137 1.579359 54.544621 23.348325 1.420888 2.871427
111060581 1.181147 0.509863 0.921137 1.582264 54.397138 23.348325 1.422597 2.866156
111060582 1.181147 0.509863 0.926137 1.585181 54.250197 23.348325 1.424266 2.860886
111060583 1.181147 0.509863 0.931137 1.588107 54.103796 23.348325 1.425893 2.855616
111060584 1.181147 0.509863 0.936137 1.591044 53.957935 23.348325 1.427481 2.850348
111060585 1.181147 0.509863 0.941137 1.593991 53.812613 23.348325 1.429029 2.845080
111060586 1.181147 0.509863 0.946137 1.596948 53.667827 23.348325 1.430537 2.839814
111060587 1.181147 0.509863 0.951137 1.599915 53.523578 23.348325 1.432006 2.834549
111060588 1.181147 0.509863 0.956137 1.602893 53.379864 23.348325 1.433437 2.829285
111060589 1.181147 0.509863 0.961137 1.605880 53.236684 23.348325 1.434829 2.824024
111060590 1.181147 0.509863 0.966137 1.608878 53.094036 23.348325 1.436183 2.818765
111060591 1.181147 0.509863 0.971137 1.611885 52.951920 23.348325 1.437500 2.813507
111060592 1.181147 0.509863 0.976137 1.614903 52.810334 23.348325 1.438779 2.808253
111060593 1.181147 0.509863 0.981137 1.617930 52.669277 23.348325 1.440021 2.803000
111060594 1.181147 0.509863 0.986137 1.620967 52.528747 23.348325 1.441226 2.797751
111060595 1.181147 0.509863 0.991137 1.624014 52.388744 23.348325 1.442395 2.792504
111060596 1.181147 0.509863 0.996137 1.627070 52.249267 23.348325 1.443528 2.787261
111060597 1.181147 0.509863 1.001137 1.630136 52.110313 23.348325 1.444625 2.782021
111060598 1.181147 0.509863 1.006137 1.633211 51.971881 23.348325 1.445687 2.776784
111060599 1.181147 0.509863 1.011137 1.636296 51.833971 23.348325 1.446714 2.771551
111060600 1.181147 0.509863 1.016137 1.639391 51.696580 23.348325 1.447707 2.766322
111060601 1.169428 0.533520 0.521137 1.387007 67.930719 24.523569 1.146547 3.272316
111060602 1.169428 0.533520 0.526137 1.388894 67.739567 24.523569 1.152573 3.267874
111060603 1.169428 0.533520 0.531137 1.390796 67.548936 24.523569 1.158537 3.263408
111060604 1.169428 0.533520 0.536137 1.392713 67.358828 24.523569 1.164439 3.258918
111060605 1.169428 0.533520 0.541137 1.394645 67.169245 24.523569 1.170277 3.254405
111060606 1.169428 0.533520 0.546137 1.396593 66.980188 24.523569 1.176054 3.249869
111060607 1.169428 0.533520 0.551137 1.398556 66.791660 24.523569 1.181768 3.245311
111060608 1.169428 0.533520 0.556137 1.400534 66.603662 24.523569 1.187420 3.240730
111060609 1.169428 0.533520 0.561137 1.402526 66.416197 24.523569 1.193010 3.236127
111060610 1.169428 0.533520 0.566137 1.404534 66.229266 24.523569 1.198537 3.231503
111060611 1.169428 0.533520 0.571137 1.406557 66.042870 24.523569 1.204003 3.226858
111060612 1.169428 0.533520 0.576137 1.408595 65.857012 24.523569 1.209407 3.222193
111060613 1.169428 0.533520 0.581137 1.410647 65.671692 24.523569 1.214749 3.217507
111060614 1.169428 0.533520 0.586137 1.412715 65.486913 24.523569 1.220030 3.212802
111060615 1.169428 0.533520 0.591137 1.414796 65.302676 24.523569 1.225249 3.208077
111060616 1.169428 0.533520 0.596137 1.416893 65.118982 24.523569 1.230407 3.203332
111060617 1.169428 0.533520 0.601137 1.419004 64.935833 24.523569 1.235504 3.198570
111060618 1.169428 0.533520 0.606137 1.421129 64.753230 24.523569 1.240540 3.193788
111060619 1.169428 0.533520 0.611137 1.423269 64.571174 24.523569 1.245516 3.188989
111060620 1.169428 0.533520 0.616137 1.425423 64.389666 24.523569 1.250430 3.184173
111060621 1.169428 0.533520 0.621137 1.427591 64.208708 24.523569 1.255285 3.179339
111060622 1.169428 0.533520 0.626137 1.429774 64.028301 24.523569 1.260079 3.174488
111060623 1.169428 0.533520 0.631137 1.431971 63.848445 24.523569 1.264813 3.169621
111060624 1.169428 0.533520 0.636137 1.434181 63.669143 24.523569 1.269487 3.164737
111060625 1.169428 0.533520 0.641137 1.436406 63.490393 24.523569 1.274102 3.159838
111060626 1.169428 0.533520 0.646137 1.438645 63.312199 24.523569 1.278657 3.154923
111060627 1.169428 0.533520 0.651137 1.440897 63.134560 24.523569 1.283153 3.149994
111060628 1.169428 0.533520 0.656137 1.443164 62.957477 24.523569 1.287591 3.145049
111060629 1.169428 0.533520 0.661137 1.445444 62.780951 24.523569 1.291969 3.140091
111060630 1.169428 0.533520 0.666137 1.447738 62.604982 24.523569 1.296289 3.135118
111060631 1.169428 0.533520 0.671137 1.450045 62.429572 24.523569 1.300551 3.130132
111060632 1.169428 0.533520 0.676137 1.452366 62.254722 24.523569 1.304755 3.125132
111060633 1.169428 0.533520 0.681137 1.454700 62.080430 24.523569 1.308901 3.120120
111060634 1.169428 0.533520 0.686137 1.457048 61.906699 24.523569 1.312990 3.115094
111060635 1.169428 0.533520 0.691137 1.459409 61.733528 24.523569 1.317022 3.110057
111060636 1.169428 0.533520 0.696137 1.461784 61.560919 24.523569 1.320997 3.105007
111060637 1.169428 0.533520 0.701137 1.464172 61.388870 24.523569 1.324915 3.099946
111060638 1.169428 0.533520 0.706137 1.466573 61.217384 24.523569 1.328777 3.094874
111060639 1.169428 0.533520 0.711137 1.468987 61.046460 24.523569 1.332582 3.089791
111060640 1.169428 0.533520 0.716137 1.471414 60.876098 24.523569 1.336332 3.084697
111060641 1.169428 0.533520 0.721137 1.473854 60.706298 24.523569 1.340027 3.079592
111060642 1.169428 0.533520 0.726137 1.476306 60.537061 24.523569 1.343666 3.074478
111060643 1.169428 0.533520 0.731137 1.478772 60.368388 24.523569 1.347251 3.069354
111060644 1.169428 0.533520 0.736137 1.481251 60.200277 24.523569 1.350781 3.064221
111060645 1.169428 0.533520 0.741137 1.483742 60.032729 24.523569 1.354256 3.059079
111060646 1.169428 0.533520 0.746137 1.486246 59.865745 24.523569 1.357678 3.053927
111060647 1.169428 0.533520 0.751137 1.488762 59.699323 24.523569 1.361045 3.048768
111060648 1.169428 0.533520 0.756137 1.491291 59.533465 24.523569 1.364360 3.043600
111060649 1.169428 0.533520 0.761137 1.493832 59.368169 24.523569 1.367622 3.038425
111060650 1.169428 0.533520 0.766137 1.496386 59.203436 24.523569 1.370830 3.033242
111060651 1.169428 0.533520 0.771137 1.498952 59.039266 24.523569 1.373987 3.028051
111060652 1.169428 0.533520 0.776137 1.501531 58.875659 24.523569 1.377091 3.022854
111060653 1.169428 0.533520 0.781137 1.504121 58.712614 24.523569 1.380144 3.017650
111060654 1.169428 0.533520 0.786137 1.506724 58.550130 24.523569 1.383145 3.012440
111060655 1.169428 0.533520 0.791137 1.509339 58.388209 24.523569 1.386095 3.007223
111060656 1.169428 0.533520 0.796137 1.511966 58.226848 24.523569 1.388995 3.002001
111060657 1.169428 0.533520 0.801137 1.514604 58.066049 24.523569 1.391844 2.996774
111060658 1.169428 0.533520 0.806137 1.517255 57.905810 24.523569 1.394643 2.991541
111060659 1.169428 0.533520 0.811137 1.519917 57.746132 24.523569 1.397392 2.986303
111060660 1.169428 0.533520 0.816137 1.522592 57.587013 24.523569 1.400092 2.981060
111060661 1.169428 0.533520 0.821137 1.525278 57.428453 24.523569 1.402742 2.975813
111060662 1.169428 0.533520 0.826137 1.527975 57.270452 24.523569 1.405345 2.970562
111060663 1.169428 0.533520 0.831137 1.530684 57.113009 24.523569 1.407898 2.965306
111060664 1.169428 0.533520 0.836137 1.533405 56.956123 24.523569 1.410404 2.960047
111060665 1.169428 0.533520 0.841137 1.536137 56.799795 24.523569 1.412862 2.954785
111060666 1.169428 0.533520 0.846137 1.538881 56.644022 24.523569 1.415273 2.949520
111060667 1.169428 0.533520 0.851137 1.541635 56.488806 24.523569 1.417637 2.944251
111060668 1.169428 0.533520 0.856137 1.544402 56.334144 24.523569 1.419955 2.938980
111060669 1.169428 0.533520 0.861137 1.547179 56.180036 24.523569 1.422226 2.933707
111060670 1.169428 0.533520 0.866137 1.549967 56.026482 24.523569 1.424451 2.928431
111060671 1.169428 0.533520 0.871137 1.552767 55.873480 24.523569 1.426631 2.923154
111060672 1.169428 0.533520 0.876137 1.555578 55.721030 24.523569 1.428765 2.917874
111060673 1.169428 0.533520 0.881137 1.558399 55.569131 24.523569 1.430855 2.912594
111060674 1.169428 0.533520 0.886137 1.561232 55.417782 24.523569 1.432900 2.907312
111060675 1.169428 0.533520 0.891137 1.564075 55.266982 24.523569 1.434901 2.902029
111060676 1.169428 0.533520 0.896137 1.566929 55.116731 24.523569 1.436859 2.896745
111060677 1.169428 0.533520 0.901137 1.569794 54.967027 24.523569 1.438773 2.891460
111060678 1.169428 0.533520 0.906137 1.572670 54.817870 24.523569 1.440644 2.886176
111060679 1.169428 0.533520 0.911137 1.575556 54.669258 24.523569 1.442472 2.880891
111060680 1.169428 0.533520 0.916137 1.578453 54.521190 24.523569 1.444258 2.875606
111060681 1.169428 0.533520 0.921137 1.581360 54.373666 24.523569 1.446002 2.870322
111060682 1.169428 0.533520 0.926137 1.584278 54.226684 24.523569 1.447705 2.865038
111060683 1.169428 0.533520 0.931137 1.587206 54.080244 24.523569 1.449366 2.859755
111060684 1.169428 0.533520 0.936137 1.590144 53.934344 24.523569 1.450986 2.854472
111060685 1.169428 0.533520 0.941137 1.593093 53.788983 24.523569 1.452566 2.849191
111060686 1.169428 0.533520 0.946137 1.596052 53.644160 24.523569 1.454106 2.843911
111060687 1.169428 0.533520 0.951137 1.599021 53.499874 24.523569 1.455605 2.838633
111060688 1.169428 0.533520 0.956137 1.602000 53.356124 24.523569 1.457066 2.833356
111060689 1.169428 0.533520 0.961137 1.604989 53.212908 24.523569 1.458487 2.828081
111060690 1.169428 0.533520 0.966137 1.607988 53.070226 24.523569 1.459869 2.822808
111060691 1.169428 0.533520 0.971137 1.610997 52.928076 24.523569 1.461213 2.817538
111060692 1.169428 0.533520 0.976137 1.614016 52.786456 24.523569 1.462519 2.812270
111060693 1.169428 0.533520 0.981137 1.617045 52.645367 24.523569 1.463787 2.807004
111060694 1.169428 0.533520 0.986137 1.620084 52.504805 24.523569 1.465018 2.801742
111060695 1.169428 0.533520 0.991137 1.623132 52.364771 24.523569 1.466212 2.796482
111060696 1.169428 0.533520 0.996137 1.626190 52.225263 24.523569 1.467369 2.791225
111060697 1.169428 0.533520 1.001137 1.629258 52.086279 24.523569 1.468490 2.785972
111060698 1.169428 0.533520 1.006137 1.632335 51.947819 24.523569 1.469575 2.780722
111060699 1.169428 0.533520 1.011137 1.635422 51.809880 24.523569 1.470624 2.775476
111060700 1.169428 0.533520 1.016137 1.638518 51.672462 24.523569 1.471638 2.770234
111060701 1.157710 0.557177 0.521137 1.386478 67.921850 25.700353 1.163078 3.275071
111060702 1.157710 0.557177 0.526137 1.388365 67.730638 25.700353 1.169214 3.270622
111060703 1.157710 0.557177 0.531137 1.390268 67.539947 25.700353 1.175287 3.266148
111060704 1.157710 0.557177 0.536137 1.392186 67.349779 25.700353 1.181297 3.261651
111060705 1.157710 0.557177 0.541137 1.394119 67.160137 25.700353 1.187243 3.257131
111060706 1.157710 0.557177 0.546137 1.396067 66.971021 25.700353 1.193125 3.252588
111060707 1.157710 0.557177 0.551137 1.398031 66.782435 25.700353 1.198944 3.248022
111060708 1.157710 0.557177 0.556137 1.400009 66.594380 25.700353 1.204700 3.243434
111060709 1.157710 0.557177 0.561137 1.402003 66.406858 25.700353 1.210392 3.238824
111060710 1.157710 0.557177 0.566137 1.404012 66.219871 25.700353 1.216022 3.234193
111060711 1.157710 0.557177 0.571137 1.406035 66.033419 25.700353 1.221588 3.229541
111060712 1.157710 0.557177 0.576137 1.408074 65.847506 25.700353 1.227091 3.224868
111060713 1.157710 0.557177 0.581137 1.410127 65.662132 25.700353 1.232532 3.220175
111060714 1.157710 0.557177 0.586137 1.412195 65.477299 25.700353 1.237910 3.215462
111060715 1.157710 0.557177 0.591137 1.414277 65.293008 25.700353 1.243226 3.210729
111060716 1.157710 0.557177 0.596137 1.416375 65.109261 25.700353 1.248479 3.205978
111060717 1.157710 0.557177 0.601137 1.418486 64.926060 25.700353 1.253670 3.201208
111060718 1.157710 0.557177 0.606137 1.420612 64.743405 25.700353 1.258800 3.196419
111060719 1.157710 0.557177 0.611137 1.422753 64.561297 25.700353 1.263867 3.191612
111060720 1.157710 0.557177 0.616137 1.424908 64.379739 25.700353 1.268873 3.186788
111060721 1.157710 0.557177 0.621137 1.427077 64.198731 25.700353 1.273817 3.181947
111060722 1.157710 0.557177 0.626137 1.429260 64.018274 25.700353 1.278700 3.177089
111060723 1.157710 0.557177 0.631137 1.431458 63.838369 25.700353 1.283522 3.172214
111060724 1.157710 0.557177 0.636137 1.433669 63.659018 25.700353 1.288283 3.167323
111060725 1.157710 0.557177 0.641137 1.435895 63.480221 25.700353 1.292984 3.162416
111060726 1.157710 0.557177 0.646137 1.438134 63.301979 25.700353 1.297624 3.157494
111060727 1.157710 0.557177 0.651137 1.440388 63.124292 25.700353 1.302204 3.152557
111060728 1.157710 0.557177 0.656137 1.442655 62.947163 25.700353 1.306724 3.147605
111060729 1.157710 0.557177 0.661137 1.444936 62.770591 25.700353 1.311184 3.142639
111060730 1.157710 0.557177 0.666137 1.447231 62.594578 25.700353 1.315585 3.137659
111060731 1.157710 0.557177 0.671137 1.449539 62.419123 25.700353 1.319927 3.132665
111060732 1.157710 0.557177 0.676137 1.451861 62.244228 25.700353 1.324209 3.127658
111060733 1.157710 0.557177 0.681137 1.454196 62.069893 25.700353 1.328433 3.122638
111060734 1.157710 0.557177 0.686137 1.456544 61.896119 25.700353 1.332599 3.117605
111060735 1.157710 0.557177 0.691137 1.458906 61.722905 25.700353 1.336706 3.112560
111060736 1.157710 0.557177 0.696137 1.461282 61.550254 25.700353 1.340756 3.107503
111060737 1.157710 0.557177 0.701137 1.463670 61.378164 25.700353 1.344748 3.102434
111060738 1.157710 0.557177 0.706137 1.466072 61.206636 25.700353 1.348682 3.097354
111060739 1.157710 0.557177 0.711137 1.468487 61.035671 25.700353 1.352560 3.092264
111060740 1.157710 0.557177 0.716137 1.470915 60.865269 25.700353 1.356381 3.087162
111060741 1.157710 0.557177 0.721137 1.473355 60.695430 25.700353 1.360145 3.082050
111060742 1.157710 0.557177 0.726137 1.475809 60.526155 25.700353 1.363853 3.076928
111060743 1.157710 0.557177 0.731137 1.478276 60.357442 25.700353 1.367506 3.071797
111060744 1.157710 0.557177 0.736137 1.480755 60.189294 25.700353 1.371102 3.066656
111060745 1.157710 0.557177 0.741137 1.483247 60.021708 25.700353 1.374644 3.061506
111060746 1.157710 0.557177 0.746137 1.485752 59.854687 25.700353 1.378131 3.056348
111060747 1.157710 0.557177 0.751137 1.488269 59.688229 25.700353 1.381563 3.051181
111060748 1.157710 0.557177 0.756137 1.490799 59.522334 25.700353 1.384940 3.046005
111060749 1.157710 0.557177 0.761137 1.493341 59.357003 25.700353 1.388264 3.040822
111060750 1.157710 0.557177 0.766137 1.495896 59.192236 25.700353 1.391534 3.035632
111060751 1.157710 0.557177 0.771137 1.498463 59.028031 25.700353 1.394751 3.030434
111060752 1.157710 0.557177 0.776137 1.501042 58.864390 25.700353 1.397915 3.025229
111060753 1.157710 0.557177 0.781137 1.503633 58.701311 25.700353 1.401026 3.020018
111060754 1.157710 0.557177 0.786137 1.506237 58.538794 25.700353 1.404085 3.014800
111060755 1.157710 0.557177 0.791137 1.508852 58.376840 25.700353 1.407092 3.009576
111060756 1.157710 0.557177 0.796137 1.511480 58.215448 25.700353 1.410048 3.004347
111060757 1.157710 0.557177 0.801137 1.514120 58.054617 25.700353 1.412952 2.999112
111060758 1.157710 0.557177 0.806137 1.516771 57.894347 25.700353 1.415805 2.993871
111060759 1.157710 0.557177 0.811137 1.519434 57.734637 25.700353 1.418608 2.988626
111060760 1.157710 0.557177 0.816137 1.522109 57.575488 25.700353 1.421360 2.983376
111060761 1.157710 0.557177 0.821137 1.524796 57.416899 25.700353 1.424063 2.978121
111060762 1.157710 0.557177 0.826137 1.527495 57.258868 25.700353 1.426715 2.972863
111060763 1.157710 0.557177 0.831137 1.530205 57.101396 25.700353 1.429319 2.967600
111060764 1.157710 0.557177 0.836137 1.532926 56.944482 25.700353 1.431874 2.962334
111060765 1.157710 0.557177 0.841137 1.535659 56.788126 25.700353 1.434381 2.957064
111060766 1.157710 0.557177 0.846137 1.538404 56.632326 25.700353 1.436839 2.951791
111060767 1.157710 0.557177 0.851137 1.541159 56.477082 25.700353 1.439249 2.946516
111060768 1.157710 0.557177 0.856137 1.543926 56.322393 25.700353 1.441613 2.941237
111060769 1.157710 0.557177 0.861137 1.546704 56.168260 25.700353 1.443929 2.935956
111060770 1.157710 0.557177 0.866137 1.549494 56.014679 25.700353 1.446198 2.930674
111060771 1.157710 0.557177 0.871137 1.552294 55.861652 25.700353 1.448421 2.925389
111060772 1.157710 0.557177 0.876137 1.555106 55.709177 25.700353 1.450598 2.920102
111060773 1.157710 0.557177 0.881137 1.557928 55.557254 25.700353 1.452730 2.914814
111060774 1.157710 0.557177 0.886137 1.560761 55.405881 25.700353 1.454816 2.909525
111060775 1.157710 0.557177 0.891137 1.563606 55.255058 25.700353 1.456858 2.904235
111060776 1.157710 0.557177 0.896137 1.566461 55.104783 25.700353 1.458855 2.898944
111060777 1.157710 0.557177 0.901137 1.569326 54.955056 25.700353 1.460807 2.893652
111060778 1.157710 0.557177 0.906137 1.572203 54.805876 25.700353 1.462716 2.888361
111060779 1.157710 0.557177 0.911137 1.575090 54.657242 25.700353 1.464582 2.883069
111060780 1.157710 0.557177 0.916137 1.577988 54.509153 25.700353 1.466405 2.877777
111060781 1.157710 0.557177 0.921137 1.580896 54.361608 25.700353 1.468184 2.872485
111060782 1.157710 0.557177 0.926137 1.583814 54.214605 25.700353 1.469922 2.867194
111060783 1.157710 0.557177 0.931137 1.586743 54.068145 25.700353 1.471617 2.861904
111060784 1.157710 0.557177 0.936137 1.589682 53.922225 25.700353 1.473271 2.856615
111060785 1.157710 0.557177 0.941137 1.592632 53.776844 25.700353 1.474884 2.851326
111060786 1.157710 0.557177 0.946137 1.595592 53.632002 25.700353 1.476456 2.846039
111060787 1.157710 0.557177 0.951137 1.598562 53.487697 25.700353 1.477987 2.840754
111060788 1.157710 0.557177 0.956137 1.601542 53.343928 25.700353 1.479478 2.835470
111060789 1.157710 0.557177 0.961137 1.604532 53.200694 25.700353 1.480929 2.830189
111060790 1.157710 0.557177 0.966137 1.607532 53.057994 25.700353 1.482341 2.824909
111060791 1.157710 0.557177 0.971137 1.610542 52.915827 25.700353 1.483714 2.819631
111060792 1.157710 0.557177 0.976137 1.613562 52.774190 25.700353 1.485048 2.814356
111060793 1.157710 0.557177 0.981137 1.616591 52.633084 25.700353 1.486344 2.809084
111060794 1.157710 0.557177 0.986137 1.619631 52.492506 25.700353 1.487601 2.803815
111060795 1.157710 0.557177 0.991137 1.622680 52.352456 25.700353 1.488821 2.798548
111060796 1.157710 0.557177 0.996137 1.625739 52.212932 25.700353 1.490004 2.793285
111060797 1.157710 0.557177 1.001137 1.628807 52.073933 25.700353 1.491149 2.788025
111060798 1.157710 0.557177 1.006137 1.631885 51.935458 25.700353 1.492259 2.782768
111060799 1.157710 0.557177 1.011137 1.634973 51.797505 25.700353 1.493331 2.777515
111060800 1.157710 0.557177 1.016137 1.638070 51.660072 25.700353 1.494368 2.772266
