# pixelID   x   y   z   l2  two_theta   azimuthal   polar_width azimuthal_width
104070001 -1.144749 0.583346 1.021137 1.641177 51.523190 152.997336 1.519057 2.767067
104070002 -1.144749 0.583346 1.016137 1.638071 51.660103 152.997336 1.518029 2.772312
104070003 -1.144749 0.583346 1.011137 1.634974 51.797535 152.997336 1.516965 2.777562
104070004 -1.144749 0.583346 1.006137 1.631886 51.935489 152.997336 1.515864 2.782815
104070005 -1.144749 0.583346 1.001137 1.628808 52.073964 152.997336 1.514727 2.788071
104070006 -1.144749 0.583346 0.996137 1.625740 52.212963 152.997336 1.513552 2.793331
104070007 -1.144749 0.583346 0.991137 1.622681 52.352487 152.997336 1.512340 2.798595
104070008 -1.144749 0.583346 0.986137 1.619632 52.492537 152.997336 1.511089 2.803861
104070009 -1.144749 0.583346 0.981137 1.616592 52.633114 152.997336 1.509801 2.809131
104070010 -1.144749 0.583346 0.976137 1.613563 52.774221 152.997336 1.508473 2.814403
104070011 -1.144749 0.583346 0.971137 1.610543 52.915857 152.997336 1.507107 2.819679
104070012 -1.144749 0.583346 0.966137 1.607533 53.058024 152.997336 1.505701 2.824956
104070013 -1.144749 0.583346 0.961137 1.604533 53.200724 152.997336 1.504255 2.830236
104070014 -1.144749 0.583346 0.956137 1.601543 53.343958 152.997336 1.502769 2.835518
104070015 -1.144749 0.583346 0.951137 1.598563 53.487727 152.997336 1.501243 2.840801
104070016 -1.144749 0.583346 0.946137 1.595593 53.632032 152.997336 1.499675 2.846087
104070017 -1.144749 0.583346 0.941137 1.592633 53.776874 152.997336 1.498067 2.851374
104070018 -1.144749 0.583346 0.936137 1.589684 53.922254 152.997336 1.496416 2.856662
104070019 -1.144749 0.583346 0.931137 1.586744 54.068174 152.997336 1.494724 2.861952
104070020 -1.144749 0.583346 0.926137 1.583815 54.214635 152.997336 1.492990 2.867242
104070021 -1.144749 0.583346 0.921137 1.580897 54.361638 152.997336 1.491213 2.872533
104070022 -1.144749 0.583346 0.916137 1.577989 54.509183 152.997336 1.489392 2.877825
104070023 -1.144749 0.583346 0.911137 1.575091 54.657272 152.997336 1.487528 2.883117
104070024 -1.144749 0.583346 0.906137 1.572204 54.805906 152.997336 1.485621 2.888409
104070025 -1.144749 0.583346 0.901137 1.569328 54.955086 152.997336 1.483669 2.893701
104070026 -1.144749 0.583346 0.896137 1.566462 55.104813 152.997336 1.481673 2.898992
104070027 -1.144749 0.583346 0.891137 1.563607 55.255087 152.997336 1.479631 2.904283
104070028 -1.144749 0.583346 0.886137 1.560763 55.405910 152.997336 1.477545 2.909574
104070029 -1.144749 0.583346 0.881137 1.557929 55.557283 152.997336 1.475413 2.914863
104070030 -1.144749 0.583346 0.876137 1.555107 55.709207 152.997336 1.473234 2.920151
104070031 -1.144749 0.583346 0.871137 1.552295 55.861681 152.997336 1.471009 2.925437
104070032 -1.144749 0.583346 0.866137 1.549495 56.014708 152.997336 1.468738 2.930722
104070033 -1.144749 0.583346 0.861137 1.546706 56.168289 152.997336 1.466419 2.936005
104070034 -1.144749 0.583346 0.856137 1.543927 56.322422 152.997336 1.464053 2.941286
104070035 -1.144749 0.583346 0.851137 1.541160 56.477111 152.997336 1.461639 2.946565
104070036 -1.144749 0.583346 0.846137 1.538405 56.632355 152.997336 1.459177 2.951840
104070037 -1.144749 0.583346 0.841137 1.535660 56.788155 152.997336 1.456666 2.957113
104070038 -1.144749 0.583346 0.836137 1.532927 56.944511 152.997336 1.454106 2.962383
104070039 -1.144749 0.583346 0.831137 1.530206 57.101425 152.997336 1.451497 2.967649
104070040 -1.144749 0.583346 0.826137 1.527496 57.258897 152.997336 1.448838 2.972912
104070041 -1.144749 0.583346 0.821137 1.524797 57.416927 152.997336 1.446129 2.978171
104070042 -1.144749 0.583346 0.816137 1.522111 57.575517 152.997336 1.443370 2.983425
104070043 -1.144749 0.583346 0.811137 1.519436 57.734666 152.997336 1.440560 2.988675
104070044 -1.144749 0.583346 0.806137 1.516772 57.894375 152.997336 1.437698 2.993921
104070045 -1.144749 0.583346 0.801137 1.514121 58.054645 152.997336 1.434786 2.999161
104070046 -1.144749 0.583346 0.796137 1.511481 58.215476 152.997336 1.431821 3.004397
104070047 -1.144749 0.583346 0.791137 1.508854 58.376868 152.997336 1.428805 3.009626
104070048 -1.144749 0.583346 0.786137 1.506238 58.538822 152.997336 1.425735 3.014850
104070049 -1.144749 0.583346 0.781137 1.503634 58.701339 152.997336 1.422613 3.020068
104070050 -1.144749 0.583346 0.776137 1.501043 58.864417 152.997336 1.419438 3.025280
104070051 -1.144749 0.583346 0.771137 1.498464 59.028059 152.997336 1.416209 3.030484
104070052 -1.144749 0.583346 0.766137 1.495897 59.192263 152.997336 1.412926 3.035682
104070053 -1.144749 0.583346 0.761137 1.493342 59.357031 152.997336 1.409589 3.040873
104070054 -1.144749 0.583346 0.756137 1.490800 59.522362 152.997336 1.406198 3.046056
104070055 -1.144749 0.583346 0.751137 1.488270 59.688256 152.997336 1.402751 3.051231
104070056 -1.144749 0.583346 0.746137 1.485753 59.854714 152.997336 1.399250 3.056398
104070057 -1.144749 0.583346 0.741137 1.483248 60.021736 152.997336 1.395692 3.061557
104070058 -1.144749 0.583346 0.736137 1.480756 60.189321 152.997336 1.392079 3.066707
104070059 -1.144749 0.583346 0.731137 1.478277 60.357469 152.997336 1.388410 3.071848
104070060 -1.144749 0.583346 0.726137 1.475810 60.526182 152.997336 1.384684 3.076979
104070061 -1.144749 0.583346 0.721137 1.473357 60.695457 152.997336 1.380901 3.082101
104070062 -1.144749 0.583346 0.716137 1.470916 60.865296 152.997336 1.377062 3.087213
104070063 -1.144749 0.583346 0.711137 1.468488 61.035698 152.997336 1.373164 3.092315
104070064 -1.144749 0.583346 0.706137 1.466073 61.206663 152.997336 1.369209 3.097406
104070065 -1.144749 0.583346 0.701137 1.463672 61.378190 152.997336 1.365196 3.102486
104070066 -1.144749 0.583346 0.696137 1.461283 61.550280 152.997336 1.361125 3.107554
104070067 -1.144749 0.583346 0.691137 1.458908 61.722932 152.997336 1.356995 3.112611
104070068 -1.144749 0.583346 0.686137 1.456546 61.896145 152.997336 1.352806 3.117656
104070069 -1.144749 0.583346 0.681137 1.454197 62.069919 152.997336 1.348559 3.122689
104070070 -1.144749 0.583346 0.676137 1.451862 62.244254 152.997336 1.344251 3.127709
104070071 -1.144749 0.583346 0.671137 1.449540 62.419149 152.997336 1.339884 3.132717
104070072 -1.144749 0.583346 0.666137 1.447232 62.594603 152.997336 1.335457 3.137711
104070073 -1.144749 0.583346 0.661137 1.444937 62.770617 152.997336 1.330970 3.142691
104070074 -1.144749 0.583346 0.656137 1.442656 62.947189 152.997336 1.326422 3.147657
104070075 -1.144749 0.583346 0.651137 1.440389 63.124318 152.997336 1.321813 3.152609
104070076 -1.144749 0.583346 0.646137 1.438136 63.302004 152.997336 1.317144 3.157546
104070077 -1.144749 0.583346 0.641137 1.435896 63.480246 152.997336 1.312413 3.162468
104070078 -1.144749 0.583346 0.636137 1.433671 63.659043 152.997336 1.307621 3.167375
104070079 -1.144749 0.583346 0.631137 1.431459 63.838394 152.997336 1.302767 3.172266
104070080 -1.144749 0.583346 0.626137 1.429262 64.018299 152.997336 1.297851 3.177141
104070081 -1.144749 0.583346 0.621137 1.427078 64.198755 152.997336 1.292874 3.181999
104070082 -1.144749 0.583346 0.616137 1.424909 64.379764 152.997336 1.287833 3.186841
104070083 -1.144749 0.583346 0.611137 1.422754 64.561322 152.997336 1.282731 3.191665
104070084 -1.144749 0.583346 0.606137 1.420614 64.743429 152.997336 1.277566 3.196472
104070085 -1.144749 0.583346 0.601137 1.418488 64.926084 152.997336 1.272337 3.201260
104070086 -1.144749 0.583346 0.596137 1.416376 65.109285 152.997336 1.267046 3.206031
104070087 -1.144749 0.583346 0.591137 1.414279 65.293032 152.997336 1.261692 3.210782
104070088 -1.144749 0.583346 0.586137 1.412196 65.477322 152.997336 1.256274 3.215515
104070089 -1.144749 0.583346 0.581137 1.410128 65.662155 152.997336 1.250793 3.220228
104070090 -1.144749 0.583346 0.576137 1.408075 65.847529 152.997336 1.245248 3.224921
104070091 -1.144749 0.583346 0.571137 1.406037 66.033442 152.997336 1.239639 3.229594
104070092 -1.144749 0.583346 0.566137 1.404013 66.219894 152.997336 1.233966 3.234246
104070093 -1.144749 0.583346 0.561137 1.402004 66.406881 152.997336 1.228229 3.238877
104070094 -1.144749 0.583346 0.556137 1.400011 66.594403 152.997336 1.222428 3.243487
104070095 -1.144749 0.583346 0.551137 1.398032 66.782458 152.997336 1.216563 3.248075
104070096 -1.144749 0.583346 0.546137 1.396068 66.971044 152.997336 1.210633 3.252641
104070097 -1.144749 0.583346 0.541137 1.394120 67.160159 152.997336 1.204639 3.257185
104070098 -1.144749 0.583346 0.536137 1.392187 67.349801 152.997336 1.198581 3.261705
104070099 -1.144749 0.583346 0.531137 1.390269 67.539969 152.997336 1.192457 3.266202
104070100 -1.144749 0.583346 0.526137 1.388367 67.730660 152.997336 1.186269 3.270676
104070101 -1.133030 0.607002 1.021137 1.641624 51.535592 151.820553 1.539072 2.765129
104070102 -1.133030 0.607002 1.016137 1.638519 51.672491 151.820553 1.538018 2.770367
104070103 -1.133030 0.607002 1.011137 1.635423 51.809909 151.820553 1.536928 2.775610
104070104 -1.133030 0.607002 1.006137 1.632336 51.947848 151.820553 1.535800 2.780856
104070105 -1.133030 0.607002 1.001137 1.629259 52.086308 151.820553 1.534636 2.786106
104070106 -1.133030 0.607002 0.996137 1.626191 52.225292 151.820553 1.533433 2.791360
104070107 -1.133030 0.607002 0.991137 1.623133 52.364800 151.820553 1.532192 2.796617
104070108 -1.133030 0.607002 0.986137 1.620085 52.504834 151.820553 1.530913 2.801877
104070109 -1.133030 0.607002 0.981137 1.617046 52.645395 151.820553 1.529594 2.807140
104070110 -1.133030 0.607002 0.976137 1.614017 52.786485 151.820553 1.528237 2.812405
104070111 -1.133030 0.607002 0.971137 1.610998 52.928104 151.820553 1.526840 2.817674
104070112 -1.133030 0.607002 0.966137 1.607989 53.070254 151.820553 1.525402 2.822944
104070113 -1.133030 0.607002 0.961137 1.604990 53.212937 151.820553 1.523925 2.828217
104070114 -1.133030 0.607002 0.956137 1.602001 53.356152 151.820553 1.522406 2.833493
104070115 -1.133030 0.607002 0.951137 1.599022 53.499903 151.820553 1.520847 2.838769
104070116 -1.133030 0.607002 0.946137 1.596053 53.644189 151.820553 1.519246 2.844048
104070117 -1.133030 0.607002 0.941137 1.593094 53.789011 151.820553 1.517603 2.849328
104070118 -1.133030 0.607002 0.936137 1.590145 53.934372 151.820553 1.515918 2.854610
104070119 -1.133030 0.607002 0.931137 1.587207 54.080272 151.820553 1.514190 2.859892
104070120 -1.133030 0.607002 0.926137 1.584279 54.226713 151.820553 1.512419 2.865176
104070121 -1.133030 0.607002 0.921137 1.581361 54.373694 151.820553 1.510605 2.870460
104070122 -1.133030 0.607002 0.916137 1.578454 54.521218 151.820553 1.508747 2.875745
104070123 -1.133030 0.607002 0.911137 1.575557 54.669286 151.820553 1.506845 2.881030
104070124 -1.133030 0.607002 0.906137 1.572671 54.817898 151.820553 1.504899 2.886315
104070125 -1.133030 0.607002 0.901137 1.569795 54.967055 151.820553 1.502908 2.891600
104070126 -1.133030 0.607002 0.896137 1.566930 55.116759 151.820553 1.500871 2.896884
104070127 -1.133030 0.607002 0.891137 1.564076 55.267010 151.820553 1.498789 2.902168
104070128 -1.133030 0.607002 0.886137 1.561233 55.417810 151.820553 1.496661 2.907452
104070129 -1.133030 0.607002 0.881137 1.558400 55.569159 151.820553 1.494487 2.912734
104070130 -1.133030 0.607002 0.876137 1.555579 55.721058 151.820553 1.492266 2.918015
104070131 -1.133030 0.607002 0.871137 1.552768 55.873508 151.820553 1.489998 2.923294
104070132 -1.133030 0.607002 0.866137 1.549969 56.026509 151.820553 1.487682 2.928572
104070133 -1.133030 0.607002 0.861137 1.547180 56.180064 151.820553 1.485319 2.933848
104070134 -1.133030 0.607002 0.856137 1.544403 56.334171 151.820553 1.482907 2.939122
104070135 -1.133030 0.607002 0.851137 1.541637 56.488833 151.820553 1.480447 2.944393
104070136 -1.133030 0.607002 0.846137 1.538882 56.644050 151.820553 1.477938 2.949662
104070137 -1.133030 0.607002 0.841137 1.536138 56.799822 151.820553 1.475379 2.954927
104070138 -1.133030 0.607002 0.836137 1.533406 56.956151 151.820553 1.472771 2.960190
104070139 -1.133030 0.607002 0.831137 1.530685 57.113036 151.820553 1.470113 2.965449
104070140 -1.133030 0.607002 0.826137 1.527976 57.270479 151.820553 1.467404 2.970704
104070141 -1.133030 0.607002 0.821137 1.525279 57.428480 151.820553 1.464645 2.975956
104070142 -1.133030 0.607002 0.816137 1.522593 57.587040 151.820553 1.461835 2.981203
104070143 -1.133030 0.607002 0.811137 1.519919 57.746159 151.820553 1.458973 2.986446
104070144 -1.133030 0.607002 0.806137 1.517256 57.905837 151.820553 1.456059 2.991685
104070145 -1.133030 0.607002 0.801137 1.514605 58.066076 151.820553 1.453093 2.996918
104070146 -1.133030 0.607002 0.796137 1.511967 58.226875 151.820553 1.450074 3.002146
104070147 -1.133030 0.607002 0.791137 1.509340 58.388235 151.820553 1.447003 3.007368
104070148 -1.133030 0.607002 0.786137 1.506725 58.550157 151.820553 1.443878 3.012585
104070149 -1.133030 0.607002 0.781137 1.504122 58.712640 151.820553 1.440699 3.017795
104070150 -1.133030 0.607002 0.776137 1.501532 58.875685 151.820553 1.437467 3.022999
104070151 -1.133030 0.607002 0.771137 1.498953 59.039293 151.820553 1.434180 3.028197
104070152 -1.133030 0.607002 0.766137 1.496387 59.203463 151.820553 1.430839 3.033387
104070153 -1.133030 0.607002 0.761137 1.493834 59.368195 151.820553 1.427442 3.038571
104070154 -1.133030 0.607002 0.756137 1.491292 59.533491 151.820553 1.423991 3.043746
104070155 -1.133030 0.607002 0.751137 1.488763 59.699349 151.820553 1.420483 3.048914
104070156 -1.133030 0.607002 0.746137 1.486247 59.865771 151.820553 1.416920 3.054074
104070157 -1.133030 0.607002 0.741137 1.483743 60.032755 151.820553 1.413300 3.059226
104070158 -1.133030 0.607002 0.736137 1.481252 60.200303 151.820553 1.409624 3.064368
104070159 -1.133030 0.607002 0.731137 1.478773 60.368413 151.820553 1.405890 3.069502
104070160 -1.133030 0.607002 0.726137 1.476308 60.537087 151.820553 1.402100 3.074626
104070161 -1.133030 0.607002 0.721137 1.473855 60.706324 151.820553 1.398251 3.079740
104070162 -1.133030 0.607002 0.716137 1.471415 60.876123 151.820553 1.394345 3.084845
104070163 -1.133030 0.607002 0.711137 1.468988 61.046485 151.820553 1.390381 3.089939
104070164 -1.133030 0.607002 0.706137 1.466574 61.217409 151.820553 1.386358 3.095023
104070165 -1.133030 0.607002 0.701137 1.464173 61.388896 151.820553 1.382276 3.100095
104070166 -1.133030 0.607002 0.696137 1.461785 61.560944 151.820553 1.378135 3.105157
104070167 -1.133030 0.607002 0.691137 1.459411 61.733553 151.820553 1.373934 3.110206
104070168 -1.133030 0.607002 0.686137 1.457049 61.906724 151.820553 1.369674 3.115244
104070169 -1.133030 0.607002 0.681137 1.454702 62.080455 151.820553 1.365354 3.120269
104070170 -1.133030 0.607002 0.676137 1.452367 62.254746 151.820553 1.360974 3.125282
104070171 -1.133030 0.607002 0.671137 1.450046 62.429597 151.820553 1.356533 3.130282
104070172 -1.133030 0.607002 0.666137 1.447739 62.605007 151.820553 1.352031 3.135269
104070173 -1.133030 0.607002 0.661137 1.445445 62.780975 151.820553 1.347469 3.140242
104070174 -1.133030 0.607002 0.656137 1.443165 62.957501 151.820553 1.342844 3.145200
104070175 -1.133030 0.607002 0.651137 1.440899 63.134584 151.820553 1.338159 3.150145
104070176 -1.133030 0.607002 0.646137 1.438646 63.312223 151.820553 1.333411 3.155075
104070177 -1.133030 0.607002 0.641137 1.436407 63.490417 151.820553 1.328602 3.159990
104070178 -1.133030 0.607002 0.636137 1.434183 63.669166 151.820553 1.323730 3.164889
104070179 -1.133030 0.607002 0.631137 1.431972 63.848469 151.820553 1.318796 3.169773
104070180 -1.133030 0.607002 0.626137 1.429775 64.028325 151.820553 1.313799 3.174640
104070181 -1.133030 0.607002 0.621137 1.427593 64.208732 151.820553 1.308739 3.179491
104070182 -1.133030 0.607002 0.616137 1.425424 64.389690 151.820553 1.303616 3.184325
104070183 -1.133030 0.607002 0.611137 1.423270 64.571197 151.820553 1.298429 3.189142
104070184 -1.133030 0.607002 0.606137 1.421130 64.753253 151.820553 1.293179 3.193942
104070185 -1.133030 0.607002 0.601137 1.419005 64.935856 151.820553 1.287866 3.198723
104070186 -1.133030 0.607002 0.596137 1.416894 65.119005 151.820553 1.282488 3.203486
104070187 -1.133030 0.607002 0.591137 1.414798 65.302699 151.820553 1.277046 3.208231
104070188 -1.133030 0.607002 0.586137 1.412716 65.486936 151.820553 1.271540 3.212956
104070189 -1.133030 0.607002 0.581137 1.410649 65.671715 151.820553 1.265970 3.217662
104070190 -1.133030 0.607002 0.576137 1.408596 65.857034 151.820553 1.260335 3.222348
104070191 -1.133030 0.607002 0.571137 1.406558 66.042892 151.820553 1.254636 3.227013
104070192 -1.133030 0.607002 0.566137 1.404536 66.229288 151.820553 1.248871 3.231658
104070193 -1.133030 0.607002 0.561137 1.402528 66.416219 151.820553 1.243042 3.236283
104070194 -1.133030 0.607002 0.556137 1.400535 66.603684 151.820553 1.237148 3.240885
104070195 -1.133030 0.607002 0.551137 1.398557 66.791682 151.820553 1.231189 3.245466
104070196 -1.133030 0.607002 0.546137 1.396594 66.980209 151.820553 1.225164 3.250025
104070197 -1.133030 0.607002 0.541137 1.394646 67.169266 151.820553 1.219074 3.254561
104070198 -1.133030 0.607002 0.536137 1.392714 67.358849 151.820553 1.212918 3.259075
104070199 -1.133030 0.607002 0.531137 1.390797 67.548957 151.820553 1.206698 3.263565
104070200 -1.133030 0.607002 0.526137 1.388895 67.739588 151.820553 1.200411 3.268031
104070201 -1.121312 0.630659 1.021137 1.642496 51.559736 150.645310 1.557699 2.761316
104070202 -1.121312 0.630659 1.016137 1.639392 51.696608 150.645310 1.556619 2.766542
104070203 -1.121312 0.630659 1.011137 1.636297 51.833998 150.645310 1.555501 2.771772
104070204 -1.121312 0.630659 1.006137 1.633212 51.971909 150.645310 1.554345 2.777005
104070205 -1.121312 0.630659 1.001137 1.630137 52.110340 150.645310 1.553151 2.782243
104070206 -1.121312 0.630659 0.996137 1.627071 52.249294 150.645310 1.551919 2.787483
104070207 -1.121312 0.630659 0.991137 1.624015 52.388772 150.645310 1.550649 2.792727
104070208 -1.121312 0.630659 0.986137 1.620968 52.528775 150.645310 1.549339 2.797974
104070209 -1.121312 0.630659 0.981137 1.617931 52.669304 150.645310 1.547989 2.803224
104070210 -1.121312 0.630659 0.976137 1.614904 52.810361 150.645310 1.546600 2.808476
104070211 -1.121312 0.630659 0.971137 1.611886 52.951947 150.645310 1.545171 2.813732
104070212 -1.121312 0.630659 0.966137 1.608879 53.094063 150.645310 1.543701 2.818989
104070213 -1.121312 0.630659 0.961137 1.605881 53.236711 150.645310 1.542190 2.824249
104070214 -1.121312 0.630659 0.956137 1.602894 53.379891 150.645310 1.540638 2.829511
104070215 -1.121312 0.630659 0.951137 1.599916 53.523605 150.645310 1.539044 2.834774
104070216 -1.121312 0.630659 0.946137 1.596949 53.667854 150.645310 1.537408 2.840040
104070217 -1.121312 0.630659 0.941137 1.593992 53.812640 150.645310 1.535730 2.845307
104070218 -1.121312 0.630659 0.936137 1.591045 53.957962 150.645310 1.534009 2.850575
104070219 -1.121312 0.630659 0.931137 1.588108 54.103823 150.645310 1.532245 2.855844
104070220 -1.121312 0.630659 0.926137 1.585182 54.250224 150.645310 1.530437 2.861114
104070221 -1.121312 0.630659 0.921137 1.582266 54.397165 150.645310 1.528585 2.866384
104070222 -1.121312 0.630659 0.916137 1.579360 54.544647 150.645310 1.526689 2.871656
104070223 -1.121312 0.630659 0.911137 1.576465 54.692673 150.645310 1.524748 2.876927
104070224 -1.121312 0.630659 0.906137 1.573580 54.841242 150.645310 1.522762 2.882198
104070225 -1.121312 0.630659 0.901137 1.570706 54.990355 150.645310 1.520731 2.887470
104070226 -1.121312 0.630659 0.896137 1.567843 55.140015 150.645310 1.518654 2.892741
104070227 -1.121312 0.630659 0.891137 1.564991 55.290221 150.645310 1.516530 2.898011
104070228 -1.121312 0.630659 0.886137 1.562149 55.440974 150.645310 1.514361 2.903280
104070229 -1.121312 0.630659 0.881137 1.559318 55.592276 150.645310 1.512144 2.908549
104070230 -1.121312 0.630659 0.876137 1.556498 55.744127 150.645310 1.509879 2.913816
104070231 -1.121312 0.630659 0.871137 1.553689 55.896528 150.645310 1.507568 2.919082
104070232 -1.121312 0.630659 0.866137 1.550891 56.049481 150.645310 1.505208 2.924346
104070233 -1.121312 0.630659 0.861137 1.548105 56.202985 150.645310 1.502799 2.929608
104070234 -1.121312 0.630659 0.856137 1.545329 56.357041 150.645310 1.500342 2.934867
104070235 -1.121312 0.630659 0.851137 1.542564 56.511651 150.645310 1.497835 2.940125
104070236 -1.121312 0.630659 0.846137 1.539811 56.666815 150.645310 1.495279 2.945379
104070237 -1.121312 0.630659 0.841137 1.537069 56.822534 150.645310 1.492673 2.950631
104070238 -1.121312 0.630659 0.836137 1.534339 56.978808 150.645310 1.490017 2.955880
104070239 -1.121312 0.630659 0.831137 1.531620 57.135638 150.645310 1.487310 2.961125
104070240 -1.121312 0.630659 0.826137 1.528912 57.293024 150.645310 1.484552 2.966366
104070241 -1.121312 0.630659 0.821137 1.526217 57.450968 150.645310 1.481742 2.971604
104070242 -1.121312 0.630659 0.816137 1.523532 57.609470 150.645310 1.478881 2.976837
104070243 -1.121312 0.630659 0.811137 1.520860 57.768530 150.645310 1.475967 2.982066
104070244 -1.121312 0.630659 0.806137 1.518199 57.928148 150.645310 1.473001 2.987290
104070245 -1.121312 0.630659 0.801137 1.515550 58.088326 150.645310 1.469982 2.992509
104070246 -1.121312 0.630659 0.796137 1.512913 58.249064 150.645310 1.466910 2.997722
104070247 -1.121312 0.630659 0.791137 1.510288 58.410362 150.645310 1.463784 3.002931
104070248 -1.121312 0.630659 0.786137 1.507674 58.572220 150.645310 1.460605 3.008133
104070249 -1.121312 0.630659 0.781137 1.505073 58.734638 150.645310 1.457371 3.013329
104070250 -1.121312 0.630659 0.776137 1.502484 58.897618 150.645310 1.454082 3.018519
104070251 -1.121312 0.630659 0.771137 1.499908 59.061159 150.645310 1.450738 3.023702
104070252 -1.121312 0.630659 0.766137 1.497343 59.225262 150.645310 1.447339 3.028879
104070253 -1.121312 0.630659 0.761137 1.494791 59.389927 150.645310 1.443885 3.034048
104070254 -1.121312 0.630659 0.756137 1.492251 59.555153 150.645310 1.440374 3.039209
104070255 -1.121312 0.630659 0.751137 1.489724 59.720941 150.645310 1.436807 3.044363
104070256 -1.121312 0.630659 0.746137 1.487209 59.887291 150.645310 1.433183 3.049508
104070257 -1.121312 0.630659 0.741137 1.484707 60.054204 150.645310 1.429502 3.054645
104070258 -1.121312 0.630659 0.736137 1.482217 60.221678 150.645310 1.425764 3.059773
104070259 -1.121312 0.630659 0.731137 1.479741 60.389715 150.645310 1.421968 3.064892
104070260 -1.121312 0.630659 0.726137 1.477276 60.558314 150.645310 1.418114 3.070002
104070261 -1.121312 0.630659 0.721137 1.474825 60.727474 150.645310 1.414202 3.075102
104070262 -1.121312 0.630659 0.716137 1.472387 60.897197 150.645310 1.410231 3.080192
104070263 -1.121312 0.630659 0.711137 1.469961 61.067481 150.645310 1.406201 3.085272
104070264 -1.121312 0.630659 0.706137 1.467549 61.238326 150.645310 1.402112 3.090341
104070265 -1.121312 0.630659 0.701137 1.465150 61.409732 150.645310 1.397963 3.095399
104070266 -1.121312 0.630659 0.696137 1.462764 61.581700 150.645310 1.393755 3.100446
104070267 -1.121312 0.630659 0.691137 1.460391 61.754227 150.645310 1.389486 3.105482
104070268 -1.121312 0.630659 0.686137 1.458031 61.927315 150.645310 1.385157 3.110505
104070269 -1.121312 0.630659 0.681137 1.455685 62.100962 150.645310 1.380767 3.115516
104070270 -1.121312 0.630659 0.676137 1.453352 62.275168 150.645310 1.376316 3.120514
104070271 -1.121312 0.630659 0.671137 1.451033 62.449933 150.645310 1.371804 3.125500
104070272 -1.121312 0.630659 0.666137 1.448727 62.625255 150.645310 1.367230 3.130472
104070273 -1.121312 0.630659 0.661137 1.446435 62.801135 150.645310 1.362595 3.135431
104070274 -1.121312 0.630659 0.656137 1.444156 62.977572 150.645310 1.357897 3.140375
104070275 -1.121312 0.630659 0.651137 1.441891 63.154564 150.645310 1.353137 3.145305
104070276 -1.121312 0.630659 0.646137 1.439640 63.332112 150.645310 1.348315 3.150221
104070277 -1.121312 0.630659 0.641137 1.437403 63.510214 150.645310 1.343430 3.155121
104070278 -1.121312 0.630659 0.636137 1.435180 63.688870 150.645310 1.338482 3.160006
104070279 -1.121312 0.630659 0.631137 1.432971 63.868078 150.645310 1.333470 3.164876
104070280 -1.121312 0.630659 0.626137 1.430775 64.047838 150.645310 1.328395 3.169729
104070281 -1.121312 0.630659 0.621137 1.428594 64.228149 150.645310 1.323256 3.174566
104070282 -1.121312 0.630659 0.616137 1.426428 64.409009 150.645310 1.318054 3.179386
104070283 -1.121312 0.630659 0.611137 1.424275 64.590418 150.645310 1.312787 3.184188
104070284 -1.121312 0.630659 0.606137 1.422137 64.772374 150.645310 1.307456 3.188973
104070285 -1.121312 0.630659 0.601137 1.420013 64.954876 150.645310 1.302061 3.193741
104070286 -1.121312 0.630659 0.596137 1.417903 65.137923 150.645310 1.296601 3.198489
104070287 -1.121312 0.630659 0.591137 1.415809 65.321513 150.645310 1.291076 3.203220
104070288 -1.121312 0.630659 0.586137 1.413728 65.505646 150.645310 1.285486 3.207931
104070289 -1.121312 0.630659 0.581137 1.411663 65.690320 150.645310 1.279831 3.212622
104070290 -1.121312 0.630659 0.576137 1.409612 65.875533 150.645310 1.274111 3.217294
104070291 -1.121312 0.630659 0.571137 1.407575 66.061284 150.645310 1.268326 3.221946
104070292 -1.121312 0.630659 0.566137 1.405554 66.247571 150.645310 1.262474 3.226577
104070293 -1.121312 0.630659 0.561137 1.403548 66.434392 150.645310 1.256557 3.231187
104070294 -1.121312 0.630659 0.556137 1.401556 66.621747 150.645310 1.250575 3.235776
104070295 -1.121312 0.630659 0.551137 1.399580 66.809632 150.645310 1.244526 3.240343
104070296 -1.121312 0.630659 0.546137 1.397618 66.998048 150.645310 1.238412 3.244888
104070297 -1.121312 0.630659 0.541137 1.395672 67.186990 150.645310 1.232231 3.249411
104070298 -1.121312 0.630659 0.536137 1.393741 67.376458 150.645310 1.225984 3.253910
104070299 -1.121312 0.630659 0.531137 1.391825 67.566450 150.645310 1.219671 3.258387
104070300 -1.121312 0.630659 0.526137 1.389925 67.756964 150.645310 1.213292 3.262839
104070301 -1.109594 0.654316 1.021137 1.643791 51.595554 149.472590 1.574894 2.755646
104070302 -1.109594 0.654316 1.016137 1.640689 51.732386 149.472590 1.573784 2.760853
104070303 -1.109594 0.654316 1.011137 1.637597 51.869735 149.472590 1.572637 2.766063
104070304 -1.109594 0.654316 1.006137 1.634515 52.007603 149.472590 1.571451 2.771278
104070305 -1.109594 0.654316 1.001137 1.631442 52.145991 149.472590 1.570227 2.776496
104070306 -1.109594 0.654316 0.996137 1.628378 52.284901 149.472590 1.568964 2.781717
104070307 -1.109594 0.654316 0.991137 1.625324 52.424333 149.472590 1.567662 2.786942
104070308 -1.109594 0.654316 0.986137 1.622280 52.564290 149.472590 1.566320 2.792170
104070309 -1.109594 0.654316 0.981137 1.619246 52.704772 149.472590 1.564939 2.797400
104070310 -1.109594 0.654316 0.976137 1.616221 52.845780 149.472590 1.563517 2.802633
104070311 -1.109594 0.654316 0.971137 1.613206 52.987317 149.472590 1.562054 2.807869
104070312 -1.109594 0.654316 0.966137 1.610201 53.129382 149.472590 1.560550 2.813107
104070313 -1.109594 0.654316 0.961137 1.607206 53.271978 149.472590 1.559005 2.818347
104070314 -1.109594 0.654316 0.956137 1.604221 53.415106 149.472590 1.557418 2.823589
104070315 -1.109594 0.654316 0.951137 1.601246 53.558766 149.472590 1.555789 2.828833
104070316 -1.109594 0.654316 0.946137 1.598281 53.702961 149.472590 1.554117 2.834079
104070317 -1.109594 0.654316 0.941137 1.595326 53.847690 149.472590 1.552402 2.839326
104070318 -1.109594 0.654316 0.936137 1.592382 53.992955 149.472590 1.550644 2.844574
104070319 -1.109594 0.654316 0.931137 1.589447 54.138758 149.472590 1.548842 2.849823
104070320 -1.109594 0.654316 0.926137 1.586523 54.285099 149.472590 1.546996 2.855073
104070321 -1.109594 0.654316 0.921137 1.583610 54.431980 149.472590 1.545106 2.860324
104070322 -1.109594 0.654316 0.916137 1.580707 54.579401 149.472590 1.543171 2.865575
104070323 -1.109594 0.654316 0.911137 1.577814 54.727364 149.472590 1.541190 2.870826
104070324 -1.109594 0.654316 0.906137 1.574932 54.875869 149.472590 1.539164 2.876077
104070325 -1.109594 0.654316 0.901137 1.572061 55.024917 149.472590 1.537092 2.881328
104070326 -1.109594 0.654316 0.896137 1.569200 55.174511 149.472590 1.534974 2.886579
104070327 -1.109594 0.654316 0.891137 1.566350 55.324649 149.472590 1.532808 2.891829
104070328 -1.109594 0.654316 0.886137 1.563511 55.475334 149.472590 1.530596 2.897078
104070329 -1.109594 0.654316 0.881137 1.560682 55.626566 149.472590 1.528336 2.902326
104070330 -1.109594 0.654316 0.876137 1.557865 55.778346 149.472590 1.526028 2.907573
104070331 -1.109594 0.654316 0.871137 1.555058 55.930675 149.472590 1.523672 2.912818
104070332 -1.109594 0.654316 0.866137 1.552263 56.083554 149.472590 1.521268 2.918061
104070333 -1.109594 0.654316 0.861137 1.549478 56.236983 149.472590 1.518814 2.923303
104070334 -1.109594 0.654316 0.856137 1.546705 56.390964 149.472590 1.516311 2.928542
104070335 -1.109594 0.654316 0.851137 1.543943 56.545496 149.472590 1.513758 2.933779
104070336 -1.109594 0.654316 0.846137 1.541193 56.700582 149.472590 1.511155 2.939013
104070337 -1.109594 0.654316 0.841137 1.538453 56.856221 149.472590 1.508501 2.944244
104070338 -1.109594 0.654316 0.836137 1.535725 57.012414 149.472590 1.505797 2.949471
104070339 -1.109594 0.654316 0.831137 1.533009 57.169161 149.472590 1.503041 2.954696
104070340 -1.109594 0.654316 0.826137 1.530304 57.326464 149.472590 1.500234 2.959916
104070341 -1.109594 0.654316 0.821137 1.527610 57.484323 149.472590 1.497374 2.965133
104070342 -1.109594 0.654316 0.816137 1.524928 57.642739 149.472590 1.494462 2.970345
104070343 -1.109594 0.654316 0.811137 1.522258 57.801711 149.472590 1.491498 2.975553
104070344 -1.109594 0.654316 0.806137 1.519600 57.961241 149.472590 1.488480 2.980756
104070345 -1.109594 0.654316 0.801137 1.516953 58.121328 149.472590 1.485409 2.985954
104070346 -1.109594 0.654316 0.796137 1.514319 58.281974 149.472590 1.482284 2.991146
104070347 -1.109594 0.654316 0.791137 1.511696 58.443179 149.472590 1.479104 2.996334
104070348 -1.109594 0.654316 0.786137 1.509085 58.604943 149.472590 1.475871 3.001515
104070349 -1.109594 0.654316 0.781137 1.506487 58.767266 149.472590 1.472582 3.006690
104070350 -1.109594 0.654316 0.776137 1.503900 58.930148 149.472590 1.469238 3.011859
104070351 -1.109594 0.654316 0.771137 1.501326 59.093591 149.472590 1.465838 3.017021
104070352 -1.109594 0.654316 0.766137 1.498764 59.257594 149.472590 1.462383 3.022176
104070353 -1.109594 0.654316 0.761137 1.496214 59.422157 149.472590 1.458871 3.027324
104070354 -1.109594 0.654316 0.756137 1.493677 59.587280 149.472590 1.455302 3.032464
104070355 -1.109594 0.654316 0.751137 1.491152 59.752964 149.472590 1.451677 3.037596
104070356 -1.109594 0.654316 0.746137 1.488639 59.919209 149.472590 1.447994 3.042720
104070357 -1.109594 0.654316 0.741137 1.486140 60.086015 149.472590 1.444253 3.047836
104070358 -1.109594 0.654316 0.736137 1.483652 60.253381 149.472590 1.440455 3.052943
104070359 -1.109594 0.654316 0.731137 1.481178 60.421307 149.472590 1.436598 3.058041
104070360 -1.109594 0.654316 0.726137 1.478716 60.589795 149.472590 1.432682 3.063129
104070361 -1.109594 0.654316 0.721137 1.476267 60.758842 149.472590 1.428708 3.068208
104070362 -1.109594 0.654316 0.716137 1.473831 60.928451 149.472590 1.424674 3.073277
104070363 -1.109594 0.654316 0.711137 1.471408 61.098619 149.472590 1.420581 3.078335
104070364 -1.109594 0.654316 0.706137 1.468998 61.269347 149.472590 1.416427 3.083383
104070365 -1.109594 0.654316 0.701137 1.466601 61.440634 149.472590 1.412214 3.088420
104070366 -1.109594 0.654316 0.696137 1.464218 61.612481 149.472590 1.407940 3.093445
104070367 -1.109594 0.654316 0.691137 1.461847 61.784887 149.472590 1.403605 3.098459
104070368 -1.109594 0.654316 0.686137 1.459490 61.957851 149.472590 1.399210 3.103461
104070369 -1.109594 0.654316 0.681137 1.457146 62.131373 149.472590 1.394752 3.108451
104070370 -1.109594 0.654316 0.676137 1.454815 62.305453 149.472590 1.390234 3.113428
104070371 -1.109594 0.654316 0.671137 1.452498 62.480090 149.472590 1.385653 3.118392
104070372 -1.109594 0.654316 0.666137 1.450195 62.655283 149.472590 1.381010 3.123343
104070373 -1.109594 0.654316 0.661137 1.447905 62.831032 149.472590 1.376305 3.128280
104070374 -1.109594 0.654316 0.656137 1.445629 63.007336 149.472590 1.371537 3.133203
104070375 -1.109594 0.654316 0.651137 1.443366 63.184195 149.472590 1.366706 3.138112
104070376 -1.109594 0.654316 0.646137 1.441118 63.361607 149.472590 1.361812 3.143006
104070377 -1.109594 0.654316 0.641137 1.438883 63.539572 149.472590 1.356854 3.147886
104070378 -1.109594 0.654316 0.636137 1.436662 63.718089 149.472590 1.351833 3.152749
104070379 -1.109594 0.654316 0.631137 1.434455 63.897157 149.472590 1.346748 3.157598
104070380 -1.109594 0.654316 0.626137 1.432262 64.076775 149.472590 1.341598 3.162430
104070381 -1.109594 0.654316 0.621137 1.430083 64.256942 149.472590 1.336385 3.167245
104070382 -1.109594 0.654316 0.616137 1.427919 64.437657 149.472590 1.331106 3.172044
104070383 -1.109594 0.654316 0.611137 1.425768 64.618919 149.472590 1.325764 3.176826
104070384 -1.109594 0.654316 0.606137 1.423632 64.800727 149.472590 1.320356 3.181590
104070385 -1.109594 0.654316 0.601137 1.421511 64.983079 149.472590 1.314883 3.186336
104070386 -1.109594 0.654316 0.596137 1.419403 65.165975 149.472590 1.309344 3.191064
104070387 -1.109594 0.654316 0.591137 1.417311 65.349413 149.472590 1.303741 3.195773
104070388 -1.109594 0.654316 0.586137 1.415233 65.533391 149.472590 1.298071 3.200463
104070389 -1.109594 0.654316 0.581137 1.413169 65.717908 149.472590 1.292336 3.205134
104070390 -1.109594 0.654316 0.576137 1.411120 65.902964 149.472590 1.286535 3.209785
104070391 -1.109594 0.654316 0.571137 1.409086 66.088555 149.472590 1.280668 3.214416
104070392 -1.109594 0.654316 0.566137 1.407067 66.274681 149.472590 1.274735 3.219026
104070393 -1.109594 0.654316 0.561137 1.405063 66.461340 149.472590 1.268735 3.223616
104070394 -1.109594 0.654316 0.556137 1.403073 66.648530 149.472590 1.262669 3.228184
104070395 -1.109594 0.654316 0.551137 1.401099 66.836250 149.472590 1.256536 3.232730
104070396 -1.109594 0.654316 0.546137 1.399140 67.024498 149.472590 1.250337 3.237255
104070397 -1.109594 0.654316 0.541137 1.397196 67.213271 149.472590 1.244071 3.241757
104070398 -1.109594 0.654316 0.536137 1.395267 67.402569 149.472590 1.237739 3.246236
104070399 -1.109594 0.654316 0.531137 1.393353 67.592388 149.472590 1.231339 3.250692
104070400 -1.109594 0.654316 0.526137 1.391455 67.782728 149.472590 1.224872 3.255124
104070401 -1.097875 0.677972 1.021137 1.645508 51.642947 148.303365 1.590615 2.748141
104070402 -1.097875 0.677972 1.016137 1.642410 51.779725 148.303365 1.589475 2.753323
104070403 -1.097875 0.677972 1.011137 1.639321 51.917019 148.303365 1.588296 2.758509
104070404 -1.097875 0.677972 1.006137 1.636242 52.054831 148.303365 1.587079 2.763698
104070405 -1.097875 0.677972 1.001137 1.633172 52.193161 148.303365 1.585823 2.768891
104070406 -1.097875 0.677972 0.996137 1.630112 52.332012 148.303365 1.584528 2.774087
104070407 -1.097875 0.677972 0.991137 1.627061 52.471384 148.303365 1.583193 2.779286
104070408 -1.097875 0.677972 0.986137 1.624020 52.611278 148.303365 1.581818 2.784488
104070409 -1.097875 0.677972 0.981137 1.620989 52.751697 148.303365 1.580403 2.789693
104070410 -1.097875 0.677972 0.976137 1.617968 52.892642 148.303365 1.578947 2.794900
104070411 -1.097875 0.677972 0.971137 1.614956 53.034112 148.303365 1.577449 2.800110
104070412 -1.097875 0.677972 0.966137 1.611954 53.176111 148.303365 1.575910 2.805323
104070413 -1.097875 0.677972 0.961137 1.608963 53.318638 148.303365 1.574330 2.810537
104070414 -1.097875 0.677972 0.956137 1.605981 53.461696 148.303365 1.572706 2.815753
104070415 -1.097875 0.677972 0.951137 1.603009 53.605285 148.303365 1.571041 2.820971
104070416 -1.097875 0.677972 0.946137 1.600047 53.749406 148.303365 1.569332 2.826191
104070417 -1.097875 0.677972 0.941137 1.597096 53.894061 148.303365 1.567580 2.831411
104070418 -1.097875 0.677972 0.936137 1.594155 54.039251 148.303365 1.565783 2.836633
104070419 -1.097875 0.677972 0.931137 1.591223 54.184976 148.303365 1.563943 2.841856
104070420 -1.097875 0.677972 0.926137 1.588303 54.331239 148.303365 1.562058 2.847080
104070421 -1.097875 0.677972 0.921137 1.585393 54.478039 148.303365 1.560129 2.852304
104070422 -1.097875 0.677972 0.916137 1.582493 54.625378 148.303365 1.558153 2.857529
104070423 -1.097875 0.677972 0.911137 1.579603 54.773258 148.303365 1.556132 2.862753
104070424 -1.097875 0.677972 0.906137 1.576725 54.921678 148.303365 1.554065 2.867978
104070425 -1.097875 0.677972 0.901137 1.573856 55.070640 148.303365 1.551952 2.873202
104070426 -1.097875 0.677972 0.896137 1.570999 55.220145 148.303365 1.549792 2.878426
104070427 -1.097875 0.677972 0.891137 1.568152 55.370194 148.303365 1.547584 2.883649
104070428 -1.097875 0.677972 0.886137 1.565316 55.520788 148.303365 1.545329 2.888871
104070429 -1.097875 0.677972 0.881137 1.562491 55.671927 148.303365 1.543025 2.894093
104070430 -1.097875 0.677972 0.876137 1.559677 55.823613 148.303365 1.540674 2.899312
104070431 -1.097875 0.677972 0.871137 1.556874 55.975846 148.303365 1.538273 2.904530
104070432 -1.097875 0.677972 0.866137 1.554082 56.128628 148.303365 1.535824 2.909747
104070433 -1.097875 0.677972 0.861137 1.551300 56.281958 148.303365 1.533325 2.914961
104070434 -1.097875 0.677972 0.856137 1.548530 56.435837 148.303365 1.530775 2.920173
104070435 -1.097875 0.677972 0.851137 1.545772 56.590268 148.303365 1.528176 2.925382
104070436 -1.097875 0.677972 0.846137 1.543024 56.745249 148.303365 1.525526 2.930589
104070437 -1.097875 0.677972 0.841137 1.540288 56.900782 148.303365 1.522825 2.935792
104070438 -1.097875 0.677972 0.836137 1.537563 57.056867 148.303365 1.520072 2.940993
104070439 -1.097875 0.677972 0.831137 1.534850 57.213506 148.303365 1.517268 2.946189
104070440 -1.097875 0.677972 0.826137 1.532148 57.370698 148.303365 1.514412 2.951382
104070441 -1.097875 0.677972 0.821137 1.529458 57.528444 148.303365 1.511503 2.956571
104070442 -1.097875 0.677972 0.816137 1.526780 57.686745 148.303365 1.508541 2.961756
104070443 -1.097875 0.677972 0.811137 1.524113 57.845601 148.303365 1.505525 2.966936
104070444 -1.097875 0.677972 0.806137 1.521458 58.005012 148.303365 1.502457 2.972111
104070445 -1.097875 0.677972 0.801137 1.518814 58.164980 148.303365 1.499334 2.977282
104070446 -1.097875 0.677972 0.796137 1.516183 58.325505 148.303365 1.496156 2.982447
104070447 -1.097875 0.677972 0.791137 1.513563 58.486586 148.303365 1.492924 2.987606
104070448 -1.097875 0.677972 0.786137 1.510956 58.648225 148.303365 1.489637 2.992759
104070449 -1.097875 0.677972 0.781137 1.508360 58.810421 148.303365 1.486295 2.997907
104070450 -1.097875 0.677972 0.776137 1.505777 58.973175 148.303365 1.482896 3.003047
104070451 -1.097875 0.677972 0.771137 1.503206 59.136487 148.303365 1.479442 3.008181
104070452 -1.097875 0.677972 0.766137 1.500647 59.300357 148.303365 1.475931 3.013308
104070453 -1.097875 0.677972 0.761137 1.498101 59.464786 148.303365 1.472363 3.018428
104070454 -1.097875 0.677972 0.756137 1.495567 59.629773 148.303365 1.468738 3.023540
104070455 -1.097875 0.677972 0.751137 1.493045 59.795319 148.303365 1.465055 3.028645
104070456 -1.097875 0.677972 0.746137 1.490536 59.961424 148.303365 1.461315 3.033741
104070457 -1.097875 0.677972 0.741137 1.488039 60.128087 148.303365 1.457516 3.038828
104070458 -1.097875 0.677972 0.736137 1.485555 60.295309 148.303365 1.453659 3.043907
104070459 -1.097875 0.677972 0.731137 1.483084 60.463091 148.303365 1.449743 3.048977
104070460 -1.097875 0.677972 0.726137 1.480625 60.631430 148.303365 1.445767 3.054037
104070461 -1.097875 0.677972 0.721137 1.478180 60.800328 148.303365 1.441733 3.059088
104070462 -1.097875 0.677972 0.716137 1.475747 60.969785 148.303365 1.437638 3.064128
104070463 -1.097875 0.677972 0.711137 1.473327 61.139800 148.303365 1.433483 3.069159
104070464 -1.097875 0.677972 0.706137 1.470920 61.310372 148.303365 1.429268 3.074178
104070465 -1.097875 0.677972 0.701137 1.468526 61.481502 148.303365 1.424992 3.079187
104070466 -1.097875 0.677972 0.696137 1.466146 61.653190 148.303365 1.420655 3.084184
104070467 -1.097875 0.677972 0.691137 1.463778 61.825434 148.303365 1.416257 3.089170
104070468 -1.097875 0.677972 0.686137 1.461424 61.998235 148.303365 1.411797 3.094144
104070469 -1.097875 0.677972 0.681137 1.459083 62.171592 148.303365 1.407275 3.099105
104070470 -1.097875 0.677972 0.676137 1.456756 62.345504 148.303365 1.402691 3.104054
104070471 -1.097875 0.677972 0.671137 1.454442 62.519972 148.303365 1.398045 3.108990
104070472 -1.097875 0.677972 0.666137 1.452141 62.694993 148.303365 1.393336 3.113913
104070473 -1.097875 0.677972 0.661137 1.449855 62.870569 148.303365 1.388564 3.118822
104070474 -1.097875 0.677972 0.656137 1.447581 63.046698 148.303365 1.383728 3.123717
104070475 -1.097875 0.677972 0.651137 1.445322 63.223378 148.303365 1.378829 3.128598
104070476 -1.097875 0.677972 0.646137 1.443076 63.400611 148.303365 1.373867 3.133464
104070477 -1.097875 0.677972 0.641137 1.440845 63.578394 148.303365 1.368840 3.138316
104070478 -1.097875 0.677972 0.636137 1.438627 63.756728 148.303365 1.363749 3.143151
104070479 -1.097875 0.677972 0.631137 1.436423 63.935610 148.303365 1.358594 3.147972
104070480 -1.097875 0.677972 0.626137 1.434233 64.115040 148.303365 1.353374 3.152776
104070481 -1.097875 0.677972 0.621137 1.432057 64.295017 148.303365 1.348089 3.157563
104070482 -1.097875 0.677972 0.616137 1.429895 64.475540 148.303365 1.342739 3.162334
104070483 -1.097875 0.677972 0.611137 1.427748 64.656608 148.303365 1.337324 3.167088
104070484 -1.097875 0.677972 0.606137 1.425615 64.838220 148.303365 1.331843 3.171824
104070485 -1.097875 0.677972 0.601137 1.423496 65.020374 148.303365 1.326297 3.176543
104070486 -1.097875 0.677972 0.596137 1.421392 65.203069 148.303365 1.320685 3.181243
104070487 -1.097875 0.677972 0.591137 1.419302 65.386304 148.303365 1.315007 3.185924
104070488 -1.097875 0.677972 0.586137 1.417227 65.570078 148.303365 1.309262 3.190587
104070489 -1.097875 0.677972 0.581137 1.415167 65.754388 148.303365 1.303452 3.195230
104070490 -1.097875 0.677972 0.576137 1.413121 65.939234 148.303365 1.297575 3.199854
104070491 -1.097875 0.677972 0.571137 1.411090 66.124615 148.303365 1.291631 3.204458
104070492 -1.097875 0.677972 0.566137 1.409073 66.310528 148.303365 1.285620 3.209041
104070493 -1.097875 0.677972 0.561137 1.407072 66.496971 148.303365 1.279543 3.213603
104070494 -1.097875 0.677972 0.556137 1.405085 66.683944 148.303365 1.273399 3.218144
104070495 -1.097875 0.677972 0.551137 1.403114 66.871444 148.303365 1.267188 3.222663
104070496 -1.097875 0.677972 0.546137 1.401157 67.059470 148.303365 1.260909 3.227161
104070497 -1.097875 0.677972 0.541137 1.399216 67.248020 148.303365 1.254564 3.231636
104070498 -1.097875 0.677972 0.536137 1.397290 67.437091 148.303365 1.248151 3.236088
104070499 -1.097875 0.677972 0.531137 1.395379 67.626683 148.303365 1.241670 3.240517
104070500 -1.097875 0.677972 0.526137 1.393484 67.816792 148.303365 1.235123 3.244923
104070501 -1.086157 0.701629 1.021137 1.647647 51.701783 147.138587 1.604831 2.738833
104070502 -1.086157 0.701629 1.016137 1.644553 51.838493 147.138587 1.603658 2.743984
104070503 -1.086157 0.701629 1.011137 1.641468 51.975718 147.138587 1.602447 2.749139
104070504 -1.086157 0.701629 1.006137 1.638393 52.113459 147.138587 1.601197 2.754297
104070505 -1.086157 0.701629 1.001137 1.635327 52.251718 147.138587 1.599908 2.759458
104070506 -1.086157 0.701629 0.996137 1.632271 52.390494 147.138587 1.598579 2.764623
104070507 -1.086157 0.701629 0.991137 1.629224 52.529791 147.138587 1.597210 2.769791
104070508 -1.086157 0.701629 0.986137 1.626187 52.669609 147.138587 1.595800 2.774961
104070509 -1.086157 0.701629 0.981137 1.623160 52.809949 147.138587 1.594349 2.780135
104070510 -1.086157 0.701629 0.976137 1.620143 52.950813 147.138587 1.592858 2.785310
104070511 -1.086157 0.701629 0.971137 1.617135 53.092201 147.138587 1.591324 2.790489
104070512 -1.086157 0.701629 0.966137 1.614138 53.234116 147.138587 1.589749 2.795669
104070513 -1.086157 0.701629 0.961137 1.611150 53.376557 147.138587 1.588132 2.800851
104070514 -1.086157 0.701629 0.956137 1.608172 53.519528 147.138587 1.586471 2.806035
104070515 -1.086157 0.701629 0.951137 1.605204 53.663027 147.138587 1.584768 2.811221
104070516 -1.086157 0.701629 0.946137 1.602247 53.807058 147.138587 1.583021 2.816408
104070517 -1.086157 0.701629 0.941137 1.599299 53.951620 147.138587 1.581230 2.821597
104070518 -1.086157 0.701629 0.936137 1.596362 54.096715 147.138587 1.579395 2.826786
104070519 -1.086157 0.701629 0.931137 1.593435 54.242344 147.138587 1.577516 2.831976
104070520 -1.086157 0.701629 0.926137 1.590519 54.388508 147.138587 1.575591 2.837167
104070521 -1.086157 0.701629 0.921137 1.587612 54.535208 147.138587 1.573621 2.842359
104070522 -1.086157 0.701629 0.916137 1.584717 54.682446 147.138587 1.571605 2.847551
104070523 -1.086157 0.701629 0.911137 1.581831 54.830221 147.138587 1.569543 2.852742
104070524 -1.086157 0.701629 0.906137 1.578957 54.978535 147.138587 1.567434 2.857934
104070525 -1.086157 0.701629 0.901137 1.576092 55.127390 147.138587 1.565279 2.863125
104070526 -1.086157 0.701629 0.896137 1.573239 55.276785 147.138587 1.563076 2.868316
104070527 -1.086157 0.701629 0.891137 1.570396 55.426723 147.138587 1.560826 2.873506
104070528 -1.086157 0.701629 0.886137 1.567564 55.577203 147.138587 1.558527 2.878695
104070529 -1.086157 0.701629 0.881137 1.564743 55.728227 147.138587 1.556180 2.883883
104070530 -1.086157 0.701629 0.876137 1.561933 55.879795 147.138587 1.553784 2.889069
104070531 -1.086157 0.701629 0.871137 1.559134 56.031908 147.138587 1.551339 2.894254
104070532 -1.086157 0.701629 0.866137 1.556346 56.184568 147.138587 1.548844 2.899437
104070533 -1.086157 0.701629 0.861137 1.553569 56.337775 147.138587 1.546300 2.904617
104070534 -1.086157 0.701629 0.856137 1.550803 56.491529 147.138587 1.543705 2.909795
104070535 -1.086157 0.701629 0.851137 1.548048 56.645831 147.138587 1.541059 2.914971
104070536 -1.086157 0.701629 0.846137 1.545305 56.800682 147.138587 1.538362 2.920144
104070537 -1.086157 0.701629 0.841137 1.542573 56.956084 147.138587 1.535613 2.925313
104070538 -1.086157 0.701629 0.836137 1.539852 57.112035 147.138587 1.532813 2.930480
104070539 -1.086157 0.701629 0.831137 1.537143 57.268537 147.138587 1.529961 2.935643
104070540 -1.086157 0.701629 0.826137 1.534445 57.425591 147.138587 1.527055 2.940802
104070541 -1.086157 0.701629 0.821137 1.531759 57.583197 147.138587 1.524097 2.945956
104070542 -1.086157 0.701629 0.816137 1.529084 57.741355 147.138587 1.521086 2.951107
104070543 -1.086157 0.701629 0.811137 1.526422 57.900066 147.138587 1.518020 2.956253
104070544 -1.086157 0.701629 0.806137 1.523771 58.059331 147.138587 1.514901 2.961394
104070545 -1.086157 0.701629 0.801137 1.521131 58.219150 147.138587 1.511727 2.966530
104070546 -1.086157 0.701629 0.796137 1.518504 58.379523 147.138587 1.508498 2.971661
104070547 -1.086157 0.701629 0.791137 1.515888 58.540451 147.138587 1.505214 2.976786
104070548 -1.086157 0.701629 0.786137 1.513285 58.701933 147.138587 1.501875 2.981905
104070549 -1.086157 0.701629 0.781137 1.510693 58.863971 147.138587 1.498480 2.987017
104070550 -1.086157 0.701629 0.776137 1.508114 59.026565 147.138587 1.495028 2.992124
104070551 -1.086157 0.701629 0.771137 1.505547 59.189714 147.138587 1.491520 2.997223
104070552 -1.086157 0.701629 0.766137 1.502992 59.353420 147.138587 1.487954 3.002316
104070553 -1.086157 0.701629 0.761137 1.500450 59.517681 147.138587 1.484332 3.007401
104070554 -1.086157 0.701629 0.756137 1.497920 59.682499 147.138587 1.480652 3.012478
104070555 -1.086157 0.701629 0.751137 1.495402 59.847873 147.138587 1.476914 3.017548
104070556 -1.086157 0.701629 0.746137 1.492897 60.013804 147.138587 1.473117 3.022609
104070557 -1.086157 0.701629 0.741137 1.490404 60.180291 147.138587 1.469262 3.027662
104070558 -1.086157 0.701629 0.736137 1.487924 60.347334 147.138587 1.465348 3.032706
104070559 -1.086157 0.701629 0.731137 1.485457 60.514934 147.138587 1.461374 3.037741
104070560 -1.086157 0.701629 0.726137 1.483002 60.683090 147.138587 1.457341 3.042767
104070561 -1.086157 0.701629 0.721137 1.480560 60.851802 147.138587 1.453248 3.047783
104070562 -1.086157 0.701629 0.716137 1.478131 61.021070 147.138587 1.449095 3.052788
104070563 -1.086157 0.701629 0.711137 1.475715 61.190894 147.138587 1.444881 3.057784
104070564 -1.086157 0.701629 0.706137 1.473312 61.361273 147.138587 1.440606 3.062769
104070565 -1.086157 0.701629 0.701137 1.470922 61.532207 147.138587 1.436270 3.067743
104070566 -1.086157 0.701629 0.696137 1.468546 61.703697 147.138587 1.431872 3.072705
104070567 -1.086157 0.701629 0.691137 1.466182 61.875740 147.138587 1.427413 3.077656
104070568 -1.086157 0.701629 0.686137 1.463832 62.048338 147.138587 1.422892 3.082595
104070569 -1.086157 0.701629 0.681137 1.461495 62.221489 147.138587 1.418308 3.087522
104070570 -1.086157 0.701629 0.676137 1.459171 62.395193 147.138587 1.413662 3.092436
104070571 -1.086157 0.701629 0.671137 1.456861 62.569450 147.138587 1.408952 3.097337
104070572 -1.086157 0.701629 0.666137 1.454565 62.744259 147.138587 1.404180 3.102225
104070573 -1.086157 0.701629 0.661137 1.452282 62.919619 147.138587 1.399344 3.107100
104070574 -1.086157 0.701629 0.656137 1.450012 63.095529 147.138587 1.394444 3.111960
104070575 -1.086157 0.701629 0.651137 1.447757 63.271989 147.138587 1.389481 3.116806
104070576 -1.086157 0.701629 0.646137 1.445515 63.448998 147.138587 1.384453 3.121638
104070577 -1.086157 0.701629 0.641137 1.443287 63.626556 147.138587 1.379361 3.126454
104070578 -1.086157 0.701629 0.636137 1.441073 63.804661 147.138587 1.374204 3.131256
104070579 -1.086157 0.701629 0.631137 1.438872 63.983312 147.138587 1.368982 3.136041
104070580 -1.086157 0.701629 0.626137 1.436686 64.162509 147.138587 1.363696 3.140811
104070581 -1.086157 0.701629 0.621137 1.434514 64.342250 147.138587 1.358344 3.145564
104070582 -1.086157 0.701629 0.616137 1.432356 64.522534 147.138587 1.352926 3.150300
104070583 -1.086157 0.701629 0.611137 1.430213 64.703361 147.138587 1.347443 3.155020
104070584 -1.086157 0.701629 0.606137 1.428083 64.884728 147.138587 1.341893 3.159722
104070585 -1.086157 0.701629 0.601137 1.425968 65.066636 147.138587 1.336278 3.164406
104070586 -1.086157 0.701629 0.596137 1.423868 65.249082 147.138587 1.330597 3.169072
104070587 -1.086157 0.701629 0.591137 1.421782 65.432065 147.138587 1.324849 3.173719
104070588 -1.086157 0.701629 0.586137 1.419710 65.615585 147.138587 1.319034 3.178348
104070589 -1.086157 0.701629 0.581137 1.417653 65.799638 147.138587 1.313153 3.182957
104070590 -1.086157 0.701629 0.576137 1.415611 65.984225 147.138587 1.307205 3.187547
104070591 -1.086157 0.701629 0.571137 1.413583 66.169343 147.138587 1.301189 3.192117
104070592 -1.086157 0.701629 0.566137 1.411570 66.354991 147.138587 1.295107 3.196666
104070593 -1.086157 0.701629 0.561137 1.409572 66.541167 147.138587 1.288957 3.201194
104070594 -1.086157 0.701629 0.556137 1.407589 66.727870 147.138587 1.282741 3.205702
104070595 -1.086157 0.701629 0.551137 1.405621 66.915098 147.138587 1.276456 3.210188
104070596 -1.086157 0.701629 0.546137 1.403669 67.102848 147.138587 1.270104 3.214652
104070597 -1.086157 0.701629 0.541137 1.401731 67.291120 147.138587 1.263685 3.219094
104070598 -1.086157 0.701629 0.536137 1.399808 67.479911 147.138587 1.257197 3.223513
104070599 -1.086157 0.701629 0.531137 1.397901 67.669219 147.138587 1.250642 3.227909
104070600 -1.086157 0.701629 0.526137 1.396009 67.859042 147.138587 1.244019 3.232281
104070601 -1.074438 0.725286 1.021137 1.650205 51.771899 145.979187 1.617517 2.727760
104070602 -1.074438 0.725286 1.016137 1.647116 51.908528 145.979187 1.616310 2.732875
104070603 -1.074438 0.725286 1.011137 1.644036 52.045671 145.979187 1.615065 2.737992
104070604 -1.074438 0.725286 1.006137 1.640966 52.183327 145.979187 1.613781 2.743113
104070605 -1.074438 0.725286 1.001137 1.637905 52.321498 145.979187 1.612456 2.748238
104070606 -1.074438 0.725286 0.996137 1.634853 52.460187 145.979187 1.611092 2.753365
104070607 -1.074438 0.725286 0.991137 1.631812 52.599393 145.979187 1.609687 2.758496
104070608 -1.074438 0.725286 0.986137 1.628780 52.739118 145.979187 1.608241 2.763629
104070609 -1.074438 0.725286 0.981137 1.625757 52.879363 145.979187 1.606754 2.768764
104070610 -1.074438 0.725286 0.976137 1.622745 53.020130 145.979187 1.605226 2.773903
104070611 -1.074438 0.725286 0.971137 1.619742 53.161420 145.979187 1.603655 2.779043
104070612 -1.074438 0.725286 0.966137 1.616749 53.303234 145.979187 1.602043 2.784185
104070613 -1.074438 0.725286 0.961137 1.613766 53.445573 145.979187 1.600387 2.789330
104070614 -1.074438 0.725286 0.956137 1.610793 53.588438 145.979187 1.598689 2.794476
104070615 -1.074438 0.725286 0.951137 1.607830 53.731830 145.979187 1.596946 2.799623
104070616 -1.074438 0.725286 0.946137 1.604878 53.875752 145.979187 1.595160 2.804772
104070617 -1.074438 0.725286 0.941137 1.601935 54.020202 145.979187 1.593330 2.809922
104070618 -1.074438 0.725286 0.936137 1.599003 54.165184 145.979187 1.591455 2.815073
104070619 -1.074438 0.725286 0.931137 1.596081 54.310697 145.979187 1.589536 2.820225
104070620 -1.074438 0.725286 0.926137 1.593169 54.456744 145.979187 1.587570 2.825377
104070621 -1.074438 0.725286 0.921137 1.590267 54.603324 145.979187 1.585559 2.830530
104070622 -1.074438 0.725286 0.916137 1.587376 54.750439 145.979187 1.583502 2.835683
104070623 -1.074438 0.725286 0.911137 1.584496 54.898089 145.979187 1.581398 2.840836
104070624 -1.074438 0.725286 0.906137 1.581626 55.046277 145.979187 1.579248 2.845988
104070625 -1.074438 0.725286 0.901137 1.578767 55.195002 145.979187 1.577050 2.851140
104070626 -1.074438 0.725286 0.896137 1.575918 55.344266 145.979187 1.574804 2.856292
104070627 -1.074438 0.725286 0.891137 1.573080 55.494070 145.979187 1.572510 2.861443
104070628 -1.074438 0.725286 0.886137 1.570253 55.644414 145.979187 1.570168 2.866592
104070629 -1.074438 0.725286 0.881137 1.567437 55.795299 145.979187 1.567777 2.871740
104070630 -1.074438 0.725286 0.876137 1.564632 55.946727 145.979187 1.565337 2.876887
104070631 -1.074438 0.725286 0.871137 1.561838 56.098697 145.979187 1.562847 2.882032
104070632 -1.074438 0.725286 0.866137 1.559054 56.251211 145.979187 1.560307 2.887175
104070633 -1.074438 0.725286 0.861137 1.556282 56.404270 145.979187 1.557717 2.892316
104070634 -1.074438 0.725286 0.856137 1.553521 56.557873 145.979187 1.555076 2.897454
104070635 -1.074438 0.725286 0.851137 1.550771 56.712023 145.979187 1.552383 2.902590
104070636 -1.074438 0.725286 0.846137 1.548033 56.866719 145.979187 1.549640 2.907722
104070637 -1.074438 0.725286 0.841137 1.545305 57.021962 145.979187 1.546844 2.912852
104070638 -1.074438 0.725286 0.836137 1.542589 57.177753 145.979187 1.543996 2.917978
104070639 -1.074438 0.725286 0.831137 1.539885 57.334092 145.979187 1.541096 2.923101
104070640 -1.074438 0.725286 0.826137 1.537192 57.490980 145.979187 1.538142 2.928219
104070641 -1.074438 0.725286 0.821137 1.534511 57.648418 145.979187 1.535136 2.933334
104070642 -1.074438 0.725286 0.816137 1.531841 57.806406 145.979187 1.532075 2.938444
104070643 -1.074438 0.725286 0.811137 1.529183 57.964944 145.979187 1.528960 2.943549
104070644 -1.074438 0.725286 0.806137 1.526537 58.124033 145.979187 1.525791 2.948650
104070645 -1.074438 0.725286 0.801137 1.523902 58.283674 145.979187 1.522567 2.953745
104070646 -1.074438 0.725286 0.796137 1.521279 58.443866 145.979187 1.519288 2.958835
104070647 -1.074438 0.725286 0.791137 1.518669 58.604610 145.979187 1.515953 2.963919
104070648 -1.074438 0.725286 0.786137 1.516070 58.765906 145.979187 1.512562 2.968997
104070649 -1.074438 0.725286 0.781137 1.513483 58.927755 145.979187 1.509115 2.974069
104070650 -1.074438 0.725286 0.776137 1.510909 59.090157 145.979187 1.505611 2.979134
104070651 -1.074438 0.725286 0.771137 1.508347 59.253112 145.979187 1.502050 2.984193
104070652 -1.074438 0.725286 0.766137 1.505796 59.416620 145.979187 1.498432 2.989245
104070653 -1.074438 0.725286 0.761137 1.503259 59.580682 145.979187 1.494757 2.994289
104070654 -1.074438 0.725286 0.756137 1.500733 59.745297 145.979187 1.491023 2.999325
104070655 -1.074438 0.725286 0.751137 1.498220 59.910465 145.979187 1.487231 3.004354
104070656 -1.074438 0.725286 0.746137 1.495720 60.076188 145.979187 1.483380 3.009374
104070657 -1.074438 0.725286 0.741137 1.493232 60.242464 145.979187 1.479470 3.014386
104070658 -1.074438 0.725286 0.736137 1.490756 60.409293 145.979187 1.475501 3.019389
104070659 -1.074438 0.725286 0.731137 1.488294 60.576677 145.979187 1.471472 3.024383
104070660 -1.074438 0.725286 0.726137 1.485844 60.744613 145.979187 1.467383 3.029367
104070661 -1.074438 0.725286 0.721137 1.483407 60.913103 145.979187 1.463234 3.034342
104070662 -1.074438 0.725286 0.716137 1.480983 61.082146 145.979187 1.459024 3.039306
104070663 -1.074438 0.725286 0.711137 1.478571 61.251741 145.979187 1.454753 3.044260
104070664 -1.074438 0.725286 0.706137 1.476173 61.421890 145.979187 1.450421 3.049204
104070665 -1.074438 0.725286 0.701137 1.473788 61.592590 145.979187 1.446027 3.054137
104070666 -1.074438 0.725286 0.696137 1.471416 61.763843 145.979187 1.441571 3.059058
104070667 -1.074438 0.725286 0.691137 1.469057 61.935647 145.979187 1.437054 3.063968
104070668 -1.074438 0.725286 0.686137 1.466711 62.108002 145.979187 1.432474 3.068866
104070669 -1.074438 0.725286 0.681137 1.464379 62.280907 145.979187 1.427831 3.073751
104070670 -1.074438 0.725286 0.676137 1.462060 62.454363 145.979187 1.423125 3.078624
104070671 -1.074438 0.725286 0.671137 1.459754 62.628368 145.979187 1.418356 3.083484
104070672 -1.074438 0.725286 0.666137 1.457462 62.802922 145.979187 1.413523 3.088331
104070673 -1.074438 0.725286 0.661137 1.455184 62.978025 145.979187 1.408627 3.093164
104070674 -1.074438 0.725286 0.656137 1.452919 63.153675 145.979187 1.403667 3.097983
104070675 -1.074438 0.725286 0.651137 1.450668 63.329871 145.979187 1.398642 3.102789
104070676 -1.074438 0.725286 0.646137 1.448430 63.506614 145.979187 1.393553 3.107579
104070677 -1.074438 0.725286 0.641137 1.446207 63.683902 145.979187 1.388399 3.112355
104070678 -1.074438 0.725286 0.636137 1.443997 63.861734 145.979187 1.383180 3.117115
104070679 -1.074438 0.725286 0.631137 1.441801 64.040110 145.979187 1.377895 3.121860
104070680 -1.074438 0.725286 0.626137 1.439620 64.219028 145.979187 1.372546 3.126588
104070681 -1.074438 0.725286 0.621137 1.437452 64.398487 145.979187 1.367131 3.131301
104070682 -1.074438 0.725286 0.616137 1.435299 64.578487 145.979187 1.361649 3.135996
104070683 -1.074438 0.725286 0.611137 1.433159 64.759025 145.979187 1.356102 3.140675
104070684 -1.074438 0.725286 0.606137 1.431034 64.940102 145.979187 1.350489 3.145337
104070685 -1.074438 0.725286 0.601137 1.428924 65.121715 145.979187 1.344809 3.149980
104070686 -1.074438 0.725286 0.596137 1.426827 65.303864 145.979187 1.339063 3.154606
104070687 -1.074438 0.725286 0.591137 1.424746 65.486548 145.979187 1.333250 3.159213
104070688 -1.074438 0.725286 0.586137 1.422678 65.669763 145.979187 1.327370 3.163801
104070689 -1.074438 0.725286 0.581137 1.420626 65.853511 145.979187 1.321423 3.168370
104070690 -1.074438 0.725286 0.576137 1.418588 66.037788 145.979187 1.315409 3.172920
104070691 -1.074438 0.725286 0.571137 1.416564 66.222593 145.979187 1.309327 3.177449
104070692 -1.074438 0.725286 0.566137 1.414556 66.407925 145.979187 1.303178 3.181958
104070693 -1.074438 0.725286 0.561137 1.412562 66.593782 145.979187 1.296962 3.186447
104070694 -1.074438 0.725286 0.556137 1.410583 66.780163 145.979187 1.290678 3.190915
104070695 -1.074438 0.725286 0.551137 1.408620 66.967065 145.979187 1.284326 3.195361
104070696 -1.074438 0.725286 0.546137 1.406671 67.154488 145.979187 1.277906 3.199786
104070697 -1.074438 0.725286 0.541137 1.404737 67.342428 145.979187 1.271418 3.204188
104070698 -1.074438 0.725286 0.536137 1.402819 67.530884 145.979187 1.264863 3.208568
104070699 -1.074438 0.725286 0.531137 1.400915 67.719854 145.979187 1.258239 3.212925
104070700 -1.074438 0.725286 0.526137 1.399027 67.909337 145.979187 1.251547 3.217258
104070701 -1.062720 0.748943 1.021137 1.653182 51.853104 144.826071 1.628655 2.714967
104070702 -1.062720 0.748943 1.016137 1.650098 51.989639 144.826071 1.627414 2.720039
104070703 -1.062720 0.748943 1.011137 1.647024 52.126684 144.826071 1.626133 2.725114
104070704 -1.062720 0.748943 1.006137 1.643959 52.264241 144.826071 1.624812 2.730193
104070705 -1.062720 0.748943 1.001137 1.640903 52.402311 144.826071 1.623452 2.735274
104070706 -1.062720 0.748943 0.996137 1.637858 52.540896 144.826071 1.622050 2.740359
104070707 -1.062720 0.748943 0.991137 1.634821 52.679996 144.826071 1.620609 2.745446
104070708 -1.062720 0.748943 0.986137 1.631795 52.819613 144.826071 1.619126 2.750536
104070709 -1.062720 0.748943 0.981137 1.628778 52.959747 144.826071 1.617601 2.755629
104070710 -1.062720 0.748943 0.976137 1.625771 53.100401 144.826071 1.616035 2.760724
104070711 -1.062720 0.748943 0.971137 1.622774 53.241576 144.826071 1.614426 2.765820
104070712 -1.062720 0.748943 0.966137 1.619787 53.383272 144.826071 1.612774 2.770919
104070713 -1.062720 0.748943 0.961137 1.616809 53.525491 144.826071 1.611080 2.776020
104070714 -1.062720 0.748943 0.956137 1.613842 53.668233 144.826071 1.609342 2.781122
104070715 -1.062720 0.748943 0.951137 1.610885 53.811501 144.826071 1.607560 2.786226
104070716 -1.062720 0.748943 0.946137 1.607938 53.955295 144.826071 1.605734 2.791330
104070717 -1.062720 0.748943 0.941137 1.605001 54.099615 144.826071 1.603864 2.796436
104070718 -1.062720 0.748943 0.936137 1.602074 54.244464 144.826071 1.601948 2.801543
104070719 -1.062720 0.748943 0.931137 1.599157 54.389843 144.826071 1.599987 2.806650
104070720 -1.062720 0.748943 0.926137 1.596251 54.535752 144.826071 1.597981 2.811758
104070721 -1.062720 0.748943 0.921137 1.593356 54.682191 144.826071 1.595928 2.816866
104070722 -1.062720 0.748943 0.916137 1.590470 54.829164 144.826071 1.593829 2.821974
104070723 -1.062720 0.748943 0.911137 1.587595 54.976669 144.826071 1.591683 2.827082
104070724 -1.062720 0.748943 0.906137 1.584731 55.124709 144.826071 1.589490 2.832190
104070725 -1.062720 0.748943 0.901137 1.581877 55.273284 144.826071 1.587249 2.837297
104070726 -1.062720 0.748943 0.896137 1.579035 55.422395 144.826071 1.584960 2.842403
104070727 -1.062720 0.748943 0.891137 1.576202 55.572042 144.826071 1.582623 2.847508
104070728 -1.062720 0.748943 0.886137 1.573381 55.722228 144.826071 1.580237 2.852613
104070729 -1.062720 0.748943 0.881137 1.570570 55.872952 144.826071 1.577801 2.857715
104070730 -1.062720 0.748943 0.876137 1.567771 56.024215 144.826071 1.575316 2.862816
104070731 -1.062720 0.748943 0.871137 1.564982 56.176019 144.826071 1.572782 2.867916
104070732 -1.062720 0.748943 0.866137 1.562204 56.328363 144.826071 1.570196 2.873013
104070733 -1.062720 0.748943 0.861137 1.559438 56.481249 144.826071 1.567561 2.878108
104070734 -1.062720 0.748943 0.856137 1.556682 56.634677 144.826071 1.564874 2.883200
104070735 -1.062720 0.748943 0.851137 1.553938 56.788649 144.826071 1.562135 2.888290
104070736 -1.062720 0.748943 0.846137 1.551205 56.943164 144.826071 1.559345 2.893376
104070737 -1.062720 0.748943 0.841137 1.548483 57.098223 144.826071 1.556503 2.898460
104070738 -1.062720 0.748943 0.836137 1.545773 57.253827 144.826071 1.553608 2.903540
104070739 -1.062720 0.748943 0.831137 1.543074 57.409977 144.826071 1.550660 2.908616
104070740 -1.062720 0.748943 0.826137 1.540387 57.566673 144.826071 1.547659 2.913688
104070741 -1.062720 0.748943 0.821137 1.537711 57.723915 144.826071 1.544604 2.918756
104070742 -1.062720 0.748943 0.816137 1.535047 57.881704 144.826071 1.541495 2.923819
104070743 -1.062720 0.748943 0.811137 1.532394 58.040041 144.826071 1.538331 2.928878
104070744 -1.062720 0.748943 0.806137 1.529753 58.198926 144.826071 1.535113 2.933932
104070745 -1.062720 0.748943 0.801137 1.527124 58.358359 144.826071 1.531840 2.938981
104070746 -1.062720 0.748943 0.796137 1.524507 58.518340 144.826071 1.528511 2.944024
104070747 -1.062720 0.748943 0.791137 1.521902 58.678871 144.826071 1.525126 2.949061
104070748 -1.062720 0.748943 0.786137 1.519309 58.839950 144.826071 1.521685 2.954092
104070749 -1.062720 0.748943 0.781137 1.516728 59.001579 144.826071 1.518188 2.959117
104070750 -1.062720 0.748943 0.776137 1.514159 59.163758 144.826071 1.514633 2.964135
104070751 -1.062720 0.748943 0.771137 1.511602 59.326487 144.826071 1.511021 2.969147
104070752 -1.062720 0.748943 0.766137 1.509057 59.489766 144.826071 1.507352 2.974151
104070753 -1.062720 0.748943 0.761137 1.506525 59.653596 144.826071 1.503624 2.979148
104070754 -1.062720 0.748943 0.756137 1.504005 59.817975 144.826071 1.499838 2.984138
104070755 -1.062720 0.748943 0.751137 1.501498 59.982905 144.826071 1.495994 2.989119
104070756 -1.062720 0.748943 0.746137 1.499003 60.148386 144.826071 1.492091 2.994092
104070757 -1.062720 0.748943 0.741137 1.496520 60.314417 144.826071 1.488128 2.999056
104070758 -1.062720 0.748943 0.736137 1.494050 60.480998 144.826071 1.484105 3.004012
104070759 -1.062720 0.748943 0.731137 1.491593 60.648129 144.826071 1.480023 3.008958
104070760 -1.062720 0.748943 0.726137 1.489149 60.815811 144.826071 1.475880 3.013896
104070761 -1.062720 0.748943 0.721137 1.486717 60.984042 144.826071 1.471677 3.018823
104070762 -1.062720 0.748943 0.716137 1.484298 61.152824 144.826071 1.467413 3.023740
104070763 -1.062720 0.748943 0.711137 1.481892 61.322154 144.826071 1.463088 3.028647
104070764 -1.062720 0.748943 0.706137 1.479499 61.492035 144.826071 1.458701 3.033543
104070765 -1.062720 0.748943 0.701137 1.477119 61.662463 144.826071 1.454252 3.038428
104070766 -1.062720 0.748943 0.696137 1.474753 61.833441 144.826071 1.449741 3.043302
104070767 -1.062720 0.748943 0.691137 1.472399 62.004967 144.826071 1.445168 3.048165
104070768 -1.062720 0.748943 0.686137 1.470059 62.177040 144.826071 1.440532 3.053015
104070769 -1.062720 0.748943 0.681137 1.467732 62.349660 144.826071 1.435833 3.057853
104070770 -1.062720 0.748943 0.676137 1.465418 62.522828 144.826071 1.431071 3.062679
104070771 -1.062720 0.748943 0.671137 1.463118 62.696541 144.826071 1.426245 3.067491
104070772 -1.062720 0.748943 0.666137 1.460831 62.870800 144.826071 1.421356 3.072291
104070773 -1.062720 0.748943 0.661137 1.458558 63.045603 144.826071 1.416402 3.077077
104070774 -1.062720 0.748943 0.656137 1.456298 63.220951 144.826071 1.411384 3.081849
104070775 -1.062720 0.748943 0.651137 1.454052 63.396842 144.826071 1.406302 3.086607
104070776 -1.062720 0.748943 0.646137 1.451820 63.573275 144.826071 1.401155 3.091350
104070777 -1.062720 0.748943 0.641137 1.449602 63.750250 144.826071 1.395943 3.096079
104070778 -1.062720 0.748943 0.636137 1.447397 63.927766 144.826071 1.390666 3.100792
104070779 -1.062720 0.748943 0.631137 1.445207 64.105822 144.826071 1.385323 3.105490
104070780 -1.062720 0.748943 0.626137 1.443030 64.284417 144.826071 1.379915 3.110171
104070781 -1.062720 0.748943 0.621137 1.440868 64.463549 144.826071 1.374441 3.114837
104070782 -1.062720 0.748943 0.616137 1.438719 64.643218 144.826071 1.368900 3.119486
104070783 -1.062720 0.748943 0.611137 1.436585 64.823423 144.826071 1.363294 3.124118
104070784 -1.062720 0.748943 0.606137 1.434465 65.004162 144.826071 1.357621 3.128732
104070785 -1.062720 0.748943 0.601137 1.432360 65.185435 144.826071 1.351881 3.133329
104070786 -1.062720 0.748943 0.596137 1.430268 65.367239 144.826071 1.346075 3.137908
104070787 -1.062720 0.748943 0.591137 1.428192 65.549574 144.826071 1.340202 3.142469
104070788 -1.062720 0.748943 0.586137 1.426129 65.732438 144.826071 1.334261 3.147011
104070789 -1.062720 0.748943 0.581137 1.424082 65.915830 144.826071 1.328254 3.151534
104070790 -1.062720 0.748943 0.576137 1.422049 66.099748 144.826071 1.322179 3.156037
104070791 -1.062720 0.748943 0.571137 1.420030 66.284191 144.826071 1.316036 3.160521
104070792 -1.062720 0.748943 0.566137 1.418027 66.469157 144.826071 1.309826 3.164984
104070793 -1.062720 0.748943 0.561137 1.416038 66.654644 144.826071 1.303548 3.169427
104070794 -1.062720 0.748943 0.556137 1.414064 66.840652 144.826071 1.297203 3.173849
104070795 -1.062720 0.748943 0.551137 1.412105 67.027177 144.826071 1.290789 3.178250
104070796 -1.062720 0.748943 0.546137 1.410161 67.214218 144.826071 1.284307 3.182629
104070797 -1.062720 0.748943 0.541137 1.408232 67.401774 144.826071 1.277758 3.186986
104070798 -1.062720 0.748943 0.536137 1.406318 67.589843 144.826071 1.271140 3.191320
104070799 -1.062720 0.748943 0.531137 1.404420 67.778422 144.826071 1.264454 3.195632
104070800 -1.062720 0.748943 0.526137 1.402537 67.967509 144.826071 1.257699 3.199921
