# pixelID   x   y   z   l2  two_theta   azimuthal   polar_width azimuthal_width
103020001 -1.006749 -0.459225 1.785740 2.100785 31.784576 -155.480093 1.418810 2.152585
103020002 -1.008125 -0.459225 1.780933 2.097361 31.882806 -155.509613 1.419556 2.156218
103020003 -1.009500 -0.459225 1.776126 2.093944 31.981365 -155.539067 1.420296 2.159855
103020004 -1.010875 -0.459225 1.771319 2.090532 32.080252 -155.568455 1.421030 2.163497
103020005 -1.012251 -0.459225 1.766511 2.087128 32.179468 -155.597777 1.421758 2.167143
103020006 -1.013626 -0.459225 1.761704 2.083729 32.279016 -155.627032 1.422479 2.170794
103020007 -1.015001 -0.459225 1.756897 2.080337 32.378895 -155.656222 1.423193 2.174448
103020008 -1.016377 -0.459225 1.752090 2.076952 32.479107 -155.685346 1.423900 2.178107
103020009 -1.017752 -0.459225 1.747283 2.073573 32.579652 -155.714405 1.424601 2.181771
103020010 -1.019127 -0.459225 1.742476 2.070200 32.680532 -155.743399 1.425295 2.185438
103020011 -1.020503 -0.459225 1.737669 2.066835 32.781748 -155.772327 1.425981 2.189110
103020012 -1.021878 -0.459225 1.732862 2.063475 32.883300 -155.801191 1.426661 2.192786
103020013 -1.023253 -0.459225 1.728054 2.060123 32.985190 -155.829990 1.427333 2.196466
103020014 -1.024629 -0.459225 1.723247 2.056777 33.087418 -155.858725 1.427997 2.200150
103020015 -1.026004 -0.459225 1.718440 2.053438 33.189985 -155.887396 1.428655 2.203838
103020016 -1.027379 -0.459225 1.713633 2.050106 33.292893 -155.916003 1.429304 2.207530
103020017 -1.028755 -0.459225 1.708826 2.046780 33.396142 -155.944546 1.429946 2.211225
103020018 -1.030130 -0.459225 1.704019 2.043461 33.499733 -155.973025 1.430580 2.214925
103020019 -1.031505 -0.459225 1.699212 2.040150 33.603667 -156.001441 1.431206 2.218628
103020020 -1.032880 -0.459225 1.694405 2.036845 33.707946 -156.029794 1.431824 2.222336
103020021 -1.034256 -0.459225 1.689597 2.033547 33.812570 -156.058084 1.432434 2.226046
103020022 -1.035631 -0.459225 1.684790 2.030256 33.917539 -156.086311 1.433036 2.229761
103020023 -1.037006 -0.459225 1.679983 2.026971 34.022856 -156.114476 1.433629 2.233479
103020024 -1.038382 -0.459225 1.675176 2.023694 34.128520 -156.142578 1.434213 2.237200
103020025 -1.039757 -0.459225 1.670369 2.020424 34.234534 -156.170618 1.434789 2.240926
103020026 -1.041132 -0.459225 1.665562 2.017161 34.340897 -156.198596 1.435357 2.244654
103020027 -1.042508 -0.459225 1.660755 2.013906 34.447610 -156.226512 1.435915 2.248386
103020028 -1.043883 -0.459225 1.655948 2.010657 34.554675 -156.254367 1.436464 2.252121
103020029 -1.045258 -0.459225 1.651140 2.007416 34.662093 -156.282160 1.437005 2.255859
103020030 -1.046634 -0.459225 1.646333 2.004181 34.769864 -156.309892 1.437536 2.259601
103020031 -1.048009 -0.459225 1.641526 2.000954 34.877989 -156.337563 1.438057 2.263345
103020032 -1.049384 -0.459225 1.636719 1.997735 34.986470 -156.365173 1.438569 2.267093
103020033 -1.050760 -0.459225 1.631912 1.994522 35.095306 -156.392722 1.439072 2.270844
103020034 -1.052135 -0.459225 1.627105 1.991317 35.204500 -156.420211 1.439565 2.274597
103020035 -1.053510 -0.459225 1.622298 1.988120 35.314051 -156.447639 1.440048 2.278354
103020036 -1.054886 -0.459225 1.617491 1.984930 35.423961 -156.475008 1.440521 2.282113
103020037 -1.056261 -0.459225 1.612683 1.981747 35.534231 -156.502316 1.440983 2.285875
103020038 -1.057636 -0.459225 1.607876 1.978572 35.644861 -156.529565 1.441436 2.289640
103020039 -1.059012 -0.459225 1.603069 1.975405 35.755853 -156.556754 1.441878 2.293407
103020040 -1.060387 -0.459225 1.598262 1.972245 35.867207 -156.583884 1.442310 2.297177
103020041 -1.061762 -0.459225 1.593455 1.969092 35.978923 -156.610954 1.442731 2.300949
103020042 -1.063138 -0.459225 1.588648 1.965948 36.091004 -156.637966 1.443141 2.304724
103020043 -1.064513 -0.459225 1.583841 1.962811 36.203450 -156.664919 1.443541 2.308501
103020044 -1.065888 -0.459225 1.579034 1.959682 36.316261 -156.691813 1.443929 2.312280
103020045 -1.067264 -0.459225 1.574226 1.956560 36.429438 -156.718649 1.444306 2.316062
103020046 -1.068639 -0.459225 1.569419 1.953447 36.542983 -156.745426 1.444672 2.319845
103020047 -1.070014 -0.459225 1.564612 1.950341 36.656896 -156.772145 1.445026 2.323631
103020048 -1.071390 -0.459225 1.559805 1.947243 36.771177 -156.798806 1.445369 2.327418
103020049 -1.072765 -0.459225 1.554998 1.944153 36.885829 -156.825410 1.445700 2.331208
103020050 -1.074140 -0.459225 1.550191 1.941071 37.000850 -156.851956 1.446020 2.334999
103020051 -1.075516 -0.459225 1.545384 1.937997 37.116244 -156.878444 1.446327 2.338792
103020052 -1.076891 -0.459225 1.540576 1.934931 37.232009 -156.904876 1.446622 2.342586
103020053 -1.078266 -0.459225 1.535769 1.931873 37.348147 -156.931250 1.446905 2.346382
103020054 -1.079642 -0.459225 1.530962 1.928823 37.464658 -156.957567 1.447175 2.350180
103020055 -1.081017 -0.459225 1.526155 1.925781 37.581544 -156.983828 1.447433 2.353978
103020056 -1.082392 -0.459225 1.521348 1.922748 37.698805 -157.010032 1.447678 2.357779
103020057 -1.083768 -0.459225 1.516541 1.919723 37.816442 -157.036179 1.447911 2.361580
103020058 -1.085143 -0.459225 1.511734 1.916706 37.934456 -157.062271 1.448130 2.365382
103020059 -1.086518 -0.459225 1.506927 1.913697 38.052847 -157.088306 1.448336 2.369186
103020060 -1.087894 -0.459225 1.502119 1.910697 38.171616 -157.114286 1.448529 2.372990
103020061 -1.089269 -0.459225 1.497312 1.907705 38.290764 -157.140210 1.448708 2.376796
103020062 -1.090644 -0.459225 1.492505 1.904721 38.410291 -157.166078 1.448874 2.380602
103020063 -1.092020 -0.459225 1.487698 1.901746 38.530199 -157.191891 1.449026 2.384408
103020064 -1.093395 -0.459225 1.482891 1.898780 38.650487 -157.217649 1.449165 2.388215
103020065 -1.094770 -0.459225 1.478084 1.895822 38.771157 -157.243352 1.449289 2.392023
103020066 -1.096145 -0.459225 1.473277 1.892873 38.892209 -157.269000 1.449399 2.395831
103020067 -1.097521 -0.459225 1.468470 1.889932 39.013644 -157.294593 1.449495 2.399640
103020068 -1.098896 -0.459225 1.463662 1.887000 39.135462 -157.320132 1.449576 2.403448
103020069 -1.100271 -0.459225 1.458855 1.884076 39.257665 -157.345616 1.449643 2.407257
103020070 -1.101647 -0.459225 1.454048 1.881162 39.380253 -157.371046 1.449695 2.411065
103020071 -1.103022 -0.459225 1.449241 1.878256 39.503225 -157.396423 1.449732 2.414874
103020072 -1.104397 -0.459225 1.444434 1.875359 39.626584 -157.421745 1.449753 2.418682
103020073 -1.105773 -0.459225 1.439627 1.872471 39.750330 -157.447013 1.449760 2.422490
103020074 -1.107148 -0.459225 1.434820 1.869591 39.874463 -157.472228 1.449751 2.426298
103020075 -1.108523 -0.459225 1.430013 1.866721 39.998983 -157.497390 1.449727 2.430105
103020076 -1.109899 -0.459225 1.425205 1.863860 40.123892 -157.522498 1.449687 2.433911
103020077 -1.111274 -0.459225 1.420398 1.861007 40.249190 -157.547554 1.449631 2.437716
103020078 -1.112649 -0.459225 1.415591 1.858164 40.374877 -157.572556 1.449559 2.441521
103020079 -1.114025 -0.459225 1.410784 1.855330 40.500955 -157.597506 1.449470 2.445325
103020080 -1.115400 -0.459225 1.405977 1.852505 40.627422 -157.622403 1.449366 2.449127
103020081 -1.116775 -0.459225 1.401170 1.849689 40.754281 -157.647247 1.449245 2.452929
103020082 -1.118151 -0.459225 1.396363 1.846883 40.881531 -157.672039 1.449107 2.456729
103020083 -1.119526 -0.459225 1.391556 1.844086 41.009174 -157.696780 1.448953 2.460527
103020084 -1.120901 -0.459225 1.386748 1.841298 41.137208 -157.721468 1.448781 2.464324
103020085 -1.122277 -0.459225 1.381941 1.838519 41.265636 -157.746104 1.448593 2.468120
103020086 -1.123652 -0.459225 1.377134 1.835750 41.394457 -157.770689 1.448387 2.471913
103020087 -1.125027 -0.459225 1.372327 1.832991 41.523672 -157.795222 1.448163 2.475705
103020088 -1.126403 -0.459225 1.367520 1.830241 41.653281 -157.819704 1.447922 2.479495
103020089 -1.127778 -0.459225 1.362713 1.827500 41.783284 -157.844134 1.447663 2.483282
103020090 -1.129153 -0.459225 1.357906 1.824769 41.913683 -157.868514 1.447386 2.487067
103020091 -1.130529 -0.459225 1.353098 1.822048 42.044477 -157.892843 1.447092 2.490850
103020092 -1.131904 -0.459225 1.348291 1.819336 42.175666 -157.917120 1.446778 2.494630
103020093 -1.133279 -0.459225 1.343484 1.816634 42.307252 -157.941348 1.446447 2.498408
103020094 -1.134655 -0.459225 1.338677 1.813942 42.439234 -157.965524 1.446097 2.502183
103020095 -1.136030 -0.459225 1.333870 1.811259 42.571613 -157.989651 1.445727 2.505955
103020096 -1.137405 -0.459225 1.329063 1.808587 42.704389 -158.013727 1.445340 2.509723
103020097 -1.138781 -0.459225 1.324256 1.805924 42.837562 -158.037754 1.444933 2.513489
103020098 -1.140156 -0.459225 1.319449 1.803271 42.971133 -158.061730 1.444506 2.517251
103020099 -1.141531 -0.459225 1.314641 1.800629 43.105101 -158.085657 1.444060 2.521010
103020100 -1.142907 -0.459225 1.309834 1.797996 43.239468 -158.109534 1.443595 2.524765
103020101 -1.014600 -0.434119 1.787986 2.101135 31.683524 -156.835261 1.387198 2.157110
103020102 -1.015975 -0.434119 1.783179 2.097711 31.781879 -156.863318 1.387950 2.160718
103020103 -1.017351 -0.434119 1.778372 2.094294 31.880560 -156.891311 1.388695 2.164331
103020104 -1.018726 -0.434119 1.773565 2.090883 31.979570 -156.919239 1.389434 2.167948
103020105 -1.020101 -0.434119 1.768758 2.087479 32.078909 -156.947104 1.390168 2.171569
103020106 -1.021477 -0.434119 1.763950 2.084081 32.178579 -156.974906 1.390894 2.175195
103020107 -1.022852 -0.434119 1.759143 2.080690 32.278580 -157.002644 1.391615 2.178825
103020108 -1.024227 -0.434119 1.754336 2.077305 32.378913 -157.030319 1.392329 2.182460
103020109 -1.025603 -0.434119 1.749529 2.073927 32.479580 -157.057931 1.393037 2.186099
103020110 -1.026978 -0.434119 1.744722 2.070555 32.580580 -157.085480 1.393738 2.189742
103020111 -1.028353 -0.434119 1.739915 2.067190 32.681916 -157.112967 1.394432 2.193389
103020112 -1.029728 -0.434119 1.735108 2.063831 32.783588 -157.140391 1.395119 2.197040
103020113 -1.031104 -0.434119 1.730301 2.060479 32.885597 -157.167753 1.395799 2.200696
103020114 -1.032479 -0.434119 1.725493 2.057134 32.987944 -157.195054 1.396473 2.204355
103020115 -1.033854 -0.434119 1.720686 2.053795 33.090631 -157.222292 1.397139 2.208019
103020116 -1.035230 -0.434119 1.715879 2.050464 33.193657 -157.249469 1.397797 2.211686
103020117 -1.036605 -0.434119 1.711072 2.047139 33.297024 -157.276585 1.398449 2.215358
103020118 -1.037980 -0.434119 1.706265 2.043821 33.400733 -157.303639 1.399093 2.219033
103020119 -1.039356 -0.434119 1.701458 2.040509 33.504784 -157.330633 1.399729 2.222712
103020120 -1.040731 -0.434119 1.696651 2.037205 33.609180 -157.357566 1.400358 2.226395
103020121 -1.042106 -0.434119 1.691844 2.033907 33.713920 -157.384438 1.400978 2.230081
103020122 -1.043482 -0.434119 1.687036 2.030617 33.819006 -157.411250 1.401591 2.233772
103020123 -1.044857 -0.434119 1.682229 2.027333 33.924438 -157.438002 1.402196 2.237465
103020124 -1.046232 -0.434119 1.677422 2.024057 34.030218 -157.464694 1.402792 2.241163
103020125 -1.047608 -0.434119 1.672615 2.020788 34.136346 -157.491326 1.403381 2.244863
103020126 -1.048983 -0.434119 1.667808 2.017525 34.242823 -157.517898 1.403960 2.248568
103020127 -1.050358 -0.434119 1.663001 2.014270 34.349651 -157.544411 1.404532 2.252275
103020128 -1.051734 -0.434119 1.658194 2.011022 34.456830 -157.570864 1.405094 2.255986
103020129 -1.053109 -0.434119 1.653386 2.007781 34.564361 -157.597259 1.405648 2.259700
103020130 -1.054484 -0.434119 1.648579 2.004547 34.672245 -157.623595 1.406193 2.263418
103020131 -1.055860 -0.434119 1.643772 2.001321 34.780483 -157.649872 1.406729 2.267138
103020132 -1.057235 -0.434119 1.638965 1.998102 34.889076 -157.676091 1.407256 2.270862
103020133 -1.058610 -0.434119 1.634158 1.994890 34.998024 -157.702251 1.407774 2.274589
103020134 -1.059986 -0.434119 1.629351 1.991686 35.107329 -157.728353 1.408282 2.278318
103020135 -1.061361 -0.434119 1.624544 1.988489 35.216992 -157.754397 1.408781 2.282051
103020136 -1.062736 -0.434119 1.619737 1.985300 35.327013 -157.780384 1.409271 2.285786
103020137 -1.064112 -0.434119 1.614929 1.982118 35.437393 -157.806313 1.409750 2.289524
103020138 -1.065487 -0.434119 1.610122 1.978943 35.548133 -157.832184 1.410220 2.293265
103020139 -1.066862 -0.434119 1.605315 1.975776 35.659234 -157.857998 1.410679 2.297008
103020140 -1.068238 -0.434119 1.600508 1.972617 35.770697 -157.883756 1.411129 2.300754
103020141 -1.069613 -0.434119 1.595701 1.969465 35.882522 -157.909456 1.411568 2.304502
103020142 -1.070988 -0.434119 1.590894 1.966321 35.994711 -157.935100 1.411997 2.308253
103020143 -1.072364 -0.434119 1.586087 1.963185 36.107265 -157.960687 1.412416 2.312006
103020144 -1.073739 -0.434119 1.581280 1.960056 36.220183 -157.986218 1.412823 2.315761
103020145 -1.075114 -0.434119 1.576472 1.956935 36.333468 -158.011692 1.413221 2.319519
103020146 -1.076490 -0.434119 1.571665 1.953822 36.447119 -158.037111 1.413607 2.323279
103020147 -1.077865 -0.434119 1.566858 1.950717 36.561139 -158.062474 1.413982 2.327040
103020148 -1.079240 -0.434119 1.562051 1.947620 36.675526 -158.087781 1.414346 2.330804
103020149 -1.080616 -0.434119 1.557244 1.944530 36.790283 -158.113033 1.414698 2.334569
103020150 -1.081991 -0.434119 1.552437 1.941449 36.905410 -158.138230 1.415040 2.338337
103020151 -1.083366 -0.434119 1.547630 1.938375 37.020908 -158.163371 1.415369 2.342106
103020152 -1.084742 -0.434119 1.542823 1.935310 37.136778 -158.188458 1.415687 2.345876
103020153 -1.086117 -0.434119 1.538015 1.932253 37.253020 -158.213489 1.415993 2.349649
103020154 -1.087492 -0.434119 1.533208 1.929204 37.369635 -158.238467 1.416288 2.353422
103020155 -1.088868 -0.434119 1.528401 1.926163 37.486624 -158.263389 1.416570 2.357198
103020156 -1.090243 -0.434119 1.523594 1.923130 37.603988 -158.288258 1.416839 2.360974
103020157 -1.091618 -0.434119 1.518787 1.920105 37.721727 -158.313072 1.417097 2.364752
103020158 -1.092993 -0.434119 1.513980 1.917089 37.839843 -158.337832 1.417341 2.368530
103020159 -1.094369 -0.434119 1.509173 1.914081 37.958335 -158.362539 1.417574 2.372310
103020160 -1.095744 -0.434119 1.504366 1.911081 38.077205 -158.387192 1.417793 2.376091
103020161 -1.097119 -0.434119 1.499558 1.908090 38.196454 -158.411792 1.417999 2.379873
103020162 -1.098495 -0.434119 1.494751 1.905107 38.316082 -158.436338 1.418192 2.383655
103020163 -1.099870 -0.434119 1.489944 1.902132 38.436089 -158.460831 1.418372 2.387438
103020164 -1.101245 -0.434119 1.485137 1.899166 38.556477 -158.485272 1.418539 2.391222
103020165 -1.102621 -0.434119 1.480330 1.896209 38.677246 -158.509659 1.418692 2.395006
103020166 -1.103996 -0.434119 1.475523 1.893260 38.798397 -158.533994 1.418831 2.398790
103020167 -1.105371 -0.434119 1.470716 1.890320 38.919930 -158.558277 1.418956 2.402575
103020168 -1.106747 -0.434119 1.465909 1.887389 39.041846 -158.582507 1.419068 2.406360
103020169 -1.108122 -0.434119 1.461101 1.884466 39.164146 -158.606685 1.419165 2.410145
103020170 -1.109497 -0.434119 1.456294 1.881552 39.286831 -158.630811 1.419248 2.413930
103020171 -1.110873 -0.434119 1.451487 1.878646 39.409901 -158.654885 1.419316 2.417715
103020172 -1.112248 -0.434119 1.446680 1.875750 39.533356 -158.678908 1.419370 2.421500
103020173 -1.113623 -0.434119 1.441873 1.872862 39.657197 -158.702879 1.419409 2.425284
103020174 -1.114999 -0.434119 1.437066 1.869984 39.781425 -158.726798 1.419434 2.429068
103020175 -1.116374 -0.434119 1.432259 1.867114 39.906041 -158.750667 1.419443 2.432852
103020176 -1.117749 -0.434119 1.427451 1.864253 40.031044 -158.774484 1.419437 2.436635
103020177 -1.119125 -0.434119 1.422644 1.861402 40.156436 -158.798251 1.419415 2.440417
103020178 -1.120500 -0.434119 1.417837 1.858559 40.282217 -158.821967 1.419378 2.444198
103020179 -1.121875 -0.434119 1.413030 1.855726 40.408388 -158.845632 1.419326 2.447978
103020180 -1.123251 -0.434119 1.408223 1.852901 40.534948 -158.869247 1.419257 2.451758
103020181 -1.124626 -0.434119 1.403416 1.850086 40.661900 -158.892812 1.419173 2.455536
103020182 -1.126001 -0.434119 1.398609 1.847280 40.789242 -158.916326 1.419072 2.459312
103020183 -1.127377 -0.434119 1.393802 1.844484 40.916976 -158.939791 1.418956 2.463087
103020184 -1.128752 -0.434119 1.388994 1.841697 41.045102 -158.963206 1.418822 2.466861
103020185 -1.130127 -0.434119 1.384187 1.838919 41.173620 -158.986571 1.418672 2.470633
103020186 -1.131503 -0.434119 1.379380 1.836150 41.302532 -159.009887 1.418506 2.474403
103020187 -1.132878 -0.434119 1.374573 1.833391 41.431836 -159.033153 1.418322 2.478172
103020188 -1.134253 -0.434119 1.369766 1.830642 41.561535 -159.056370 1.418121 2.481938
103020189 -1.135629 -0.434119 1.364959 1.827902 41.691627 -159.079538 1.417903 2.485702
103020190 -1.137004 -0.434119 1.360152 1.825171 41.822115 -159.102657 1.417668 2.489464
103020191 -1.138379 -0.434119 1.355345 1.822450 41.952997 -159.125728 1.417415 2.493224
103020192 -1.139755 -0.434119 1.350537 1.819739 42.084274 -159.148749 1.417145 2.496981
103020193 -1.141130 -0.434119 1.345730 1.817038 42.215947 -159.171723 1.416856 2.500735
103020194 -1.142505 -0.434119 1.340923 1.814346 42.348016 -159.194648 1.416549 2.504487
103020195 -1.143881 -0.434119 1.336116 1.811664 42.480482 -159.217524 1.416225 2.508235
103020196 -1.145256 -0.434119 1.331309 1.808993 42.613343 -159.240353 1.415881 2.511981
103020197 -1.146631 -0.434119 1.326502 1.806330 42.746602 -159.263134 1.415520 2.515723
103020198 -1.148007 -0.434119 1.321695 1.803678 42.880258 -159.285867 1.415139 2.519462
103020199 -1.149382 -0.434119 1.316888 1.801036 43.014311 -159.308552 1.414740 2.523198
103020200 -1.150757 -0.434119 1.312080 1.798404 43.148762 -159.331190 1.414322 2.526930
103020201 -1.022451 -0.409014 1.790232 2.101815 31.596916 -158.196972 1.354348 2.160102
103020202 -1.023826 -0.409014 1.785425 2.098393 31.695387 -158.223518 1.355105 2.163684
103020203 -1.025201 -0.409014 1.780618 2.094977 31.794185 -158.250003 1.355856 2.167270
103020204 -1.026576 -0.409014 1.775811 2.091568 31.893311 -158.276428 1.356602 2.170861
103020205 -1.027952 -0.409014 1.771004 2.088165 31.992766 -158.302791 1.357342 2.174457
103020206 -1.029327 -0.409014 1.766196 2.084768 32.092551 -158.329093 1.358075 2.178057
103020207 -1.030702 -0.409014 1.761389 2.081377 32.192666 -158.355334 1.358803 2.181661
103020208 -1.032078 -0.409014 1.756582 2.077994 32.293113 -158.381515 1.359525 2.185270
103020209 -1.033453 -0.409014 1.751775 2.074616 32.393893 -158.407636 1.360240 2.188883
103020210 -1.034828 -0.409014 1.746968 2.071246 32.495007 -158.433697 1.360949 2.192500
103020211 -1.036204 -0.409014 1.742161 2.067882 32.596455 -158.459698 1.361651 2.196121
103020212 -1.037579 -0.409014 1.737354 2.064524 32.698239 -158.485639 1.362347 2.199747
103020213 -1.038954 -0.409014 1.732547 2.061174 32.800360 -158.511521 1.363037 2.203376
103020214 -1.040330 -0.409014 1.727739 2.057829 32.902818 -158.537344 1.363719 2.207010
103020215 -1.041705 -0.409014 1.722932 2.054492 33.005615 -158.563107 1.364395 2.210648
103020216 -1.043080 -0.409014 1.718125 2.051161 33.108751 -158.588812 1.365064 2.214290
103020217 -1.044456 -0.409014 1.713318 2.047838 33.212227 -158.614458 1.365725 2.217935
103020218 -1.045831 -0.409014 1.708511 2.044521 33.316045 -158.640045 1.366380 2.221585
103020219 -1.047206 -0.409014 1.703704 2.041210 33.420205 -158.665575 1.367027 2.225238
103020220 -1.048582 -0.409014 1.698897 2.037907 33.524709 -158.691046 1.367667 2.228895
103020221 -1.049957 -0.409014 1.694090 2.034611 33.629556 -158.716459 1.368299 2.232556
103020222 -1.051332 -0.409014 1.689282 2.031322 33.734749 -158.741814 1.368924 2.236220
103020223 -1.052708 -0.409014 1.684475 2.028039 33.840288 -158.767112 1.369541 2.239888
103020224 -1.054083 -0.409014 1.679668 2.024764 33.946174 -158.792353 1.370150 2.243560
103020225 -1.055458 -0.409014 1.674861 2.021496 34.052407 -158.817536 1.370752 2.247235
103020226 -1.056834 -0.409014 1.670054 2.018234 34.158990 -158.842662 1.371345 2.250914
103020227 -1.058209 -0.409014 1.665247 2.014980 34.265922 -158.867732 1.371930 2.254596
103020228 -1.059584 -0.409014 1.660440 2.011733 34.373205 -158.892745 1.372507 2.258281
103020229 -1.060960 -0.409014 1.655633 2.008494 34.480840 -158.917701 1.373075 2.261970
103020230 -1.062335 -0.409014 1.650825 2.005261 34.588827 -158.942601 1.373635 2.265661
103020231 -1.063710 -0.409014 1.646018 2.002036 34.697167 -158.967445 1.374186 2.269356
103020232 -1.065086 -0.409014 1.641211 1.998818 34.805861 -158.992234 1.374729 2.273054
103020233 -1.066461 -0.409014 1.636404 1.995608 34.914911 -159.016966 1.375262 2.276755
103020234 -1.067836 -0.409014 1.631597 1.992404 35.024317 -159.041643 1.375787 2.280459
103020235 -1.069212 -0.409014 1.626790 1.989209 35.134080 -159.066264 1.376302 2.284166
103020236 -1.070587 -0.409014 1.621983 1.986020 35.244200 -159.090831 1.376809 2.287876
103020237 -1.071962 -0.409014 1.617176 1.982839 35.354679 -159.115342 1.377306 2.291589
103020238 -1.073338 -0.409014 1.612368 1.979666 35.465518 -159.139798 1.377793 2.295304
103020239 -1.074713 -0.409014 1.607561 1.976500 35.576717 -159.164200 1.378271 2.299022
103020240 -1.076088 -0.409014 1.602754 1.973342 35.688278 -159.188548 1.378739 2.302742
103020241 -1.077464 -0.409014 1.597947 1.970192 35.800200 -159.212841 1.379197 2.306465
103020242 -1.078839 -0.409014 1.593140 1.967049 35.912486 -159.237079 1.379646 2.310190
103020243 -1.080214 -0.409014 1.588333 1.963913 36.025135 -159.261264 1.380084 2.313918
103020244 -1.081590 -0.409014 1.583526 1.960786 36.138149 -159.285395 1.380512 2.317648
103020245 -1.082965 -0.409014 1.578719 1.957666 36.251529 -159.309473 1.380930 2.321380
103020246 -1.084340 -0.409014 1.573911 1.954554 36.365275 -159.333497 1.381337 2.325114
103020247 -1.085716 -0.409014 1.569104 1.951450 36.479388 -159.357467 1.381733 2.328850
103020248 -1.087091 -0.409014 1.564297 1.948354 36.593868 -159.381385 1.382119 2.332588
103020249 -1.088466 -0.409014 1.559490 1.945266 36.708718 -159.405250 1.382494 2.336328
103020250 -1.089841 -0.409014 1.554683 1.942186 36.823937 -159.429061 1.382858 2.340070
103020251 -1.091217 -0.409014 1.549876 1.939113 36.939527 -159.452821 1.383211 2.343814
103020252 -1.092592 -0.409014 1.545069 1.936049 37.055487 -159.476527 1.383552 2.347559
103020253 -1.093967 -0.409014 1.540261 1.932993 37.171820 -159.500182 1.383882 2.351306
103020254 -1.095343 -0.409014 1.535454 1.929945 37.288525 -159.523784 1.384201 2.355055
103020255 -1.096718 -0.409014 1.530647 1.926905 37.405603 -159.547335 1.384508 2.358804
103020256 -1.098093 -0.409014 1.525840 1.923874 37.523056 -159.570833 1.384803 2.362555
103020257 -1.099469 -0.409014 1.521033 1.920850 37.640883 -159.594280 1.385086 2.366308
103020258 -1.100844 -0.409014 1.516226 1.917835 37.759086 -159.617675 1.385357 2.370061
103020259 -1.102219 -0.409014 1.511419 1.914828 37.877666 -159.641020 1.385615 2.373816
103020260 -1.103595 -0.409014 1.506612 1.911830 37.996622 -159.664313 1.385862 2.377571
103020261 -1.104970 -0.409014 1.501804 1.908839 38.115957 -159.687555 1.386096 2.381327
103020262 -1.106345 -0.409014 1.496997 1.905858 38.235670 -159.710746 1.386317 2.385084
103020263 -1.107721 -0.409014 1.492190 1.902884 38.355762 -159.733886 1.386525 2.388842
103020264 -1.109096 -0.409014 1.487383 1.899920 38.476234 -159.756976 1.386720 2.392600
103020265 -1.110471 -0.409014 1.482576 1.896963 38.597086 -159.780016 1.386903 2.396359
103020266 -1.111847 -0.409014 1.477769 1.894016 38.718320 -159.803005 1.387072 2.400119
103020267 -1.113222 -0.409014 1.472962 1.891077 38.839936 -159.825945 1.387228 2.403878
103020268 -1.114597 -0.409014 1.468155 1.888147 38.961934 -159.848834 1.387370 2.407638
103020269 -1.115973 -0.409014 1.463347 1.885225 39.084315 -159.871674 1.387498 2.411398
103020270 -1.117348 -0.409014 1.458540 1.882312 39.207080 -159.894464 1.387613 2.415157
103020271 -1.118723 -0.409014 1.453733 1.879408 39.330230 -159.917205 1.387714 2.418917
103020272 -1.120099 -0.409014 1.448926 1.876513 39.453765 -159.939897 1.387801 2.422677
103020273 -1.121474 -0.409014 1.444119 1.873626 39.577685 -159.962539 1.387873 2.426436
103020274 -1.122849 -0.409014 1.439312 1.870749 39.701991 -159.985133 1.387931 2.430195
103020275 -1.124225 -0.409014 1.434505 1.867880 39.826684 -160.007677 1.387975 2.433953
103020276 -1.125600 -0.409014 1.429698 1.865021 39.951765 -160.030173 1.388003 2.437711
103020277 -1.126975 -0.409014 1.424890 1.862170 40.077233 -160.052621 1.388017 2.441468
103020278 -1.128351 -0.409014 1.420083 1.859329 40.203090 -160.075020 1.388016 2.445224
103020279 -1.129726 -0.409014 1.415276 1.856497 40.329336 -160.097371 1.388000 2.448979
103020280 -1.131101 -0.409014 1.410469 1.853673 40.455971 -160.119674 1.387968 2.452733
103020281 -1.132477 -0.409014 1.405662 1.850859 40.582996 -160.141929 1.387921 2.456486
103020282 -1.133852 -0.409014 1.400855 1.848055 40.710411 -160.164136 1.387859 2.460237
103020283 -1.135227 -0.409014 1.396048 1.845259 40.838218 -160.186295 1.387780 2.463987
103020284 -1.136603 -0.409014 1.391241 1.842473 40.966416 -160.208407 1.387686 2.467736
103020285 -1.137978 -0.409014 1.386433 1.839697 41.095006 -160.230472 1.387576 2.471483
103020286 -1.139353 -0.409014 1.381626 1.836929 41.223988 -160.252490 1.387449 2.475228
103020287 -1.140729 -0.409014 1.376819 1.834171 41.353363 -160.274460 1.387306 2.478971
103020288 -1.142104 -0.409014 1.372012 1.831423 41.483131 -160.296384 1.387146 2.482713
103020289 -1.143479 -0.409014 1.367205 1.828684 41.613292 -160.318261 1.386970 2.486452
103020290 -1.144855 -0.409014 1.362398 1.825955 41.743848 -160.340091 1.386777 2.490189
103020291 -1.146230 -0.409014 1.357591 1.823235 41.874798 -160.361875 1.386567 2.493923
103020292 -1.147605 -0.409014 1.352784 1.820525 42.006142 -160.383612 1.386340 2.497655
103020293 -1.148980 -0.409014 1.347976 1.817825 42.137882 -160.405304 1.386095 2.501384
103020294 -1.150356 -0.409014 1.343169 1.815135 42.270016 -160.426949 1.385833 2.505111
103020295 -1.151731 -0.409014 1.338362 1.812454 42.402547 -160.448548 1.385553 2.508834
103020296 -1.153106 -0.409014 1.333555 1.809783 42.535473 -160.470102 1.385256 2.512555
103020297 -1.154482 -0.409014 1.328748 1.807122 42.668796 -160.491610 1.384940 2.516273
103020298 -1.155857 -0.409014 1.323941 1.804471 42.802515 -160.513072 1.384607 2.519987
103020299 -1.157232 -0.409014 1.319134 1.801830 42.936631 -160.534490 1.384255 2.523697
103020300 -1.158608 -0.409014 1.314326 1.799199 43.071143 -160.555861 1.383884 2.527405
103020301 -1.030301 -0.383908 1.792478 2.102828 31.524870 -159.563723 1.320335 2.161538
103020302 -1.031676 -0.383908 1.787671 2.099407 31.623451 -159.588719 1.321099 2.165093
103020303 -1.033052 -0.383908 1.782864 2.095993 31.722358 -159.613655 1.321857 2.168653
103020304 -1.034427 -0.383908 1.778057 2.092585 31.821592 -159.638533 1.322610 2.172217
103020305 -1.035802 -0.383908 1.773250 2.089183 31.921155 -159.663354 1.323357 2.175785
103020306 -1.037178 -0.383908 1.768443 2.085788 32.021046 -159.688116 1.324099 2.179358
103020307 -1.038553 -0.383908 1.763635 2.082400 32.121268 -159.712821 1.324835 2.182935
103020308 -1.039928 -0.383908 1.758828 2.079017 32.221822 -159.737468 1.325564 2.186517
103020309 -1.041304 -0.383908 1.754021 2.075642 32.322707 -159.762058 1.326288 2.190103
103020310 -1.042679 -0.383908 1.749214 2.072273 32.423925 -159.786591 1.327006 2.193693
103020311 -1.044054 -0.383908 1.744407 2.068910 32.525478 -159.811066 1.327718 2.197287
103020312 -1.045430 -0.383908 1.739600 2.065555 32.627365 -159.835486 1.328424 2.200886
103020313 -1.046805 -0.383908 1.734793 2.062206 32.729589 -159.859848 1.329123 2.204488
103020314 -1.048180 -0.383908 1.729986 2.058863 32.832149 -159.884154 1.329816 2.208095
103020315 -1.049556 -0.383908 1.725178 2.055527 32.935048 -159.908404 1.330502 2.211706
103020316 -1.050931 -0.383908 1.720371 2.052199 33.038285 -159.932598 1.331181 2.215321
103020317 -1.052306 -0.383908 1.715564 2.048876 33.141862 -159.956737 1.331854 2.218939
103020318 -1.053682 -0.383908 1.710757 2.045561 33.245780 -159.980819 1.332520 2.222562
103020319 -1.055057 -0.383908 1.705950 2.042253 33.350039 -160.004846 1.333179 2.226188
103020320 -1.056432 -0.383908 1.701143 2.038951 33.454641 -160.028818 1.333831 2.229818
103020321 -1.057808 -0.383908 1.696336 2.035656 33.559587 -160.052735 1.334476 2.233452
103020322 -1.059183 -0.383908 1.691529 2.032369 33.664877 -160.076597 1.335114 2.237090
103020323 -1.060558 -0.383908 1.686721 2.029088 33.770513 -160.100404 1.335744 2.240731
103020324 -1.061934 -0.383908 1.681914 2.025814 33.876495 -160.124157 1.336366 2.244375
103020325 -1.063309 -0.383908 1.677107 2.022548 33.982824 -160.147855 1.336982 2.248024
103020326 -1.064684 -0.383908 1.672300 2.019288 34.089501 -160.171500 1.337589 2.251675
103020327 -1.066060 -0.383908 1.667493 2.016036 34.196527 -160.195090 1.338188 2.255330
103020328 -1.067435 -0.383908 1.662686 2.012791 34.303904 -160.218626 1.338780 2.258989
103020329 -1.068810 -0.383908 1.657879 2.009553 34.411631 -160.242109 1.339364 2.262650
103020330 -1.070186 -0.383908 1.653071 2.006322 34.519710 -160.265538 1.339939 2.266315
103020331 -1.071561 -0.383908 1.648264 2.003099 34.628142 -160.288914 1.340506 2.269983
103020332 -1.072936 -0.383908 1.643457 1.999882 34.736928 -160.312237 1.341065 2.273654
103020333 -1.074312 -0.383908 1.638650 1.996673 34.846068 -160.335507 1.341615 2.277328
103020334 -1.075687 -0.383908 1.633843 1.993472 34.955563 -160.358724 1.342157 2.281005
103020335 -1.077062 -0.383908 1.629036 1.990278 35.065415 -160.381888 1.342690 2.284685
103020336 -1.078438 -0.383908 1.624229 1.987091 35.175623 -160.405001 1.343214 2.288368
103020337 -1.079813 -0.383908 1.619422 1.983912 35.286190 -160.428060 1.343729 2.292054
103020338 -1.081188 -0.383908 1.614614 1.980741 35.397116 -160.451068 1.344235 2.295742
103020339 -1.082563 -0.383908 1.609807 1.977577 35.508401 -160.474024 1.344732 2.299433
103020340 -1.083939 -0.383908 1.605000 1.974420 35.620047 -160.496928 1.345219 2.303127
103020341 -1.085314 -0.383908 1.600193 1.971271 35.732055 -160.519781 1.345697 2.306823
103020342 -1.086689 -0.383908 1.595386 1.968130 35.844424 -160.542582 1.346166 2.310521
103020343 -1.088065 -0.383908 1.590579 1.964997 35.957157 -160.565331 1.346624 2.314222
103020344 -1.089440 -0.383908 1.585772 1.961871 36.070254 -160.588030 1.347073 2.317925
103020345 -1.090815 -0.383908 1.580965 1.958753 36.183716 -160.610678 1.347512 2.321630
103020346 -1.092191 -0.383908 1.576157 1.955643 36.297543 -160.633275 1.347941 2.325337
103020347 -1.093566 -0.383908 1.571350 1.952540 36.411737 -160.655821 1.348360 2.329047
103020348 -1.094941 -0.383908 1.566543 1.949446 36.526297 -160.678317 1.348768 2.332758
103020349 -1.096317 -0.383908 1.561736 1.946360 36.641226 -160.700763 1.349166 2.336471
103020350 -1.097692 -0.383908 1.556929 1.943281 36.756524 -160.723159 1.349553 2.340186
103020351 -1.099067 -0.383908 1.552122 1.940211 36.872191 -160.745505 1.349930 2.343903
103020352 -1.100443 -0.383908 1.547315 1.937148 36.988229 -160.767800 1.350296 2.347622
103020353 -1.101818 -0.383908 1.542508 1.934094 37.104638 -160.790047 1.350650 2.351342
103020354 -1.103193 -0.383908 1.537700 1.931047 37.221418 -160.812244 1.350994 2.355063
103020355 -1.104569 -0.383908 1.532893 1.928009 37.338572 -160.834391 1.351326 2.358786
103020356 -1.105944 -0.383908 1.528086 1.924979 37.456099 -160.856489 1.351647 2.362510
103020357 -1.107319 -0.383908 1.523279 1.921958 37.574000 -160.878539 1.351957 2.366236
103020358 -1.108695 -0.383908 1.518472 1.918944 37.692276 -160.900539 1.352255 2.369962
103020359 -1.110070 -0.383908 1.513665 1.915939 37.810927 -160.922491 1.352541 2.373690
103020360 -1.111445 -0.383908 1.508858 1.912942 37.929955 -160.944394 1.352815 2.377418
103020361 -1.112821 -0.383908 1.504051 1.909954 38.049360 -160.966249 1.353077 2.381148
103020362 -1.114196 -0.383908 1.499243 1.906974 38.169143 -160.988056 1.353327 2.384878
103020363 -1.115571 -0.383908 1.494436 1.904002 38.289304 -161.009815 1.353564 2.388609
103020364 -1.116947 -0.383908 1.489629 1.901039 38.409844 -161.031525 1.353790 2.392341
103020365 -1.118322 -0.383908 1.484822 1.898085 38.530764 -161.053188 1.354002 2.396073
103020366 -1.119697 -0.383908 1.480015 1.895139 38.652065 -161.074804 1.354202 2.399805
103020367 -1.121073 -0.383908 1.475208 1.892202 38.773746 -161.096371 1.354388 2.403538
103020368 -1.122448 -0.383908 1.470401 1.889273 38.895810 -161.117892 1.354562 2.407271
103020369 -1.123823 -0.383908 1.465594 1.886353 39.018256 -161.139365 1.354723 2.411004
103020370 -1.125199 -0.383908 1.460786 1.883442 39.141084 -161.160792 1.354870 2.414737
103020371 -1.126574 -0.383908 1.455979 1.880540 39.264297 -161.182171 1.355004 2.418470
103020372 -1.127949 -0.383908 1.451172 1.877646 39.387894 -161.203504 1.355124 2.422202
103020373 -1.129325 -0.383908 1.446365 1.874762 39.511875 -161.224790 1.355231 2.425935
103020374 -1.130700 -0.383908 1.441558 1.871886 39.636242 -161.246030 1.355323 2.429667
103020375 -1.132075 -0.383908 1.436751 1.869019 39.760995 -161.267224 1.355402 2.433398
103020376 -1.133451 -0.383908 1.431944 1.866161 39.886134 -161.288371 1.355466 2.437129
103020377 -1.134826 -0.383908 1.427136 1.863313 40.011661 -161.309472 1.355516 2.440859
103020378 -1.136201 -0.383908 1.422329 1.860473 40.137575 -161.330528 1.355551 2.444589
103020379 -1.137577 -0.383908 1.417522 1.857642 40.263877 -161.351538 1.355572 2.448317
103020380 -1.138952 -0.383908 1.412715 1.854821 40.390568 -161.372502 1.355578 2.452044
103020381 -1.140327 -0.383908 1.407908 1.852009 40.517648 -161.393421 1.355569 2.455770
103020382 -1.141703 -0.383908 1.403101 1.849206 40.645118 -161.414295 1.355545 2.459495
103020383 -1.143078 -0.383908 1.398294 1.846412 40.772978 -161.435123 1.355506 2.463218
103020384 -1.144453 -0.383908 1.393487 1.843628 40.901229 -161.455906 1.355451 2.466940
103020385 -1.145828 -0.383908 1.388679 1.840853 41.029870 -161.476645 1.355381 2.470660
103020386 -1.147204 -0.383908 1.383872 1.838087 41.158903 -161.497339 1.355295 2.474379
103020387 -1.148579 -0.383908 1.379065 1.835331 41.288328 -161.517988 1.355194 2.478095
103020388 -1.149954 -0.383908 1.374258 1.832585 41.418145 -161.538593 1.355076 2.481810
103020389 -1.151330 -0.383908 1.369451 1.829847 41.548355 -161.559154 1.354942 2.485522
103020390 -1.152705 -0.383908 1.364644 1.827120 41.678958 -161.579670 1.354792 2.489232
103020391 -1.154080 -0.383908 1.359837 1.824402 41.809955 -161.600143 1.354626 2.492940
103020392 -1.155456 -0.383908 1.355030 1.821694 41.941345 -161.620571 1.354442 2.496645
103020393 -1.156831 -0.383908 1.350222 1.818995 42.073130 -161.640956 1.354243 2.500348
103020394 -1.158206 -0.383908 1.345415 1.816307 42.205309 -161.661297 1.354026 2.504048
103020395 -1.159582 -0.383908 1.340608 1.813628 42.337882 -161.681595 1.353792 2.507745
103020396 -1.160957 -0.383908 1.335801 1.810959 42.470851 -161.701849 1.353541 2.511439
103020397 -1.162332 -0.383908 1.330994 1.808299 42.604215 -161.722061 1.353272 2.515130
103020398 -1.163708 -0.383908 1.326187 1.805650 42.737975 -161.742229 1.352986 2.518817
103020399 -1.165083 -0.383908 1.321380 1.803011 42.872131 -161.762354 1.352683 2.522501
103020400 -1.166458 -0.383908 1.316573 1.800382 43.006683 -161.782436 1.352361 2.526182
103020401 -1.038152 -0.358803 1.794724 2.104171 31.467468 -160.933983 1.285245 2.161406
103020402 -1.039527 -0.358803 1.789917 2.100752 31.566150 -160.957390 1.286016 2.164933
103020403 -1.040902 -0.358803 1.785110 2.097340 31.665158 -160.980741 1.286782 2.168465
103020404 -1.042278 -0.358803 1.780303 2.093934 31.764492 -161.004038 1.287543 2.172000
103020405 -1.043653 -0.358803 1.775496 2.090535 31.864154 -161.027279 1.288299 2.175541
103020406 -1.045028 -0.358803 1.770689 2.087142 31.964145 -161.050466 1.289049 2.179086
103020407 -1.046404 -0.358803 1.765882 2.083756 32.064465 -161.073599 1.289794 2.182635
103020408 -1.047779 -0.358803 1.761074 2.080376 32.165115 -161.096677 1.290533 2.186189
103020409 -1.049154 -0.358803 1.756267 2.077002 32.266097 -161.119700 1.291267 2.189746
103020410 -1.050530 -0.358803 1.751460 2.073636 32.367412 -161.142670 1.291994 2.193309
103020411 -1.051905 -0.358803 1.746653 2.070275 32.469060 -161.165586 1.292716 2.196875
103020412 -1.053280 -0.358803 1.741846 2.066922 32.571042 -161.188449 1.293432 2.200445
103020413 -1.054656 -0.358803 1.737039 2.063575 32.673359 -161.211258 1.294142 2.204020
103020414 -1.056031 -0.358803 1.732232 2.060235 32.776013 -161.234014 1.294846 2.207599
103020415 -1.057406 -0.358803 1.727424 2.056901 32.879003 -161.256716 1.295544 2.211181
103020416 -1.058782 -0.358803 1.722617 2.053575 32.982332 -161.279366 1.296235 2.214768
103020417 -1.060157 -0.358803 1.717810 2.050255 33.086000 -161.301963 1.296920 2.218359
103020418 -1.061532 -0.358803 1.713003 2.046942 33.190008 -161.324508 1.297598 2.221953
103020419 -1.062908 -0.358803 1.708196 2.043635 33.294357 -161.347000 1.298270 2.225551
103020420 -1.064283 -0.358803 1.703389 2.040336 33.399048 -161.369440 1.298935 2.229154
103020421 -1.065658 -0.358803 1.698582 2.037044 33.504081 -161.391828 1.299593 2.232759
103020422 -1.067034 -0.358803 1.693775 2.033758 33.609459 -161.414164 1.300244 2.236369
103020423 -1.068409 -0.358803 1.688967 2.030480 33.715181 -161.436449 1.300888 2.239982
103020424 -1.069784 -0.358803 1.684160 2.027208 33.821248 -161.458682 1.301525 2.243599
103020425 -1.071160 -0.358803 1.679353 2.023944 33.927662 -161.480863 1.302155 2.247219
103020426 -1.072535 -0.358803 1.674546 2.020687 34.034424 -161.502994 1.302777 2.250842
103020427 -1.073910 -0.358803 1.669739 2.017437 34.141534 -161.525073 1.303392 2.254469
103020428 -1.075286 -0.358803 1.664932 2.014194 34.248993 -161.547102 1.303999 2.258100
103020429 -1.076661 -0.358803 1.660125 2.010958 34.356802 -161.569080 1.304599 2.261733
103020430 -1.078036 -0.358803 1.655318 2.007729 34.464962 -161.591007 1.305191 2.265370
103020431 -1.079411 -0.358803 1.650510 2.004508 34.573474 -161.612885 1.305774 2.269010
103020432 -1.080787 -0.358803 1.645703 2.001294 34.682339 -161.634712 1.306350 2.272653
103020433 -1.082162 -0.358803 1.640896 1.998088 34.791558 -161.656489 1.306918 2.276299
103020434 -1.083537 -0.358803 1.636089 1.994889 34.901131 -161.678216 1.307477 2.279948
103020435 -1.084913 -0.358803 1.631282 1.991697 35.011060 -161.699894 1.308029 2.283600
103020436 -1.086288 -0.358803 1.626475 1.988512 35.121345 -161.721522 1.308571 2.287255
103020437 -1.087663 -0.358803 1.621668 1.985336 35.231987 -161.743101 1.309105 2.290912
103020438 -1.089039 -0.358803 1.616861 1.982166 35.342987 -161.764631 1.309631 2.294572
103020439 -1.090414 -0.358803 1.612053 1.979004 35.454347 -161.786111 1.310147 2.298235
103020440 -1.091789 -0.358803 1.607246 1.975850 35.566066 -161.807543 1.310655 2.301900
103020441 -1.093165 -0.358803 1.602439 1.972704 35.678145 -161.828926 1.311153 2.305568
103020442 -1.094540 -0.358803 1.597632 1.969565 35.790586 -161.850261 1.311642 2.309238
103020443 -1.095915 -0.358803 1.592825 1.966434 35.903390 -161.871547 1.312122 2.312911
103020444 -1.097291 -0.358803 1.588018 1.963310 36.016556 -161.892785 1.312593 2.316586
103020445 -1.098666 -0.358803 1.583211 1.960195 36.130087 -161.913975 1.313054 2.320263
103020446 -1.100041 -0.358803 1.578404 1.957087 36.243982 -161.935118 1.313505 2.323942
103020447 -1.101417 -0.358803 1.573596 1.953987 36.358243 -161.956212 1.313947 2.327623
103020448 -1.102792 -0.358803 1.568789 1.950895 36.472870 -161.977259 1.314378 2.331307
103020449 -1.104167 -0.358803 1.563982 1.947810 36.587864 -161.998258 1.314800 2.334992
103020450 -1.105543 -0.358803 1.559175 1.944734 36.703226 -162.019210 1.315211 2.338679
103020451 -1.106918 -0.358803 1.554368 1.941666 36.818957 -162.040116 1.315612 2.342367
103020452 -1.108293 -0.358803 1.549561 1.938606 36.935058 -162.060974 1.316003 2.346057
103020453 -1.109669 -0.358803 1.544754 1.935554 37.051529 -162.081785 1.316383 2.349749
103020454 -1.111044 -0.358803 1.539946 1.932510 37.168370 -162.102550 1.316753 2.353443
103020455 -1.112419 -0.358803 1.535139 1.929474 37.285584 -162.123268 1.317111 2.357137
103020456 -1.113795 -0.358803 1.530332 1.926446 37.403170 -162.143940 1.317459 2.360833
103020457 -1.115170 -0.358803 1.525525 1.923427 37.521130 -162.164565 1.317796 2.364531
103020458 -1.116545 -0.358803 1.520718 1.920416 37.639463 -162.185145 1.318121 2.368229
103020459 -1.117921 -0.358803 1.515911 1.917413 37.758171 -162.205678 1.318435 2.371928
103020460 -1.119296 -0.358803 1.511104 1.914418 37.877255 -162.226166 1.318738 2.375629
103020461 -1.120671 -0.358803 1.506297 1.911432 37.996714 -162.246609 1.319029 2.379330
103020462 -1.122047 -0.358803 1.501489 1.908455 38.116551 -162.267006 1.319308 2.383032
103020463 -1.123422 -0.358803 1.496682 1.905485 38.236765 -162.287357 1.319575 2.386735
103020464 -1.124797 -0.358803 1.491875 1.902525 38.357357 -162.307663 1.319831 2.390438
103020465 -1.126173 -0.358803 1.487068 1.899572 38.478329 -162.327925 1.320074 2.394142
103020466 -1.127548 -0.358803 1.482261 1.896629 38.599679 -162.348141 1.320305 2.397846
103020467 -1.128923 -0.358803 1.477454 1.893694 38.721410 -162.368313 1.320524 2.401551
103020468 -1.130299 -0.358803 1.472647 1.890768 38.843522 -162.388440 1.320730 2.405255
103020469 -1.131674 -0.358803 1.467840 1.887850 38.966015 -162.408523 1.320923 2.408960
103020470 -1.133049 -0.358803 1.463032 1.884941 39.088890 -162.428561 1.321103 2.412665
103020471 -1.134425 -0.358803 1.458225 1.882041 39.212148 -162.448555 1.321271 2.416369
103020472 -1.135800 -0.358803 1.453418 1.879150 39.335789 -162.468506 1.321425 2.420074
103020473 -1.137175 -0.358803 1.448611 1.876268 39.459814 -162.488412 1.321566 2.423778
103020474 -1.138551 -0.358803 1.443804 1.873394 39.584224 -162.508275 1.321694 2.427482
103020475 -1.139926 -0.358803 1.438997 1.870530 39.709018 -162.528093 1.321808 2.431185
103020476 -1.141301 -0.358803 1.434190 1.867674 39.834198 -162.547869 1.321909 2.434888
103020477 -1.142676 -0.358803 1.429383 1.864828 39.959764 -162.567601 1.321995 2.438590
103020478 -1.144052 -0.358803 1.424575 1.861991 40.085717 -162.587290 1.322068 2.442291
103020479 -1.145427 -0.358803 1.419768 1.859162 40.212057 -162.606936 1.322127 2.445991
103020480 -1.146802 -0.358803 1.414961 1.856343 40.338785 -162.626539 1.322171 2.449690
103020481 -1.148178 -0.358803 1.410154 1.853533 40.465901 -162.646099 1.322201 2.453388
103020482 -1.149553 -0.358803 1.405347 1.850733 40.593405 -162.665617 1.322216 2.457084
103020483 -1.150928 -0.358803 1.400540 1.847941 40.721299 -162.685092 1.322217 2.460779
103020484 -1.152304 -0.358803 1.395733 1.845159 40.849582 -162.704525 1.322203 2.464473
103020485 -1.153679 -0.358803 1.390926 1.842387 40.978255 -162.723915 1.322174 2.468165
103020486 -1.155054 -0.358803 1.386118 1.839623 41.107318 -162.743264 1.322129 2.471855
103020487 -1.156430 -0.358803 1.381311 1.836870 41.236773 -162.762570 1.322070 2.475543
103020488 -1.157805 -0.358803 1.376504 1.834125 41.366619 -162.781835 1.321995 2.479229
103020489 -1.159180 -0.358803 1.371697 1.831391 41.496856 -162.801057 1.321904 2.482914
103020490 -1.160556 -0.358803 1.366890 1.828665 41.627486 -162.820239 1.321798 2.486595
103020491 -1.161931 -0.358803 1.362083 1.825950 41.758508 -162.839378 1.321676 2.490275
103020492 -1.163306 -0.358803 1.357276 1.823244 41.889922 -162.858477 1.321537 2.493952
103020493 -1.164682 -0.358803 1.352469 1.820548 42.021730 -162.877534 1.321383 2.497626
103020494 -1.166057 -0.358803 1.347661 1.817861 42.153932 -162.896550 1.321212 2.501298
103020495 -1.167432 -0.358803 1.342854 1.815185 42.286526 -162.915526 1.321025 2.504967
103020496 -1.168808 -0.358803 1.338047 1.812518 42.419516 -162.934460 1.320821 2.508633
103020497 -1.170183 -0.358803 1.333240 1.809861 42.552899 -162.953354 1.320600 2.512295
103020498 -1.171558 -0.358803 1.328433 1.807214 42.686677 -162.972207 1.320363 2.515954
103020499 -1.172934 -0.358803 1.323626 1.804577 42.820849 -162.991020 1.320108 2.519610
103020500 -1.174309 -0.358803 1.318819 1.801950 42.955417 -163.009793 1.319836 2.523263
103020501 -1.046002 -0.333697 1.796970 2.105844 31.424751 -162.306191 1.249167 2.159700
103020502 -1.047378 -0.333697 1.792163 2.102428 31.523526 -162.327978 1.249947 2.163198
103020503 -1.048753 -0.333697 1.787356 2.099018 31.622626 -162.349714 1.250722 2.166701
103020504 -1.050128 -0.333697 1.782549 2.095615 31.722052 -162.371398 1.251492 2.170208
103020505 -1.051504 -0.333697 1.777742 2.092219 31.821805 -162.393030 1.252257 2.173719
103020506 -1.052879 -0.333697 1.772935 2.088829 31.921885 -162.414611 1.253017 2.177235
103020507 -1.054254 -0.333697 1.768128 2.085445 32.022294 -162.436141 1.253771 2.180756
103020508 -1.055630 -0.333697 1.763320 2.082068 32.123033 -162.457619 1.254521 2.184280
103020509 -1.057005 -0.333697 1.758513 2.078697 32.224103 -162.479047 1.255265 2.187809
103020510 -1.058380 -0.333697 1.753706 2.075333 32.325504 -162.500424 1.256003 2.191343
103020511 -1.059756 -0.333697 1.748899 2.071976 32.427237 -162.521751 1.256736 2.194880
103020512 -1.061131 -0.333697 1.744092 2.068625 32.529304 -162.543028 1.257463 2.198422
103020513 -1.062506 -0.333697 1.739285 2.065281 32.631706 -162.564254 1.258185 2.201967
103020514 -1.063882 -0.333697 1.734478 2.061943 32.734443 -162.585431 1.258901 2.205517
103020515 -1.065257 -0.333697 1.729671 2.058613 32.837516 -162.606557 1.259611 2.209071
103020516 -1.066632 -0.333697 1.724863 2.055289 32.940927 -162.627634 1.260315 2.212629
103020517 -1.068008 -0.333697 1.720056 2.051972 33.044675 -162.648662 1.261012 2.216190
103020518 -1.069383 -0.333697 1.715249 2.048661 33.148763 -162.669640 1.261704 2.219756
103020519 -1.070758 -0.333697 1.710442 2.045358 33.253191 -162.690569 1.262389 2.223325
103020520 -1.072134 -0.333697 1.705635 2.042061 33.357960 -162.711449 1.263068 2.226898
103020521 -1.073509 -0.333697 1.700828 2.038772 33.463071 -162.732281 1.263740 2.230475
103020522 -1.074884 -0.333697 1.696021 2.035489 33.568525 -162.753064 1.264405 2.234056
103020523 -1.076259 -0.333697 1.691214 2.032213 33.674323 -162.773798 1.265064 2.237640
103020524 -1.077635 -0.333697 1.686406 2.028945 33.780465 -162.794484 1.265716 2.241227
103020525 -1.079010 -0.333697 1.681599 2.025683 33.886953 -162.815122 1.266362 2.244819
103020526 -1.080385 -0.333697 1.676792 2.022429 33.993788 -162.835712 1.267000 2.248413
103020527 -1.081761 -0.333697 1.671985 2.019182 34.100970 -162.856254 1.267631 2.252011
103020528 -1.083136 -0.333697 1.667178 2.015941 34.208500 -162.876749 1.268254 2.255612
103020529 -1.084511 -0.333697 1.662371 2.012709 34.316379 -162.897196 1.268871 2.259217
103020530 -1.085887 -0.333697 1.657564 2.009483 34.424609 -162.917595 1.269480 2.262824
103020531 -1.087262 -0.333697 1.652757 2.006264 34.533190 -162.937948 1.270081 2.266435
103020532 -1.088637 -0.333697 1.647949 2.003053 34.642122 -162.958254 1.270675 2.270049
103020533 -1.090013 -0.333697 1.643142 1.999850 34.751407 -162.978512 1.271261 2.273666
103020534 -1.091388 -0.333697 1.638335 1.996653 34.861046 -162.998724 1.271839 2.277286
103020535 -1.092763 -0.333697 1.633528 1.993464 34.971040 -163.018890 1.272409 2.280909
103020536 -1.094139 -0.333697 1.628721 1.990283 35.081389 -163.039009 1.272971 2.284534
103020537 -1.095514 -0.333697 1.623914 1.987109 35.192094 -163.059082 1.273524 2.288163
103020538 -1.096889 -0.333697 1.619107 1.983942 35.303156 -163.079109 1.274070 2.291794
103020539 -1.098265 -0.333697 1.614299 1.980783 35.414577 -163.099090 1.274607 2.295427
103020540 -1.099640 -0.333697 1.609492 1.977632 35.526356 -163.119025 1.275135 2.299063
103020541 -1.101015 -0.333697 1.604685 1.974488 35.638494 -163.138914 1.275655 2.302702
103020542 -1.102391 -0.333697 1.599878 1.971352 35.750994 -163.158758 1.276165 2.306343
103020543 -1.103766 -0.333697 1.595071 1.968224 35.863854 -163.178557 1.276667 2.309986
103020544 -1.105141 -0.333697 1.590264 1.965103 35.977077 -163.198311 1.277160 2.313632
103020545 -1.106517 -0.333697 1.585457 1.961990 36.090662 -163.218020 1.277644 2.317280
103020546 -1.107892 -0.333697 1.580650 1.958885 36.204612 -163.237683 1.278119 2.320930
103020547 -1.109267 -0.333697 1.575842 1.955788 36.318926 -163.257302 1.278584 2.324582
103020548 -1.110643 -0.333697 1.571035 1.952699 36.433605 -163.276877 1.279039 2.328235
103020549 -1.112018 -0.333697 1.566228 1.949618 36.548650 -163.296407 1.279485 2.331891
103020550 -1.113393 -0.333697 1.561421 1.946544 36.664063 -163.315893 1.279922 2.335549
103020551 -1.114769 -0.333697 1.556614 1.943479 36.779843 -163.335334 1.280348 2.339208
103020552 -1.116144 -0.333697 1.551807 1.940422 36.895992 -163.354732 1.280764 2.342869
103020553 -1.117519 -0.333697 1.547000 1.937372 37.012509 -163.374086 1.281170 2.346531
103020554 -1.118895 -0.333697 1.542193 1.934331 37.129397 -163.393396 1.281566 2.350195
103020555 -1.120270 -0.333697 1.537385 1.931298 37.246656 -163.412663 1.281952 2.353861
103020556 -1.121645 -0.333697 1.532578 1.928273 37.364286 -163.431886 1.282327 2.357527
103020557 -1.123021 -0.333697 1.527771 1.925257 37.482288 -163.451066 1.282691 2.361195
103020558 -1.124396 -0.333697 1.522964 1.922249 37.600664 -163.470203 1.283045 2.364864
103020559 -1.125771 -0.333697 1.518157 1.919249 37.719413 -163.489297 1.283388 2.368534
103020560 -1.127147 -0.333697 1.513350 1.916257 37.838536 -163.508348 1.283720 2.372205
103020561 -1.128522 -0.333697 1.508543 1.913274 37.958034 -163.527356 1.284040 2.375877
103020562 -1.129897 -0.333697 1.503736 1.910299 38.077908 -163.546322 1.284350 2.379549
103020563 -1.131273 -0.333697 1.498928 1.907333 38.198159 -163.565246 1.284648 2.383222
103020564 -1.132648 -0.333697 1.494121 1.904375 38.318787 -163.584127 1.284934 2.386896
103020565 -1.134023 -0.333697 1.489314 1.901426 38.439792 -163.602966 1.285209 2.390571
103020566 -1.135399 -0.333697 1.484507 1.898485 38.561176 -163.621763 1.285472 2.394245
103020567 -1.136774 -0.333697 1.479700 1.895553 38.682939 -163.640518 1.285723 2.397920
103020568 -1.138149 -0.333697 1.474893 1.892629 38.805082 -163.659231 1.285961 2.401595
103020569 -1.139524 -0.333697 1.470086 1.889715 38.927605 -163.677903 1.286188 2.405271
103020570 -1.140900 -0.333697 1.465279 1.886809 39.050509 -163.696533 1.286403 2.408946
103020571 -1.142275 -0.333697 1.460471 1.883912 39.173794 -163.715122 1.286604 2.412621
103020572 -1.143650 -0.333697 1.455664 1.881023 39.297462 -163.733670 1.286794 2.416296
103020573 -1.145026 -0.333697 1.450857 1.878144 39.421512 -163.752177 1.286970 2.419970
103020574 -1.146401 -0.333697 1.446050 1.875273 39.545946 -163.770642 1.287134 2.423645
103020575 -1.147776 -0.333697 1.441243 1.872412 39.670764 -163.789067 1.287284 2.427318
103020576 -1.149152 -0.333697 1.436436 1.869559 39.795965 -163.807452 1.287422 2.430991
103020577 -1.150527 -0.333697 1.431629 1.866716 39.921552 -163.825795 1.287546 2.434664
103020578 -1.151902 -0.333697 1.426821 1.863881 40.047525 -163.844099 1.287656 2.438335
103020579 -1.153278 -0.333697 1.422014 1.861056 40.173883 -163.862362 1.287753 2.442006
103020580 -1.154653 -0.333697 1.417207 1.858239 40.300628 -163.880585 1.287837 2.445675
103020581 -1.156028 -0.333697 1.412400 1.855432 40.427760 -163.898768 1.287906 2.449343
103020582 -1.157404 -0.333697 1.407593 1.852635 40.555279 -163.916911 1.287961 2.453010
103020583 -1.158779 -0.333697 1.402786 1.849846 40.683186 -163.935014 1.288003 2.456676
103020584 -1.160154 -0.333697 1.397979 1.847067 40.811482 -163.953077 1.288030 2.460339
103020585 -1.161530 -0.333697 1.393172 1.844297 40.940166 -163.971101 1.288042 2.464002
103020586 -1.162905 -0.333697 1.388364 1.841537 41.069240 -163.989086 1.288040 2.467662
103020587 -1.164280 -0.333697 1.383557 1.838786 41.198703 -164.007032 1.288023 2.471321
103020588 -1.165656 -0.333697 1.378750 1.836044 41.328557 -164.024938 1.287991 2.474978
103020589 -1.167031 -0.333697 1.373943 1.833313 41.458800 -164.042805 1.287945 2.478632
103020590 -1.168406 -0.333697 1.369136 1.830590 41.589435 -164.060634 1.287883 2.482284
103020591 -1.169782 -0.333697 1.364329 1.827878 41.720461 -164.078423 1.287805 2.485934
103020592 -1.171157 -0.333697 1.359522 1.825174 41.851878 -164.096174 1.287713 2.489582
103020593 -1.172532 -0.333697 1.354715 1.822481 41.983687 -164.113887 1.287604 2.493226
103020594 -1.173908 -0.333697 1.349907 1.819798 42.115889 -164.131561 1.287480 2.496868
103020595 -1.175283 -0.333697 1.345100 1.817124 42.248483 -164.149197 1.287340 2.500508
103020596 -1.176658 -0.333697 1.340293 1.814460 42.381469 -164.166794 1.287184 2.504144
103020597 -1.178034 -0.333697 1.335486 1.811806 42.514849 -164.184354 1.287012 2.507777
103020598 -1.179409 -0.333697 1.330679 1.809162 42.648622 -164.201876 1.286824 2.511406
103020599 -1.180784 -0.333697 1.325872 1.806527 42.782788 -164.219359 1.286619 2.515033
103020600 -1.182160 -0.333697 1.321065 1.803903 42.917349 -164.236806 1.286397 2.518655
103020601 -1.053853 -0.308592 1.799216 2.107846 31.396724 -163.678777 1.212197 2.156421
103020602 -1.055228 -0.308592 1.794409 2.104433 31.495583 -163.698919 1.212986 2.159890
103020603 -1.056604 -0.308592 1.789602 2.101027 31.594766 -163.719012 1.213771 2.163363
103020604 -1.057979 -0.308592 1.784795 2.097628 31.694274 -163.739058 1.214551 2.166841
103020605 -1.059354 -0.308592 1.779988 2.094234 31.794108 -163.759056 1.215326 2.170323
103020606 -1.060730 -0.308592 1.775181 2.090847 31.894269 -163.779005 1.216096 2.173809
103020607 -1.062105 -0.308592 1.770374 2.087467 31.994758 -163.798908 1.216862 2.177300
103020608 -1.063480 -0.308592 1.765567 2.084093 32.095575 -163.818762 1.217622 2.180796
103020609 -1.064856 -0.308592 1.760759 2.080726 32.196722 -163.838570 1.218378 2.184295
103020610 -1.066231 -0.308592 1.755952 2.077365 32.298200 -163.858330 1.219128 2.187799
103020611 -1.067606 -0.308592 1.751145 2.074011 32.400010 -163.878043 1.219873 2.191307
103020612 -1.068982 -0.308592 1.746338 2.070663 32.502152 -163.897710 1.220612 2.194819
103020613 -1.070357 -0.308592 1.741531 2.067323 32.604627 -163.917329 1.221346 2.198335
103020614 -1.071732 -0.308592 1.736724 2.063988 32.707437 -163.936903 1.222075 2.201855
103020615 -1.073107 -0.308592 1.731917 2.060661 32.810583 -163.956430 1.222798 2.205379
103020616 -1.074483 -0.308592 1.727109 2.057340 32.914065 -163.975910 1.223515 2.208907
103020617 -1.075858 -0.308592 1.722302 2.054027 33.017884 -163.995345 1.224227 2.212439
103020618 -1.077233 -0.308592 1.717495 2.050720 33.122041 -164.014734 1.224932 2.215975
103020619 -1.078609 -0.308592 1.712688 2.047419 33.226537 -164.034077 1.225632 2.219514
103020620 -1.079984 -0.308592 1.707881 2.044126 33.331374 -164.053375 1.226325 2.223058
103020621 -1.081359 -0.308592 1.703074 2.040840 33.436551 -164.072627 1.227012 2.226605
103020622 -1.082735 -0.308592 1.698267 2.037561 33.542070 -164.091834 1.227693 2.230155
103020623 -1.084110 -0.308592 1.693460 2.034288 33.647932 -164.110996 1.228368 2.233710
103020624 -1.085485 -0.308592 1.688652 2.031023 33.754138 -164.130113 1.229036 2.237268
103020625 -1.086861 -0.308592 1.683845 2.027765 33.860689 -164.149186 1.229697 2.240829
103020626 -1.088236 -0.308592 1.679038 2.024514 33.967584 -164.168213 1.230352 2.244393
103020627 -1.089611 -0.308592 1.674231 2.021270 34.074827 -164.187196 1.230999 2.247961
103020628 -1.090987 -0.308592 1.669424 2.018033 34.182416 -164.206135 1.231640 2.251533
103020629 -1.092362 -0.308592 1.664617 2.014803 34.290354 -164.225030 1.232274 2.255107
103020630 -1.093737 -0.308592 1.659810 2.011581 34.398641 -164.243881 1.232901 2.258685
103020631 -1.095113 -0.308592 1.655003 2.008366 34.507278 -164.262688 1.233521 2.262266
103020632 -1.096488 -0.308592 1.650195 2.005158 34.616266 -164.281451 1.234133 2.265850
103020633 -1.097863 -0.308592 1.645388 2.001958 34.725605 -164.300170 1.234738 2.269437
103020634 -1.099239 -0.308592 1.640581 1.998765 34.835297 -164.318846 1.235335 2.273026
103020635 -1.100614 -0.308592 1.635774 1.995579 34.945343 -164.337479 1.235925 2.276619
103020636 -1.101989 -0.308592 1.630967 1.992401 35.055743 -164.356069 1.236507 2.280215
103020637 -1.103365 -0.308592 1.626160 1.989231 35.166498 -164.374616 1.237081 2.283813
103020638 -1.104740 -0.308592 1.621353 1.986067 35.277609 -164.393120 1.237647 2.287414
103020639 -1.106115 -0.308592 1.616546 1.982912 35.389077 -164.411581 1.238205 2.291017
103020640 -1.107491 -0.308592 1.611738 1.979764 35.500903 -164.430000 1.238755 2.294623
103020641 -1.108866 -0.308592 1.606931 1.976624 35.613087 -164.448376 1.239297 2.298231
103020642 -1.110241 -0.308592 1.602124 1.973491 35.725631 -164.466710 1.239830 2.301842
103020643 -1.111617 -0.308592 1.597317 1.970366 35.838535 -164.485002 1.240355 2.305455
103020644 -1.112992 -0.308592 1.592510 1.967249 35.951800 -164.503252 1.240871 2.309071
103020645 -1.114367 -0.308592 1.587703 1.964139 36.065426 -164.521460 1.241378 2.312688
103020646 -1.115743 -0.308592 1.582896 1.961038 36.179416 -164.539627 1.241876 2.316308
103020647 -1.117118 -0.308592 1.578089 1.957944 36.293768 -164.557752 1.242366 2.319929
103020648 -1.118493 -0.308592 1.573281 1.954858 36.408485 -164.575835 1.242846 2.323553
103020649 -1.119869 -0.308592 1.568474 1.951780 36.523567 -164.593877 1.243317 2.327178
103020650 -1.121244 -0.308592 1.563667 1.948710 36.639015 -164.611878 1.243779 2.330806
103020651 -1.122619 -0.308592 1.558860 1.945648 36.754830 -164.629838 1.244231 2.334434
103020652 -1.123995 -0.308592 1.554053 1.942594 36.871011 -164.647758 1.244674 2.338065
103020653 -1.125370 -0.308592 1.549246 1.939549 36.987561 -164.665636 1.245106 2.341697
103020654 -1.126745 -0.308592 1.544439 1.936511 37.104479 -164.683474 1.245530 2.345330
103020655 -1.128121 -0.308592 1.539632 1.933481 37.221768 -164.701271 1.245943 2.348965
103020656 -1.129496 -0.308592 1.534824 1.930460 37.339426 -164.719028 1.246346 2.352601
103020657 -1.130871 -0.308592 1.530017 1.927447 37.457455 -164.736745 1.246739 2.356239
103020658 -1.132247 -0.308592 1.525210 1.924442 37.575856 -164.754422 1.247121 2.359877
103020659 -1.133622 -0.308592 1.520403 1.921445 37.694630 -164.772059 1.247494 2.363517
103020660 -1.134997 -0.308592 1.515596 1.918457 37.813777 -164.789656 1.247855 2.367157
103020661 -1.136372 -0.308592 1.510789 1.915477 37.933297 -164.807213 1.248206 2.370798
103020662 -1.137748 -0.308592 1.505982 1.912506 38.053192 -164.824731 1.248546 2.374440
103020663 -1.139123 -0.308592 1.501174 1.909543 38.173463 -164.842210 1.248875 2.378083
103020664 -1.140498 -0.308592 1.496367 1.906589 38.294109 -164.859649 1.249193 2.381726
103020665 -1.141874 -0.308592 1.491560 1.903643 38.415132 -164.877049 1.249500 2.385370
103020666 -1.143249 -0.308592 1.486753 1.900706 38.536531 -164.894410 1.249795 2.389014
103020667 -1.144624 -0.308592 1.481946 1.897777 38.658309 -164.911732 1.250080 2.392658
103020668 -1.146000 -0.308592 1.477139 1.894857 38.780465 -164.929015 1.250352 2.396302
103020669 -1.147375 -0.308592 1.472332 1.891946 38.903000 -164.946260 1.250613 2.399947
103020670 -1.148750 -0.308592 1.467525 1.889043 39.025915 -164.963466 1.250861 2.403591
103020671 -1.150126 -0.308592 1.462717 1.886150 39.149210 -164.980634 1.251098 2.407236
103020672 -1.151501 -0.308592 1.457910 1.883265 39.272886 -164.997764 1.251323 2.410880
103020673 -1.152876 -0.308592 1.453103 1.880389 39.396943 -165.014855 1.251535 2.414524
103020674 -1.154252 -0.308592 1.448296 1.877522 39.521382 -165.031909 1.251736 2.418167
103020675 -1.155627 -0.308592 1.443489 1.874663 39.646204 -165.048924 1.251923 2.421810
103020676 -1.157002 -0.308592 1.438682 1.871814 39.771409 -165.065902 1.252098 2.425452
103020677 -1.158378 -0.308592 1.433875 1.868974 39.896997 -165.082842 1.252260 2.429094
103020678 -1.159753 -0.308592 1.429068 1.866143 40.022970 -165.099745 1.252409 2.432734
103020679 -1.161128 -0.308592 1.424260 1.863321 40.149327 -165.116610 1.252545 2.436374
103020680 -1.162504 -0.308592 1.419453 1.860508 40.276069 -165.133438 1.252668 2.440013
103020681 -1.163879 -0.308592 1.414646 1.857705 40.403197 -165.150229 1.252778 2.443650
103020682 -1.165254 -0.308592 1.409839 1.854910 40.530711 -165.166983 1.252874 2.447286
103020683 -1.166630 -0.308592 1.405032 1.852125 40.658612 -165.183700 1.252956 2.450921
103020684 -1.168005 -0.308592 1.400225 1.849350 40.786899 -165.200380 1.253025 2.454554
103020685 -1.169380 -0.308592 1.395418 1.846583 40.915574 -165.217023 1.253079 2.458185
103020686 -1.170756 -0.308592 1.390611 1.843826 41.044637 -165.233630 1.253120 2.461815
103020687 -1.172131 -0.308592 1.385803 1.841079 41.174088 -165.250200 1.253147 2.465443
103020688 -1.173506 -0.308592 1.380996 1.838341 41.303928 -165.266734 1.253159 2.469068
103020689 -1.174882 -0.308592 1.376189 1.835612 41.434157 -165.283232 1.253156 2.472692
103020690 -1.176257 -0.308592 1.371382 1.832893 41.564775 -165.299694 1.253140 2.476313
103020691 -1.177632 -0.308592 1.366575 1.830184 41.695783 -165.316120 1.253108 2.479932
103020692 -1.179008 -0.308592 1.361768 1.827484 41.827181 -165.332509 1.253061 2.483549
103020693 -1.180383 -0.308592 1.356961 1.824795 41.958970 -165.348864 1.253000 2.487163
103020694 -1.181758 -0.308592 1.352154 1.822114 42.091149 -165.365182 1.252923 2.490774
103020695 -1.183134 -0.308592 1.347346 1.819444 42.223719 -165.381465 1.252831 2.494382
103020696 -1.184509 -0.308592 1.342539 1.816783 42.356680 -165.397713 1.252723 2.497987
103020697 -1.185884 -0.308592 1.337732 1.814133 42.490033 -165.413925 1.252600 2.501589
103020698 -1.187260 -0.308592 1.332925 1.811492 42.623778 -165.430102 1.252461 2.505188
103020699 -1.188635 -0.308592 1.328118 1.808861 42.757915 -165.446244 1.252307 2.508783
103020700 -1.190010 -0.308592 1.323311 1.806240 42.892444 -165.462351 1.252136 2.512375
103020701 -1.061704 -0.283487 1.801462 2.110177 31.383350 -165.050166 1.174433 2.151581
103020702 -1.063079 -0.283487 1.796655 2.106768 31.482284 -165.068642 1.175233 2.155020
103020703 -1.064454 -0.283487 1.791848 2.103366 31.581541 -165.087074 1.176028 2.158463
103020704 -1.065829 -0.283487 1.787041 2.099970 31.681121 -165.105462 1.176819 2.161911
103020705 -1.067205 -0.283487 1.782234 2.096580 31.781027 -165.123805 1.177606 2.165363
103020706 -1.068580 -0.283487 1.777427 2.093197 31.881258 -165.142104 1.178388 2.168819
103020707 -1.069955 -0.283487 1.772620 2.089821 31.981817 -165.160360 1.179165 2.172280
103020708 -1.071331 -0.283487 1.767813 2.086450 32.082703 -165.178571 1.179937 2.175745
103020709 -1.072706 -0.283487 1.763005 2.083087 32.183917 -165.196739 1.180705 2.179214
103020710 -1.074081 -0.283487 1.758198 2.079730 32.285462 -165.214863 1.181468 2.182688
103020711 -1.075457 -0.283487 1.753391 2.076380 32.387337 -165.232944 1.182226 2.186166
103020712 -1.076832 -0.283487 1.748584 2.073036 32.489544 -165.250982 1.182978 2.189648
103020713 -1.078207 -0.283487 1.743777 2.069699 32.592083 -165.268976 1.183726 2.193133
103020714 -1.079583 -0.283487 1.738970 2.066369 32.694955 -165.286928 1.184468 2.196623
103020715 -1.080958 -0.283487 1.734163 2.063045 32.798162 -165.304837 1.185205 2.200117
103020716 -1.082333 -0.283487 1.729356 2.059728 32.901704 -165.322704 1.185936 2.203615
103020717 -1.083709 -0.283487 1.724548 2.056418 33.005582 -165.340528 1.186662 2.207117
103020718 -1.085084 -0.283487 1.719741 2.053115 33.109798 -165.358309 1.187383 2.210622
103020719 -1.086459 -0.283487 1.714934 2.049819 33.214351 -165.376049 1.188097 2.214131
103020720 -1.087835 -0.283487 1.710127 2.046530 33.319244 -165.393747 1.188806 2.217644
103020721 -1.089210 -0.283487 1.705320 2.043247 33.424476 -165.411402 1.189509 2.221161
103020722 -1.090585 -0.283487 1.700513 2.039972 33.530049 -165.429016 1.190206 2.224681
103020723 -1.091961 -0.283487 1.695706 2.036703 33.635964 -165.446589 1.190897 2.228205
103020724 -1.093336 -0.283487 1.690899 2.033442 33.742221 -165.464120 1.191581 2.231732
103020725 -1.094711 -0.283487 1.686091 2.030188 33.848822 -165.481610 1.192260 2.235263
103020726 -1.096087 -0.283487 1.681284 2.026940 33.955768 -165.499058 1.192932 2.238797
103020727 -1.097462 -0.283487 1.676477 2.023700 34.063058 -165.516466 1.193597 2.242334
103020728 -1.098837 -0.283487 1.671670 2.020467 34.170695 -165.533833 1.194256 2.245875
103020729 -1.100213 -0.283487 1.666863 2.017242 34.278679 -165.551159 1.194909 2.249419
103020730 -1.101588 -0.283487 1.662056 2.014023 34.387011 -165.568444 1.195554 2.252966
103020731 -1.102963 -0.283487 1.657249 2.010812 34.495691 -165.585689 1.196193 2.256516
103020732 -1.104339 -0.283487 1.652442 2.007608 34.604721 -165.602894 1.196825 2.260069
103020733 -1.105714 -0.283487 1.647634 2.004412 34.714102 -165.620059 1.197449 2.263625
103020734 -1.107089 -0.283487 1.642827 2.001223 34.823835 -165.637183 1.198067 2.267184
103020735 -1.108465 -0.283487 1.638020 1.998041 34.933919 -165.654268 1.198677 2.270746
103020736 -1.109840 -0.283487 1.633213 1.994867 35.044357 -165.671313 1.199279 2.274310
103020737 -1.111215 -0.283487 1.628406 1.991700 35.155148 -165.688318 1.199875 2.277877
103020738 -1.112591 -0.283487 1.623599 1.988541 35.266295 -165.705284 1.200462 2.281447
103020739 -1.113966 -0.283487 1.618792 1.985389 35.377797 -165.722211 1.201042 2.285020
103020740 -1.115341 -0.283487 1.613984 1.982245 35.489656 -165.739098 1.201614 2.288595
103020741 -1.116717 -0.283487 1.609177 1.979109 35.601872 -165.755946 1.202178 2.292172
103020742 -1.118092 -0.283487 1.604370 1.975980 35.714446 -165.772756 1.202734 2.295752
103020743 -1.119467 -0.283487 1.599563 1.972859 35.827379 -165.789526 1.203282 2.299334
103020744 -1.120843 -0.283487 1.594756 1.969746 35.940672 -165.806258 1.203822 2.302918
103020745 -1.122218 -0.283487 1.589949 1.966641 36.054325 -165.822951 1.204354 2.306505
103020746 -1.123593 -0.283487 1.585142 1.963543 36.168340 -165.839606 1.204876 2.310093
103020747 -1.124969 -0.283487 1.580335 1.960453 36.282717 -165.856223 1.205391 2.313683
103020748 -1.126344 -0.283487 1.575527 1.957371 36.397456 -165.872801 1.205896 2.317276
103020749 -1.127719 -0.283487 1.570720 1.954297 36.512560 -165.889342 1.206393 2.320870
103020750 -1.129094 -0.283487 1.565913 1.951231 36.628028 -165.905844 1.206881 2.324466
103020751 -1.130470 -0.283487 1.561106 1.948173 36.743861 -165.922309 1.207360 2.328063
103020752 -1.131845 -0.283487 1.556299 1.945123 36.860060 -165.938736 1.207829 2.331662
103020753 -1.133220 -0.283487 1.551492 1.942081 36.976626 -165.955125 1.208289 2.335263
103020754 -1.134596 -0.283487 1.546685 1.939048 37.093560 -165.971477 1.208740 2.338865
103020755 -1.135971 -0.283487 1.541878 1.936022 37.210862 -165.987792 1.209182 2.342469
103020756 -1.137346 -0.283487 1.537070 1.933005 37.328532 -166.004070 1.209614 2.346073
103020757 -1.138722 -0.283487 1.532263 1.929996 37.446573 -166.020311 1.210035 2.349679
103020758 -1.140097 -0.283487 1.527456 1.926995 37.564983 -166.036514 1.210448 2.353286
103020759 -1.141472 -0.283487 1.522649 1.924002 37.683765 -166.052682 1.210850 2.356894
103020760 -1.142848 -0.283487 1.517842 1.921018 37.802919 -166.068812 1.211242 2.360503
103020761 -1.144223 -0.283487 1.513035 1.918042 37.922445 -166.084906 1.211623 2.364112
103020762 -1.145598 -0.283487 1.508228 1.915075 38.042344 -166.100963 1.211995 2.367723
103020763 -1.146974 -0.283487 1.503421 1.912116 38.162617 -166.116984 1.212356 2.371334
103020764 -1.148349 -0.283487 1.498613 1.909165 38.283264 -166.132969 1.212706 2.374945
103020765 -1.149724 -0.283487 1.493806 1.906223 38.404286 -166.148918 1.213045 2.378557
103020766 -1.151100 -0.283487 1.488999 1.903290 38.525685 -166.164831 1.213374 2.382170
103020767 -1.152475 -0.283487 1.484192 1.900366 38.647459 -166.180708 1.213692 2.385782
103020768 -1.153850 -0.283487 1.479385 1.897450 38.769611 -166.196550 1.213998 2.389395
103020769 -1.155226 -0.283487 1.474578 1.894542 38.892140 -166.212356 1.214293 2.393008
103020770 -1.156601 -0.283487 1.469771 1.891644 39.015047 -166.228126 1.214577 2.396620
103020771 -1.157976 -0.283487 1.464964 1.888754 39.138333 -166.243861 1.214850 2.400233
103020772 -1.159352 -0.283487 1.460156 1.885873 39.261999 -166.259561 1.215110 2.403845
103020773 -1.160727 -0.283487 1.455349 1.883001 39.386044 -166.275226 1.215359 2.407457
103020774 -1.162102 -0.283487 1.450542 1.880138 39.510470 -166.290856 1.215596 2.411069
103020775 -1.163478 -0.283487 1.445735 1.877284 39.635277 -166.306451 1.215821 2.414680
103020776 -1.164853 -0.283487 1.440928 1.874439 39.760465 -166.322011 1.216034 2.418290
103020777 -1.166228 -0.283487 1.436121 1.871602 39.886036 -166.337536 1.216235 2.421900
103020778 -1.167604 -0.283487 1.431314 1.868775 40.011989 -166.353027 1.216423 2.425509
103020779 -1.168979 -0.283487 1.426507 1.865957 40.138325 -166.368484 1.216599 2.429116
103020780 -1.170354 -0.283487 1.421699 1.863149 40.265045 -166.383906 1.216762 2.432723
103020781 -1.171730 -0.283487 1.416892 1.860349 40.392149 -166.399294 1.216912 2.436328
103020782 -1.173105 -0.283487 1.412085 1.857559 40.519638 -166.414648 1.217049 2.439932
103020783 -1.174480 -0.283487 1.407278 1.854778 40.647511 -166.429968 1.217173 2.443535
103020784 -1.175856 -0.283487 1.402471 1.852006 40.775770 -166.445254 1.217284 2.447136
103020785 -1.177231 -0.283487 1.397664 1.849243 40.904415 -166.460506 1.217382 2.450736
103020786 -1.178606 -0.283487 1.392857 1.846490 41.033446 -166.475725 1.217466 2.454333
103020787 -1.179982 -0.283487 1.388049 1.843747 41.162863 -166.490910 1.217536 2.457929
103020788 -1.181357 -0.283487 1.383242 1.841013 41.292668 -166.506062 1.217593 2.461523
103020789 -1.182732 -0.283487 1.378435 1.838288 41.422860 -166.521180 1.217635 2.465114
103020790 -1.184108 -0.283487 1.373628 1.835573 41.553440 -166.536265 1.217664 2.468703
103020791 -1.185483 -0.283487 1.368821 1.832868 41.684408 -166.551318 1.217678 2.472290
103020792 -1.186858 -0.283487 1.364014 1.830172 41.815765 -166.566337 1.217679 2.475875
103020793 -1.188234 -0.283487 1.359207 1.827486 41.947510 -166.581323 1.217664 2.479456
103020794 -1.189609 -0.283487 1.354400 1.824810 42.079645 -166.596276 1.217635 2.483035
103020795 -1.190984 -0.283487 1.349592 1.822144 42.212168 -166.611197 1.217592 2.486612
103020796 -1.192359 -0.283487 1.344785 1.819487 42.345082 -166.626085 1.217533 2.490185
103020797 -1.193735 -0.283487 1.339978 1.816840 42.478385 -166.640941 1.217460 2.493755
103020798 -1.195110 -0.283487 1.335171 1.814204 42.612078 -166.655764 1.217371 2.497321
103020799 -1.196485 -0.283487 1.330364 1.811577 42.746162 -166.670555 1.217267 2.500884
103020800 -1.197861 -0.283487 1.325557 1.808960 42.880637 -166.685314 1.217148 2.504444
