# pixelID   x   y   z   l2  two_theta   azimuthal   polar_width azimuthal_width
111020001 1.157710 -0.557180 0.521137 1.386479 67.921873 -25.700469 1.163077 3.275068
111020002 1.157710 -0.557180 0.526137 1.388367 67.730661 -25.700469 1.169214 3.270619
111020003 1.157710 -0.557180 0.531137 1.390269 67.539970 -25.700469 1.175287 3.266145
111020004 1.157710 -0.557180 0.536137 1.392187 67.349803 -25.700469 1.181296 3.261648
111020005 1.157710 -0.557180 0.541137 1.394120 67.160160 -25.700469 1.187242 3.257128
111020006 1.157710 -0.557180 0.546137 1.396068 66.971045 -25.700469 1.193125 3.252585
111020007 1.157710 -0.557180 0.551137 1.398032 66.782460 -25.700469 1.198944 3.248019
111020008 1.157710 -0.557180 0.556137 1.400011 66.594405 -25.700469 1.204699 3.243431
111020009 1.157710 -0.557180 0.561137 1.402004 66.406883 -25.700469 1.210392 3.238821
111020010 1.157710 -0.557180 0.566137 1.404013 66.219895 -25.700469 1.216021 3.234190
111020011 1.157710 -0.557180 0.571137 1.406037 66.033444 -25.700469 1.221587 3.229538
111020012 1.157710 -0.557180 0.576137 1.408075 65.847531 -25.700469 1.227091 3.224865
111020013 1.157710 -0.557180 0.581137 1.410128 65.662157 -25.700469 1.232532 3.220172
111020014 1.157710 -0.557180 0.586137 1.412196 65.477324 -25.700469 1.237910 3.215459
111020015 1.157710 -0.557180 0.591137 1.414279 65.293033 -25.700469 1.243225 3.210726
111020016 1.157710 -0.557180 0.596137 1.416376 65.109287 -25.700469 1.248479 3.205975
111020017 1.157710 -0.557180 0.601137 1.418488 64.926085 -25.700469 1.253670 3.201205
111020018 1.157710 -0.557180 0.606137 1.420614 64.743430 -25.700469 1.258799 3.196416
111020019 1.157710 -0.557180 0.611137 1.422754 64.561323 -25.700469 1.263867 3.191609
111020020 1.157710 -0.557180 0.616137 1.424909 64.379765 -25.700469 1.268872 3.186785
111020021 1.157710 -0.557180 0.621137 1.427078 64.198757 -25.700469 1.273817 3.181944
111020022 1.157710 -0.557180 0.626137 1.429262 64.018300 -25.700469 1.278700 3.177086
111020023 1.157710 -0.557180 0.631137 1.431459 63.838396 -25.700469 1.283522 3.172211
111020024 1.157710 -0.557180 0.636137 1.433671 63.659044 -25.700469 1.288283 3.167320
111020025 1.157710 -0.557180 0.641137 1.435896 63.480247 -25.700469 1.292983 3.162413
111020026 1.157710 -0.557180 0.646137 1.438136 63.302005 -25.700469 1.297624 3.157491
111020027 1.157710 -0.557180 0.651137 1.440389 63.124319 -25.700469 1.302204 3.152554
111020028 1.157710 -0.557180 0.656137 1.442656 62.947190 -25.700469 1.306724 3.147602
111020029 1.157710 -0.557180 0.661137 1.444937 62.770619 -25.700469 1.311184 3.142636
111020030 1.157710 -0.557180 0.666137 1.447232 62.594605 -25.700469 1.315585 3.137656
111020031 1.157710 -0.557180 0.671137 1.449540 62.419151 -25.700469 1.319926 3.132662
111020032 1.157710 -0.557180 0.676137 1.451862 62.244256 -25.700469 1.324209 3.127655
111020033 1.157710 -0.557180 0.681137 1.454197 62.069921 -25.700469 1.328433 3.122635
111020034 1.157710 -0.557180 0.686137 1.456546 61.896146 -25.700469 1.332599 3.117602
111020035 1.157710 -0.557180 0.691137 1.458908 61.722933 -25.700469 1.336706 3.112557
111020036 1.157710 -0.557180 0.696137 1.461283 61.550282 -25.700469 1.340756 3.107500
111020037 1.157710 -0.557180 0.701137 1.463672 61.378192 -25.700469 1.344747 3.102432
111020038 1.157710 -0.557180 0.706137 1.466073 61.206665 -25.700469 1.348682 3.097352
111020039 1.157710 -0.557180 0.711137 1.468488 61.035700 -25.700469 1.352560 3.092261
111020040 1.157710 -0.557180 0.716137 1.470916 60.865298 -25.700469 1.356380 3.087159
111020041 1.157710 -0.557180 0.721137 1.473357 60.695459 -25.700469 1.360145 3.082048
111020042 1.157710 -0.557180 0.726137 1.475810 60.526183 -25.700469 1.363853 3.076926
111020043 1.157710 -0.557180 0.731137 1.478277 60.357471 -25.700469 1.367505 3.071794
111020044 1.157710 -0.557180 0.736137 1.480756 60.189322 -25.700469 1.371102 3.066654
111020045 1.157710 -0.557180 0.741137 1.483248 60.021737 -25.700469 1.374644 3.061504
111020046 1.157710 -0.557180 0.746137 1.485753 59.854716 -25.700469 1.378130 3.056345
111020047 1.157710 -0.557180 0.751137 1.488270 59.688258 -25.700469 1.381562 3.051178
111020048 1.157710 -0.557180 0.756137 1.490800 59.522364 -25.700469 1.384940 3.046003
111020049 1.157710 -0.557180 0.761137 1.493342 59.357033 -25.700469 1.388264 3.040820
111020050 1.157710 -0.557180 0.766137 1.495897 59.192265 -25.700469 1.391534 3.035629
111020051 1.157710 -0.557180 0.771137 1.498464 59.028061 -25.700469 1.394751 3.030432
111020052 1.157710 -0.557180 0.776137 1.501043 58.864419 -25.700469 1.397915 3.025227
111020053 1.157710 -0.557180 0.781137 1.503634 58.701340 -25.700469 1.401026 3.020015
111020054 1.157710 -0.557180 0.786137 1.506238 58.538824 -25.700469 1.404085 3.014798
111020055 1.157710 -0.557180 0.791137 1.508854 58.376870 -25.700469 1.407092 3.009574
111020056 1.157710 -0.557180 0.796137 1.511481 58.215478 -25.700469 1.410048 3.004344
111020057 1.157710 -0.557180 0.801137 1.514121 58.054647 -25.700469 1.412952 2.999109
111020058 1.157710 -0.557180 0.806137 1.516772 57.894377 -25.700469 1.415805 2.993869
111020059 1.157710 -0.557180 0.811137 1.519436 57.734668 -25.700469 1.418607 2.988623
111020060 1.157710 -0.557180 0.816137 1.522111 57.575518 -25.700469 1.421360 2.983373
111020061 1.157710 -0.557180 0.821137 1.524798 57.416929 -25.700469 1.424062 2.978119
111020062 1.157710 -0.557180 0.826137 1.527496 57.258899 -25.700469 1.426715 2.972860
111020063 1.157710 -0.557180 0.831137 1.530206 57.101427 -25.700469 1.429319 2.967598
111020064 1.157710 -0.557180 0.836137 1.532927 56.944513 -25.700469 1.431874 2.962331
111020065 1.157710 -0.557180 0.841137 1.535660 56.788156 -25.700469 1.434380 2.957062
111020066 1.157710 -0.557180 0.846137 1.538405 56.632357 -25.700469 1.436839 2.951789
111020067 1.157710 -0.557180 0.851137 1.541160 56.477113 -25.700469 1.439249 2.946513
111020068 1.157710 -0.557180 0.856137 1.543927 56.322424 -25.700469 1.441612 2.941235
111020069 1.157710 -0.557180 0.861137 1.546706 56.168290 -25.700469 1.443929 2.935954
111020070 1.157710 -0.557180 0.866137 1.549495 56.014710 -25.700469 1.446198 2.930671
111020071 1.157710 -0.557180 0.871137 1.552295 55.861683 -25.700469 1.448421 2.925387
111020072 1.157710 -0.557180 0.876137 1.555107 55.709209 -25.700469 1.450598 2.920100
111020073 1.157710 -0.557180 0.881137 1.557929 55.557285 -25.700469 1.452730 2.914812
111020074 1.157710 -0.557180 0.886137 1.560763 55.405912 -25.700469 1.454816 2.909523
111020075 1.157710 -0.557180 0.891137 1.563607 55.255089 -25.700469 1.456858 2.904233
111020076 1.157710 -0.557180 0.896137 1.566462 55.104814 -25.700469 1.458855 2.898942
111020077 1.157710 -0.557180 0.901137 1.569328 54.955088 -25.700469 1.460807 2.893650
111020078 1.157710 -0.557180 0.906137 1.572204 54.805908 -25.700469 1.462716 2.888358
111020079 1.157710 -0.557180 0.911137 1.575091 54.657274 -25.700469 1.464582 2.883066
111020080 1.157710 -0.557180 0.916137 1.577989 54.509185 -25.700469 1.466405 2.877775
111020081 1.157710 -0.557180 0.921137 1.580897 54.361640 -25.700469 1.468184 2.872483
111020082 1.157710 -0.557180 0.926137 1.583815 54.214637 -25.700469 1.469922 2.867192
111020083 1.157710 -0.557180 0.931137 1.586744 54.068176 -25.700469 1.471617 2.861902
111020084 1.157710 -0.557180 0.936137 1.589684 53.922256 -25.700469 1.473271 2.856612
111020085 1.157710 -0.557180 0.941137 1.592633 53.776876 -25.700469 1.474884 2.851324
111020086 1.157710 -0.557180 0.946137 1.595593 53.632034 -25.700469 1.476456 2.846037
111020087 1.157710 -0.557180 0.951137 1.598563 53.487729 -25.700469 1.477987 2.840752
111020088 1.157710 -0.557180 0.956137 1.601543 53.343960 -25.700469 1.479478 2.835468
111020089 1.157710 -0.557180 0.961137 1.604533 53.200726 -25.700469 1.480929 2.830187
111020090 1.157710 -0.557180 0.966137 1.607533 53.058026 -25.700469 1.482341 2.824907
111020091 1.157710 -0.557180 0.971137 1.610543 52.915859 -25.700469 1.483714 2.819629
111020092 1.157710 -0.557180 0.976137 1.613563 52.774222 -25.700469 1.485048 2.814354
111020093 1.157710 -0.557180 0.981137 1.616592 52.633116 -25.700469 1.486344 2.809082
111020094 1.157710 -0.557180 0.986137 1.619632 52.492539 -25.700469 1.487601 2.803813
111020095 1.157710 -0.557180 0.991137 1.622681 52.352489 -25.700469 1.488821 2.798546
111020096 1.157710 -0.557180 0.996137 1.625740 52.212965 -25.700469 1.490004 2.793283
111020097 1.157710 -0.557180 1.001137 1.628808 52.073966 -25.700469 1.491150 2.788023
111020098 1.157710 -0.557180 1.006137 1.631886 51.935490 -25.700469 1.492259 2.782766
111020099 1.157710 -0.557180 1.011137 1.634974 51.797537 -25.700469 1.493331 2.777513
111020100 1.157710 -0.557180 1.016137 1.638071 51.660105 -25.700469 1.494368 2.772264
111020101 1.169428 -0.533523 0.521137 1.387009 67.930741 -24.523686 1.146547 3.272313
111020102 1.169428 -0.533523 0.526137 1.388895 67.739590 -24.523686 1.152573 3.267871
111020103 1.169428 -0.533523 0.531137 1.390797 67.548959 -24.523686 1.158537 3.263405
111020104 1.169428 -0.533523 0.536137 1.392714 67.358851 -24.523686 1.164438 3.258916
111020105 1.169428 -0.533523 0.541137 1.394646 67.169268 -24.523686 1.170277 3.254402
111020106 1.169428 -0.533523 0.546137 1.396594 66.980211 -24.523686 1.176053 3.249866
111020107 1.169428 -0.533523 0.551137 1.398557 66.791683 -24.523686 1.181768 3.245308
111020108 1.169428 -0.533523 0.556137 1.400535 66.603686 -24.523686 1.187419 3.240727
111020109 1.169428 -0.533523 0.561137 1.402528 66.416221 -24.523686 1.193009 3.236124
111020110 1.169428 -0.533523 0.566137 1.404536 66.229290 -24.523686 1.198537 3.231501
111020111 1.169428 -0.533523 0.571137 1.406559 66.042894 -24.523686 1.204003 3.226856
111020112 1.169428 -0.533523 0.576137 1.408596 65.857036 -24.523686 1.209407 3.222190
111020113 1.169428 -0.533523 0.581137 1.410649 65.671717 -24.523686 1.214749 3.217504
111020114 1.169428 -0.533523 0.586137 1.412716 65.486938 -24.523686 1.220030 3.212799
111020115 1.169428 -0.533523 0.591137 1.414798 65.302701 -24.523686 1.225249 3.208074
111020116 1.169428 -0.533523 0.596137 1.416894 65.119007 -24.523686 1.230407 3.203330
111020117 1.169428 -0.533523 0.601137 1.419005 64.935858 -24.523686 1.235504 3.198567
111020118 1.169428 -0.533523 0.606137 1.421130 64.753255 -24.523686 1.240540 3.193786
111020119 1.169428 -0.533523 0.611137 1.423270 64.571199 -24.523686 1.245515 3.188987
111020120 1.169428 -0.533523 0.616137 1.425424 64.389692 -24.523686 1.250430 3.184170
111020121 1.169428 -0.533523 0.621137 1.427593 64.208734 -24.523686 1.255284 3.179336
111020122 1.169428 -0.533523 0.626137 1.429775 64.028326 -24.523686 1.260078 3.174485
111020123 1.169428 -0.533523 0.631137 1.431972 63.848471 -24.523686 1.264813 3.169618
111020124 1.169428 -0.533523 0.636137 1.434183 63.669168 -24.523686 1.269487 3.164735
111020125 1.169428 -0.533523 0.641137 1.436407 63.490419 -24.523686 1.274102 3.159835
111020126 1.169428 -0.533523 0.646137 1.438646 63.312225 -24.523686 1.278657 3.154921
111020127 1.169428 -0.533523 0.651137 1.440899 63.134586 -24.523686 1.283153 3.149991
111020128 1.169428 -0.533523 0.656137 1.443165 62.957503 -24.523686 1.287590 3.145047
111020129 1.169428 -0.533523 0.661137 1.445445 62.780977 -24.523686 1.291969 3.140088
111020130 1.169428 -0.533523 0.666137 1.447739 62.605009 -24.523686 1.296289 3.135115
111020131 1.169428 -0.533523 0.671137 1.450046 62.429599 -24.523686 1.300551 3.130129
111020132 1.169428 -0.533523 0.676137 1.452367 62.254748 -24.523686 1.304755 3.125130
111020133 1.169428 -0.533523 0.681137 1.454702 62.080457 -24.523686 1.308901 3.120117
111020134 1.169428 -0.533523 0.686137 1.457050 61.906726 -24.523686 1.312990 3.115092
111020135 1.169428 -0.533523 0.691137 1.459411 61.733555 -24.523686 1.317022 3.110054
111020136 1.169428 -0.533523 0.696137 1.461785 61.560946 -24.523686 1.320997 3.105005
111020137 1.169428 -0.533523 0.701137 1.464173 61.388898 -24.523686 1.324915 3.099944
111020138 1.169428 -0.533523 0.706137 1.466574 61.217411 -24.523686 1.328777 3.094871
111020139 1.169428 -0.533523 0.711137 1.468988 61.046487 -24.523686 1.332582 3.089788
111020140 1.169428 -0.533523 0.716137 1.471415 60.876125 -24.523686 1.336332 3.084694
111020141 1.169428 -0.533523 0.721137 1.473855 60.706326 -24.523686 1.340027 3.079590
111020142 1.169428 -0.533523 0.726137 1.476308 60.537089 -24.523686 1.343666 3.074476
111020143 1.169428 -0.533523 0.731137 1.478773 60.368415 -24.523686 1.347251 3.069352
111020144 1.169428 -0.533523 0.736137 1.481252 60.200305 -24.523686 1.350780 3.064218
111020145 1.169428 -0.533523 0.741137 1.483743 60.032757 -24.523686 1.354256 3.059076
111020146 1.169428 -0.533523 0.746137 1.486247 59.865773 -24.523686 1.357677 3.053925
111020147 1.169428 -0.533523 0.751137 1.488763 59.699351 -24.523686 1.361045 3.048766
111020148 1.169428 -0.533523 0.756137 1.491292 59.533493 -24.523686 1.364360 3.043598
111020149 1.169428 -0.533523 0.761137 1.493834 59.368197 -24.523686 1.367621 3.038422
111020150 1.169428 -0.533523 0.766137 1.496387 59.203465 -24.523686 1.370830 3.033239
111020151 1.169428 -0.533523 0.771137 1.498954 59.039295 -24.523686 1.373987 3.028049
111020152 1.169428 -0.533523 0.776137 1.501532 58.875687 -24.523686 1.377091 3.022852
111020153 1.169428 -0.533523 0.781137 1.504122 58.712642 -24.523686 1.380144 3.017648
111020154 1.169428 -0.533523 0.786137 1.506725 58.550159 -24.523686 1.383145 3.012438
111020155 1.169428 -0.533523 0.791137 1.509340 58.388237 -24.523686 1.386095 3.007221
111020156 1.169428 -0.533523 0.796137 1.511967 58.226877 -24.523686 1.388995 3.001999
111020157 1.169428 -0.533523 0.801137 1.514606 58.066078 -24.523686 1.391844 2.996771
111020158 1.169428 -0.533523 0.806137 1.517256 57.905839 -24.523686 1.394642 2.991538
111020159 1.169428 -0.533523 0.811137 1.519919 57.746161 -24.523686 1.397392 2.986300
111020160 1.169428 -0.533523 0.816137 1.522593 57.587042 -24.523686 1.400092 2.981058
111020161 1.169428 -0.533523 0.821137 1.525279 57.428482 -24.523686 1.402742 2.975811
111020162 1.169428 -0.533523 0.826137 1.527976 57.270481 -24.523686 1.405345 2.970559
111020163 1.169428 -0.533523 0.831137 1.530685 57.113038 -24.523686 1.407898 2.965304
111020164 1.169428 -0.533523 0.836137 1.533406 56.956153 -24.523686 1.410404 2.960045
111020165 1.169428 -0.533523 0.841137 1.536138 56.799824 -24.523686 1.412862 2.954783
111020166 1.169428 -0.533523 0.846137 1.538882 56.644052 -24.523686 1.415273 2.949518
111020167 1.169428 -0.533523 0.851137 1.541637 56.488835 -24.523686 1.417637 2.944249
111020168 1.169428 -0.533523 0.856137 1.544403 56.334173 -24.523686 1.419955 2.938978
111020169 1.169428 -0.533523 0.861137 1.547180 56.180066 -24.523686 1.422226 2.933705
111020170 1.169428 -0.533523 0.866137 1.549969 56.026511 -24.523686 1.424451 2.928429
111020171 1.169428 -0.533523 0.871137 1.552768 55.873510 -24.523686 1.426631 2.923152
111020172 1.169428 -0.533523 0.876137 1.555579 55.721060 -24.523686 1.428765 2.917872
111020173 1.169428 -0.533523 0.881137 1.558400 55.569161 -24.523686 1.430855 2.912592
111020174 1.169428 -0.533523 0.886137 1.561233 55.417812 -24.523686 1.432900 2.907310
111020175 1.169428 -0.533523 0.891137 1.564076 55.267013 -24.523686 1.434902 2.902027
111020176 1.169428 -0.533523 0.896137 1.566930 55.116761 -24.523686 1.436859 2.896743
111020177 1.169428 -0.533523 0.901137 1.569795 54.967057 -24.523686 1.438773 2.891459
111020178 1.169428 -0.533523 0.906137 1.572671 54.817900 -24.523686 1.440644 2.886174
111020179 1.169428 -0.533523 0.911137 1.575557 54.669288 -24.523686 1.442472 2.880889
111020180 1.169428 -0.533523 0.916137 1.578454 54.521221 -24.523686 1.444258 2.875604
111020181 1.169428 -0.533523 0.921137 1.581361 54.373697 -24.523686 1.446002 2.870320
111020182 1.169428 -0.533523 0.926137 1.584279 54.226715 -24.523686 1.447705 2.865036
111020183 1.169428 -0.533523 0.931137 1.587207 54.080275 -24.523686 1.449366 2.859753
111020184 1.169428 -0.533523 0.936137 1.590145 53.934375 -24.523686 1.450986 2.854470
111020185 1.169428 -0.533523 0.941137 1.593094 53.789014 -24.523686 1.452566 2.849189
111020186 1.169428 -0.533523 0.946137 1.596053 53.644191 -24.523686 1.454106 2.843909
111020187 1.169428 -0.533523 0.951137 1.599022 53.499905 -24.523686 1.455606 2.838631
111020188 1.169428 -0.533523 0.956137 1.602001 53.356155 -24.523686 1.457066 2.833354
111020189 1.169428 -0.533523 0.961137 1.604990 53.212939 -24.523686 1.458487 2.828079
111020190 1.169428 -0.533523 0.966137 1.607989 53.070257 -24.523686 1.459870 2.822807
111020191 1.169428 -0.533523 0.971137 1.610999 52.928107 -24.523686 1.461214 2.817536
111020192 1.169428 -0.533523 0.976137 1.614018 52.786487 -24.523686 1.462520 2.812268
111020193 1.169428 -0.533523 0.981137 1.617046 52.645398 -24.523686 1.463788 2.807003
111020194 1.169428 -0.533523 0.986137 1.620085 52.504837 -24.523686 1.465019 2.801740
111020195 1.169428 -0.533523 0.991137 1.623133 52.364803 -24.523686 1.466212 2.796480
111020196 1.169428 -0.533523 0.996137 1.626191 52.225294 -24.523686 1.467370 2.791224
111020197 1.169428 -0.533523 1.001137 1.629259 52.086311 -24.523686 1.468490 2.785970
111020198 1.169428 -0.533523 1.006137 1.632336 51.947850 -24.523686 1.469575 2.780721
111020199 1.169428 -0.533523 1.011137 1.635423 51.809911 -24.523686 1.470625 2.775474
111020200 1.169428 -0.533523 1.016137 1.638519 51.672493 -24.523686 1.471639 2.770232
111020201 1.181147 -0.509866 0.521137 1.388040 67.947999 -23.348444 1.128923 3.267006
111020202 1.181147 -0.509866 0.526137 1.389925 67.756966 -23.348444 1.134835 3.262577
111020203 1.181147 -0.509866 0.531137 1.391825 67.566452 -23.348444 1.140685 3.258125
111020204 1.181147 -0.509866 0.536137 1.393741 67.376460 -23.348444 1.146473 3.253649
111020205 1.181147 -0.509866 0.541137 1.395672 67.186992 -23.348444 1.152201 3.249150
111020206 1.181147 -0.509866 0.546137 1.397618 66.998050 -23.348444 1.157867 3.244628
111020207 1.181147 -0.509866 0.551137 1.399580 66.809635 -23.348444 1.163472 3.240083
111020208 1.181147 -0.509866 0.556137 1.401556 66.621749 -23.348444 1.169015 3.235516
111020209 1.181147 -0.509866 0.561137 1.403548 66.434394 -23.348444 1.174498 3.230928
111020210 1.181147 -0.509866 0.566137 1.405554 66.247573 -23.348444 1.179920 3.226318
111020211 1.181147 -0.509866 0.571137 1.407575 66.061286 -23.348444 1.185282 3.221687
111020212 1.181147 -0.509866 0.576137 1.409612 65.875535 -23.348444 1.190582 3.217036
111020213 1.181147 -0.509866 0.581137 1.411663 65.690322 -23.348444 1.195822 3.212365
111020214 1.181147 -0.509866 0.586137 1.413728 65.505648 -23.348444 1.201002 3.207673
111020215 1.181147 -0.509866 0.591137 1.415809 65.321516 -23.348444 1.206121 3.202963
111020216 1.181147 -0.509866 0.596137 1.417904 65.137925 -23.348444 1.211181 3.198233
111020217 1.181147 -0.509866 0.601137 1.420013 64.954878 -23.348444 1.216180 3.193484
111020218 1.181147 -0.509866 0.606137 1.422137 64.772376 -23.348444 1.221120 3.188717
111020219 1.181147 -0.509866 0.611137 1.424275 64.590420 -23.348444 1.226000 3.183933
111020220 1.181147 -0.509866 0.616137 1.426428 64.409011 -23.348444 1.230820 3.179130
111020221 1.181147 -0.509866 0.621137 1.428595 64.228151 -23.348444 1.235581 3.174311
111020222 1.181147 -0.509866 0.626137 1.430776 64.047840 -23.348444 1.240284 3.169474
111020223 1.181147 -0.509866 0.631137 1.432971 63.868080 -23.348444 1.244927 3.164622
111020224 1.181147 -0.509866 0.636137 1.435180 63.688872 -23.348444 1.249512 3.159753
111020225 1.181147 -0.509866 0.641137 1.437403 63.510216 -23.348444 1.254038 3.154868
111020226 1.181147 -0.509866 0.646137 1.439640 63.332114 -23.348444 1.258506 3.149968
111020227 1.181147 -0.509866 0.651137 1.441891 63.154567 -23.348444 1.262915 3.145053
111020228 1.181147 -0.509866 0.656137 1.444156 62.977574 -23.348444 1.267268 3.140123
111020229 1.181147 -0.509866 0.661137 1.446435 62.801137 -23.348444 1.271562 3.135179
111020230 1.181147 -0.509866 0.666137 1.448727 62.625257 -23.348444 1.275799 3.130221
111020231 1.181147 -0.509866 0.671137 1.451033 62.449935 -23.348444 1.279979 3.125249
111020232 1.181147 -0.509866 0.676137 1.453352 62.275170 -23.348444 1.284102 3.120264
111020233 1.181147 -0.509866 0.681137 1.455685 62.100964 -23.348444 1.288169 3.115266
111020234 1.181147 -0.509866 0.686137 1.458031 61.927317 -23.348444 1.292179 3.110255
111020235 1.181147 -0.509866 0.691137 1.460391 61.754229 -23.348444 1.296133 3.105232
111020236 1.181147 -0.509866 0.696137 1.462764 61.581702 -23.348444 1.300031 3.100198
111020237 1.181147 -0.509866 0.701137 1.465150 61.409735 -23.348444 1.303874 3.095151
111020238 1.181147 -0.509866 0.706137 1.467549 61.238328 -23.348444 1.307661 3.090093
111020239 1.181147 -0.509866 0.711137 1.469962 61.067483 -23.348444 1.311394 3.085025
111020240 1.181147 -0.509866 0.716137 1.472387 60.897199 -23.348444 1.315071 3.079945
111020241 1.181147 -0.509866 0.721137 1.474825 60.727477 -23.348444 1.318695 3.074855
111020242 1.181147 -0.509866 0.726137 1.477277 60.558316 -23.348444 1.322264 3.069756
111020243 1.181147 -0.509866 0.731137 1.479741 60.389718 -23.348444 1.325779 3.064646
111020244 1.181147 -0.509866 0.736137 1.482218 60.221681 -23.348444 1.329240 3.059528
111020245 1.181147 -0.509866 0.741137 1.484707 60.054206 -23.348444 1.332649 3.054400
111020246 1.181147 -0.509866 0.746137 1.487209 59.887294 -23.348444 1.336004 3.049263
111020247 1.181147 -0.509866 0.751137 1.489724 59.720944 -23.348444 1.339307 3.044118
111020248 1.181147 -0.509866 0.756137 1.492251 59.555155 -23.348444 1.342557 3.038965
111020249 1.181147 -0.509866 0.761137 1.494791 59.389929 -23.348444 1.345756 3.033804
111020250 1.181147 -0.509866 0.766137 1.497343 59.225265 -23.348444 1.348902 3.028636
111020251 1.181147 -0.509866 0.771137 1.499908 59.061162 -23.348444 1.351997 3.023460
111020252 1.181147 -0.509866 0.776137 1.502485 58.897621 -23.348444 1.355041 3.018277
111020253 1.181147 -0.509866 0.781137 1.505073 58.734641 -23.348444 1.358035 3.013087
111020254 1.181147 -0.509866 0.786137 1.507675 58.572222 -23.348444 1.360978 3.007892
111020255 1.181147 -0.509866 0.791137 1.510288 58.410364 -23.348444 1.363870 3.002690
111020256 1.181147 -0.509866 0.796137 1.512913 58.249066 -23.348444 1.366713 2.997482
111020257 1.181147 -0.509866 0.801137 1.515550 58.088329 -23.348444 1.369507 2.992269
111020258 1.181147 -0.509866 0.806137 1.518199 57.928151 -23.348444 1.372251 2.987050
111020259 1.181147 -0.509866 0.811137 1.520860 57.768532 -23.348444 1.374947 2.981826
111020260 1.181147 -0.509866 0.816137 1.523532 57.609472 -23.348444 1.377594 2.976598
111020261 1.181147 -0.509866 0.821137 1.526217 57.450971 -23.348444 1.380193 2.971365
111020262 1.181147 -0.509866 0.826137 1.528913 57.293027 -23.348444 1.382744 2.966128
111020263 1.181147 -0.509866 0.831137 1.531620 57.135640 -23.348444 1.385248 2.960887
111020264 1.181147 -0.509866 0.836137 1.534339 56.978810 -23.348444 1.387705 2.955642
111020265 1.181147 -0.509866 0.841137 1.537069 56.822536 -23.348444 1.390115 2.950394
111020266 1.181147 -0.509866 0.846137 1.539811 56.666818 -23.348444 1.392478 2.945143
111020267 1.181147 -0.509866 0.851137 1.542565 56.511654 -23.348444 1.394796 2.939889
111020268 1.181147 -0.509866 0.856137 1.545329 56.357044 -23.348444 1.397067 2.934632
111020269 1.181147 -0.509866 0.861137 1.548105 56.202987 -23.348444 1.399294 2.929373
111020270 1.181147 -0.509866 0.866137 1.550892 56.049483 -23.348444 1.401475 2.924111
111020271 1.181147 -0.509866 0.871137 1.553689 55.896531 -23.348444 1.403612 2.918847
111020272 1.181147 -0.509866 0.876137 1.556498 55.744130 -23.348444 1.405704 2.913582
111020273 1.181147 -0.509866 0.881137 1.559318 55.592278 -23.348444 1.407752 2.908315
111020274 1.181147 -0.509866 0.886137 1.562149 55.440977 -23.348444 1.409757 2.903047
111020275 1.181147 -0.509866 0.891137 1.564991 55.290223 -23.348444 1.411719 2.897778
111020276 1.181147 -0.509866 0.896137 1.567843 55.140017 -23.348444 1.413637 2.892508
111020277 1.181147 -0.509866 0.901137 1.570707 54.990358 -23.348444 1.415513 2.887238
111020278 1.181147 -0.509866 0.906137 1.573580 54.841244 -23.348444 1.417347 2.881967
111020279 1.181147 -0.509866 0.911137 1.576465 54.692675 -23.348444 1.419138 2.876696
111020280 1.181147 -0.509866 0.916137 1.579360 54.544650 -23.348444 1.420889 2.871425
111020281 1.181147 -0.509866 0.921137 1.582266 54.397167 -23.348444 1.422598 2.866154
111020282 1.181147 -0.509866 0.926137 1.585182 54.250226 -23.348444 1.424266 2.860884
111020283 1.181147 -0.509866 0.931137 1.588108 54.103826 -23.348444 1.425894 2.855615
111020284 1.181147 -0.509866 0.936137 1.591045 53.957965 -23.348444 1.427481 2.850346
111020285 1.181147 -0.509866 0.941137 1.593992 53.812642 -23.348444 1.429029 2.845078
111020286 1.181147 -0.509866 0.946137 1.596949 53.667857 -23.348444 1.430538 2.839812
111020287 1.181147 -0.509866 0.951137 1.599916 53.523608 -23.348444 1.432007 2.834547
111020288 1.181147 -0.509866 0.956137 1.602894 53.379894 -23.348444 1.433437 2.829284
111020289 1.181147 -0.509866 0.961137 1.605882 53.236714 -23.348444 1.434830 2.824022
111020290 1.181147 -0.509866 0.966137 1.608879 53.094066 -23.348444 1.436184 2.818763
111020291 1.181147 -0.509866 0.971137 1.611887 52.951950 -23.348444 1.437500 2.813506
111020292 1.181147 -0.509866 0.976137 1.614904 52.810364 -23.348444 1.438779 2.808251
111020293 1.181147 -0.509866 0.981137 1.617931 52.669307 -23.348444 1.440021 2.802999
111020294 1.181147 -0.509866 0.986137 1.620968 52.528777 -23.348444 1.441226 2.797749
111020295 1.181147 -0.509866 0.991137 1.624015 52.388774 -23.348444 1.442395 2.792503
111020296 1.181147 -0.509866 0.996137 1.627071 52.249297 -23.348444 1.443528 2.787259
111020297 1.181147 -0.509866 1.001137 1.630137 52.110343 -23.348444 1.444626 2.782019
111020298 1.181147 -0.509866 1.006137 1.633212 51.971911 -23.348444 1.445688 2.776783
111020299 1.181147 -0.509866 1.011137 1.636297 51.834001 -23.348444 1.446715 2.771549
111020300 1.181147 -0.509866 1.016137 1.639392 51.696611 -23.348444 1.447707 2.766320
111020301 1.192865 -0.486210 0.521137 1.389572 67.973587 -22.175724 1.110272 3.259169
111020302 1.192865 -0.486210 0.526137 1.391455 67.782730 -22.175724 1.116064 3.254761
111020303 1.192865 -0.486210 0.531137 1.393353 67.592390 -22.175724 1.121796 3.250329
111020304 1.192865 -0.486210 0.536137 1.395267 67.402571 -22.175724 1.127467 3.245874
111020305 1.192865 -0.486210 0.541137 1.397196 67.213273 -22.175724 1.133079 3.241395
111020306 1.192865 -0.486210 0.546137 1.399140 67.024500 -22.175724 1.138631 3.236893
111020307 1.192865 -0.486210 0.551137 1.401099 66.836252 -22.175724 1.144122 3.232369
111020308 1.192865 -0.486210 0.556137 1.403074 66.648532 -22.175724 1.149554 3.227823
111020309 1.192865 -0.486210 0.561137 1.405063 66.461342 -22.175724 1.154926 3.223256
111020310 1.192865 -0.486210 0.566137 1.407067 66.274683 -22.175724 1.160239 3.218667
111020311 1.192865 -0.486210 0.571137 1.409086 66.088557 -22.175724 1.165492 3.214057
111020312 1.192865 -0.486210 0.576137 1.411120 65.902966 -22.175724 1.170686 3.209427
111020313 1.192865 -0.486210 0.581137 1.413169 65.717911 -22.175724 1.175820 3.204776
111020314 1.192865 -0.486210 0.586137 1.415233 65.533393 -22.175724 1.180895 3.200106
111020315 1.192865 -0.486210 0.591137 1.417311 65.349415 -22.175724 1.185911 3.195416
111020316 1.192865 -0.486210 0.596137 1.419404 65.165978 -22.175724 1.190869 3.190707
111020317 1.192865 -0.486210 0.601137 1.421511 64.983082 -22.175724 1.195767 3.185980
111020318 1.192865 -0.486210 0.606137 1.423632 64.800729 -22.175724 1.200607 3.181234
111020319 1.192865 -0.486210 0.611137 1.425768 64.618922 -22.175724 1.205389 3.176471
111020320 1.192865 -0.486210 0.616137 1.427919 64.437660 -22.175724 1.210113 3.171690
111020321 1.192865 -0.486210 0.621137 1.430083 64.256944 -22.175724 1.214778 3.166891
111020322 1.192865 -0.486210 0.626137 1.432262 64.076777 -22.175724 1.219385 3.162076
111020323 1.192865 -0.486210 0.631137 1.434455 63.897159 -22.175724 1.223935 3.157245
111020324 1.192865 -0.486210 0.636137 1.436662 63.718091 -22.175724 1.228428 3.152397
111020325 1.192865 -0.486210 0.641137 1.438883 63.539574 -22.175724 1.232863 3.147534
111020326 1.192865 -0.486210 0.646137 1.441118 63.361609 -22.175724 1.237241 3.142655
111020327 1.192865 -0.486210 0.651137 1.443366 63.184197 -22.175724 1.241562 3.137762
111020328 1.192865 -0.486210 0.656137 1.445629 63.007339 -22.175724 1.245826 3.132853
111020329 1.192865 -0.486210 0.661137 1.447905 62.831035 -22.175724 1.250035 3.127931
111020330 1.192865 -0.486210 0.666137 1.450195 62.655286 -22.175724 1.254187 3.122994
111020331 1.192865 -0.486210 0.671137 1.452498 62.480092 -22.175724 1.258283 3.118044
111020332 1.192865 -0.486210 0.676137 1.454816 62.305456 -22.175724 1.262323 3.113080
111020333 1.192865 -0.486210 0.681137 1.457146 62.131376 -22.175724 1.266308 3.108104
111020334 1.192865 -0.486210 0.686137 1.459490 61.957854 -22.175724 1.270237 3.103115
111020335 1.192865 -0.486210 0.691137 1.461847 61.784889 -22.175724 1.274112 3.098113
111020336 1.192865 -0.486210 0.696137 1.464218 61.612484 -22.175724 1.277932 3.093100
111020337 1.192865 -0.486210 0.701137 1.466602 61.440637 -22.175724 1.281698 3.088075
111020338 1.192865 -0.486210 0.706137 1.468998 61.269349 -22.175724 1.285409 3.083039
111020339 1.192865 -0.486210 0.711137 1.471408 61.098621 -22.175724 1.289066 3.077991
111020340 1.192865 -0.486210 0.716137 1.473831 60.928453 -22.175724 1.292670 3.072933
111020341 1.192865 -0.486210 0.721137 1.476267 60.758845 -22.175724 1.296221 3.067865
111020342 1.192865 -0.486210 0.726137 1.478716 60.589797 -22.175724 1.299718 3.062787
111020343 1.192865 -0.486210 0.731137 1.481178 60.421310 -22.175724 1.303163 3.057699
111020344 1.192865 -0.486210 0.736137 1.483652 60.253383 -22.175724 1.306555 3.052602
111020345 1.192865 -0.486210 0.741137 1.486140 60.086017 -22.175724 1.309895 3.047496
111020346 1.192865 -0.486210 0.746137 1.488639 59.919212 -22.175724 1.313183 3.042380
111020347 1.192865 -0.486210 0.751137 1.491152 59.752967 -22.175724 1.316420 3.037257
111020348 1.192865 -0.486210 0.756137 1.493677 59.587283 -22.175724 1.319605 3.032125
111020349 1.192865 -0.486210 0.761137 1.496214 59.422159 -22.175724 1.322739 3.026985
111020350 1.192865 -0.486210 0.766137 1.498764 59.257596 -22.175724 1.325823 3.021838
111020351 1.192865 -0.486210 0.771137 1.501326 59.093594 -22.175724 1.328856 3.016684
111020352 1.192865 -0.486210 0.776137 1.503900 58.930151 -22.175724 1.331839 3.011522
111020353 1.192865 -0.486210 0.781137 1.506487 58.767268 -22.175724 1.334773 3.006354
111020354 1.192865 -0.486210 0.786137 1.509085 58.604945 -22.175724 1.337657 3.001180
111020355 1.192865 -0.486210 0.791137 1.511696 58.443182 -22.175724 1.340492 2.995999
111020356 1.192865 -0.486210 0.796137 1.514319 58.281977 -22.175724 1.343278 2.990812
111020357 1.192865 -0.486210 0.801137 1.516953 58.121331 -22.175724 1.346015 2.985620
111020358 1.192865 -0.486210 0.806137 1.519600 57.961243 -22.175724 1.348705 2.980423
111020359 1.192865 -0.486210 0.811137 1.522258 57.801714 -22.175724 1.351346 2.975220
111020360 1.192865 -0.486210 0.816137 1.524928 57.642741 -22.175724 1.353940 2.970013
111020361 1.192865 -0.486210 0.821137 1.527610 57.484326 -22.175724 1.356487 2.964802
111020362 1.192865 -0.486210 0.826137 1.530304 57.326467 -22.175724 1.358988 2.959586
111020363 1.192865 -0.486210 0.831137 1.533009 57.169164 -22.175724 1.361441 2.954366
111020364 1.192865 -0.486210 0.836137 1.535725 57.012417 -22.175724 1.363849 2.949142
111020365 1.192865 -0.486210 0.841137 1.538453 56.856224 -22.175724 1.366211 2.943915
111020366 1.192865 -0.486210 0.846137 1.541193 56.700585 -22.175724 1.368527 2.938684
111020367 1.192865 -0.486210 0.851137 1.543943 56.545499 -22.175724 1.370798 2.933451
111020368 1.192865 -0.486210 0.856137 1.546705 56.390967 -22.175724 1.373024 2.928215
111020369 1.192865 -0.486210 0.861137 1.549479 56.236986 -22.175724 1.375206 2.922976
111020370 1.192865 -0.486210 0.866137 1.552263 56.083557 -22.175724 1.377344 2.917736
111020371 1.192865 -0.486210 0.871137 1.555058 55.930678 -22.175724 1.379438 2.912493
111020372 1.192865 -0.486210 0.876137 1.557865 55.778349 -22.175724 1.381488 2.907248
111020373 1.192865 -0.486210 0.881137 1.560682 55.626569 -22.175724 1.383495 2.902002
111020374 1.192865 -0.486210 0.886137 1.563511 55.475337 -22.175724 1.385460 2.896755
111020375 1.192865 -0.486210 0.891137 1.566350 55.324652 -22.175724 1.387382 2.891506
111020376 1.192865 -0.486210 0.896137 1.569200 55.174513 -22.175724 1.389262 2.886257
111020377 1.192865 -0.486210 0.901137 1.572061 55.024920 -22.175724 1.391101 2.881007
111020378 1.192865 -0.486210 0.906137 1.574932 54.875872 -22.175724 1.392897 2.875756
111020379 1.192865 -0.486210 0.911137 1.577814 54.727367 -22.175724 1.394653 2.870506
111020380 1.192865 -0.486210 0.916137 1.580707 54.579404 -22.175724 1.396369 2.865255
111020381 1.192865 -0.486210 0.921137 1.583610 54.431983 -22.175724 1.398043 2.860004
111020382 1.192865 -0.486210 0.926137 1.586523 54.285102 -22.175724 1.399678 2.854754
111020383 1.192865 -0.486210 0.931137 1.589447 54.138761 -22.175724 1.401273 2.849505
111020384 1.192865 -0.486210 0.936137 1.592382 53.992958 -22.175724 1.402829 2.844256
111020385 1.192865 -0.486210 0.941137 1.595326 53.847693 -22.175724 1.404346 2.839009
111020386 1.192865 -0.486210 0.946137 1.598281 53.702964 -22.175724 1.405824 2.833762
111020387 1.192865 -0.486210 0.951137 1.601246 53.558769 -22.175724 1.407263 2.828517
111020388 1.192865 -0.486210 0.956137 1.604221 53.415109 -22.175724 1.408665 2.823274
111020389 1.192865 -0.486210 0.961137 1.607206 53.271981 -22.175724 1.410029 2.818032
111020390 1.192865 -0.486210 0.966137 1.610201 53.129385 -22.175724 1.411356 2.812793
111020391 1.192865 -0.486210 0.971137 1.613206 52.987320 -22.175724 1.412646 2.807555
111020392 1.192865 -0.486210 0.976137 1.616221 52.845783 -22.175724 1.413899 2.802320
111020393 1.192865 -0.486210 0.981137 1.619246 52.704775 -22.175724 1.415116 2.797088
111020394 1.192865 -0.486210 0.986137 1.622280 52.564293 -22.175724 1.416297 2.791858
111020395 1.192865 -0.486210 0.991137 1.625324 52.424336 -22.175724 1.417443 2.786631
111020396 1.192865 -0.486210 0.996137 1.628378 52.284904 -22.175724 1.418553 2.781407
111020397 1.192865 -0.486210 1.001137 1.631442 52.145994 -22.175724 1.419628 2.776186
111020398 1.192865 -0.486210 1.006137 1.634515 52.007606 -22.175724 1.420668 2.770968
111020399 1.192865 -0.486210 1.011137 1.637597 51.869738 -22.175724 1.421674 2.765755
111020400 1.192865 -0.486210 1.016137 1.640689 51.732389 -22.175724 1.422647 2.760544
111020401 1.204584 -0.462553 0.521137 1.391604 68.007420 -21.006499 1.090664 3.248840
111020402 1.204584 -0.462553 0.526137 1.393484 67.816795 -21.006499 1.096332 3.244459
111020403 1.204584 -0.462553 0.531137 1.395379 67.626685 -21.006499 1.101941 3.240053
111020404 1.204584 -0.462553 0.536137 1.397290 67.437094 -21.006499 1.107492 3.235625
111020405 1.204584 -0.462553 0.541137 1.399216 67.248022 -21.006499 1.112984 3.231173
111020406 1.204584 -0.462553 0.546137 1.401157 67.059473 -21.006499 1.118417 3.226699
111020407 1.204584 -0.462553 0.551137 1.403114 66.871447 -21.006499 1.123792 3.222202
111020408 1.204584 -0.462553 0.556137 1.405085 66.683947 -21.006499 1.129108 3.217683
111020409 1.204584 -0.462553 0.561137 1.407072 66.496974 -21.006499 1.134366 3.213143
111020410 1.204584 -0.462553 0.566137 1.409073 66.310530 -21.006499 1.139566 3.208581
111020411 1.204584 -0.462553 0.571137 1.411090 66.124617 -21.006499 1.144707 3.203999
111020412 1.204584 -0.462553 0.576137 1.413121 65.939237 -21.006499 1.149790 3.199396
111020413 1.204584 -0.462553 0.581137 1.415167 65.754391 -21.006499 1.154816 3.194773
111020414 1.204584 -0.462553 0.586137 1.417227 65.570080 -21.006499 1.159783 3.190131
111020415 1.204584 -0.462553 0.591137 1.419302 65.386307 -21.006499 1.164693 3.185469
111020416 1.204584 -0.462553 0.596137 1.421392 65.203072 -21.006499 1.169545 3.180788
111020417 1.204584 -0.462553 0.601137 1.423497 65.020376 -21.006499 1.174340 3.176088
111020418 1.204584 -0.462553 0.606137 1.425615 64.838222 -21.006499 1.179078 3.171370
111020419 1.204584 -0.462553 0.611137 1.427748 64.656611 -21.006499 1.183759 3.166635
111020420 1.204584 -0.462553 0.616137 1.429896 64.475543 -21.006499 1.188382 3.161882
111020421 1.204584 -0.462553 0.621137 1.432057 64.295020 -21.006499 1.192949 3.157111
111020422 1.204584 -0.462553 0.626137 1.434233 64.115043 -21.006499 1.197459 3.152325
111020423 1.204584 -0.462553 0.631137 1.436423 63.935612 -21.006499 1.201913 3.147521
111020424 1.204584 -0.462553 0.636137 1.438627 63.756730 -21.006499 1.206311 3.142702
111020425 1.204584 -0.462553 0.641137 1.440845 63.578397 -21.006499 1.210653 3.137867
111020426 1.204584 -0.462553 0.646137 1.443076 63.400614 -21.006499 1.214938 3.133016
111020427 1.204584 -0.462553 0.651137 1.445322 63.223381 -21.006499 1.219169 3.128151
111020428 1.204584 -0.462553 0.656137 1.447582 63.046700 -21.006499 1.223344 3.123270
111020429 1.204584 -0.462553 0.661137 1.449855 62.870572 -21.006499 1.227463 3.118376
111020430 1.204584 -0.462553 0.666137 1.452142 62.694996 -21.006499 1.231528 3.113468
111020431 1.204584 -0.462553 0.671137 1.454442 62.519974 -21.006499 1.235538 3.108546
111020432 1.204584 -0.462553 0.676137 1.456756 62.345507 -21.006499 1.239494 3.103610
111020433 1.204584 -0.462553 0.681137 1.459083 62.171595 -21.006499 1.243395 3.098662
111020434 1.204584 -0.462553 0.686137 1.461424 61.998238 -21.006499 1.247243 3.093701
111020435 1.204584 -0.462553 0.691137 1.463778 61.825437 -21.006499 1.251036 3.088728
111020436 1.204584 -0.462553 0.696137 1.466146 61.653193 -21.006499 1.254776 3.083743
111020437 1.204584 -0.462553 0.701137 1.468526 61.481505 -21.006499 1.258463 3.078746
111020438 1.204584 -0.462553 0.706137 1.470920 61.310375 -21.006499 1.262097 3.073739
111020439 1.204584 -0.462553 0.711137 1.473327 61.139802 -21.006499 1.265678 3.068720
111020440 1.204584 -0.462553 0.716137 1.475747 60.969788 -21.006499 1.269207 3.063690
111020441 1.204584 -0.462553 0.721137 1.478180 60.800331 -21.006499 1.272684 3.058650
111020442 1.204584 -0.462553 0.726137 1.480625 60.631433 -21.006499 1.276108 3.053600
111020443 1.204584 -0.462553 0.731137 1.483084 60.463093 -21.006499 1.279481 3.048541
111020444 1.204584 -0.462553 0.736137 1.485555 60.295312 -21.006499 1.282803 3.043472
111020445 1.204584 -0.462553 0.741137 1.488039 60.128090 -21.006499 1.286074 3.038394
111020446 1.204584 -0.462553 0.746137 1.490536 59.961427 -21.006499 1.289294 3.033307
111020447 1.204584 -0.462553 0.751137 1.493045 59.795322 -21.006499 1.292463 3.028211
111020448 1.204584 -0.462553 0.756137 1.495567 59.629776 -21.006499 1.295582 3.023108
111020449 1.204584 -0.462553 0.761137 1.498101 59.464789 -21.006499 1.298652 3.017996
111020450 1.204584 -0.462553 0.766137 1.500647 59.300360 -21.006499 1.301672 3.012877
111020451 1.204584 -0.462553 0.771137 1.503206 59.136490 -21.006499 1.304642 3.007751
111020452 1.204584 -0.462553 0.776137 1.505777 58.973178 -21.006499 1.307564 3.002618
111020453 1.204584 -0.462553 0.781137 1.508361 58.810424 -21.006499 1.310437 2.997478
111020454 1.204584 -0.462553 0.786137 1.510956 58.648228 -21.006499 1.313261 2.992331
111020455 1.204584 -0.462553 0.791137 1.513563 58.486589 -21.006499 1.316038 2.987178
111020456 1.204584 -0.462553 0.796137 1.516183 58.325508 -21.006499 1.318766 2.982020
111020457 1.204584 -0.462553 0.801137 1.518814 58.164983 -21.006499 1.321448 2.976856
111020458 1.204584 -0.462553 0.806137 1.521458 58.005016 -21.006499 1.324082 2.971686
111020459 1.204584 -0.462553 0.811137 1.524113 57.845604 -21.006499 1.326669 2.966512
111020460 1.204584 -0.462553 0.816137 1.526780 57.686748 -21.006499 1.329210 2.961332
111020461 1.204584 -0.462553 0.821137 1.529458 57.528447 -21.006499 1.331705 2.956148
111020462 1.204584 -0.462553 0.826137 1.532148 57.370701 -21.006499 1.334154 2.950960
111020463 1.204584 -0.462553 0.831137 1.534850 57.213509 -21.006499 1.336558 2.945768
111020464 1.204584 -0.462553 0.836137 1.537564 57.056870 -21.006499 1.338916 2.940572
111020465 1.204584 -0.462553 0.841137 1.540288 56.900785 -21.006499 1.341229 2.935372
111020466 1.204584 -0.462553 0.846137 1.543024 56.745252 -21.006499 1.343498 2.930169
111020467 1.204584 -0.462553 0.851137 1.545772 56.590271 -21.006499 1.345723 2.924963
111020468 1.204584 -0.462553 0.856137 1.548531 56.435841 -21.006499 1.347904 2.919755
111020469 1.204584 -0.462553 0.861137 1.551301 56.281961 -21.006499 1.350042 2.914544
111020470 1.204584 -0.462553 0.866137 1.554082 56.128631 -21.006499 1.352136 2.909330
111020471 1.204584 -0.462553 0.871137 1.556874 55.975849 -21.006499 1.354187 2.904115
111020472 1.204584 -0.462553 0.876137 1.559677 55.823616 -21.006499 1.356196 2.898897
111020473 1.204584 -0.462553 0.881137 1.562491 55.671931 -21.006499 1.358163 2.893678
111020474 1.204584 -0.462553 0.886137 1.565316 55.520791 -21.006499 1.360088 2.888458
111020475 1.204584 -0.462553 0.891137 1.568152 55.370197 -21.006499 1.361971 2.883237
111020476 1.204584 -0.462553 0.896137 1.570999 55.220149 -21.006499 1.363813 2.878014
111020477 1.204584 -0.462553 0.901137 1.573857 55.070643 -21.006499 1.365614 2.872791
111020478 1.204584 -0.462553 0.906137 1.576725 54.921681 -21.006499 1.367375 2.867568
111020479 1.204584 -0.462553 0.911137 1.579603 54.773261 -21.006499 1.369096 2.862344
111020480 1.204584 -0.462553 0.916137 1.582493 54.625381 -21.006499 1.370776 2.857120
111020481 1.204584 -0.462553 0.921137 1.585393 54.478042 -21.006499 1.372418 2.851896
111020482 1.204584 -0.462553 0.926137 1.588303 54.331242 -21.006499 1.374020 2.846672
111020483 1.204584 -0.462553 0.931137 1.591224 54.184979 -21.006499 1.375583 2.841450
111020484 1.204584 -0.462553 0.936137 1.594155 54.039254 -21.006499 1.377107 2.836227
111020485 1.204584 -0.462553 0.941137 1.597096 53.894064 -21.006499 1.378594 2.831006
111020486 1.204584 -0.462553 0.946137 1.600047 53.749409 -21.006499 1.380042 2.825786
111020487 1.204584 -0.462553 0.951137 1.603009 53.605288 -21.006499 1.381453 2.820567
111020488 1.204584 -0.462553 0.956137 1.605981 53.461699 -21.006499 1.382827 2.815350
111020489 1.204584 -0.462553 0.961137 1.608963 53.318641 -21.006499 1.384164 2.810135
111020490 1.204584 -0.462553 0.966137 1.611954 53.176114 -21.006499 1.385465 2.804921
111020491 1.204584 -0.462553 0.971137 1.614956 53.034116 -21.006499 1.386729 2.799710
111020492 1.204584 -0.462553 0.976137 1.617968 52.892645 -21.006499 1.387958 2.794501
111020493 1.204584 -0.462553 0.981137 1.620989 52.751701 -21.006499 1.389150 2.789294
111020494 1.204584 -0.462553 0.986137 1.624021 52.611282 -21.006499 1.390308 2.784090
111020495 1.204584 -0.462553 0.991137 1.627061 52.471387 -21.006499 1.391431 2.778888
111020496 1.204584 -0.462553 0.996137 1.630112 52.332015 -21.006499 1.392519 2.773690
111020497 1.204584 -0.462553 1.001137 1.633172 52.193164 -21.006499 1.393573 2.768495
111020498 1.204584 -0.462553 1.006137 1.636242 52.054834 -21.006499 1.394593 2.763303
111020499 1.204584 -0.462553 1.011137 1.639321 51.917022 -21.006499 1.395580 2.758114
111020500 1.204584 -0.462553 1.016137 1.642410 51.779728 -21.006499 1.396533 2.752929
111020501 1.216302 -0.438896 0.521137 1.394132 68.049382 -19.841721 1.070172 3.236066
111020502 1.216302 -0.438896 0.526137 1.396009 67.859045 -19.841721 1.075712 3.231717
111020503 1.216302 -0.438896 0.531137 1.397901 67.669222 -19.841721 1.081196 3.227346
111020504 1.216302 -0.438896 0.536137 1.399808 67.479914 -19.841721 1.086622 3.222950
111020505 1.216302 -0.438896 0.541137 1.401731 67.291123 -19.841721 1.091990 3.218532
111020506 1.216302 -0.438896 0.546137 1.403669 67.102851 -19.841721 1.097302 3.214091
111020507 1.216302 -0.438896 0.551137 1.405622 66.915100 -19.841721 1.102556 3.209628
111020508 1.216302 -0.438896 0.556137 1.407590 66.727873 -19.841721 1.107754 3.205143
111020509 1.216302 -0.438896 0.561137 1.409573 66.541170 -19.841721 1.112894 3.200636
111020510 1.216302 -0.438896 0.566137 1.411571 66.354994 -19.841721 1.117977 3.196108
111020511 1.216302 -0.438896 0.571137 1.413583 66.169346 -19.841721 1.123004 3.191560
111020512 1.216302 -0.438896 0.576137 1.415611 65.984228 -19.841721 1.127974 3.186991
111020513 1.216302 -0.438896 0.581137 1.417653 65.799641 -19.841721 1.132887 3.182402
111020514 1.216302 -0.438896 0.586137 1.419710 65.615588 -19.841721 1.137744 3.177793
111020515 1.216302 -0.438896 0.591137 1.421782 65.432068 -19.841721 1.142545 3.173166
111020516 1.216302 -0.438896 0.596137 1.423868 65.249085 -19.841721 1.147289 3.168519
111020517 1.216302 -0.438896 0.601137 1.425968 65.066639 -19.841721 1.151978 3.163854
111020518 1.216302 -0.438896 0.606137 1.428083 64.884731 -19.841721 1.156611 3.159170
111020519 1.216302 -0.438896 0.611137 1.430213 64.703364 -19.841721 1.161187 3.154469
111020520 1.216302 -0.438896 0.616137 1.432356 64.522537 -19.841721 1.165709 3.149751
111020521 1.216302 -0.438896 0.621137 1.434514 64.342253 -19.841721 1.170175 3.145015
111020522 1.216302 -0.438896 0.626137 1.436686 64.162512 -19.841721 1.174585 3.140263
111020523 1.216302 -0.438896 0.631137 1.438873 63.983315 -19.841721 1.178941 3.135494
111020524 1.216302 -0.438896 0.636137 1.441073 63.804664 -19.841721 1.183242 3.130709
111020525 1.216302 -0.438896 0.641137 1.443287 63.626559 -19.841721 1.187488 3.125909
111020526 1.216302 -0.438896 0.646137 1.445515 63.449001 -19.841721 1.191679 3.121093
111020527 1.216302 -0.438896 0.651137 1.447757 63.271992 -19.841721 1.195817 3.116262
111020528 1.216302 -0.438896 0.656137 1.450012 63.095532 -19.841721 1.199900 3.111417
111020529 1.216302 -0.438896 0.661137 1.452282 62.919622 -19.841721 1.203929 3.106557
111020530 1.216302 -0.438896 0.666137 1.454565 62.744262 -19.841721 1.207905 3.101684
111020531 1.216302 -0.438896 0.671137 1.456861 62.569453 -19.841721 1.211827 3.096797
111020532 1.216302 -0.438896 0.676137 1.459171 62.395196 -19.841721 1.215697 3.091896
111020533 1.216302 -0.438896 0.681137 1.461495 62.221492 -19.841721 1.219513 3.086983
111020534 1.216302 -0.438896 0.686137 1.463832 62.048341 -19.841721 1.223276 3.082057
111020535 1.216302 -0.438896 0.691137 1.466182 61.875743 -19.841721 1.226987 3.077119
111020536 1.216302 -0.438896 0.696137 1.468546 61.703700 -19.841721 1.230646 3.072169
111020537 1.216302 -0.438896 0.701137 1.470923 61.532211 -19.841721 1.234253 3.067207
111020538 1.216302 -0.438896 0.706137 1.473312 61.361276 -19.841721 1.237808 3.062234
111020539 1.216302 -0.438896 0.711137 1.475715 61.190897 -19.841721 1.241312 3.057250
111020540 1.216302 -0.438896 0.716137 1.478131 61.021073 -19.841721 1.244764 3.052256
111020541 1.216302 -0.438896 0.721137 1.480560 60.851805 -19.841721 1.248166 3.047251
111020542 1.216302 -0.438896 0.726137 1.483002 60.683093 -19.841721 1.251516 3.042236
111020543 1.216302 -0.438896 0.731137 1.485457 60.514937 -19.841721 1.254817 3.037211
111020544 1.216302 -0.438896 0.736137 1.487924 60.347337 -19.841721 1.258067 3.032177
111020545 1.216302 -0.438896 0.741137 1.490404 60.180294 -19.841721 1.261267 3.027134
111020546 1.216302 -0.438896 0.746137 1.492897 60.013807 -19.841721 1.264418 3.022082
111020547 1.216302 -0.438896 0.751137 1.495402 59.847876 -19.841721 1.267520 3.017021
111020548 1.216302 -0.438896 0.756137 1.497920 59.682502 -19.841721 1.270572 3.011953
111020549 1.216302 -0.438896 0.761137 1.500450 59.517685 -19.841721 1.273576 3.006876
111020550 1.216302 -0.438896 0.766137 1.502992 59.353423 -19.841721 1.276531 3.001792
111020551 1.216302 -0.438896 0.771137 1.505547 59.189718 -19.841721 1.279438 2.996700
111020552 1.216302 -0.438896 0.776137 1.508114 59.026568 -19.841721 1.282298 2.991601
111020553 1.216302 -0.438896 0.781137 1.510694 58.863975 -19.841721 1.285109 2.986496
111020554 1.216302 -0.438896 0.786137 1.513285 58.701937 -19.841721 1.287874 2.981384
111020555 1.216302 -0.438896 0.791137 1.515888 58.540454 -19.841721 1.290592 2.976266
111020556 1.216302 -0.438896 0.796137 1.518504 58.379526 -19.841721 1.293263 2.971142
111020557 1.216302 -0.438896 0.801137 1.521131 58.219153 -19.841721 1.295887 2.966012
111020558 1.216302 -0.438896 0.806137 1.523771 58.059335 -19.841721 1.298466 2.960877
111020559 1.216302 -0.438896 0.811137 1.526422 57.900070 -19.841721 1.300999 2.955737
111020560 1.216302 -0.438896 0.816137 1.529085 57.741358 -19.841721 1.303486 2.950592
111020561 1.216302 -0.438896 0.821137 1.531759 57.583200 -19.841721 1.305929 2.945442
111020562 1.216302 -0.438896 0.826137 1.534445 57.425594 -19.841721 1.308327 2.940288
111020563 1.216302 -0.438896 0.831137 1.537143 57.268541 -19.841721 1.310680 2.935130
111020564 1.216302 -0.438896 0.836137 1.539852 57.112038 -19.841721 1.312989 2.929968
111020565 1.216302 -0.438896 0.841137 1.542573 56.956087 -19.841721 1.315254 2.924803
111020566 1.216302 -0.438896 0.846137 1.545305 56.800686 -19.841721 1.317476 2.919634
111020567 1.216302 -0.438896 0.851137 1.548049 56.645835 -19.841721 1.319655 2.914462
111020568 1.216302 -0.438896 0.856137 1.550803 56.491532 -19.841721 1.321790 2.909288
111020569 1.216302 -0.438896 0.861137 1.553569 56.337778 -19.841721 1.323884 2.904110
111020570 1.216302 -0.438896 0.866137 1.556346 56.184572 -19.841721 1.325935 2.898931
111020571 1.216302 -0.438896 0.871137 1.559134 56.031912 -19.841721 1.327944 2.893749
111020572 1.216302 -0.438896 0.876137 1.561933 55.879798 -19.841721 1.329911 2.888565
111020573 1.216302 -0.438896 0.881137 1.564744 55.728230 -19.841721 1.331838 2.883380
111020574 1.216302 -0.438896 0.886137 1.567565 55.577206 -19.841721 1.333723 2.878193
111020575 1.216302 -0.438896 0.891137 1.570397 55.426726 -19.841721 1.335568 2.873005
111020576 1.216302 -0.438896 0.896137 1.573239 55.276789 -19.841721 1.337373 2.867816
111020577 1.216302 -0.438896 0.901137 1.576093 55.127393 -19.841721 1.339137 2.862626
111020578 1.216302 -0.438896 0.906137 1.578957 54.978539 -19.841721 1.340862 2.857435
111020579 1.216302 -0.438896 0.911137 1.581831 54.830224 -19.841721 1.342548 2.852245
111020580 1.216302 -0.438896 0.916137 1.584717 54.682449 -19.841721 1.344195 2.847054
111020581 1.216302 -0.438896 0.921137 1.587612 54.535212 -19.841721 1.345803 2.841863
111020582 1.216302 -0.438896 0.926137 1.590519 54.388512 -19.841721 1.347373 2.836672
111020583 1.216302 -0.438896 0.931137 1.593435 54.242348 -19.841721 1.348905 2.831482
111020584 1.216302 -0.438896 0.936137 1.596362 54.096718 -19.841721 1.350399 2.826293
111020585 1.216302 -0.438896 0.941137 1.599299 53.951623 -19.841721 1.351856 2.821104
111020586 1.216302 -0.438896 0.946137 1.602247 53.807061 -19.841721 1.353275 2.815917
111020587 1.216302 -0.438896 0.951137 1.605205 53.663031 -19.841721 1.354659 2.810730
111020588 1.216302 -0.438896 0.956137 1.608172 53.519531 -19.841721 1.356005 2.805546
111020589 1.216302 -0.438896 0.961137 1.611150 53.376561 -19.841721 1.357316 2.800362
111020590 1.216302 -0.438896 0.966137 1.614138 53.234119 -19.841721 1.358591 2.795181
111020591 1.216302 -0.438896 0.971137 1.617135 53.092205 -19.841721 1.359831 2.790002
111020592 1.216302 -0.438896 0.976137 1.620143 52.950816 -19.841721 1.361036 2.784824
111020593 1.216302 -0.438896 0.981137 1.623160 52.809953 -19.841721 1.362205 2.779649
111020594 1.216302 -0.438896 0.986137 1.626188 52.669612 -19.841721 1.363341 2.774477
111020595 1.216302 -0.438896 0.991137 1.629225 52.529795 -19.841721 1.364442 2.769307
111020596 1.216302 -0.438896 0.996137 1.632271 52.390498 -19.841721 1.365509 2.764141
111020597 1.216302 -0.438896 1.001137 1.635327 52.251721 -19.841721 1.366543 2.758977
111020598 1.216302 -0.438896 1.006137 1.638393 52.113463 -19.841721 1.367544 2.753816
111020599 1.216302 -0.438896 1.011137 1.641468 51.975722 -19.841721 1.368512 2.748659
111020600 1.216302 -0.438896 1.016137 1.644553 51.838497 -19.841721 1.369448 2.743505
111020601 1.228020 -0.415240 0.521137 1.397155 68.099332 -18.682322 1.048875 3.220905
111020602 1.228020 -0.415240 0.526137 1.399027 67.909340 -18.682322 1.054285 3.216596
111020603 1.228020 -0.415240 0.531137 1.400915 67.719857 -18.682322 1.059638 3.212263
111020604 1.228020 -0.415240 0.536137 1.402819 67.530887 -18.682322 1.064936 3.207907
111020605 1.228020 -0.415240 0.541137 1.404737 67.342431 -18.682322 1.070178 3.203528
111020606 1.228020 -0.415240 0.546137 1.406671 67.154491 -18.682322 1.075365 3.199127
111020607 1.228020 -0.415240 0.551137 1.408620 66.967068 -18.682322 1.080496 3.194703
111020608 1.228020 -0.415240 0.556137 1.410584 66.780166 -18.682322 1.085571 3.190258
111020609 1.228020 -0.415240 0.561137 1.412562 66.593785 -18.682322 1.090591 3.185791
111020610 1.228020 -0.415240 0.566137 1.414556 66.407928 -18.682322 1.095555 3.181303
111020611 1.228020 -0.415240 0.571137 1.416565 66.222596 -18.682322 1.100464 3.176795
111020612 1.228020 -0.415240 0.576137 1.418588 66.037791 -18.682322 1.105318 3.172266
111020613 1.228020 -0.415240 0.581137 1.420626 65.853514 -18.682322 1.110117 3.167718
111020614 1.228020 -0.415240 0.586137 1.422679 65.669766 -18.682322 1.114860 3.163149
111020615 1.228020 -0.415240 0.591137 1.424746 65.486551 -18.682322 1.119549 3.158562
111020616 1.228020 -0.415240 0.596137 1.426828 65.303868 -18.682322 1.124183 3.153956
111020617 1.228020 -0.415240 0.601137 1.428924 65.121719 -18.682322 1.128763 3.149332
111020618 1.228020 -0.415240 0.606137 1.431034 64.940105 -18.682322 1.133288 3.144689
111020619 1.228020 -0.415240 0.611137 1.433159 64.759029 -18.682322 1.137759 3.140028
111020620 1.228020 -0.415240 0.616137 1.435299 64.578490 -18.682322 1.142175 3.135351
111020621 1.228020 -0.415240 0.621137 1.437452 64.398490 -18.682322 1.146538 3.130656
111020622 1.228020 -0.415240 0.626137 1.439620 64.219031 -18.682322 1.150847 3.125945
111020623 1.228020 -0.415240 0.631137 1.441802 64.040113 -18.682322 1.155102 3.121217
111020624 1.228020 -0.415240 0.636137 1.443997 63.861737 -18.682322 1.159304 3.116473
111020625 1.228020 -0.415240 0.641137 1.446207 63.683905 -18.682322 1.163452 3.111714
111020626 1.228020 -0.415240 0.646137 1.448430 63.506617 -18.682322 1.167548 3.106939
111020627 1.228020 -0.415240 0.651137 1.450668 63.329875 -18.682322 1.171590 3.102150
111020628 1.228020 -0.415240 0.656137 1.452919 63.153678 -18.682322 1.175580 3.097346
111020629 1.228020 -0.415240 0.661137 1.455184 62.978028 -18.682322 1.179518 3.092527
111020630 1.228020 -0.415240 0.666137 1.457462 62.802926 -18.682322 1.183403 3.087695
111020631 1.228020 -0.415240 0.671137 1.459754 62.628372 -18.682322 1.187236 3.082849
111020632 1.228020 -0.415240 0.676137 1.462060 62.454366 -18.682322 1.191017 3.077990
111020633 1.228020 -0.415240 0.681137 1.464379 62.280911 -18.682322 1.194746 3.073118
111020634 1.228020 -0.415240 0.686137 1.466711 62.108005 -18.682322 1.198425 3.068234
111020635 1.228020 -0.415240 0.691137 1.469057 61.935650 -18.682322 1.202052 3.063337
111020636 1.228020 -0.415240 0.696137 1.471416 61.763846 -18.682322 1.205628 3.058428
111020637 1.228020 -0.415240 0.701137 1.473788 61.592594 -18.682322 1.209153 3.053508
111020638 1.228020 -0.415240 0.706137 1.476173 61.421893 -18.682322 1.212628 3.048576
111020639 1.228020 -0.415240 0.711137 1.478571 61.251745 -18.682322 1.216053 3.043634
111020640 1.228020 -0.415240 0.716137 1.480983 61.082149 -18.682322 1.219428 3.038680
111020641 1.228020 -0.415240 0.721137 1.483407 60.913106 -18.682322 1.222753 3.033717
111020642 1.228020 -0.415240 0.726137 1.485844 60.744617 -18.682322 1.226029 3.028743
111020643 1.228020 -0.415240 0.731137 1.488294 60.576680 -18.682322 1.229255 3.023760
111020644 1.228020 -0.415240 0.736137 1.490757 60.409297 -18.682322 1.232433 3.018767
111020645 1.228020 -0.415240 0.741137 1.493232 60.242467 -18.682322 1.235562 3.013765
111020646 1.228020 -0.415240 0.746137 1.495720 60.076191 -18.682322 1.238643 3.008754
111020647 1.228020 -0.415240 0.751137 1.498220 59.910469 -18.682322 1.241676 3.003735
111020648 1.228020 -0.415240 0.756137 1.500733 59.745300 -18.682322 1.244661 2.998708
111020649 1.228020 -0.415240 0.761137 1.503259 59.580685 -18.682322 1.247598 2.993672
111020650 1.228020 -0.415240 0.766137 1.505797 59.416624 -18.682322 1.250488 2.988629
111020651 1.228020 -0.415240 0.771137 1.508347 59.253115 -18.682322 1.253332 2.983579
111020652 1.228020 -0.415240 0.776137 1.510909 59.090160 -18.682322 1.256128 2.978521
111020653 1.228020 -0.415240 0.781137 1.513484 58.927759 -18.682322 1.258878 2.973457
111020654 1.228020 -0.415240 0.786137 1.516070 58.765910 -18.682322 1.261582 2.968386
111020655 1.228020 -0.415240 0.791137 1.518669 58.604613 -18.682322 1.264241 2.963309
111020656 1.228020 -0.415240 0.796137 1.521280 58.443869 -18.682322 1.266854 2.958226
111020657 1.228020 -0.415240 0.801137 1.523902 58.283677 -18.682322 1.269421 2.953137
111020658 1.228020 -0.415240 0.806137 1.526537 58.124037 -18.682322 1.271944 2.948042
111020659 1.228020 -0.415240 0.811137 1.529183 57.964948 -18.682322 1.274422 2.942943
111020660 1.228020 -0.415240 0.816137 1.531841 57.806410 -18.682322 1.276856 2.937839
111020661 1.228020 -0.415240 0.821137 1.534511 57.648422 -18.682322 1.279246 2.932730
111020662 1.228020 -0.415240 0.826137 1.537192 57.490984 -18.682322 1.281592 2.927616
111020663 1.228020 -0.415240 0.831137 1.539885 57.334096 -18.682322 1.283895 2.922499
111020664 1.228020 -0.415240 0.836137 1.542590 57.177757 -18.682322 1.286155 2.917377
111020665 1.228020 -0.415240 0.841137 1.545305 57.021966 -18.682322 1.288372 2.912252
111020666 1.228020 -0.415240 0.846137 1.548033 56.866722 -18.682322 1.290547 2.907124
111020667 1.228020 -0.415240 0.851137 1.550771 56.712026 -18.682322 1.292679 2.901992
111020668 1.228020 -0.415240 0.856137 1.553521 56.557877 -18.682322 1.294770 2.896857
111020669 1.228020 -0.415240 0.861137 1.556282 56.404273 -18.682322 1.296819 2.891720
111020670 1.228020 -0.415240 0.866137 1.559054 56.251215 -18.682322 1.298827 2.886580
111020671 1.228020 -0.415240 0.871137 1.561838 56.098701 -18.682322 1.300794 2.881439
111020672 1.228020 -0.415240 0.876137 1.564632 55.946731 -18.682322 1.302720 2.876295
111020673 1.228020 -0.415240 0.881137 1.567437 55.795303 -18.682322 1.304607 2.871149
111020674 1.228020 -0.415240 0.886137 1.570254 55.644418 -18.682322 1.306453 2.866002
111020675 1.228020 -0.415240 0.891137 1.573081 55.494074 -18.682322 1.308260 2.860853
111020676 1.228020 -0.415240 0.896137 1.575918 55.344270 -18.682322 1.310027 2.855704
111020677 1.228020 -0.415240 0.901137 1.578767 55.195006 -18.682322 1.311755 2.850553
111020678 1.228020 -0.415240 0.906137 1.581626 55.046281 -18.682322 1.313445 2.845402
111020679 1.228020 -0.415240 0.911137 1.584496 54.898093 -18.682322 1.315097 2.840251
111020680 1.228020 -0.415240 0.916137 1.587377 54.750442 -18.682322 1.316710 2.835099
111020681 1.228020 -0.415240 0.921137 1.590268 54.603327 -18.682322 1.318285 2.829947
111020682 1.228020 -0.415240 0.926137 1.593169 54.456747 -18.682322 1.319824 2.824796
111020683 1.228020 -0.415240 0.931137 1.596081 54.310701 -18.682322 1.321325 2.819644
111020684 1.228020 -0.415240 0.936137 1.599003 54.165188 -18.682322 1.322789 2.814494
111020685 1.228020 -0.415240 0.941137 1.601935 54.020206 -18.682322 1.324217 2.809344
111020686 1.228020 -0.415240 0.946137 1.604878 53.875755 -18.682322 1.325609 2.804195
111020687 1.228020 -0.415240 0.951137 1.607831 53.731834 -18.682322 1.326965 2.799047
111020688 1.228020 -0.415240 0.956137 1.610793 53.588442 -18.682322 1.328285 2.793900
111020689 1.228020 -0.415240 0.961137 1.613766 53.445577 -18.682322 1.329571 2.788755
111020690 1.228020 -0.415240 0.966137 1.616749 53.303238 -18.682322 1.330821 2.783612
111020691 1.228020 -0.415240 0.971137 1.619742 53.161424 -18.682322 1.332037 2.778471
111020692 1.228020 -0.415240 0.976137 1.622745 53.020134 -18.682322 1.333218 2.773331
111020693 1.228020 -0.415240 0.981137 1.625757 52.879367 -18.682322 1.334366 2.768194
111020694 1.228020 -0.415240 0.986137 1.628780 52.739122 -18.682322 1.335480 2.763060
111020695 1.228020 -0.415240 0.991137 1.631812 52.599397 -18.682322 1.336560 2.757928
111020696 1.228020 -0.415240 0.996137 1.634854 52.460191 -18.682322 1.337608 2.752798
111020697 1.228020 -0.415240 1.001137 1.637905 52.321502 -18.682322 1.338623 2.747672
111020698 1.228020 -0.415240 1.006137 1.640966 52.183331 -18.682322 1.339605 2.742549
111020699 1.228020 -0.415240 1.011137 1.644036 52.045675 -18.682322 1.340556 2.737429
111020700 1.228020 -0.415240 1.016137 1.647116 51.908532 -18.682322 1.341474 2.732312
111020701 1.239739 -0.391583 0.521137 1.400669 68.157106 -17.529206 1.026854 3.203426
111020702 1.239739 -0.391583 0.526137 1.402537 67.967512 -17.529206 1.032129 3.199162
111020703 1.239739 -0.391583 0.531137 1.404420 67.778425 -17.529206 1.037350 3.194874
111020704 1.239739 -0.391583 0.536137 1.406319 67.589846 -17.529206 1.042517 3.190563
111020705 1.239739 -0.391583 0.541137 1.408232 67.401778 -17.529206 1.047630 3.186229
111020706 1.239739 -0.391583 0.546137 1.410161 67.214222 -17.529206 1.052689 3.181873
111020707 1.239739 -0.391583 0.551137 1.412105 67.027180 -17.529206 1.057693 3.177495
111020708 1.239739 -0.391583 0.556137 1.414064 66.840655 -17.529206 1.062643 3.173096
111020709 1.239739 -0.391583 0.561137 1.416038 66.654647 -17.529206 1.067540 3.168675
111020710 1.239739 -0.391583 0.566137 1.418027 66.469160 -17.529206 1.072382 3.164233
111020711 1.239739 -0.391583 0.571137 1.420030 66.284194 -17.529206 1.077171 3.159771
111020712 1.239739 -0.391583 0.576137 1.422049 66.099751 -17.529206 1.081906 3.155288
111020713 1.239739 -0.391583 0.581137 1.424082 65.915833 -17.529206 1.086588 3.150786
111020714 1.239739 -0.391583 0.586137 1.426130 65.732441 -17.529206 1.091216 3.146264
111020715 1.239739 -0.391583 0.591137 1.428192 65.549577 -17.529206 1.095791 3.141723
111020716 1.239739 -0.391583 0.596137 1.430269 65.367242 -17.529206 1.100312 3.137164
111020717 1.239739 -0.391583 0.601137 1.432360 65.185438 -17.529206 1.104780 3.132586
111020718 1.239739 -0.391583 0.606137 1.434465 65.004166 -17.529206 1.109196 3.127990
111020719 1.239739 -0.391583 0.611137 1.436585 64.823427 -17.529206 1.113558 3.123376
111020720 1.239739 -0.391583 0.616137 1.438720 64.643222 -17.529206 1.117868 3.118745
111020721 1.239739 -0.391583 0.621137 1.440868 64.463553 -17.529206 1.122126 3.114098
111020722 1.239739 -0.391583 0.626137 1.443030 64.284420 -17.529206 1.126331 3.109433
111020723 1.239739 -0.391583 0.631137 1.445207 64.105826 -17.529206 1.130484 3.104753
111020724 1.239739 -0.391583 0.636137 1.447397 63.927770 -17.529206 1.134585 3.100056
111020725 1.239739 -0.391583 0.641137 1.449602 63.750254 -17.529206 1.138634 3.095344
111020726 1.239739 -0.391583 0.646137 1.451820 63.573279 -17.529206 1.142631 3.090617
111020727 1.239739 -0.391583 0.651137 1.454052 63.396845 -17.529206 1.146577 3.085874
111020728 1.239739 -0.391583 0.656137 1.456298 63.220954 -17.529206 1.150472 3.081118
111020729 1.239739 -0.391583 0.661137 1.458558 63.045607 -17.529206 1.154316 3.076347
111020730 1.239739 -0.391583 0.666137 1.460831 62.870803 -17.529206 1.158109 3.071562
111020731 1.239739 -0.391583 0.671137 1.463118 62.696545 -17.529206 1.161851 3.066763
111020732 1.239739 -0.391583 0.676137 1.465418 62.522831 -17.529206 1.165543 3.061952
111020733 1.239739 -0.391583 0.681137 1.467732 62.349664 -17.529206 1.169184 3.057127
111020734 1.239739 -0.391583 0.686137 1.470059 62.177044 -17.529206 1.172776 3.052290
111020735 1.239739 -0.391583 0.691137 1.472399 62.004970 -17.529206 1.176317 3.047441
111020736 1.239739 -0.391583 0.696137 1.474753 61.833445 -17.529206 1.179809 3.042580
111020737 1.239739 -0.391583 0.701137 1.477120 61.662467 -17.529206 1.183252 3.037707
111020738 1.239739 -0.391583 0.706137 1.479499 61.492038 -17.529206 1.186646 3.032823
111020739 1.239739 -0.391583 0.711137 1.481892 61.322158 -17.529206 1.189991 3.027928
111020740 1.239739 -0.391583 0.716137 1.484298 61.152827 -17.529206 1.193287 3.023022
111020741 1.239739 -0.391583 0.721137 1.486717 60.984046 -17.529206 1.196535 3.018106
111020742 1.239739 -0.391583 0.726137 1.489149 60.815815 -17.529206 1.199735 3.013180
111020743 1.239739 -0.391583 0.731137 1.491593 60.648133 -17.529206 1.202887 3.008244
111020744 1.239739 -0.391583 0.736137 1.494050 60.481002 -17.529206 1.205991 3.003299
111020745 1.239739 -0.391583 0.741137 1.496520 60.314420 -17.529206 1.209048 2.998345
111020746 1.239739 -0.391583 0.746137 1.499003 60.148390 -17.529206 1.212058 2.993381
111020747 1.239739 -0.391583 0.751137 1.501498 59.982909 -17.529206 1.215022 2.988410
111020748 1.239739 -0.391583 0.756137 1.504005 59.817979 -17.529206 1.217938 2.983429
111020749 1.239739 -0.391583 0.761137 1.506525 59.653600 -17.529206 1.220809 2.978441
111020750 1.239739 -0.391583 0.766137 1.509058 59.489770 -17.529206 1.223633 2.973446
111020751 1.239739 -0.391583 0.771137 1.511602 59.326491 -17.529206 1.226412 2.968442
111020752 1.239739 -0.391583 0.776137 1.514159 59.163762 -17.529206 1.229145 2.963432
111020753 1.239739 -0.391583 0.781137 1.516728 59.001583 -17.529206 1.231833 2.958415
111020754 1.239739 -0.391583 0.786137 1.519309 58.839954 -17.529206 1.234476 2.953391
111020755 1.239739 -0.391583 0.791137 1.521902 58.678874 -17.529206 1.237075 2.948361
111020756 1.239739 -0.391583 0.796137 1.524507 58.518344 -17.529206 1.239629 2.943325
111020757 1.239739 -0.391583 0.801137 1.527125 58.358363 -17.529206 1.242140 2.938283
111020758 1.239739 -0.391583 0.806137 1.529754 58.198930 -17.529206 1.244606 2.933236
111020759 1.239739 -0.391583 0.811137 1.532394 58.040045 -17.529206 1.247029 2.928183
111020760 1.239739 -0.391583 0.816137 1.535047 57.881708 -17.529206 1.249409 2.923126
111020761 1.239739 -0.391583 0.821137 1.537711 57.723919 -17.529206 1.251746 2.918063
111020762 1.239739 -0.391583 0.826137 1.540387 57.566677 -17.529206 1.254041 2.912997
111020763 1.239739 -0.391583 0.831137 1.543074 57.409981 -17.529206 1.256293 2.907926
111020764 1.239739 -0.391583 0.836137 1.545773 57.253832 -17.529206 1.258504 2.902851
111020765 1.239739 -0.391583 0.841137 1.548483 57.098227 -17.529206 1.260672 2.897772
111020766 1.239739 -0.391583 0.846137 1.551205 56.943168 -17.529206 1.262800 2.892690
111020767 1.239739 -0.391583 0.851137 1.553938 56.788653 -17.529206 1.264886 2.887604
111020768 1.239739 -0.391583 0.856137 1.556682 56.634681 -17.529206 1.266932 2.882516
111020769 1.239739 -0.391583 0.861137 1.559438 56.481253 -17.529206 1.268937 2.877425
111020770 1.239739 -0.391583 0.866137 1.562204 56.328367 -17.529206 1.270902 2.872331
111020771 1.239739 -0.391583 0.871137 1.564982 56.176023 -17.529206 1.272827 2.867235
111020772 1.239739 -0.391583 0.876137 1.567771 56.024219 -17.529206 1.274713 2.862137
111020773 1.239739 -0.391583 0.881137 1.570570 55.872956 -17.529206 1.276559 2.857037
111020774 1.239739 -0.391583 0.886137 1.573381 55.722232 -17.529206 1.278366 2.851936
111020775 1.239739 -0.391583 0.891137 1.576202 55.572046 -17.529206 1.280135 2.846833
111020776 1.239739 -0.391583 0.896137 1.579035 55.422399 -17.529206 1.281866 2.841729
111020777 1.239739 -0.391583 0.901137 1.581878 55.273288 -17.529206 1.283558 2.836624
111020778 1.239739 -0.391583 0.906137 1.584731 55.124713 -17.529206 1.285213 2.831518
111020779 1.239739 -0.391583 0.911137 1.587596 54.976673 -17.529206 1.286830 2.826411
111020780 1.239739 -0.391583 0.916137 1.590470 54.829168 -17.529206 1.288411 2.821304
111020781 1.239739 -0.391583 0.921137 1.593356 54.682196 -17.529206 1.289954 2.816198
111020782 1.239739 -0.391583 0.926137 1.596251 54.535756 -17.529206 1.291461 2.811091
111020783 1.239739 -0.391583 0.931137 1.599158 54.389847 -17.529206 1.292932 2.805984
111020784 1.239739 -0.391583 0.936137 1.602074 54.244469 -17.529206 1.294367 2.800878
111020785 1.239739 -0.391583 0.941137 1.605001 54.099620 -17.529206 1.295767 2.795773
111020786 1.239739 -0.391583 0.946137 1.607938 53.955299 -17.529206 1.297131 2.790668
111020787 1.239739 -0.391583 0.951137 1.610885 53.811505 -17.529206 1.298460 2.785564
111020788 1.239739 -0.391583 0.956137 1.613842 53.668237 -17.529206 1.299755 2.780462
111020789 1.239739 -0.391583 0.961137 1.616810 53.525495 -17.529206 1.301015 2.775361
111020790 1.239739 -0.391583 0.966137 1.619787 53.383276 -17.529206 1.302242 2.770262
111020791 1.239739 -0.391583 0.971137 1.622774 53.241580 -17.529206 1.303434 2.765164
111020792 1.239739 -0.391583 0.976137 1.625771 53.100406 -17.529206 1.304593 2.760068
111020793 1.239739 -0.391583 0.981137 1.628778 52.959752 -17.529206 1.305719 2.754975
111020794 1.239739 -0.391583 0.986137 1.631795 52.819617 -17.529206 1.306813 2.749884
111020795 1.239739 -0.391583 0.991137 1.634822 52.680000 -17.529206 1.307873 2.744795
111020796 1.239739 -0.391583 0.996137 1.637858 52.540900 -17.529206 1.308902 2.739709
111020797 1.239739 -0.391583 1.001137 1.640903 52.402316 -17.529206 1.309899 2.734625
111020798 1.239739 -0.391583 1.006137 1.643959 52.264246 -17.529206 1.310863 2.729545
111020799 1.239739 -0.391583 1.011137 1.647024 52.126688 -17.529206 1.311797 2.724467
111020800 1.239739 -0.391583 1.016137 1.650098 51.989643 -17.529206 1.312700 2.719393
