# pixelID   x   y   z   l2  two_theta   azimuthal   polar_width azimuthal_width
102020001 -0.588502 -0.413400 2.697635 2.791857 14.927865 -144.913445 0.950463 1.345964
102020002 -0.589762 -0.413400 2.692796 2.787448 14.973968 -144.971055 0.950566 1.349010
102020003 -0.591022 -0.413400 2.687957 2.783042 15.020232 -145.028501 0.950671 1.352060
102020004 -0.592282 -0.413400 2.683119 2.778637 15.066657 -145.085783 0.950778 1.355116
102020005 -0.593542 -0.413400 2.678280 2.774234 15.113244 -145.142900 0.950887 1.358176
102020006 -0.594801 -0.413400 2.673441 2.769833 15.159993 -145.199855 0.950998 1.361240
102020007 -0.596061 -0.413400 2.668603 2.765435 15.206905 -145.256648 0.951110 1.364310
102020008 -0.597321 -0.413400 2.663764 2.761038 15.253980 -145.313278 0.951225 1.367384
102020009 -0.598581 -0.413400 2.658925 2.756643 15.301220 -145.369747 0.951341 1.370464
102020010 -0.599841 -0.413400 2.654087 2.752251 15.348625 -145.426056 0.951459 1.373548
102020011 -0.601101 -0.413400 2.649248 2.747860 15.396196 -145.482204 0.951579 1.376637
102020012 -0.602361 -0.413400 2.644409 2.743472 15.443933 -145.538193 0.951701 1.379731
102020013 -0.603620 -0.413400 2.639570 2.739086 15.491836 -145.594023 0.951825 1.382830
102020014 -0.604880 -0.413400 2.634732 2.734701 15.539908 -145.649694 0.951951 1.385935
102020015 -0.606140 -0.413400 2.629893 2.730319 15.588148 -145.705208 0.952078 1.389044
102020016 -0.607400 -0.413400 2.625054 2.725939 15.636556 -145.760564 0.952208 1.392158
102020017 -0.608660 -0.413400 2.620216 2.721562 15.685135 -145.815764 0.952339 1.395278
102020018 -0.609920 -0.413400 2.615377 2.717186 15.733883 -145.870807 0.952472 1.398402
102020019 -0.611179 -0.413400 2.610538 2.712812 15.782803 -145.925695 0.952606 1.401532
102020020 -0.612439 -0.413400 2.605700 2.708441 15.831894 -145.980428 0.952743 1.404667
102020021 -0.613699 -0.413400 2.600861 2.704072 15.881158 -146.035006 0.952882 1.407807
102020022 -0.614959 -0.413400 2.596022 2.699705 15.930595 -146.089430 0.953022 1.410953
102020023 -0.616219 -0.413400 2.591184 2.695340 15.980206 -146.143702 0.953164 1.414104
102020024 -0.617479 -0.413400 2.586345 2.690978 16.029991 -146.197820 0.953308 1.417260
102020025 -0.618739 -0.413400 2.581506 2.686617 16.079951 -146.251786 0.953453 1.420422
102020026 -0.619998 -0.413400 2.576668 2.682259 16.130087 -146.305600 0.953601 1.423589
102020027 -0.621258 -0.413400 2.571829 2.677903 16.180400 -146.359263 0.953750 1.426761
102020028 -0.622518 -0.413400 2.566990 2.673550 16.230890 -146.412775 0.953901 1.429939
102020029 -0.623778 -0.413400 2.562152 2.669198 16.281558 -146.466137 0.954054 1.433122
102020030 -0.625038 -0.413400 2.557313 2.664849 16.332405 -146.519350 0.954208 1.436311
102020031 -0.626298 -0.413400 2.552474 2.660502 16.383432 -146.572414 0.954365 1.439506
102020032 -0.627558 -0.413400 2.547636 2.656158 16.434639 -146.625329 0.954523 1.442706
102020033 -0.628817 -0.413400 2.542797 2.651816 16.486026 -146.678096 0.954683 1.445912
102020034 -0.630077 -0.413400 2.537958 2.647476 16.537596 -146.730716 0.954844 1.449123
102020035 -0.631337 -0.413400 2.533120 2.643138 16.589348 -146.783189 0.955007 1.452340
102020036 -0.632597 -0.413400 2.528281 2.638803 16.641283 -146.835516 0.955172 1.455563
102020037 -0.633857 -0.413400 2.523442 2.634471 16.693402 -146.887696 0.955339 1.458792
102020038 -0.635117 -0.413400 2.518604 2.630140 16.745706 -146.939732 0.955508 1.462026
102020039 -0.636376 -0.413400 2.513765 2.625812 16.798195 -146.991622 0.955678 1.465266
102020040 -0.637636 -0.413400 2.508926 2.621486 16.850871 -147.043369 0.955850 1.468512
102020041 -0.638896 -0.413400 2.504088 2.617163 16.903734 -147.094971 0.956023 1.471764
102020042 -0.640156 -0.413400 2.499249 2.612842 16.956784 -147.146430 0.956198 1.475022
102020043 -0.641416 -0.413400 2.494410 2.608524 17.010023 -147.197747 0.956375 1.478286
102020044 -0.642676 -0.413400 2.489572 2.604208 17.063451 -147.248921 0.956554 1.481555
102020045 -0.643936 -0.413400 2.484733 2.599894 17.117070 -147.299954 0.956734 1.484831
102020046 -0.645195 -0.413400 2.479894 2.595583 17.170879 -147.350845 0.956916 1.488113
102020047 -0.646455 -0.413400 2.475056 2.591275 17.224881 -147.401596 0.957099 1.491401
102020048 -0.647715 -0.413400 2.470217 2.586968 17.279074 -147.452206 0.957284 1.494694
102020049 -0.648975 -0.413400 2.465378 2.582665 17.333461 -147.502677 0.957471 1.497994
102020050 -0.650235 -0.413400 2.460539 2.578364 17.388043 -147.553009 0.957660 1.501301
102020051 -0.651495 -0.413400 2.455701 2.574065 17.442819 -147.603201 0.957849 1.504613
102020052 -0.652754 -0.413400 2.450862 2.569769 17.497791 -147.653256 0.958041 1.507932
102020053 -0.654014 -0.413400 2.446023 2.565476 17.552959 -147.703173 0.958234 1.511256
102020054 -0.655274 -0.413400 2.441185 2.561185 17.608325 -147.752953 0.958429 1.514587
102020055 -0.656534 -0.413400 2.436346 2.556896 17.663889 -147.802596 0.958625 1.517925
102020056 -0.657794 -0.413400 2.431507 2.552611 17.719652 -147.852102 0.958823 1.521269
102020057 -0.659054 -0.413400 2.426669 2.548327 17.775615 -147.901473 0.959022 1.524619
102020058 -0.660314 -0.413400 2.421830 2.544047 17.831779 -147.950709 0.959223 1.527975
102020059 -0.661573 -0.413400 2.416991 2.539769 17.888144 -147.999810 0.959426 1.531338
102020060 -0.662833 -0.413400 2.412153 2.535494 17.944712 -148.048777 0.959630 1.534708
102020061 -0.664093 -0.413400 2.407314 2.531221 18.001483 -148.097609 0.959835 1.538083
102020062 -0.665353 -0.413400 2.402475 2.526951 18.058459 -148.146309 0.960042 1.541466
102020063 -0.666613 -0.413400 2.397637 2.522684 18.115639 -148.194875 0.960250 1.544855
102020064 -0.667873 -0.413400 2.392798 2.518419 18.173025 -148.243310 0.960460 1.548250
102020065 -0.669133 -0.413400 2.387959 2.514157 18.230618 -148.291612 0.960671 1.551653
102020066 -0.670392 -0.413400 2.383121 2.509898 18.288418 -148.339783 0.960884 1.555061
102020067 -0.671652 -0.413400 2.378282 2.505642 18.346427 -148.387822 0.961098 1.558477
102020068 -0.672912 -0.413400 2.373443 2.501388 18.404645 -148.435732 0.961314 1.561899
102020069 -0.674172 -0.413400 2.368605 2.497137 18.463074 -148.483511 0.961531 1.565328
102020070 -0.675432 -0.413400 2.363766 2.492889 18.521714 -148.531160 0.961749 1.568764
102020071 -0.676692 -0.413400 2.358927 2.488644 18.580566 -148.578681 0.961969 1.572206
102020072 -0.677951 -0.413400 2.354089 2.484402 18.639630 -148.626072 0.962190 1.575655
102020073 -0.679211 -0.413400 2.349250 2.480162 18.698909 -148.673336 0.962413 1.579112
102020074 -0.680471 -0.413400 2.344411 2.475925 18.758402 -148.720472 0.962636 1.582575
102020075 -0.681731 -0.413400 2.339573 2.471691 18.818111 -148.767480 0.962862 1.586045
102020076 -0.682991 -0.413400 2.334734 2.467460 18.878037 -148.814362 0.963088 1.589521
102020077 -0.684251 -0.413400 2.329895 2.463232 18.938180 -148.861117 0.963316 1.593005
102020078 -0.685511 -0.413400 2.325057 2.459006 18.998542 -148.907746 0.963545 1.596496
102020079 -0.686770 -0.413400 2.320218 2.454784 19.059123 -148.954250 0.963775 1.599994
102020080 -0.688030 -0.413400 2.315379 2.450564 19.119924 -149.000629 0.964006 1.603499
102020081 -0.689290 -0.413400 2.310541 2.446348 19.180947 -149.046883 0.964239 1.607011
102020082 -0.690550 -0.413400 2.305702 2.442134 19.242192 -149.093012 0.964473 1.610530
102020083 -0.691810 -0.413400 2.300863 2.437924 19.303660 -149.139018 0.964708 1.614056
102020084 -0.693070 -0.413400 2.296025 2.433716 19.365352 -149.184901 0.964945 1.617590
102020085 -0.694329 -0.413400 2.291186 2.429511 19.427269 -149.230661 0.965182 1.621131
102020086 -0.695589 -0.413400 2.286347 2.425310 19.489413 -149.276299 0.965421 1.624678
102020087 -0.696849 -0.413400 2.281508 2.421111 19.551783 -149.321814 0.965661 1.628234
102020088 -0.698109 -0.413400 2.276670 2.416916 19.614382 -149.367208 0.965902 1.631796
102020089 -0.699369 -0.413400 2.271831 2.412723 19.677209 -149.412481 0.966144 1.635366
102020090 -0.700629 -0.413400 2.266992 2.408534 19.740266 -149.457633 0.966387 1.638943
102020091 -0.701889 -0.413400 2.262154 2.404348 19.803555 -149.502664 0.966631 1.642527
102020092 -0.703148 -0.413400 2.257315 2.400164 19.867075 -149.547576 0.966876 1.646119
102020093 -0.704408 -0.413400 2.252476 2.395984 19.930828 -149.592369 0.967123 1.649719
102020094 -0.705668 -0.413400 2.247638 2.391807 19.994815 -149.637042 0.967370 1.653325
102020095 -0.706928 -0.413400 2.242799 2.387634 20.059038 -149.681597 0.967618 1.656940
102020096 -0.708188 -0.413400 2.237960 2.383463 20.123496 -149.726034 0.967867 1.660562
102020097 -0.709448 -0.413400 2.233122 2.379296 20.188191 -149.770352 0.968118 1.664191
102020098 -0.710708 -0.413400 2.228283 2.375132 20.253124 -149.814554 0.968369 1.667828
102020099 -0.711967 -0.413400 2.223444 2.370971 20.318296 -149.858639 0.968621 1.671472
102020100 -0.713227 -0.413400 2.218606 2.366813 20.383709 -149.902607 0.968874 1.675124
102020101 -0.588502 -0.387000 2.697635 2.788070 14.633116 -146.671015 0.913033 1.375149
102020102 -0.589762 -0.387000 2.692796 2.783656 14.679246 -146.727241 0.913093 1.378185
102020103 -0.591022 -0.387000 2.687957 2.779243 14.725537 -146.783298 0.913155 1.381225
102020104 -0.592282 -0.387000 2.683119 2.774832 14.771989 -146.839188 0.913219 1.384271
102020105 -0.593542 -0.387000 2.678280 2.770423 14.818601 -146.894913 0.913286 1.387321
102020106 -0.594801 -0.387000 2.673441 2.766016 14.865376 -146.950471 0.913354 1.390377
102020107 -0.596061 -0.387000 2.668603 2.761611 14.912313 -147.005864 0.913424 1.393437
102020108 -0.597321 -0.387000 2.663764 2.757209 14.959414 -147.061093 0.913497 1.396502
102020109 -0.598581 -0.387000 2.658925 2.752808 15.006678 -147.116158 0.913571 1.399572
102020110 -0.599841 -0.387000 2.654087 2.748409 15.054107 -147.171059 0.913648 1.402648
102020111 -0.601101 -0.387000 2.649248 2.744013 15.101701 -147.225799 0.913726 1.405728
102020112 -0.602361 -0.387000 2.644409 2.739618 15.149461 -147.280376 0.913807 1.408813
102020113 -0.603620 -0.387000 2.639570 2.735226 15.197388 -147.334791 0.913889 1.411903
102020114 -0.604880 -0.387000 2.634732 2.730835 15.245481 -147.389046 0.913974 1.414999
102020115 -0.606140 -0.387000 2.629893 2.726447 15.293743 -147.443141 0.914060 1.418100
102020116 -0.607400 -0.387000 2.625054 2.722061 15.342173 -147.497077 0.914149 1.421205
102020117 -0.608660 -0.387000 2.620216 2.717677 15.390772 -147.550853 0.914240 1.424317
102020118 -0.609920 -0.387000 2.615377 2.713295 15.439542 -147.604471 0.914333 1.427433
102020119 -0.611179 -0.387000 2.610538 2.708915 15.488481 -147.657932 0.914427 1.430555
102020120 -0.612439 -0.387000 2.605700 2.704537 15.537593 -147.711235 0.914524 1.433682
102020121 -0.613699 -0.387000 2.600861 2.700162 15.586876 -147.764382 0.914623 1.436814
102020122 -0.614959 -0.387000 2.596022 2.695789 15.636332 -147.817373 0.914723 1.439952
102020123 -0.616219 -0.387000 2.591184 2.691417 15.685961 -147.870209 0.914826 1.443095
102020124 -0.617479 -0.387000 2.586345 2.687049 15.735764 -147.922890 0.914931 1.446244
102020125 -0.618739 -0.387000 2.581506 2.682682 15.785742 -147.975417 0.915037 1.449398
102020126 -0.619998 -0.387000 2.576668 2.678317 15.835896 -148.027790 0.915146 1.452558
102020127 -0.621258 -0.387000 2.571829 2.673955 15.886226 -148.080010 0.915256 1.455723
102020128 -0.622518 -0.387000 2.566990 2.669595 15.936732 -148.132078 0.915369 1.458894
102020129 -0.623778 -0.387000 2.562152 2.665237 15.987417 -148.183995 0.915483 1.462070
102020130 -0.625038 -0.387000 2.557313 2.660882 16.038280 -148.235760 0.915600 1.465252
102020131 -0.626298 -0.387000 2.552474 2.656528 16.089322 -148.287374 0.915718 1.468440
102020132 -0.627558 -0.387000 2.547636 2.652177 16.140544 -148.338838 0.915838 1.471633
102020133 -0.628817 -0.387000 2.542797 2.647829 16.191946 -148.390153 0.915960 1.474833
102020134 -0.630077 -0.387000 2.537958 2.643482 16.243530 -148.441319 0.916085 1.478038
102020135 -0.631337 -0.387000 2.533120 2.639138 16.295296 -148.492337 0.916211 1.481249
102020136 -0.632597 -0.387000 2.528281 2.634796 16.347245 -148.543207 0.916338 1.484465
102020137 -0.633857 -0.387000 2.523442 2.630457 16.399378 -148.593929 0.916468 1.487688
102020138 -0.635117 -0.387000 2.518604 2.626120 16.451694 -148.644505 0.916600 1.490916
102020139 -0.636376 -0.387000 2.513765 2.621785 16.504197 -148.694935 0.916734 1.494151
102020140 -0.637636 -0.387000 2.508926 2.617453 16.556885 -148.745219 0.916869 1.497391
102020141 -0.638896 -0.387000 2.504088 2.613123 16.609759 -148.795359 0.917006 1.500637
102020142 -0.640156 -0.387000 2.499249 2.608795 16.662821 -148.845353 0.917145 1.503890
102020143 -0.641416 -0.387000 2.494410 2.604470 16.716072 -148.895204 0.917286 1.507148
102020144 -0.642676 -0.387000 2.489572 2.600148 16.769511 -148.944912 0.917429 1.510413
102020145 -0.643936 -0.387000 2.484733 2.595827 16.823141 -148.994476 0.917574 1.513684
102020146 -0.645195 -0.387000 2.479894 2.591509 16.876960 -149.043899 0.917720 1.516961
102020147 -0.646455 -0.387000 2.475056 2.587194 16.930972 -149.093180 0.917869 1.520244
102020148 -0.647715 -0.387000 2.470217 2.582881 16.985175 -149.142319 0.918019 1.523533
102020149 -0.648975 -0.387000 2.465378 2.578571 17.039572 -149.191318 0.918171 1.526829
102020150 -0.650235 -0.387000 2.460539 2.574263 17.094162 -149.240177 0.918324 1.530131
102020151 -0.651495 -0.387000 2.455701 2.569957 17.148947 -149.288896 0.918480 1.533439
102020152 -0.652754 -0.387000 2.450862 2.565654 17.203928 -149.337476 0.918637 1.536753
102020153 -0.654014 -0.387000 2.446023 2.561354 17.259105 -149.385917 0.918796 1.540074
102020154 -0.655274 -0.387000 2.441185 2.557056 17.314479 -149.434221 0.918957 1.543402
102020155 -0.656534 -0.387000 2.436346 2.552761 17.370051 -149.482386 0.919119 1.546735
102020156 -0.657794 -0.387000 2.431507 2.548468 17.425821 -149.530415 0.919284 1.550076
102020157 -0.659054 -0.387000 2.426669 2.544178 17.481792 -149.578308 0.919450 1.553423
102020158 -0.660314 -0.387000 2.421830 2.539891 17.537963 -149.626064 0.919617 1.556776
102020159 -0.661573 -0.387000 2.416991 2.535606 17.594335 -149.673685 0.919787 1.560136
102020160 -0.662833 -0.387000 2.412153 2.531323 17.650909 -149.721171 0.919958 1.563502
102020161 -0.664093 -0.387000 2.407314 2.527044 17.707686 -149.768523 0.920130 1.566876
102020162 -0.665353 -0.387000 2.402475 2.522767 17.764668 -149.815741 0.920305 1.570255
102020163 -0.666613 -0.387000 2.397637 2.518492 17.821854 -149.862825 0.920481 1.573642
102020164 -0.667873 -0.387000 2.392798 2.514221 17.879246 -149.909776 0.920658 1.577035
102020165 -0.669133 -0.387000 2.387959 2.509952 17.936844 -149.956595 0.920838 1.580435
102020166 -0.670392 -0.387000 2.383121 2.505685 17.994649 -150.003282 0.921018 1.583842
102020167 -0.671652 -0.387000 2.378282 2.501422 18.052663 -150.049838 0.921201 1.587256
102020168 -0.672912 -0.387000 2.373443 2.497161 18.110886 -150.096263 0.921385 1.590676
102020169 -0.674172 -0.387000 2.368605 2.492903 18.169319 -150.142557 0.921571 1.594104
102020170 -0.675432 -0.387000 2.363766 2.488648 18.227964 -150.188721 0.921758 1.597538
102020171 -0.676692 -0.387000 2.358927 2.484395 18.286820 -150.234756 0.921947 1.600979
102020172 -0.677951 -0.387000 2.354089 2.480145 18.345888 -150.280662 0.922137 1.604428
102020173 -0.679211 -0.387000 2.349250 2.475898 18.405171 -150.326439 0.922329 1.607883
102020174 -0.680471 -0.387000 2.344411 2.471654 18.464668 -150.372088 0.922522 1.611345
102020175 -0.681731 -0.387000 2.339573 2.467413 18.524380 -150.417610 0.922717 1.614815
102020176 -0.682991 -0.387000 2.334734 2.463174 18.584309 -150.463005 0.922914 1.618291
102020177 -0.684251 -0.387000 2.329895 2.458939 18.644456 -150.508273 0.923112 1.621775
102020178 -0.685511 -0.387000 2.325057 2.454706 18.704820 -150.553415 0.923311 1.625265
102020179 -0.686770 -0.387000 2.320218 2.450476 18.765404 -150.598431 0.923512 1.628763
102020180 -0.688030 -0.387000 2.315379 2.446249 18.826209 -150.643322 0.923714 1.632269
102020181 -0.689290 -0.387000 2.310541 2.442025 18.887234 -150.688089 0.923918 1.635781
102020182 -0.690550 -0.387000 2.305702 2.437804 18.948481 -150.732731 0.924123 1.639301
102020183 -0.691810 -0.387000 2.300863 2.433586 19.009952 -150.777249 0.924329 1.642828
102020184 -0.693070 -0.387000 2.296025 2.429371 19.071646 -150.821644 0.924537 1.646362
102020185 -0.694329 -0.387000 2.291186 2.425159 19.133566 -150.865917 0.924746 1.649904
102020186 -0.695589 -0.387000 2.286347 2.420950 19.195711 -150.910066 0.924956 1.653453
102020187 -0.696849 -0.387000 2.281508 2.416743 19.258084 -150.954094 0.925168 1.657010
102020188 -0.698109 -0.387000 2.276670 2.412540 19.320684 -150.998000 0.925381 1.660574
102020189 -0.699369 -0.387000 2.271831 2.408340 19.383513 -151.041786 0.925596 1.664145
102020190 -0.700629 -0.387000 2.266992 2.404143 19.446573 -151.085450 0.925811 1.667724
102020191 -0.701889 -0.387000 2.262154 2.399949 19.509863 -151.128995 0.926028 1.671311
102020192 -0.703148 -0.387000 2.257315 2.395758 19.573385 -151.172420 0.926247 1.674905
102020193 -0.704408 -0.387000 2.252476 2.391571 19.637140 -151.215725 0.926466 1.678507
102020194 -0.705668 -0.387000 2.247638 2.387386 19.701129 -151.258912 0.926687 1.682116
102020195 -0.706928 -0.387000 2.242799 2.383205 19.765352 -151.301980 0.926909 1.685733
102020196 -0.708188 -0.387000 2.237960 2.379026 19.829812 -151.344931 0.927132 1.689358
102020197 -0.709448 -0.387000 2.233122 2.374851 19.894509 -151.387763 0.927356 1.692990
102020198 -0.710708 -0.387000 2.228283 2.370679 19.959444 -151.430479 0.927581 1.696631
102020199 -0.711967 -0.387000 2.223444 2.366510 20.024618 -151.473078 0.927807 1.700279
102020200 -0.713227 -0.387000 2.218606 2.362345 20.090032 -151.515561 0.928035 1.703934
102020201 -0.588502 -0.360600 2.697635 2.784529 14.351346 -148.502450 0.872713 1.404061
102020202 -0.589762 -0.360600 2.692796 2.780108 14.397518 -148.557007 0.872733 1.407082
102020203 -0.591022 -0.360600 2.687957 2.775690 14.443849 -148.611394 0.872755 1.410108
102020204 -0.592282 -0.360600 2.683119 2.771273 14.490341 -148.665613 0.872780 1.413138
102020205 -0.593542 -0.360600 2.678280 2.766859 14.536993 -148.719664 0.872806 1.416174
102020206 -0.594801 -0.360600 2.673441 2.762446 14.583807 -148.773547 0.872835 1.419215
102020207 -0.596061 -0.360600 2.668603 2.758036 14.630783 -148.827264 0.872867 1.422260
102020208 -0.597321 -0.360600 2.663764 2.753627 14.677922 -148.880815 0.872900 1.425311
102020209 -0.598581 -0.360600 2.658925 2.749221 14.725224 -148.934200 0.872936 1.428367
102020210 -0.599841 -0.360600 2.654087 2.744816 14.772690 -148.987421 0.872974 1.431428
102020211 -0.601101 -0.360600 2.649248 2.740414 14.820321 -149.040478 0.873014 1.434494
102020212 -0.602361 -0.360600 2.644409 2.736014 14.868117 -149.093371 0.873056 1.437565
102020213 -0.603620 -0.360600 2.639570 2.731615 14.916079 -149.146102 0.873101 1.440642
102020214 -0.604880 -0.360600 2.634732 2.727219 14.964208 -149.198671 0.873147 1.443723
102020215 -0.606140 -0.360600 2.629893 2.722825 15.012505 -149.251079 0.873196 1.446810
102020216 -0.607400 -0.360600 2.625054 2.718433 15.060969 -149.303326 0.873248 1.449903
102020217 -0.608660 -0.360600 2.620216 2.714043 15.109602 -149.355413 0.873301 1.453001
102020218 -0.609920 -0.360600 2.615377 2.709655 15.158405 -149.407340 0.873356 1.456104
102020219 -0.611179 -0.360600 2.610538 2.705270 15.207378 -149.459109 0.873414 1.459212
102020220 -0.612439 -0.360600 2.605700 2.700886 15.256521 -149.510720 0.873474 1.462326
102020221 -0.613699 -0.360600 2.600861 2.696505 15.305836 -149.562174 0.873536 1.465446
102020222 -0.614959 -0.360600 2.596022 2.692125 15.355324 -149.613470 0.873600 1.468571
102020223 -0.616219 -0.360600 2.591184 2.687748 15.404984 -149.664611 0.873666 1.471702
102020224 -0.617479 -0.360600 2.586345 2.683373 15.454818 -149.715595 0.873735 1.474838
102020225 -0.618739 -0.360600 2.581506 2.679001 15.504826 -149.766425 0.873805 1.477980
102020226 -0.619998 -0.360600 2.576668 2.674630 15.555010 -149.817101 0.873878 1.481127
102020227 -0.621258 -0.360600 2.571829 2.670262 15.605369 -149.867623 0.873953 1.484281
102020228 -0.622518 -0.360600 2.566990 2.665896 15.655905 -149.917992 0.874030 1.487439
102020229 -0.623778 -0.360600 2.562152 2.661532 15.706617 -149.968209 0.874109 1.490604
102020230 -0.625038 -0.360600 2.557313 2.657170 15.757508 -150.018274 0.874190 1.493775
102020231 -0.626298 -0.360600 2.552474 2.652811 15.808578 -150.068187 0.874273 1.496951
102020232 -0.627558 -0.360600 2.547636 2.648454 15.859827 -150.117950 0.874359 1.500133
102020233 -0.628817 -0.360600 2.542797 2.644099 15.911256 -150.167563 0.874446 1.503321
102020234 -0.630077 -0.360600 2.537958 2.639747 15.962867 -150.217027 0.874536 1.506515
102020235 -0.631337 -0.360600 2.533120 2.635396 16.014659 -150.266342 0.874627 1.509715
102020236 -0.632597 -0.360600 2.528281 2.631048 16.066633 -150.315508 0.874721 1.512921
102020237 -0.633857 -0.360600 2.523442 2.626703 16.118791 -150.364528 0.874817 1.516133
102020238 -0.635117 -0.360600 2.518604 2.622360 16.171132 -150.413400 0.874915 1.519351
102020239 -0.636376 -0.360600 2.513765 2.618019 16.223659 -150.462125 0.875015 1.522575
102020240 -0.637636 -0.360600 2.508926 2.613680 16.276371 -150.510705 0.875116 1.525805
102020241 -0.638896 -0.360600 2.504088 2.609344 16.329269 -150.559140 0.875220 1.529042
102020242 -0.640156 -0.360600 2.499249 2.605010 16.382354 -150.607430 0.875326 1.532284
102020243 -0.641416 -0.360600 2.494410 2.600679 16.435627 -150.655576 0.875434 1.535533
102020244 -0.642676 -0.360600 2.489572 2.596350 16.489089 -150.703578 0.875544 1.538788
102020245 -0.643936 -0.360600 2.484733 2.592023 16.542740 -150.751438 0.875656 1.542049
102020246 -0.645195 -0.360600 2.479894 2.587699 16.596582 -150.799155 0.875770 1.545317
102020247 -0.646455 -0.360600 2.475056 2.583377 16.650615 -150.846730 0.875886 1.548591
102020248 -0.647715 -0.360600 2.470217 2.579058 16.704839 -150.894165 0.876004 1.551871
102020249 -0.648975 -0.360600 2.465378 2.574741 16.759256 -150.941458 0.876123 1.555158
102020250 -0.650235 -0.360600 2.460539 2.570426 16.813867 -150.988611 0.876245 1.558451
102020251 -0.651495 -0.360600 2.455701 2.566115 16.868672 -151.035625 0.876369 1.561751
102020252 -0.652754 -0.360600 2.450862 2.561805 16.923672 -151.082500 0.876495 1.565057
102020253 -0.654014 -0.360600 2.446023 2.557498 16.978868 -151.129237 0.876622 1.568370
102020254 -0.655274 -0.360600 2.441185 2.553194 17.034261 -151.175835 0.876752 1.571689
102020255 -0.656534 -0.360600 2.436346 2.548892 17.089852 -151.222296 0.876883 1.575015
102020256 -0.657794 -0.360600 2.431507 2.544593 17.145640 -151.268621 0.877016 1.578348
102020257 -0.659054 -0.360600 2.426669 2.540296 17.201629 -151.314809 0.877151 1.581687
102020258 -0.660314 -0.360600 2.421830 2.536002 17.257817 -151.360862 0.877288 1.585033
102020259 -0.661573 -0.360600 2.416991 2.531711 17.314207 -151.406779 0.877427 1.588386
102020260 -0.662833 -0.360600 2.412153 2.527422 17.370798 -151.452562 0.877568 1.591745
102020261 -0.664093 -0.360600 2.407314 2.523136 17.427592 -151.498210 0.877710 1.595111
102020262 -0.665353 -0.360600 2.402475 2.518852 17.484590 -151.543725 0.877855 1.598485
102020263 -0.666613 -0.360600 2.397637 2.514571 17.541792 -151.589107 0.878001 1.601864
102020264 -0.667873 -0.360600 2.392798 2.510293 17.599200 -151.634357 0.878149 1.605251
102020265 -0.669133 -0.360600 2.387959 2.506017 17.656813 -151.679474 0.878299 1.608645
102020266 -0.670392 -0.360600 2.383121 2.501744 17.714634 -151.724460 0.878450 1.612046
102020267 -0.671652 -0.360600 2.378282 2.497474 17.772663 -151.769316 0.878604 1.615454
102020268 -0.672912 -0.360600 2.373443 2.493206 17.830901 -151.814040 0.878759 1.618868
102020269 -0.674172 -0.360600 2.368605 2.488941 17.889349 -151.858635 0.878916 1.622290
102020270 -0.675432 -0.360600 2.363766 2.484679 17.948007 -151.903100 0.879074 1.625719
102020271 -0.676692 -0.360600 2.358927 2.480420 18.006877 -151.947437 0.879234 1.629155
102020272 -0.677951 -0.360600 2.354089 2.476163 18.065960 -151.991645 0.879396 1.632598
102020273 -0.679211 -0.360600 2.349250 2.471909 18.125256 -152.035725 0.879560 1.636049
102020274 -0.680471 -0.360600 2.344411 2.467658 18.184766 -152.079678 0.879726 1.639506
102020275 -0.681731 -0.360600 2.339573 2.463410 18.244492 -152.123504 0.879893 1.642971
102020276 -0.682991 -0.360600 2.334734 2.459165 18.304434 -152.167203 0.880061 1.646443
102020277 -0.684251 -0.360600 2.329895 2.454922 18.364593 -152.210777 0.880232 1.649922
102020278 -0.685511 -0.360600 2.325057 2.450683 18.424970 -152.254225 0.880404 1.653409
102020279 -0.686770 -0.360600 2.320218 2.446446 18.485566 -152.297548 0.880577 1.656903
102020280 -0.688030 -0.360600 2.315379 2.442212 18.546382 -152.340747 0.880752 1.660405
102020281 -0.689290 -0.360600 2.310541 2.437981 18.607420 -152.383822 0.880929 1.663914
102020282 -0.690550 -0.360600 2.305702 2.433753 18.668679 -152.426774 0.881108 1.667430
102020283 -0.691810 -0.360600 2.300863 2.429528 18.730161 -152.469602 0.881288 1.670954
102020284 -0.693070 -0.360600 2.296025 2.425305 18.791867 -152.512308 0.881469 1.674485
102020285 -0.694329 -0.360600 2.291186 2.421086 18.853798 -152.554892 0.881652 1.678024
102020286 -0.695589 -0.360600 2.286347 2.416870 18.915954 -152.597355 0.881837 1.681571
102020287 -0.696849 -0.360600 2.281508 2.412657 18.978338 -152.639696 0.882023 1.685125
102020288 -0.698109 -0.360600 2.276670 2.408446 19.040949 -152.681917 0.882210 1.688686
102020289 -0.699369 -0.360600 2.271831 2.404239 19.103789 -152.724018 0.882399 1.692256
102020290 -0.700629 -0.360600 2.266992 2.400035 19.166859 -152.765999 0.882590 1.695833
102020291 -0.701889 -0.360600 2.262154 2.395834 19.230160 -152.807861 0.882781 1.699418
102020292 -0.703148 -0.360600 2.257315 2.391636 19.293692 -152.849604 0.882975 1.703010
102020293 -0.704408 -0.360600 2.252476 2.387441 19.357457 -152.891229 0.883169 1.706611
102020294 -0.705668 -0.360600 2.247638 2.383249 19.421456 -152.932736 0.883366 1.710219
102020295 -0.706928 -0.360600 2.242799 2.379060 19.485690 -152.974126 0.883563 1.713835
102020296 -0.708188 -0.360600 2.237960 2.374875 19.550160 -153.015399 0.883762 1.717459
102020297 -0.709448 -0.360600 2.233122 2.370692 19.614867 -153.056555 0.883962 1.721091
102020298 -0.710708 -0.360600 2.228283 2.366513 19.679812 -153.097596 0.884163 1.724731
102020299 -0.711967 -0.360600 2.223444 2.362337 19.744995 -153.138520 0.884366 1.728379
102020300 -0.713227 -0.360600 2.218606 2.358164 19.810419 -153.179330 0.884570 1.732034
102020301 -0.588502 -0.334200 2.697635 2.781233 14.083538 -150.408523 0.829420 1.432503
102020302 -0.589762 -0.334200 2.692796 2.776807 14.129764 -150.461107 0.829405 1.435504
102020303 -0.591022 -0.334200 2.687957 2.772384 14.176148 -150.513522 0.829391 1.438509
102020304 -0.592282 -0.334200 2.683119 2.767962 14.222692 -150.565767 0.829380 1.441520
102020305 -0.593542 -0.334200 2.678280 2.763542 14.269397 -150.617844 0.829372 1.444536
102020306 -0.594801 -0.334200 2.673441 2.759124 14.316262 -150.669754 0.829366 1.447556
102020307 -0.596061 -0.334200 2.668603 2.754708 14.363289 -150.721496 0.829362 1.450582
102020308 -0.597321 -0.334200 2.663764 2.750295 14.410478 -150.773073 0.829361 1.453614
102020309 -0.598581 -0.334200 2.658925 2.745883 14.457830 -150.824484 0.829362 1.456650
102020310 -0.599841 -0.334200 2.654087 2.741473 14.505345 -150.875731 0.829365 1.459692
102020311 -0.601101 -0.334200 2.649248 2.737065 14.553025 -150.926813 0.829371 1.462739
102020312 -0.602361 -0.334200 2.644409 2.732659 14.600869 -150.977732 0.829379 1.465791
102020313 -0.603620 -0.334200 2.639570 2.728256 14.648879 -151.028489 0.829390 1.468849
102020314 -0.604880 -0.334200 2.634732 2.723854 14.697055 -151.079083 0.829403 1.471912
102020315 -0.606140 -0.334200 2.629893 2.719455 14.745398 -151.129517 0.829418 1.474981
102020316 -0.607400 -0.334200 2.625054 2.715057 14.793908 -151.179789 0.829435 1.478055
102020317 -0.608660 -0.334200 2.620216 2.710662 14.842587 -151.229902 0.829455 1.481134
102020318 -0.609920 -0.334200 2.615377 2.706268 14.891435 -151.279856 0.829478 1.484220
102020319 -0.611179 -0.334200 2.610538 2.701877 14.940452 -151.329652 0.829502 1.487310
102020320 -0.612439 -0.334200 2.605700 2.697488 14.989639 -151.379289 0.829529 1.490407
102020321 -0.613699 -0.334200 2.600861 2.693101 15.038998 -151.428770 0.829558 1.493509
102020322 -0.614959 -0.334200 2.596022 2.688717 15.088528 -151.478094 0.829590 1.496616
102020323 -0.616219 -0.334200 2.591184 2.684334 15.138231 -151.527262 0.829624 1.499730
102020324 -0.617479 -0.334200 2.586345 2.679953 15.188107 -151.576275 0.829660 1.502849
102020325 -0.618739 -0.334200 2.581506 2.675575 15.238157 -151.625134 0.829698 1.505974
102020326 -0.619998 -0.334200 2.576668 2.671199 15.288381 -151.673839 0.829739 1.509105
102020327 -0.621258 -0.334200 2.571829 2.666825 15.338780 -151.722391 0.829782 1.512241
102020328 -0.622518 -0.334200 2.566990 2.662453 15.389356 -151.770790 0.829827 1.515384
102020329 -0.623778 -0.334200 2.562152 2.658084 15.440108 -151.819038 0.829875 1.518532
102020330 -0.625038 -0.334200 2.557313 2.653717 15.491038 -151.867134 0.829925 1.521686
102020331 -0.626298 -0.334200 2.552474 2.649352 15.542146 -151.915080 0.829977 1.524847
102020332 -0.627558 -0.334200 2.547636 2.644989 15.593434 -151.962876 0.830031 1.528013
102020333 -0.628817 -0.334200 2.542797 2.640628 15.644900 -152.010522 0.830088 1.531186
102020334 -0.630077 -0.334200 2.537958 2.636270 15.696548 -152.058020 0.830146 1.534364
102020335 -0.631337 -0.334200 2.533120 2.631914 15.748376 -152.105370 0.830207 1.537549
102020336 -0.632597 -0.334200 2.528281 2.627560 15.800387 -152.152573 0.830270 1.540739
102020337 -0.633857 -0.334200 2.523442 2.623209 15.852580 -152.199629 0.830336 1.543936
102020338 -0.635117 -0.334200 2.518604 2.618860 15.904957 -152.246538 0.830403 1.547140
102020339 -0.636376 -0.334200 2.513765 2.614513 15.957519 -152.293303 0.830473 1.550349
102020340 -0.637636 -0.334200 2.508926 2.610169 16.010265 -152.339922 0.830545 1.553565
102020341 -0.638896 -0.334200 2.504088 2.605827 16.063197 -152.386397 0.830619 1.556787
102020342 -0.640156 -0.334200 2.499249 2.601487 16.116316 -152.432728 0.830696 1.560015
102020343 -0.641416 -0.334200 2.494410 2.597150 16.169622 -152.478916 0.830774 1.563250
102020344 -0.642676 -0.334200 2.489572 2.592815 16.223117 -152.524962 0.830855 1.566491
102020345 -0.643936 -0.334200 2.484733 2.588482 16.276800 -152.570866 0.830937 1.569739
102020346 -0.645195 -0.334200 2.479894 2.584152 16.330674 -152.616628 0.831022 1.572993
102020347 -0.646455 -0.334200 2.475056 2.579824 16.384738 -152.662250 0.831109 1.576254
102020348 -0.647715 -0.334200 2.470217 2.575499 16.438993 -152.707732 0.831198 1.579521
102020349 -0.648975 -0.334200 2.465378 2.571176 16.493441 -152.753074 0.831289 1.582795
102020350 -0.650235 -0.334200 2.460539 2.566856 16.548082 -152.798277 0.831383 1.586075
102020351 -0.651495 -0.334200 2.455701 2.562538 16.602917 -152.843342 0.831478 1.589362
102020352 -0.652754 -0.334200 2.450862 2.558223 16.657946 -152.888269 0.831575 1.592656
102020353 -0.654014 -0.334200 2.446023 2.553910 16.713171 -152.933059 0.831675 1.595956
102020354 -0.655274 -0.334200 2.441185 2.549599 16.768593 -152.977713 0.831776 1.599263
102020355 -0.656534 -0.334200 2.436346 2.545292 16.824211 -153.022230 0.831880 1.602577
102020356 -0.657794 -0.334200 2.431507 2.540986 16.880028 -153.066612 0.831986 1.605898
102020357 -0.659054 -0.334200 2.426669 2.536683 16.936044 -153.110859 0.832093 1.609226
102020358 -0.660314 -0.334200 2.421830 2.532383 16.992260 -153.154971 0.832203 1.612560
102020359 -0.661573 -0.334200 2.416991 2.528086 17.048676 -153.198950 0.832315 1.615902
102020360 -0.662833 -0.334200 2.412153 2.523790 17.105294 -153.242795 0.832428 1.619250
102020361 -0.664093 -0.334200 2.407314 2.519498 17.162114 -153.286508 0.832544 1.622606
102020362 -0.665353 -0.334200 2.402475 2.515208 17.219138 -153.330089 0.832662 1.625968
102020363 -0.666613 -0.334200 2.397637 2.510921 17.276365 -153.373538 0.832781 1.629337
102020364 -0.667873 -0.334200 2.392798 2.506636 17.333798 -153.416856 0.832903 1.632714
102020365 -0.669133 -0.334200 2.387959 2.502354 17.391437 -153.460043 0.833026 1.636097
102020366 -0.670392 -0.334200 2.383121 2.498075 17.449282 -153.503101 0.833152 1.639488
102020367 -0.671652 -0.334200 2.378282 2.493799 17.507335 -153.546029 0.833279 1.642886
102020368 -0.672912 -0.334200 2.373443 2.489525 17.565597 -153.588828 0.833408 1.646291
102020369 -0.674172 -0.334200 2.368605 2.485254 17.624068 -153.631499 0.833539 1.649704
102020370 -0.675432 -0.334200 2.363766 2.480985 17.682750 -153.674042 0.833672 1.653123
102020371 -0.676692 -0.334200 2.358927 2.476719 17.741643 -153.716458 0.833807 1.656550
102020372 -0.677951 -0.334200 2.354089 2.472456 17.800748 -153.758747 0.833944 1.659984
102020373 -0.679211 -0.334200 2.349250 2.468196 17.860066 -153.800909 0.834082 1.663426
102020374 -0.680471 -0.334200 2.344411 2.463939 17.919599 -153.842946 0.834223 1.666875
102020375 -0.681731 -0.334200 2.339573 2.459684 17.979346 -153.884858 0.834365 1.670332
102020376 -0.682991 -0.334200 2.334734 2.455432 18.039310 -153.926645 0.834509 1.673795
102020377 -0.684251 -0.334200 2.329895 2.451183 18.099490 -153.968308 0.834655 1.677267
102020378 -0.685511 -0.334200 2.325057 2.446937 18.159888 -154.009847 0.834803 1.680746
102020379 -0.686770 -0.334200 2.320218 2.442694 18.220505 -154.051263 0.834952 1.684232
102020380 -0.688030 -0.334200 2.315379 2.438454 18.281342 -154.092556 0.835103 1.687726
102020381 -0.689290 -0.334200 2.310541 2.434216 18.342400 -154.133727 0.835256 1.691228
102020382 -0.690550 -0.334200 2.305702 2.429981 18.403679 -154.174777 0.835411 1.694737
102020383 -0.691810 -0.334200 2.300863 2.425750 18.465181 -154.215705 0.835567 1.698254
102020384 -0.693070 -0.334200 2.296025 2.421521 18.526907 -154.256513 0.835725 1.701779
102020385 -0.694329 -0.334200 2.291186 2.417295 18.588857 -154.297200 0.835885 1.705312
102020386 -0.695589 -0.334200 2.286347 2.413072 18.651033 -154.337768 0.836046 1.708852
102020387 -0.696849 -0.334200 2.281508 2.408852 18.713436 -154.378216 0.836209 1.712400
102020388 -0.698109 -0.334200 2.276670 2.404635 18.776066 -154.418546 0.836374 1.715956
102020389 -0.699369 -0.334200 2.271831 2.400421 18.838924 -154.458758 0.836540 1.719519
102020390 -0.700629 -0.334200 2.266992 2.396211 18.902013 -154.498851 0.836708 1.723091
102020391 -0.701889 -0.334200 2.262154 2.392003 18.965332 -154.538828 0.836878 1.726671
102020392 -0.703148 -0.334200 2.257315 2.387798 19.028882 -154.578687 0.837049 1.730258
102020393 -0.704408 -0.334200 2.252476 2.383596 19.092666 -154.618431 0.837221 1.733854
102020394 -0.705668 -0.334200 2.247638 2.379398 19.156683 -154.658058 0.837395 1.737457
102020395 -0.706928 -0.334200 2.242799 2.375202 19.220934 -154.697570 0.837571 1.741069
102020396 -0.708188 -0.334200 2.237960 2.371010 19.285422 -154.736967 0.837748 1.744688
102020397 -0.709448 -0.334200 2.233122 2.366820 19.350146 -154.776250 0.837927 1.748316
102020398 -0.710708 -0.334200 2.228283 2.362634 19.415108 -154.815418 0.838107 1.751952
102020399 -0.711967 -0.334200 2.223444 2.358451 19.480309 -154.854473 0.838289 1.755596
102020400 -0.713227 -0.334200 2.218606 2.354271 19.545751 -154.893415 0.838472 1.759248
102020401 -0.588502 -0.307800 2.697635 2.778184 13.830697 -152.389412 0.783097 1.460253
102020402 -0.589762 -0.307800 2.692796 2.773754 13.876987 -152.439701 0.783051 1.463229
102020403 -0.591022 -0.307800 2.687957 2.769325 13.923435 -152.489820 0.783007 1.466209
102020404 -0.592282 -0.307800 2.683119 2.764899 13.970043 -152.539772 0.782966 1.469195
102020405 -0.593542 -0.307800 2.678280 2.760474 14.016810 -152.589557 0.782928 1.472186
102020406 -0.594801 -0.307800 2.673441 2.756051 14.063737 -152.639176 0.782891 1.475182
102020407 -0.596061 -0.307800 2.668603 2.751630 14.110826 -152.688629 0.782858 1.478184
102020408 -0.597321 -0.307800 2.663764 2.747212 14.158076 -152.737917 0.782827 1.481191
102020409 -0.598581 -0.307800 2.658925 2.742795 14.205488 -152.787041 0.782798 1.484203
102020410 -0.599841 -0.307800 2.654087 2.738380 14.253063 -152.836002 0.782772 1.487221
102020411 -0.601101 -0.307800 2.649248 2.733967 14.300801 -152.884801 0.782749 1.490244
102020412 -0.602361 -0.307800 2.644409 2.729557 14.348704 -152.933438 0.782728 1.493273
102020413 -0.603620 -0.307800 2.639570 2.725148 14.396772 -152.981913 0.782710 1.496308
102020414 -0.604880 -0.307800 2.634732 2.720741 14.445006 -153.030229 0.782694 1.499348
102020415 -0.606140 -0.307800 2.629893 2.716337 14.493405 -153.078384 0.782680 1.502393
102020416 -0.607400 -0.307800 2.625054 2.711934 14.541972 -153.126381 0.782669 1.505445
102020417 -0.608660 -0.307800 2.620216 2.707534 14.590706 -153.174220 0.782661 1.508502
102020418 -0.609920 -0.307800 2.615377 2.703135 14.639609 -153.221901 0.782655 1.511564
102020419 -0.611179 -0.307800 2.610538 2.698739 14.688681 -153.269426 0.782651 1.514633
102020420 -0.612439 -0.307800 2.605700 2.694345 14.737922 -153.316794 0.782650 1.517707
102020421 -0.613699 -0.307800 2.600861 2.689953 14.787334 -153.364007 0.782651 1.520787
102020422 -0.614959 -0.307800 2.596022 2.685563 14.836917 -153.411066 0.782655 1.523873
102020423 -0.616219 -0.307800 2.591184 2.681175 14.886672 -153.457970 0.782661 1.526965
102020424 -0.617479 -0.307800 2.586345 2.676789 14.936600 -153.504722 0.782670 1.530063
102020425 -0.618739 -0.307800 2.581506 2.672406 14.986701 -153.551320 0.782681 1.533167
102020426 -0.619998 -0.307800 2.576668 2.668025 15.036976 -153.597767 0.782694 1.536276
102020427 -0.621258 -0.307800 2.571829 2.663645 15.087426 -153.644063 0.782710 1.539392
102020428 -0.622518 -0.307800 2.566990 2.659269 15.138051 -153.690208 0.782728 1.542514
102020429 -0.623778 -0.307800 2.562152 2.654894 15.188852 -153.736203 0.782749 1.545642
102020430 -0.625038 -0.307800 2.557313 2.650521 15.239831 -153.782050 0.782772 1.548776
102020431 -0.626298 -0.307800 2.552474 2.646151 15.290987 -153.827747 0.782798 1.551916
102020432 -0.627558 -0.307800 2.547636 2.641783 15.342321 -153.873297 0.782825 1.555063
102020433 -0.628817 -0.307800 2.542797 2.637417 15.393835 -153.918700 0.782855 1.558215
102020434 -0.630077 -0.307800 2.537958 2.633053 15.445529 -153.963956 0.782888 1.561374
102020435 -0.631337 -0.307800 2.533120 2.628692 15.497404 -154.009066 0.782923 1.564540
102020436 -0.632597 -0.307800 2.528281 2.624333 15.549460 -154.054031 0.782960 1.567711
102020437 -0.633857 -0.307800 2.523442 2.619976 15.601698 -154.098852 0.782999 1.570889
102020438 -0.635117 -0.307800 2.518604 2.615622 15.654119 -154.143528 0.783041 1.574073
102020439 -0.636376 -0.307800 2.513765 2.611270 15.706725 -154.188061 0.783085 1.577264
102020440 -0.637636 -0.307800 2.508926 2.606920 15.759514 -154.232452 0.783132 1.580462
102020441 -0.638896 -0.307800 2.504088 2.602573 15.812490 -154.276700 0.783180 1.583665
102020442 -0.640156 -0.307800 2.499249 2.598227 15.865651 -154.320807 0.783231 1.586876
102020443 -0.641416 -0.307800 2.494410 2.593885 15.918999 -154.364774 0.783285 1.590092
102020444 -0.642676 -0.307800 2.489572 2.589544 15.972535 -154.408600 0.783340 1.593316
102020445 -0.643936 -0.307800 2.484733 2.585206 16.026260 -154.452286 0.783398 1.596546
102020446 -0.645195 -0.307800 2.479894 2.580871 16.080174 -154.495834 0.783458 1.599783
102020447 -0.646455 -0.307800 2.475056 2.576537 16.134278 -154.539243 0.783520 1.603026
102020448 -0.647715 -0.307800 2.470217 2.572207 16.188574 -154.582515 0.783585 1.606277
102020449 -0.648975 -0.307800 2.465378 2.567878 16.243061 -154.625649 0.783652 1.609534
102020450 -0.650235 -0.307800 2.460539 2.563552 16.297741 -154.668647 0.783721 1.612797
102020451 -0.651495 -0.307800 2.455701 2.559229 16.352614 -154.711510 0.783792 1.616068
102020452 -0.652754 -0.307800 2.450862 2.554908 16.407681 -154.754236 0.783865 1.619346
102020453 -0.654014 -0.307800 2.446023 2.550589 16.462944 -154.796828 0.783941 1.622630
102020454 -0.655274 -0.307800 2.441185 2.546273 16.518403 -154.839286 0.784018 1.625921
102020455 -0.656534 -0.307800 2.436346 2.541960 16.574058 -154.881611 0.784098 1.629220
102020456 -0.657794 -0.307800 2.431507 2.537649 16.629911 -154.923802 0.784180 1.632525
102020457 -0.659054 -0.307800 2.426669 2.533340 16.685963 -154.965861 0.784265 1.635838
102020458 -0.660314 -0.307800 2.421830 2.529035 16.742214 -155.007789 0.784351 1.639157
102020459 -0.661573 -0.307800 2.416991 2.524731 16.798666 -155.049585 0.784439 1.642484
102020460 -0.662833 -0.307800 2.412153 2.520430 16.855318 -155.091250 0.784530 1.645817
102020461 -0.664093 -0.307800 2.407314 2.516132 16.912173 -155.132785 0.784623 1.649158
102020462 -0.665353 -0.307800 2.402475 2.511837 16.969230 -155.174191 0.784718 1.652506
102020463 -0.666613 -0.307800 2.397637 2.507544 17.026491 -155.215468 0.784814 1.655862
102020464 -0.667873 -0.307800 2.392798 2.503253 17.083957 -155.256617 0.784913 1.659224
102020465 -0.669133 -0.307800 2.387959 2.498966 17.141629 -155.297637 0.785014 1.662594
102020466 -0.670392 -0.307800 2.383121 2.494681 17.199506 -155.338530 0.785117 1.665971
102020467 -0.671652 -0.307800 2.378282 2.490398 17.257592 -155.379297 0.785223 1.669356
102020468 -0.672912 -0.307800 2.373443 2.486118 17.315885 -155.419937 0.785330 1.672748
102020469 -0.674172 -0.307800 2.368605 2.481841 17.374388 -155.460452 0.785439 1.676147
102020470 -0.675432 -0.307800 2.363766 2.477567 17.433100 -155.500842 0.785550 1.679554
102020471 -0.676692 -0.307800 2.358927 2.473295 17.492024 -155.541107 0.785663 1.682968
102020472 -0.677951 -0.307800 2.354089 2.469027 17.551160 -155.581248 0.785778 1.686390
102020473 -0.679211 -0.307800 2.349250 2.464760 17.610508 -155.621265 0.785896 1.689820
102020474 -0.680471 -0.307800 2.344411 2.460497 17.670070 -155.661160 0.786015 1.693257
102020475 -0.681731 -0.307800 2.339573 2.456237 17.729847 -155.700932 0.786136 1.696702
102020476 -0.682991 -0.307800 2.334734 2.451979 17.789840 -155.740582 0.786259 1.700154
102020477 -0.684251 -0.307800 2.329895 2.447724 17.850049 -155.780111 0.786383 1.703614
102020478 -0.685511 -0.307800 2.325057 2.443472 17.910476 -155.819518 0.786510 1.707082
102020479 -0.686770 -0.307800 2.320218 2.439222 17.971121 -155.858806 0.786639 1.710557
102020480 -0.688030 -0.307800 2.315379 2.434976 18.031986 -155.897974 0.786770 1.714040
102020481 -0.689290 -0.307800 2.310541 2.430732 18.093071 -155.937022 0.786902 1.717532
102020482 -0.690550 -0.307800 2.305702 2.426492 18.154378 -155.975951 0.787036 1.721030
102020483 -0.691810 -0.307800 2.300863 2.422254 18.215907 -156.014763 0.787172 1.724537
102020484 -0.693070 -0.307800 2.296025 2.418019 18.277660 -156.053456 0.787310 1.728052
102020485 -0.694329 -0.307800 2.291186 2.413787 18.339637 -156.092032 0.787450 1.731575
102020486 -0.695589 -0.307800 2.286347 2.409558 18.401839 -156.130491 0.787592 1.735105
102020487 -0.696849 -0.307800 2.281508 2.405332 18.464268 -156.168834 0.787735 1.738644
102020488 -0.698109 -0.307800 2.276670 2.401109 18.526924 -156.207061 0.787880 1.742191
102020489 -0.699369 -0.307800 2.271831 2.396888 18.589808 -156.245173 0.788027 1.745745
102020490 -0.700629 -0.307800 2.266992 2.392671 18.652922 -156.283170 0.788176 1.749308
102020491 -0.701889 -0.307800 2.262154 2.388457 18.716266 -156.321052 0.788326 1.752879
102020492 -0.703148 -0.307800 2.257315 2.384246 18.779842 -156.358821 0.788478 1.756458
102020493 -0.704408 -0.307800 2.252476 2.380038 18.843650 -156.396476 0.788632 1.760046
102020494 -0.705668 -0.307800 2.247638 2.375833 18.907692 -156.434018 0.788788 1.763641
102020495 -0.706928 -0.307800 2.242799 2.371631 18.971968 -156.471448 0.788945 1.767245
102020496 -0.708188 -0.307800 2.237960 2.367433 19.036480 -156.508766 0.789104 1.770857
102020497 -0.709448 -0.307800 2.233122 2.363237 19.101228 -156.545972 0.789264 1.774478
102020498 -0.710708 -0.307800 2.228283 2.359045 19.166214 -156.583067 0.789426 1.778106
102020499 -0.711967 -0.307800 2.223444 2.354855 19.231439 -156.620052 0.789590 1.781743
102020500 -0.713227 -0.307800 2.218606 2.350669 19.296904 -156.656927 0.789755 1.785389
102020501 -0.588502 -0.281400 2.697635 2.775383 13.593841 -154.444597 0.733714 1.487068
102020502 -0.589762 -0.281400 2.692796 2.770948 13.640205 -154.492250 0.733644 1.490013
102020503 -0.591022 -0.281400 2.687957 2.766515 13.686726 -154.539737 0.733576 1.492965
102020504 -0.592282 -0.281400 2.683119 2.762084 13.733406 -154.587059 0.733511 1.495921
102020505 -0.593542 -0.281400 2.678280 2.757655 13.780244 -154.634218 0.733448 1.498883
102020506 -0.594801 -0.281400 2.673441 2.753228 13.827243 -154.681213 0.733388 1.501851
102020507 -0.596061 -0.281400 2.668603 2.748802 13.874401 -154.728046 0.733331 1.504824
102020508 -0.597321 -0.281400 2.663764 2.744379 13.921721 -154.774717 0.733276 1.507803
102020509 -0.598581 -0.281400 2.658925 2.739958 13.969202 -154.821228 0.733224 1.510787
102020510 -0.599841 -0.281400 2.654087 2.735538 14.016845 -154.867578 0.733175 1.513777
102020511 -0.601101 -0.281400 2.649248 2.731121 14.064651 -154.913769 0.733128 1.516773
102020512 -0.602361 -0.281400 2.644409 2.726706 14.112621 -154.959802 0.733084 1.519774
102020513 -0.603620 -0.281400 2.639570 2.722292 14.160756 -155.005677 0.733043 1.522781
102020514 -0.604880 -0.281400 2.634732 2.717881 14.209055 -155.051395 0.733004 1.525794
102020515 -0.606140 -0.281400 2.629893 2.713472 14.257520 -155.096956 0.732967 1.528813
102020516 -0.607400 -0.281400 2.625054 2.709065 14.306151 -155.142362 0.732934 1.531837
102020517 -0.608660 -0.281400 2.620216 2.704660 14.354949 -155.187613 0.732903 1.534868
102020518 -0.609920 -0.281400 2.615377 2.700257 14.403915 -155.232710 0.732874 1.537904
102020519 -0.611179 -0.281400 2.610538 2.695856 14.453050 -155.277654 0.732848 1.540947
102020520 -0.612439 -0.281400 2.605700 2.691457 14.502354 -155.322445 0.732825 1.543995
102020521 -0.613699 -0.281400 2.600861 2.687060 14.551827 -155.367084 0.732804 1.547049
102020522 -0.614959 -0.281400 2.596022 2.682665 14.601471 -155.411572 0.732785 1.550110
102020523 -0.616219 -0.281400 2.591184 2.678273 14.651287 -155.455909 0.732769 1.553176
102020524 -0.617479 -0.281400 2.586345 2.673882 14.701274 -155.500097 0.732756 1.556249
102020525 -0.618739 -0.281400 2.581506 2.669494 14.751434 -155.544136 0.732745 1.559328
102020526 -0.619998 -0.281400 2.576668 2.665108 14.801768 -155.588026 0.732737 1.562413
102020527 -0.621258 -0.281400 2.571829 2.660724 14.852276 -155.631769 0.732731 1.565504
102020528 -0.622518 -0.281400 2.566990 2.656342 14.902958 -155.675364 0.732728 1.568602
102020529 -0.623778 -0.281400 2.562152 2.651963 14.953817 -155.718814 0.732727 1.571705
102020530 -0.625038 -0.281400 2.557313 2.647585 15.004852 -155.762118 0.732729 1.574816
102020531 -0.626298 -0.281400 2.552474 2.643210 15.056064 -155.805277 0.732733 1.577932
102020532 -0.627558 -0.281400 2.547636 2.638837 15.107453 -155.848291 0.732740 1.581055
102020533 -0.628817 -0.281400 2.542797 2.634466 15.159022 -155.891163 0.732749 1.584184
102020534 -0.630077 -0.281400 2.537958 2.630098 15.210770 -155.933891 0.732760 1.587320
102020535 -0.631337 -0.281400 2.533120 2.625732 15.262698 -155.976477 0.732774 1.590463
102020536 -0.632597 -0.281400 2.528281 2.621368 15.314807 -156.018922 0.732791 1.593611
102020537 -0.633857 -0.281400 2.523442 2.617006 15.367098 -156.061225 0.732809 1.596767
102020538 -0.635117 -0.281400 2.518604 2.612647 15.419572 -156.103388 0.732831 1.599929
102020539 -0.636376 -0.281400 2.513765 2.608290 15.472228 -156.145412 0.732854 1.603098
102020540 -0.637636 -0.281400 2.508926 2.603935 15.525069 -156.187297 0.732880 1.606273
102020541 -0.638896 -0.281400 2.504088 2.599582 15.578095 -156.229044 0.732909 1.609455
102020542 -0.640156 -0.281400 2.499249 2.595232 15.631306 -156.270652 0.732940 1.612644
102020543 -0.641416 -0.281400 2.494410 2.590885 15.684704 -156.312124 0.732973 1.615839
102020544 -0.642676 -0.281400 2.489572 2.586539 15.738289 -156.353460 0.733008 1.619042
102020545 -0.643936 -0.281400 2.484733 2.582196 15.792062 -156.394659 0.733046 1.622251
102020546 -0.645195 -0.281400 2.479894 2.577855 15.846024 -156.435724 0.733086 1.625467
102020547 -0.646455 -0.281400 2.475056 2.573517 15.900176 -156.476654 0.733129 1.628690
102020548 -0.647715 -0.281400 2.470217 2.569181 15.954518 -156.517450 0.733174 1.631920
102020549 -0.648975 -0.281400 2.465378 2.564848 16.009052 -156.558113 0.733221 1.635157
102020550 -0.650235 -0.281400 2.460539 2.560517 16.063778 -156.598643 0.733271 1.638401
102020551 -0.651495 -0.281400 2.455701 2.556188 16.118696 -156.639041 0.733322 1.641652
102020552 -0.652754 -0.281400 2.450862 2.551862 16.173809 -156.679308 0.733377 1.644910
102020553 -0.654014 -0.281400 2.446023 2.547538 16.229116 -156.719443 0.733433 1.648175
102020554 -0.655274 -0.281400 2.441185 2.543217 16.284619 -156.759449 0.733492 1.651448
102020555 -0.656534 -0.281400 2.436346 2.538898 16.340318 -156.799325 0.733553 1.654727
102020556 -0.657794 -0.281400 2.431507 2.534582 16.396215 -156.839071 0.733616 1.658014
102020557 -0.659054 -0.281400 2.426669 2.530269 16.452309 -156.878690 0.733681 1.661308
102020558 -0.660314 -0.281400 2.421830 2.525957 16.508603 -156.918180 0.733749 1.664609
102020559 -0.661573 -0.281400 2.416991 2.521649 16.565096 -156.957543 0.733819 1.667918
102020560 -0.662833 -0.281400 2.412153 2.517343 16.621790 -156.996779 0.733891 1.671234
102020561 -0.664093 -0.281400 2.407314 2.513039 16.678686 -157.035889 0.733965 1.674557
102020562 -0.665353 -0.281400 2.402475 2.508738 16.735784 -157.074874 0.734042 1.677887
102020563 -0.666613 -0.281400 2.397637 2.504440 16.793086 -157.113733 0.734120 1.681226
102020564 -0.667873 -0.281400 2.392798 2.500144 16.850591 -157.152468 0.734201 1.684571
102020565 -0.669133 -0.281400 2.387959 2.495851 16.908302 -157.191080 0.734284 1.687924
102020566 -0.670392 -0.281400 2.383121 2.491561 16.966219 -157.229567 0.734369 1.691285
102020567 -0.671652 -0.281400 2.378282 2.487273 17.024343 -157.267932 0.734457 1.694653
102020568 -0.672912 -0.281400 2.373443 2.482988 17.082675 -157.306175 0.734546 1.698029
102020569 -0.674172 -0.281400 2.368605 2.478706 17.141215 -157.344296 0.734638 1.701412
102020570 -0.675432 -0.281400 2.363766 2.474426 17.199965 -157.382296 0.734731 1.704803
102020571 -0.676692 -0.281400 2.358927 2.470149 17.258926 -157.420175 0.734827 1.708202
102020572 -0.677951 -0.281400 2.354089 2.465875 17.318098 -157.457934 0.734925 1.711609
102020573 -0.679211 -0.281400 2.349250 2.461603 17.377483 -157.495574 0.735025 1.715023
102020574 -0.680471 -0.281400 2.344411 2.457334 17.437082 -157.533095 0.735127 1.718445
102020575 -0.681731 -0.281400 2.339573 2.453068 17.496894 -157.570497 0.735231 1.721875
102020576 -0.682991 -0.281400 2.334734 2.448805 17.556922 -157.607781 0.735337 1.725313
102020577 -0.684251 -0.281400 2.329895 2.444544 17.617166 -157.644948 0.735445 1.728759
102020578 -0.685511 -0.281400 2.325057 2.440287 17.677628 -157.681998 0.735555 1.732212
102020579 -0.686770 -0.281400 2.320218 2.436032 17.738308 -157.718932 0.735667 1.735674
102020580 -0.688030 -0.281400 2.315379 2.431780 17.799207 -157.755750 0.735781 1.739143
102020581 -0.689290 -0.281400 2.310541 2.427531 17.860326 -157.792452 0.735897 1.742621
102020582 -0.690550 -0.281400 2.305702 2.423284 17.921666 -157.829040 0.736015 1.746107
102020583 -0.691810 -0.281400 2.300863 2.419041 17.983228 -157.865513 0.736135 1.749601
102020584 -0.693070 -0.281400 2.296025 2.414800 18.045013 -157.901873 0.736257 1.753102
102020585 -0.694329 -0.281400 2.291186 2.410563 18.107023 -157.938119 0.736381 1.756612
102020586 -0.695589 -0.281400 2.286347 2.406328 18.169257 -157.974253 0.736506 1.760131
102020587 -0.696849 -0.281400 2.281508 2.402096 18.231718 -158.010274 0.736634 1.763657
102020588 -0.698109 -0.281400 2.276670 2.397867 18.294406 -158.046183 0.736763 1.767192
102020589 -0.699369 -0.281400 2.271831 2.393641 18.357321 -158.081981 0.736895 1.770735
102020590 -0.700629 -0.281400 2.266992 2.389419 18.420466 -158.117669 0.737028 1.774286
102020591 -0.701889 -0.281400 2.262154 2.385199 18.483842 -158.153245 0.737163 1.777845
102020592 -0.703148 -0.281400 2.257315 2.380982 18.547448 -158.188712 0.737300 1.781413
102020593 -0.704408 -0.281400 2.252476 2.376768 18.611286 -158.224070 0.737439 1.784990
102020594 -0.705668 -0.281400 2.247638 2.372557 18.675358 -158.259319 0.737579 1.788575
102020595 -0.706928 -0.281400 2.242799 2.368350 18.739664 -158.294459 0.737721 1.792168
102020596 -0.708188 -0.281400 2.237960 2.364145 18.804206 -158.329491 0.737866 1.795770
102020597 -0.709448 -0.281400 2.233122 2.359944 18.868984 -158.364416 0.738011 1.799380
102020598 -0.710708 -0.281400 2.228283 2.355745 18.933999 -158.399234 0.738159 1.802999
102020599 -0.711967 -0.281400 2.223444 2.351550 18.999253 -158.433945 0.738308 1.806626
102020600 -0.713227 -0.281400 2.218606 2.347358 19.064747 -158.468550 0.738459 1.810262
102020601 -0.588502 -0.255000 2.697635 2.772831 13.373993 -156.572751 0.681277 1.512683
102020602 -0.589762 -0.255000 2.692796 2.768392 13.420437 -156.617417 0.681189 1.515595
102020603 -0.591022 -0.255000 2.687957 2.763955 13.467038 -156.661923 0.681104 1.518514
102020604 -0.592282 -0.255000 2.683119 2.759520 13.513796 -156.706269 0.681022 1.521438
102020605 -0.593542 -0.255000 2.678280 2.755086 13.560713 -156.750456 0.680943 1.524367
102020606 -0.594801 -0.255000 2.673441 2.750655 13.607789 -156.794485 0.680866 1.527303
102020607 -0.596061 -0.255000 2.668603 2.746225 13.655024 -156.838356 0.680792 1.530244
102020608 -0.597321 -0.255000 2.663764 2.741798 13.702420 -156.882071 0.680721 1.533191
102020609 -0.598581 -0.255000 2.658925 2.737372 13.749976 -156.925631 0.680653 1.536144
102020610 -0.599841 -0.255000 2.654087 2.732949 13.797694 -156.969035 0.680587 1.539103
102020611 -0.601101 -0.255000 2.649248 2.728527 13.845575 -157.012286 0.680524 1.542067
102020612 -0.602361 -0.255000 2.644409 2.724108 13.893618 -157.055383 0.680463 1.545038
102020613 -0.603620 -0.255000 2.639570 2.719690 13.941825 -157.098327 0.680405 1.548014
102020614 -0.604880 -0.255000 2.634732 2.715275 13.990197 -157.141120 0.680350 1.550997
102020615 -0.606140 -0.255000 2.629893 2.710861 14.038733 -157.183761 0.680298 1.553985
102020616 -0.607400 -0.255000 2.625054 2.706450 14.087435 -157.226252 0.680248 1.556980
102020617 -0.608660 -0.255000 2.620216 2.702040 14.136304 -157.268594 0.680201 1.559981
102020618 -0.609920 -0.255000 2.615377 2.697633 14.185339 -157.310787 0.680156 1.562988
102020619 -0.611179 -0.255000 2.610538 2.693228 14.234543 -157.352831 0.680114 1.566001
102020620 -0.612439 -0.255000 2.605700 2.688825 14.283915 -157.394728 0.680075 1.569020
102020621 -0.613699 -0.255000 2.600861 2.684424 14.333456 -157.436479 0.680038 1.572046
102020622 -0.614959 -0.255000 2.596022 2.680025 14.383167 -157.478084 0.680004 1.575078
102020623 -0.616219 -0.255000 2.591184 2.675628 14.433049 -157.519543 0.679973 1.578116
102020624 -0.617479 -0.255000 2.586345 2.671233 14.483102 -157.560858 0.679944 1.581160
102020625 -0.618739 -0.255000 2.581506 2.666840 14.533328 -157.602029 0.679918 1.584211
102020626 -0.619998 -0.255000 2.576668 2.662450 14.583726 -157.643057 0.679894 1.587269
102020627 -0.621258 -0.255000 2.571829 2.658062 14.634298 -157.683943 0.679873 1.590332
102020628 -0.622518 -0.255000 2.566990 2.653675 14.685044 -157.724687 0.679854 1.593403
102020629 -0.623778 -0.255000 2.562152 2.649291 14.735965 -157.765290 0.679838 1.596479
102020630 -0.625038 -0.255000 2.557313 2.644910 14.787063 -157.805753 0.679825 1.599563
102020631 -0.626298 -0.255000 2.552474 2.640530 14.838336 -157.846076 0.679814 1.602652
102020632 -0.627558 -0.255000 2.547636 2.636153 14.889787 -157.886260 0.679805 1.605749
102020633 -0.628817 -0.255000 2.542797 2.631777 14.941416 -157.926306 0.679799 1.608852
102020634 -0.630077 -0.255000 2.537958 2.627405 14.993224 -157.966215 0.679796 1.611962
102020635 -0.631337 -0.255000 2.533120 2.623034 15.045212 -158.005986 0.679795 1.615079
102020636 -0.632597 -0.255000 2.528281 2.618665 15.097380 -158.045622 0.679796 1.618202
102020637 -0.633857 -0.255000 2.523442 2.614299 15.149729 -158.085121 0.679800 1.621332
102020638 -0.635117 -0.255000 2.518604 2.609935 15.202260 -158.124486 0.679807 1.624469
102020639 -0.636376 -0.255000 2.513765 2.605574 15.254974 -158.163717 0.679816 1.627613
102020640 -0.637636 -0.255000 2.508926 2.601214 15.307872 -158.202814 0.679827 1.630764
102020641 -0.638896 -0.255000 2.504088 2.596857 15.360954 -158.241778 0.679841 1.633921
102020642 -0.640156 -0.255000 2.499249 2.592503 15.414220 -158.280609 0.679858 1.637086
102020643 -0.641416 -0.255000 2.494410 2.588150 15.467673 -158.319309 0.679877 1.640257
102020644 -0.642676 -0.255000 2.489572 2.583800 15.521313 -158.357878 0.679898 1.643436
102020645 -0.643936 -0.255000 2.484733 2.579453 15.575140 -158.396317 0.679921 1.646622
102020646 -0.645195 -0.255000 2.479894 2.575107 15.629155 -158.434625 0.679947 1.649814
102020647 -0.646455 -0.255000 2.475056 2.570764 15.683360 -158.472805 0.679976 1.653014
102020648 -0.647715 -0.255000 2.470217 2.566424 15.737755 -158.510856 0.680007 1.656221
102020649 -0.648975 -0.255000 2.465378 2.562086 15.792340 -158.548779 0.680040 1.659436
102020650 -0.650235 -0.255000 2.460539 2.557750 15.847118 -158.586575 0.680075 1.662657
102020651 -0.651495 -0.255000 2.455701 2.553417 15.902087 -158.624244 0.680113 1.665886
102020652 -0.652754 -0.255000 2.450862 2.549086 15.957250 -158.661786 0.680154 1.669122
102020653 -0.654014 -0.255000 2.446023 2.544757 16.012608 -158.699204 0.680196 1.672365
102020654 -0.655274 -0.255000 2.441185 2.540432 16.068160 -158.736496 0.680241 1.675616
102020655 -0.656534 -0.255000 2.436346 2.536108 16.123908 -158.773664 0.680288 1.678874
102020656 -0.657794 -0.255000 2.431507 2.531787 16.179853 -158.810709 0.680338 1.682139
102020657 -0.659054 -0.255000 2.426669 2.527469 16.235996 -158.847630 0.680390 1.685412
102020658 -0.660314 -0.255000 2.421830 2.523153 16.292337 -158.884428 0.680444 1.688693
102020659 -0.661573 -0.255000 2.416991 2.518839 16.348877 -158.921105 0.680500 1.691981
102020660 -0.662833 -0.255000 2.412153 2.514529 16.405618 -158.957660 0.680559 1.695276
102020661 -0.664093 -0.255000 2.407314 2.510220 16.462560 -158.994094 0.680620 1.698579
102020662 -0.665353 -0.255000 2.402475 2.505915 16.519704 -159.030408 0.680683 1.701890
102020663 -0.666613 -0.255000 2.397637 2.501611 16.577051 -159.066603 0.680749 1.705209
102020664 -0.667873 -0.255000 2.392798 2.497311 16.634601 -159.102678 0.680817 1.708535
102020665 -0.669133 -0.255000 2.387959 2.493013 16.692357 -159.138635 0.680887 1.711868
102020666 -0.670392 -0.255000 2.383121 2.488718 16.750318 -159.174473 0.680959 1.715210
102020667 -0.671652 -0.255000 2.378282 2.484425 16.808485 -159.210194 0.681033 1.718559
102020668 -0.672912 -0.255000 2.373443 2.480135 16.866860 -159.245798 0.681110 1.721917
102020669 -0.674172 -0.255000 2.368605 2.475847 16.925444 -159.281286 0.681189 1.725282
102020670 -0.675432 -0.255000 2.363766 2.471563 16.984236 -159.316658 0.681270 1.728654
102020671 -0.676692 -0.255000 2.358927 2.467281 17.043239 -159.351915 0.681353 1.732035
102020672 -0.677951 -0.255000 2.354089 2.463002 17.102453 -159.387057 0.681438 1.735424
102020673 -0.679211 -0.255000 2.349250 2.458725 17.161879 -159.422084 0.681525 1.738821
102020674 -0.680471 -0.255000 2.344411 2.454451 17.221518 -159.456998 0.681615 1.742226
102020675 -0.681731 -0.255000 2.339573 2.450180 17.281371 -159.491799 0.681706 1.745638
102020676 -0.682991 -0.255000 2.334734 2.445912 17.341440 -159.526487 0.681800 1.749059
102020677 -0.684251 -0.255000 2.329895 2.441646 17.401724 -159.561063 0.681896 1.752488
102020678 -0.685511 -0.255000 2.325057 2.437383 17.462225 -159.595527 0.681994 1.755925
102020679 -0.686770 -0.255000 2.320218 2.433123 17.522943 -159.629881 0.682094 1.759371
102020680 -0.688030 -0.255000 2.315379 2.428866 17.583881 -159.664123 0.682196 1.762824
102020681 -0.689290 -0.255000 2.310541 2.424612 17.645038 -159.698256 0.682300 1.766286
102020682 -0.690550 -0.255000 2.305702 2.420361 17.706416 -159.732279 0.682406 1.769756
102020683 -0.691810 -0.255000 2.300863 2.416112 17.768016 -159.766193 0.682514 1.773234
102020684 -0.693070 -0.255000 2.296025 2.411866 17.829839 -159.799998 0.682624 1.776721
102020685 -0.694329 -0.255000 2.291186 2.407624 17.891885 -159.833695 0.682737 1.780216
102020686 -0.695589 -0.255000 2.286347 2.403384 17.954157 -159.867285 0.682851 1.783720
102020687 -0.696849 -0.255000 2.281508 2.399147 18.016654 -159.900768 0.682967 1.787231
102020688 -0.698109 -0.255000 2.276670 2.394913 18.079378 -159.934144 0.683085 1.790752
102020689 -0.699369 -0.255000 2.271831 2.390682 18.142329 -159.967413 0.683205 1.794281
102020690 -0.700629 -0.255000 2.266992 2.386454 18.205510 -160.000578 0.683327 1.797818
102020691 -0.701889 -0.255000 2.262154 2.382228 18.268920 -160.033637 0.683451 1.801364
102020692 -0.703148 -0.255000 2.257315 2.378006 18.332561 -160.066591 0.683577 1.804918
102020693 -0.704408 -0.255000 2.252476 2.373787 18.396435 -160.099441 0.683704 1.808481
102020694 -0.705668 -0.255000 2.247638 2.369571 18.460541 -160.132188 0.683834 1.812053
102020695 -0.706928 -0.255000 2.242799 2.365358 18.524881 -160.164831 0.683965 1.815634
102020696 -0.708188 -0.255000 2.237960 2.361148 18.589457 -160.197372 0.684099 1.819223
102020697 -0.709448 -0.255000 2.233122 2.356942 18.654268 -160.229810 0.684234 1.822820
102020698 -0.710708 -0.255000 2.228283 2.352738 18.719317 -160.262146 0.684371 1.826427
102020699 -0.711967 -0.255000 2.223444 2.348537 18.784604 -160.294381 0.684510 1.830042
102020700 -0.713227 -0.255000 2.218606 2.344340 18.850131 -160.326515 0.684650 1.833667
102020701 -0.588502 -0.228600 2.697635 2.770528 13.172166 -158.771652 0.625833 1.536819
102020702 -0.589762 -0.228600 2.692796 2.766085 13.218694 -158.812974 0.625736 1.539696
102020703 -0.591022 -0.228600 2.687957 2.761644 13.265379 -158.854143 0.625642 1.542579
102020704 -0.592282 -0.228600 2.683119 2.757205 13.312220 -158.895159 0.625551 1.545468
102020705 -0.593542 -0.228600 2.678280 2.752768 13.359219 -158.936024 0.625463 1.548363
102020706 -0.594801 -0.228600 2.673441 2.748333 13.406376 -158.976738 0.625377 1.551264
102020707 -0.596061 -0.228600 2.668603 2.743900 13.453692 -159.017302 0.625294 1.554170
102020708 -0.597321 -0.228600 2.663764 2.739469 13.501168 -159.057716 0.625214 1.557083
102020709 -0.598581 -0.228600 2.658925 2.735039 13.548804 -159.097983 0.625136 1.560002
102020710 -0.599841 -0.228600 2.654087 2.730612 13.596601 -159.138101 0.625062 1.562927
102020711 -0.601101 -0.228600 2.649248 2.726187 13.644560 -159.178073 0.624990 1.565859
102020712 -0.602361 -0.228600 2.644409 2.721763 13.692680 -159.217899 0.624920 1.568796
102020713 -0.603620 -0.228600 2.639570 2.717342 13.740964 -159.257579 0.624854 1.571740
102020714 -0.604880 -0.228600 2.634732 2.712923 13.789412 -159.297115 0.624790 1.574690
102020715 -0.606140 -0.228600 2.629893 2.708505 13.838024 -159.336507 0.624728 1.577646
102020716 -0.607400 -0.228600 2.625054 2.704090 13.886800 -159.375756 0.624670 1.580608
102020717 -0.608660 -0.228600 2.620216 2.699677 13.935743 -159.414862 0.624614 1.583577
102020718 -0.609920 -0.228600 2.615377 2.695266 13.984852 -159.453827 0.624561 1.586552
102020719 -0.611179 -0.228600 2.610538 2.690857 14.034129 -159.492651 0.624510 1.589534
102020720 -0.612439 -0.228600 2.605700 2.686450 14.083573 -159.531334 0.624462 1.592522
102020721 -0.613699 -0.228600 2.600861 2.682045 14.133186 -159.569879 0.624417 1.595516
102020722 -0.614959 -0.228600 2.596022 2.677642 14.182968 -159.608284 0.624374 1.598517
102020723 -0.616219 -0.228600 2.591184 2.673241 14.232920 -159.646552 0.624334 1.601525
102020724 -0.617479 -0.228600 2.586345 2.668842 14.283043 -159.684682 0.624297 1.604539
102020725 -0.618739 -0.228600 2.581506 2.664446 14.333337 -159.722676 0.624262 1.607560
102020726 -0.619998 -0.228600 2.576668 2.660051 14.383804 -159.760534 0.624230 1.610587
102020727 -0.621258 -0.228600 2.571829 2.655659 14.434444 -159.798256 0.624200 1.613622
102020728 -0.622518 -0.228600 2.566990 2.651269 14.485257 -159.835844 0.624173 1.616662
102020729 -0.623778 -0.228600 2.562152 2.646881 14.536245 -159.873299 0.624148 1.619710
102020730 -0.625038 -0.228600 2.557313 2.642495 14.587408 -159.910620 0.624126 1.622764
102020731 -0.626298 -0.228600 2.552474 2.638111 14.638747 -159.947808 0.624107 1.625826
102020732 -0.627558 -0.228600 2.547636 2.633730 14.690263 -159.984865 0.624090 1.628894
102020733 -0.628817 -0.228600 2.542797 2.629351 14.741957 -160.021791 0.624076 1.631969
102020734 -0.630077 -0.228600 2.537958 2.624974 14.793828 -160.058586 0.624064 1.635051
102020735 -0.631337 -0.228600 2.533120 2.620599 14.845879 -160.095252 0.624055 1.638139
102020736 -0.632597 -0.228600 2.528281 2.616227 14.898110 -160.131788 0.624048 1.641235
102020737 -0.633857 -0.228600 2.523442 2.611856 14.950521 -160.168196 0.624044 1.644338
102020738 -0.635117 -0.228600 2.518604 2.607488 15.003113 -160.204476 0.624042 1.647448
102020739 -0.636376 -0.228600 2.513765 2.603123 15.055888 -160.240629 0.624043 1.650565
102020740 -0.637636 -0.228600 2.508926 2.598759 15.108846 -160.276655 0.624046 1.653689
102020741 -0.638896 -0.228600 2.504088 2.594398 15.161987 -160.312555 0.624051 1.656820
102020742 -0.640156 -0.228600 2.499249 2.590039 15.215313 -160.348330 0.624060 1.659959
102020743 -0.641416 -0.228600 2.494410 2.585683 15.268825 -160.383981 0.624070 1.663104
102020744 -0.642676 -0.228600 2.489572 2.581328 15.322522 -160.419507 0.624083 1.666257
102020745 -0.643936 -0.228600 2.484733 2.576977 15.376407 -160.454910 0.624099 1.669417
102020746 -0.645195 -0.228600 2.479894 2.572627 15.430480 -160.490190 0.624117 1.672585
102020747 -0.646455 -0.228600 2.475056 2.568280 15.484741 -160.525348 0.624137 1.675760
102020748 -0.647715 -0.228600 2.470217 2.563935 15.539192 -160.560384 0.624160 1.678942
102020749 -0.648975 -0.228600 2.465378 2.559593 15.593833 -160.595299 0.624185 1.682131
102020750 -0.650235 -0.228600 2.460539 2.555253 15.648665 -160.630094 0.624212 1.685328
102020751 -0.651495 -0.228600 2.455701 2.550915 15.703689 -160.664769 0.624242 1.688533
102020752 -0.652754 -0.228600 2.450862 2.546580 15.758906 -160.699325 0.624275 1.691745
102020753 -0.654014 -0.228600 2.446023 2.542248 15.814317 -160.733762 0.624309 1.694965
102020754 -0.655274 -0.228600 2.441185 2.537918 15.869922 -160.768081 0.624346 1.698192
102020755 -0.656534 -0.228600 2.436346 2.533590 15.925723 -160.802283 0.624386 1.701427
102020756 -0.657794 -0.228600 2.431507 2.529265 15.981719 -160.836368 0.624427 1.704669
102020757 -0.659054 -0.228600 2.426669 2.524942 16.037914 -160.870337 0.624471 1.707919
102020758 -0.660314 -0.228600 2.421830 2.520622 16.094306 -160.904190 0.624518 1.711177
102020759 -0.661573 -0.228600 2.416991 2.516304 16.150897 -160.937927 0.624566 1.714443
102020760 -0.662833 -0.228600 2.412153 2.511989 16.207688 -160.971551 0.624617 1.717716
102020761 -0.664093 -0.228600 2.407314 2.507676 16.264679 -161.005060 0.624670 1.720997
102020762 -0.665353 -0.228600 2.402475 2.503366 16.321872 -161.038455 0.624726 1.724287
102020763 -0.666613 -0.228600 2.397637 2.499058 16.379268 -161.071738 0.624784 1.727583
102020764 -0.667873 -0.228600 2.392798 2.494753 16.436866 -161.104908 0.624844 1.730888
102020765 -0.669133 -0.228600 2.387959 2.490451 16.494670 -161.137967 0.624906 1.734201
102020766 -0.670392 -0.228600 2.383121 2.486151 16.552678 -161.170914 0.624971 1.737522
102020767 -0.671652 -0.228600 2.378282 2.481854 16.610892 -161.203751 0.625037 1.740851
102020768 -0.672912 -0.228600 2.373443 2.477560 16.669314 -161.236477 0.625106 1.744187
102020769 -0.674172 -0.228600 2.368605 2.473268 16.727943 -161.269093 0.625178 1.747532
102020770 -0.675432 -0.228600 2.363766 2.468979 16.786782 -161.301601 0.625251 1.750885
102020771 -0.676692 -0.228600 2.358927 2.464692 16.845830 -161.334000 0.625327 1.754246
102020772 -0.677951 -0.228600 2.354089 2.460408 16.905089 -161.366290 0.625405 1.757616
102020773 -0.679211 -0.228600 2.349250 2.456127 16.964559 -161.398474 0.625484 1.760993
102020774 -0.680471 -0.228600 2.344411 2.451849 17.024242 -161.430550 0.625567 1.764379
102020775 -0.681731 -0.228600 2.339573 2.447573 17.084139 -161.462519 0.625651 1.767773
102020776 -0.682991 -0.228600 2.334734 2.443300 17.144250 -161.494383 0.625737 1.771175
102020777 -0.684251 -0.228600 2.329895 2.439030 17.204577 -161.526140 0.625826 1.774586
102020778 -0.685511 -0.228600 2.325057 2.434763 17.265121 -161.557793 0.625917 1.778005
102020779 -0.686770 -0.228600 2.320218 2.430498 17.325882 -161.589342 0.626009 1.781432
102020780 -0.688030 -0.228600 2.315379 2.426237 17.386861 -161.620786 0.626104 1.784868
102020781 -0.689290 -0.228600 2.310541 2.421978 17.448060 -161.652127 0.626201 1.788312
102020782 -0.690550 -0.228600 2.305702 2.417722 17.509479 -161.683365 0.626300 1.791765
102020783 -0.691810 -0.228600 2.300863 2.413468 17.571120 -161.714500 0.626401 1.795226
102020784 -0.693070 -0.228600 2.296025 2.409218 17.632983 -161.745533 0.626505 1.798696
102020785 -0.694329 -0.228600 2.291186 2.404971 17.695069 -161.776465 0.626610 1.802174
102020786 -0.695589 -0.228600 2.286347 2.400726 17.757380 -161.807295 0.626717 1.805661
102020787 -0.696849 -0.228600 2.281508 2.396484 17.819917 -161.838025 0.626826 1.809156
102020788 -0.698109 -0.228600 2.276670 2.392246 17.882679 -161.868655 0.626938 1.812661
102020789 -0.699369 -0.228600 2.271831 2.388010 17.945670 -161.899185 0.627051 1.816174
102020790 -0.700629 -0.228600 2.266992 2.383777 18.008889 -161.929615 0.627166 1.819695
102020791 -0.701889 -0.228600 2.262154 2.379547 18.072337 -161.959947 0.627284 1.823226
102020792 -0.703148 -0.228600 2.257315 2.375320 18.136016 -161.990181 0.627403 1.826765
102020793 -0.704408 -0.228600 2.252476 2.371097 18.199927 -162.020317 0.627524 1.830313
102020794 -0.705668 -0.228600 2.247638 2.366876 18.264071 -162.050355 0.627647 1.833870
102020795 -0.706928 -0.228600 2.242799 2.362658 18.328448 -162.080297 0.627772 1.837436
102020796 -0.708188 -0.228600 2.237960 2.358443 18.393060 -162.110142 0.627899 1.841011
102020797 -0.709448 -0.228600 2.233122 2.354232 18.457908 -162.139891 0.628028 1.844595
102020798 -0.710708 -0.228600 2.228283 2.350023 18.522993 -162.169545 0.628159 1.848187
102020799 -0.711967 -0.228600 2.223444 2.345818 18.588316 -162.199103 0.628291 1.851789
102020800 -0.713227 -0.228600 2.218606 2.341615 18.653879 -162.228567 0.628426 1.855400
