# pixelID   x   y   z   l2  two_theta   azimuthal   polar_width azimuthal_width
103060001 -0.998066 0.486993 1.783256 2.100786 31.912972 153.990564 1.452246 2.145829
103060002 -0.999441 0.486993 1.778449 2.097362 32.011058 154.021645 1.452988 2.149487
103060003 -1.000817 0.486993 1.773642 2.093944 32.109473 154.052658 1.453723 2.153150
103060004 -1.002192 0.486993 1.768835 2.090533 32.208217 154.083601 1.454452 2.156817
103060005 -1.003567 0.486993 1.764028 2.087128 32.307290 154.114476 1.455174 2.160489
103060006 -1.004943 0.486993 1.759220 2.083729 32.406695 154.145282 1.455889 2.164165
103060007 -1.006318 0.486993 1.754413 2.080337 32.506432 154.176021 1.456598 2.167845
103060008 -1.007693 0.486993 1.749606 2.076952 32.606501 154.206691 1.457299 2.171529
103060009 -1.009069 0.486993 1.744799 2.073573 32.706905 154.237293 1.457992 2.175218
103060010 -1.010444 0.486993 1.739992 2.070201 32.807643 154.267828 1.458679 2.178911
103060011 -1.011819 0.486993 1.735185 2.066835 32.908717 154.298295 1.459358 2.182608
103060012 -1.013195 0.486993 1.730378 2.063476 33.010128 154.328696 1.460029 2.186309
103060013 -1.014570 0.486993 1.725571 2.060123 33.111877 154.359029 1.460693 2.190014
103060014 -1.015945 0.486993 1.720763 2.056777 33.213965 154.389295 1.461349 2.193724
103060015 -1.017321 0.486993 1.715956 2.053438 33.316392 154.419495 1.461998 2.197437
103060016 -1.018696 0.486993 1.711149 2.050106 33.419159 154.449629 1.462638 2.201154
103060017 -1.020071 0.486993 1.706342 2.046781 33.522269 154.479696 1.463270 2.204875
103060018 -1.021447 0.486993 1.701535 2.043462 33.625721 154.509698 1.463894 2.208600
103060019 -1.022822 0.486993 1.696728 2.040150 33.729516 154.539634 1.464510 2.212328
103060020 -1.024197 0.486993 1.691921 2.036845 33.833655 154.569504 1.465117 2.216060
103060021 -1.025573 0.486993 1.687114 2.033547 33.938141 154.599309 1.465716 2.219796
103060022 -1.026948 0.486993 1.682306 2.030256 34.042972 154.629048 1.466306 2.223536
103060023 -1.028323 0.486993 1.677499 2.026972 34.148150 154.658723 1.466887 2.227279
103060024 -1.029698 0.486993 1.672692 2.023695 34.253677 154.688333 1.467459 2.231025
103060025 -1.031074 0.486993 1.667885 2.020425 34.359553 154.717878 1.468022 2.234775
103060026 -1.032449 0.486993 1.663078 2.017162 34.465778 154.747359 1.468576 2.238528
103060027 -1.033824 0.486993 1.658271 2.013906 34.572355 154.776776 1.469121 2.242285
103060028 -1.035200 0.486993 1.653464 2.010657 34.679284 154.806129 1.469657 2.246045
103060029 -1.036575 0.486993 1.648657 2.007416 34.786565 154.835418 1.470183 2.249808
103060030 -1.037950 0.486993 1.643849 2.004182 34.894200 154.864644 1.470699 2.253574
103060031 -1.039326 0.486993 1.639042 2.000955 35.002189 154.893806 1.471205 2.257344
103060032 -1.040701 0.486993 1.634235 1.997735 35.110534 154.922904 1.471702 2.261116
103060033 -1.042076 0.486993 1.629428 1.994523 35.219235 154.951940 1.472188 2.264892
103060034 -1.043452 0.486993 1.624621 1.991318 35.328293 154.980913 1.472665 2.268670
103060035 -1.044827 0.486993 1.619814 1.988120 35.437710 155.009823 1.473131 2.272451
103060036 -1.046202 0.486993 1.615007 1.984930 35.547485 155.038671 1.473586 2.276235
103060037 -1.047578 0.486993 1.610199 1.981748 35.657621 155.067457 1.474032 2.280022
103060038 -1.048953 0.486993 1.605392 1.978573 35.768117 155.096180 1.474466 2.283811
103060039 -1.050328 0.486993 1.600585 1.975405 35.878975 155.124842 1.474890 2.287603
103060040 -1.051704 0.486993 1.595778 1.972245 35.990195 155.153442 1.475302 2.291397
103060041 -1.053079 0.486993 1.590971 1.969093 36.101778 155.181980 1.475704 2.295194
103060042 -1.054454 0.486993 1.586164 1.965948 36.213726 155.210457 1.476094 2.298993
103060043 -1.055830 0.486993 1.581357 1.962811 36.326039 155.238873 1.476473 2.302795
103060044 -1.057205 0.486993 1.576550 1.959682 36.438717 155.267228 1.476841 2.306598
103060045 -1.058580 0.486993 1.571742 1.956560 36.551763 155.295522 1.477197 2.310404
103060046 -1.059956 0.486993 1.566935 1.953447 36.665175 155.323755 1.477541 2.314212
103060047 -1.061331 0.486993 1.562128 1.950341 36.778956 155.351928 1.477873 2.318022
103060048 -1.062706 0.486993 1.557321 1.947243 36.893106 155.380041 1.478194 2.321834
103060049 -1.064082 0.486993 1.552514 1.944153 37.007627 155.408094 1.478502 2.325647
103060050 -1.065457 0.486993 1.547707 1.941071 37.122517 155.436087 1.478797 2.329463
103060051 -1.066832 0.486993 1.542900 1.937997 37.237780 155.464020 1.479081 2.333280
103060052 -1.068208 0.486993 1.538093 1.934931 37.353415 155.491893 1.479351 2.337099
103060053 -1.069583 0.486993 1.533285 1.931873 37.469422 155.519708 1.479609 2.340919
103060054 -1.070958 0.486993 1.528478 1.928823 37.585804 155.547463 1.479854 2.344741
103060055 -1.072334 0.486993 1.523671 1.925782 37.702560 155.575159 1.480086 2.348564
103060056 -1.073709 0.486993 1.518864 1.922748 37.819692 155.602796 1.480305 2.352388
103060057 -1.075084 0.486993 1.514057 1.919723 37.937200 155.630374 1.480510 2.356213
103060058 -1.076460 0.486993 1.509250 1.916706 38.055084 155.657894 1.480702 2.360040
103060059 -1.077835 0.486993 1.504443 1.913697 38.173347 155.685356 1.480881 2.363867
103060060 -1.079210 0.486993 1.499636 1.910697 38.291987 155.712760 1.481045 2.367696
103060061 -1.080586 0.486993 1.494828 1.907705 38.411007 155.740105 1.481196 2.371525
103060062 -1.081961 0.486993 1.490021 1.904722 38.530406 155.767393 1.481332 2.375355
103060063 -1.083336 0.486993 1.485214 1.901747 38.650186 155.794623 1.481454 2.379186
103060064 -1.084712 0.486993 1.480407 1.898780 38.770347 155.821796 1.481562 2.383017
103060065 -1.086087 0.486993 1.475600 1.895822 38.890889 155.848911 1.481656 2.386849
103060066 -1.087462 0.486993 1.470793 1.892873 39.011814 155.875970 1.481734 2.390681
103060067 -1.088838 0.486993 1.465986 1.889932 39.133123 155.902971 1.481798 2.394513
103060068 -1.090213 0.486993 1.461179 1.887000 39.254815 155.929916 1.481847 2.398346
103060069 -1.091588 0.486993 1.456371 1.884077 39.376891 155.956804 1.481880 2.402178
103060070 -1.092963 0.486993 1.451564 1.881162 39.499353 155.983635 1.481899 2.406011
103060071 -1.094339 0.486993 1.446757 1.878256 39.622200 156.010411 1.481902 2.409843
103060072 -1.095714 0.486993 1.441950 1.875359 39.745433 156.037130 1.481889 2.413675
103060073 -1.097089 0.486993 1.437143 1.872471 39.869053 156.063793 1.481860 2.417507
103060074 -1.098465 0.486993 1.432336 1.869592 39.993061 156.090400 1.481816 2.421338
103060075 -1.099840 0.486993 1.427529 1.866721 40.117457 156.116952 1.481755 2.425169
103060076 -1.101215 0.486993 1.422722 1.863860 40.242241 156.143448 1.481678 2.428999
103060077 -1.102591 0.486993 1.417914 1.861008 40.367415 156.169889 1.481585 2.432828
103060078 -1.103966 0.486993 1.413107 1.858164 40.492978 156.196275 1.481475 2.436657
103060079 -1.105341 0.486993 1.408300 1.855330 40.618931 156.222606 1.481348 2.440484
103060080 -1.106717 0.486993 1.403493 1.852505 40.745275 156.248882 1.481205 2.444310
103060081 -1.108092 0.486993 1.398686 1.849690 40.872011 156.275104 1.481044 2.448135
103060082 -1.109467 0.486993 1.393879 1.846883 40.999138 156.301271 1.480866 2.451959
103060083 -1.110843 0.486993 1.389072 1.844086 41.126657 156.327383 1.480671 2.455781
103060084 -1.112218 0.486993 1.384264 1.841298 41.254569 156.353442 1.480458 2.459602
103060085 -1.113593 0.486993 1.379457 1.838520 41.382874 156.379446 1.480227 2.463421
103060086 -1.114969 0.486993 1.374650 1.835751 41.511573 156.405396 1.479979 2.467238
103060087 -1.116344 0.486993 1.369843 1.832991 41.640666 156.431293 1.479712 2.471053
103060088 -1.117719 0.486993 1.365036 1.830241 41.770153 156.457137 1.479428 2.474866
103060089 -1.119095 0.486993 1.360229 1.827500 41.900035 156.482926 1.479124 2.478677
103060090 -1.120470 0.486993 1.355422 1.824769 42.030312 156.508663 1.478803 2.482486
103060091 -1.121845 0.486993 1.350615 1.822048 42.160985 156.534347 1.478462 2.486292
103060092 -1.123221 0.486993 1.345807 1.819336 42.292054 156.559977 1.478103 2.490096
103060093 -1.124596 0.486993 1.341000 1.816634 42.423519 156.585555 1.477725 2.493897
103060094 -1.125971 0.486993 1.336193 1.813942 42.555381 156.611080 1.477327 2.497695
103060095 -1.127347 0.486993 1.331386 1.811260 42.687639 156.636553 1.476910 2.501490
103060096 -1.128722 0.486993 1.326579 1.808587 42.820295 156.661973 1.476474 2.505283
103060097 -1.130097 0.486993 1.321772 1.805924 42.953348 156.687342 1.476018 2.509072
103060098 -1.131473 0.486993 1.316965 1.803272 43.086800 156.712658 1.475542 2.512857
103060099 -1.132848 0.486993 1.312158 1.800629 43.220649 156.737922 1.475046 2.516639
103060100 -1.134223 0.486993 1.307350 1.797996 43.354897 156.763135 1.474529 2.520418
103060101 -0.990215 0.512098 1.781010 2.101135 32.043889 152.653874 1.481027 2.138175
103060102 -0.991591 0.512098 1.776203 2.097711 32.141840 152.686309 1.481766 2.141855
103060103 -0.992966 0.512098 1.771396 2.094294 32.240119 152.718673 1.482497 2.145539
103060104 -0.994341 0.512098 1.766589 2.090884 32.338727 152.750966 1.483222 2.149228
103060105 -0.995717 0.512098 1.761782 2.087479 32.437665 152.783189 1.483940 2.152921
103060106 -0.997092 0.512098 1.756974 2.084082 32.536935 152.815342 1.484651 2.156618
103060107 -0.998467 0.512098 1.752167 2.080690 32.636536 152.847424 1.485354 2.160320
103060108 -0.999843 0.512098 1.747360 2.077305 32.736471 152.879437 1.486050 2.164025
103060109 -1.001218 0.512098 1.742553 2.073927 32.836739 152.911379 1.486738 2.167735
103060110 -1.002593 0.512098 1.737746 2.070555 32.937343 152.943253 1.487419 2.171449
103060111 -1.003969 0.512098 1.732939 2.067190 33.038282 152.975057 1.488092 2.175168
103060112 -1.005344 0.512098 1.728132 2.063831 33.139559 153.006792 1.488757 2.178890
103060113 -1.006719 0.512098 1.723324 2.060479 33.241173 153.038458 1.489414 2.182616
103060114 -1.008095 0.512098 1.718517 2.057134 33.343126 153.070055 1.490063 2.186346
103060115 -1.009470 0.512098 1.713710 2.053796 33.445419 153.101584 1.490704 2.190081
103060116 -1.010845 0.512098 1.708903 2.050464 33.548053 153.133045 1.491337 2.193819
103060117 -1.012221 0.512098 1.704096 2.047139 33.651028 153.164438 1.491961 2.197560
103060118 -1.013596 0.512098 1.699289 2.043821 33.754346 153.195763 1.492576 2.201306
103060119 -1.014971 0.512098 1.694482 2.040510 33.858007 153.227020 1.493183 2.205055
103060120 -1.016347 0.512098 1.689675 2.037205 33.962014 153.258210 1.493781 2.208808
103060121 -1.017722 0.512098 1.684867 2.033908 34.066365 153.289332 1.494371 2.212565
103060122 -1.019097 0.512098 1.680060 2.030617 34.171063 153.320388 1.494951 2.216325
103060123 -1.020473 0.512098 1.675253 2.027334 34.276108 153.351376 1.495522 2.220089
103060124 -1.021848 0.512098 1.670446 2.024057 34.381502 153.382298 1.496083 2.223856
103060125 -1.023223 0.512098 1.665639 2.020788 34.487244 153.413154 1.496636 2.227627
103060126 -1.024599 0.512098 1.660832 2.017526 34.593337 153.443943 1.497179 2.231401
103060127 -1.025974 0.512098 1.656025 2.014270 34.699781 153.474666 1.497712 2.235178
103060128 -1.027349 0.512098 1.651218 2.011022 34.806577 153.505323 1.498235 2.238959
103060129 -1.028725 0.512098 1.646410 2.007781 34.913725 153.535915 1.498749 2.242742
103060130 -1.030100 0.512098 1.641603 2.004548 35.021227 153.566441 1.499252 2.246529
103060131 -1.031475 0.512098 1.636796 2.001321 35.129084 153.596902 1.499746 2.250319
103060132 -1.032851 0.512098 1.631989 1.998102 35.237297 153.627298 1.500229 2.254112
103060133 -1.034226 0.512098 1.627182 1.994891 35.345866 153.657629 1.500702 2.257908
103060134 -1.035601 0.512098 1.622375 1.991686 35.454792 153.687895 1.501164 2.261706
103060135 -1.036976 0.512098 1.617568 1.988489 35.564076 153.718096 1.501615 2.265508
103060136 -1.038352 0.512098 1.612761 1.985300 35.673720 153.748234 1.502056 2.269312
103060137 -1.039727 0.512098 1.607953 1.982118 35.783723 153.778307 1.502486 2.273119
103060138 -1.041102 0.512098 1.603146 1.978943 35.894087 153.808316 1.502905 2.276929
103060139 -1.042478 0.512098 1.598339 1.975776 36.004813 153.838261 1.503312 2.280741
103060140 -1.043853 0.512098 1.593532 1.972617 36.115902 153.868143 1.503708 2.284555
103060141 -1.045228 0.512098 1.588725 1.969465 36.227354 153.897961 1.504093 2.288372
103060142 -1.046604 0.512098 1.583918 1.966321 36.339170 153.927717 1.504466 2.292192
103060143 -1.047979 0.512098 1.579111 1.963185 36.451351 153.957409 1.504827 2.296013
103060144 -1.049354 0.512098 1.574304 1.960056 36.563898 153.987038 1.505177 2.299837
103060145 -1.050730 0.512098 1.569496 1.956936 36.676812 154.016605 1.505514 2.303663
103060146 -1.052105 0.512098 1.564689 1.953822 36.790093 154.046109 1.505839 2.307491
103060147 -1.053480 0.512098 1.559882 1.950717 36.903743 154.075551 1.506152 2.311321
103060148 -1.054856 0.512098 1.555075 1.947620 37.017762 154.104931 1.506453 2.315153
103060149 -1.056231 0.512098 1.550268 1.944531 37.132151 154.134248 1.506741 2.318986
103060150 -1.057606 0.512098 1.545461 1.941449 37.246911 154.163505 1.507016 2.322822
103060151 -1.058982 0.512098 1.540654 1.938376 37.362043 154.192699 1.507278 2.326659
103060152 -1.060357 0.512098 1.535847 1.935310 37.477546 154.221832 1.507527 2.330497
103060153 -1.061732 0.512098 1.531039 1.932253 37.593423 154.250904 1.507763 2.334337
103060154 -1.063108 0.512098 1.526232 1.929204 37.709674 154.279915 1.507986 2.338179
103060155 -1.064483 0.512098 1.521425 1.926163 37.826300 154.308865 1.508195 2.342022
103060156 -1.065858 0.512098 1.516618 1.923130 37.943301 154.337754 1.508390 2.345866
103060157 -1.067234 0.512098 1.511811 1.920105 38.060678 154.366583 1.508572 2.349711
103060158 -1.068609 0.512098 1.507004 1.917089 38.178432 154.395351 1.508740 2.353557
103060159 -1.069984 0.512098 1.502197 1.914081 38.296563 154.424060 1.508894 2.357405
103060160 -1.071360 0.512098 1.497389 1.911081 38.415073 154.452708 1.509033 2.361253
103060161 -1.072735 0.512098 1.492582 1.908090 38.533962 154.481297 1.509158 2.365102
103060162 -1.074110 0.512098 1.487775 1.905107 38.653231 154.509825 1.509269 2.368951
103060163 -1.075486 0.512098 1.482968 1.902133 38.772881 154.538295 1.509365 2.372802
103060164 -1.076861 0.512098 1.478161 1.899167 38.892911 154.566705 1.509446 2.376653
103060165 -1.078236 0.512098 1.473354 1.896209 39.013323 154.595056 1.509512 2.380504
103060166 -1.079612 0.512098 1.468547 1.893260 39.134118 154.623348 1.509563 2.384355
103060167 -1.080987 0.512098 1.463740 1.890320 39.255296 154.651581 1.509599 2.388207
103060168 -1.082362 0.512098 1.458932 1.887389 39.376858 154.679756 1.509619 2.392059
103060169 -1.083738 0.512098 1.454125 1.884466 39.498804 154.707872 1.509623 2.395911
103060170 -1.085113 0.512098 1.449318 1.881552 39.621135 154.735930 1.509612 2.399763
103060171 -1.086488 0.512098 1.444511 1.878647 39.743852 154.763930 1.509584 2.403615
103060172 -1.087864 0.512098 1.439704 1.875750 39.866955 154.791872 1.509541 2.407466
103060173 -1.089239 0.512098 1.434897 1.872863 39.990445 154.819756 1.509481 2.411318
103060174 -1.090614 0.512098 1.430090 1.869984 40.114323 154.847582 1.509405 2.415168
103060175 -1.091990 0.512098 1.425283 1.867114 40.238589 154.875351 1.509313 2.419018
103060176 -1.093365 0.512098 1.420475 1.864254 40.363243 154.903063 1.509203 2.422868
103060177 -1.094740 0.512098 1.415668 1.861402 40.488286 154.930718 1.509077 2.426716
103060178 -1.096116 0.512098 1.410861 1.858559 40.613719 154.958316 1.508933 2.430564
103060179 -1.097491 0.512098 1.406054 1.855726 40.739542 154.985856 1.508773 2.434411
103060180 -1.098866 0.512098 1.401247 1.852902 40.865756 155.013341 1.508595 2.438256
103060181 -1.100241 0.512098 1.396440 1.850086 40.992362 155.040769 1.508399 2.442100
103060182 -1.101617 0.512098 1.391633 1.847281 41.119359 155.068140 1.508185 2.445943
103060183 -1.102992 0.512098 1.386826 1.844484 41.246748 155.095455 1.507954 2.449785
103060184 -1.104367 0.512098 1.382018 1.841697 41.374530 155.122715 1.507705 2.453625
103060185 -1.105743 0.512098 1.377211 1.838919 41.502705 155.149918 1.507437 2.457463
103060186 -1.107118 0.512098 1.372404 1.836150 41.631273 155.177066 1.507151 2.461299
103060187 -1.108493 0.512098 1.367597 1.833391 41.760236 155.204159 1.506846 2.465133
103060188 -1.109869 0.512098 1.362790 1.830642 41.889593 155.231196 1.506523 2.468966
103060189 -1.111244 0.512098 1.357983 1.827902 42.019345 155.258178 1.506181 2.472796
103060190 -1.112619 0.512098 1.353176 1.825171 42.149492 155.285104 1.505819 2.476624
103060191 -1.113995 0.512098 1.348369 1.822451 42.280035 155.311976 1.505439 2.480449
103060192 -1.115370 0.512098 1.343561 1.819740 42.410973 155.338794 1.505039 2.484272
103060193 -1.116745 0.512098 1.338754 1.817038 42.542308 155.365556 1.504619 2.488092
103060194 -1.118121 0.512098 1.333947 1.814347 42.674040 155.392265 1.504180 2.491909
103060195 -1.119496 0.512098 1.329140 1.811665 42.806168 155.418919 1.503721 2.495723
103060196 -1.120871 0.512098 1.324333 1.808993 42.938694 155.445519 1.503241 2.499534
103060197 -1.122247 0.512098 1.319526 1.806331 43.071617 155.472064 1.502742 2.503342
103060198 -1.123622 0.512098 1.314719 1.803678 43.204938 155.498557 1.502222 2.507147
103060199 -1.124997 0.512098 1.309912 1.801036 43.338657 155.524995 1.501681 2.510948
103060200 -1.126373 0.512098 1.305104 1.798404 43.472774 155.551380 1.501119 2.514745
103060201 -0.982365 0.537204 1.778764 2.101816 32.188652 151.328069 1.508375 2.129099
103060202 -0.983740 0.537204 1.773957 2.098393 32.286462 151.361800 1.509112 2.132799
103060203 -0.985115 0.537204 1.769150 2.094978 32.384600 151.395458 1.509841 2.136502
103060204 -0.986491 0.537204 1.764343 2.091568 32.483067 151.429044 1.510562 2.140210
103060205 -0.987866 0.537204 1.759535 2.088165 32.581865 151.462558 1.511276 2.143923
103060206 -0.989241 0.537204 1.754728 2.084768 32.680993 151.496000 1.511983 2.147640
103060207 -0.990617 0.537204 1.749921 2.081378 32.780454 151.529371 1.512682 2.151361
103060208 -0.991992 0.537204 1.745114 2.077994 32.880248 151.562670 1.513373 2.155086
103060209 -0.993367 0.537204 1.740307 2.074617 32.980376 151.595897 1.514057 2.158815
103060210 -0.994743 0.537204 1.735500 2.071246 33.080839 151.629054 1.514732 2.162548
103060211 -0.996118 0.537204 1.730693 2.067882 33.181638 151.662139 1.515400 2.166286
103060212 -0.997493 0.537204 1.725886 2.064525 33.282774 151.695154 1.516059 2.170027
103060213 -0.998869 0.537204 1.721078 2.061174 33.384248 151.728098 1.516710 2.173773
103060214 -1.000244 0.537204 1.716271 2.057830 33.486060 151.760972 1.517352 2.177522
103060215 -1.001619 0.537204 1.711464 2.054492 33.588212 151.793776 1.517986 2.181275
103060216 -1.002995 0.537204 1.706657 2.051162 33.690705 151.826510 1.518612 2.185032
103060217 -1.004370 0.537204 1.701850 2.047838 33.793540 151.859174 1.519228 2.188793
103060218 -1.005745 0.537204 1.697043 2.044521 33.896718 151.891769 1.519836 2.192558
103060219 -1.007121 0.537204 1.692236 2.041211 34.000238 151.924295 1.520434 2.196326
103060220 -1.008496 0.537204 1.687429 2.037908 34.104104 151.956751 1.521024 2.200098
103060221 -1.009871 0.537204 1.682621 2.034611 34.208315 151.989139 1.521604 2.203874
103060222 -1.011247 0.537204 1.677814 2.031322 34.312872 152.021458 1.522175 2.207653
103060223 -1.012622 0.537204 1.673007 2.028039 34.417776 152.053708 1.522737 2.211435
103060224 -1.013997 0.537204 1.668200 2.024764 34.523029 152.085890 1.523288 2.215221
103060225 -1.015373 0.537204 1.663393 2.021496 34.628631 152.118004 1.523830 2.219010
103060226 -1.016748 0.537204 1.658586 2.018235 34.734583 152.150050 1.524362 2.222803
103060227 -1.018123 0.537204 1.653779 2.014981 34.840886 152.182029 1.524885 2.226599
103060228 -1.019499 0.537204 1.648972 2.011734 34.947541 152.213940 1.525397 2.230398
103060229 -1.020874 0.537204 1.644164 2.008494 35.054548 152.245783 1.525898 2.234200
103060230 -1.022249 0.537204 1.639357 2.005261 35.161910 152.277560 1.526390 2.238006
103060231 -1.023625 0.537204 1.634550 2.002036 35.269626 152.309269 1.526871 2.241814
103060232 -1.025000 0.537204 1.629743 1.998818 35.377697 152.340912 1.527341 2.245625
103060233 -1.026375 0.537204 1.624936 1.995608 35.486125 152.372489 1.527800 2.249440
103060234 -1.027751 0.537204 1.620129 1.992405 35.594910 152.403998 1.528249 2.253257
103060235 -1.029126 0.537204 1.615322 1.989209 35.704053 152.435442 1.528686 2.257077
103060236 -1.030501 0.537204 1.610514 1.986021 35.813555 152.466820 1.529112 2.260899
103060237 -1.031877 0.537204 1.605707 1.982840 35.923417 152.498132 1.529527 2.264724
103060238 -1.033252 0.537204 1.600900 1.979666 36.033640 152.529378 1.529931 2.268552
103060239 -1.034627 0.537204 1.596093 1.976501 36.144224 152.560559 1.530323 2.272383
103060240 -1.036003 0.537204 1.591286 1.973342 36.255171 152.591675 1.530703 2.276215
103060241 -1.037378 0.537204 1.586479 1.970192 36.366481 152.622726 1.531071 2.280051
103060242 -1.038753 0.537204 1.581672 1.967049 36.478156 152.653712 1.531427 2.283888
103060243 -1.040128 0.537204 1.576865 1.963914 36.590195 152.684633 1.531772 2.287728
103060244 -1.041504 0.537204 1.572057 1.960786 36.702600 152.715489 1.532103 2.291570
103060245 -1.042879 0.537204 1.567250 1.957667 36.815372 152.746282 1.532423 2.295414
103060246 -1.044254 0.537204 1.562443 1.954555 36.928511 152.777010 1.532730 2.299259
103060247 -1.045630 0.537204 1.557636 1.951451 37.042019 152.807674 1.533024 2.303107
103060248 -1.047005 0.537204 1.552829 1.948355 37.155896 152.838275 1.533305 2.306957
103060249 -1.048380 0.537204 1.548022 1.945266 37.270142 152.868812 1.533573 2.310809
103060250 -1.049756 0.537204 1.543215 1.942186 37.384760 152.899286 1.533828 2.314662
103060251 -1.051131 0.537204 1.538408 1.939114 37.499749 152.929696 1.534070 2.318517
103060252 -1.052506 0.537204 1.533600 1.936050 37.615110 152.960043 1.534298 2.322373
103060253 -1.053882 0.537204 1.528793 1.932993 37.730844 152.990328 1.534513 2.326231
103060254 -1.055257 0.537204 1.523986 1.929945 37.846952 153.020550 1.534714 2.330090
103060255 -1.056632 0.537204 1.519179 1.926906 37.963434 153.050709 1.534901 2.333951
103060256 -1.058008 0.537204 1.514372 1.923874 38.080292 153.080806 1.535073 2.337813
103060257 -1.059383 0.537204 1.509565 1.920850 38.197526 153.110841 1.535232 2.341676
103060258 -1.060758 0.537204 1.504758 1.917835 38.315136 153.140814 1.535376 2.345540
103060259 -1.062134 0.537204 1.499951 1.914828 38.433124 153.170725 1.535506 2.349405
103060260 -1.063509 0.537204 1.495143 1.911830 38.551490 153.200574 1.535621 2.353270
103060261 -1.064884 0.537204 1.490336 1.908840 38.670236 153.230363 1.535722 2.357137
103060262 -1.066260 0.537204 1.485529 1.905858 38.789361 153.260089 1.535807 2.361004
103060263 -1.067635 0.537204 1.480722 1.902885 38.908866 153.289755 1.535877 2.364872
103060264 -1.069010 0.537204 1.475915 1.899920 39.028752 153.319360 1.535932 2.368740
103060265 -1.070386 0.537204 1.471108 1.896964 39.149020 153.348904 1.535971 2.372609
103060266 -1.071761 0.537204 1.466301 1.894016 39.269670 153.378387 1.535995 2.376478
103060267 -1.073136 0.537204 1.461494 1.891077 39.390703 153.407810 1.536003 2.380347
103060268 -1.074512 0.537204 1.456686 1.888147 39.512120 153.437173 1.535995 2.384217
103060269 -1.075887 0.537204 1.451879 1.885225 39.633921 153.466476 1.535971 2.388086
103060270 -1.077262 0.537204 1.447072 1.882312 39.756107 153.495718 1.535931 2.391955
103060271 -1.078638 0.537204 1.442265 1.879408 39.878679 153.524901 1.535874 2.395824
103060272 -1.080013 0.537204 1.437458 1.876513 40.001636 153.554025 1.535801 2.399693
103060273 -1.081388 0.537204 1.432651 1.873627 40.124981 153.583089 1.535711 2.403561
103060274 -1.082764 0.537204 1.427844 1.870749 40.248712 153.612094 1.535604 2.407429
103060275 -1.084139 0.537204 1.423037 1.867881 40.372832 153.641039 1.535480 2.411297
103060276 -1.085514 0.537204 1.418229 1.865021 40.497340 153.669926 1.535339 2.415163
103060277 -1.086890 0.537204 1.413422 1.862171 40.622237 153.698754 1.535180 2.419029
103060278 -1.088265 0.537204 1.408615 1.859329 40.747523 153.727524 1.535004 2.422894
103060279 -1.089640 0.537204 1.403808 1.856497 40.873199 153.756235 1.534810 2.426758
103060280 -1.091016 0.537204 1.399001 1.853674 40.999266 153.784888 1.534598 2.430620
103060281 -1.092391 0.537204 1.394194 1.850860 41.125724 153.813483 1.534368 2.434481
103060282 -1.093766 0.537204 1.389387 1.848055 41.252574 153.842020 1.534120 2.438341
103060283 -1.095142 0.537204 1.384579 1.845260 41.379816 153.870499 1.533853 2.442200
103060284 -1.096517 0.537204 1.379772 1.842474 41.507450 153.898920 1.533568 2.446057
103060285 -1.097892 0.537204 1.374965 1.839697 41.635477 153.927285 1.533264 2.449912
103060286 -1.099268 0.537204 1.370158 1.836930 41.763897 153.955591 1.532941 2.453765
103060287 -1.100643 0.537204 1.365351 1.834172 41.892711 153.983841 1.532599 2.457616
103060288 -1.102018 0.537204 1.360544 1.831423 42.021919 154.012034 1.532238 2.461466
103060289 -1.103393 0.537204 1.355737 1.828685 42.151522 154.040170 1.531857 2.465313
103060290 -1.104769 0.537204 1.350930 1.825955 42.281520 154.068249 1.531457 2.469157
103060291 -1.106144 0.537204 1.346122 1.823236 42.411914 154.096272 1.531037 2.472999
103060292 -1.107519 0.537204 1.341315 1.820526 42.542703 154.124238 1.530597 2.476839
103060293 -1.108895 0.537204 1.336508 1.817826 42.673888 154.152149 1.530137 2.480676
103060294 -1.110270 0.537204 1.331701 1.815135 42.805469 154.180003 1.529657 2.484510
103060295 -1.111645 0.537204 1.326894 1.812454 42.937447 154.207801 1.529156 2.488341
103060296 -1.113021 0.537204 1.322087 1.809784 43.069822 154.235544 1.528635 2.492169
103060297 -1.114396 0.537204 1.317280 1.807123 43.202595 154.263231 1.528092 2.495994
103060298 -1.115771 0.537204 1.312473 1.804472 43.335764 154.290863 1.527529 2.499815
103060299 -1.117147 0.537204 1.307665 1.801831 43.469332 154.318439 1.526945 2.503633
103060300 -1.118522 0.537204 1.302858 1.799200 43.603298 154.345961 1.526339 2.507447
103060301 -0.974514 0.562309 1.776518 2.102828 32.346998 150.014417 1.534246 2.118648
103060302 -0.975890 0.562309 1.771711 2.099407 32.444663 150.049384 1.534980 2.122365
103060303 -0.977265 0.562309 1.766904 2.095993 32.542656 150.084277 1.535707 2.126087
103060304 -0.978640 0.562309 1.762097 2.092585 32.640978 150.119096 1.536425 2.129812
103060305 -0.980015 0.562309 1.757289 2.089184 32.739631 150.153841 1.537136 2.133542
103060306 -0.981391 0.562309 1.752482 2.085788 32.838614 150.188514 1.537840 2.137276
103060307 -0.982766 0.562309 1.747675 2.082400 32.937929 150.223113 1.538535 2.141015
103060308 -0.984141 0.562309 1.742868 2.079018 33.037578 150.257639 1.539222 2.144757
103060309 -0.985517 0.562309 1.738061 2.075642 33.137560 150.292093 1.539901 2.148504
103060310 -0.986892 0.562309 1.733254 2.072273 33.237877 150.326474 1.540572 2.152254
103060311 -0.988267 0.562309 1.728447 2.068911 33.338530 150.360783 1.541234 2.156009
103060312 -0.989643 0.562309 1.723639 2.065555 33.439520 150.395020 1.541888 2.159767
103060313 -0.991018 0.562309 1.718832 2.062206 33.540847 150.429185 1.542533 2.163530
103060314 -0.992393 0.562309 1.714025 2.058863 33.642514 150.463278 1.543169 2.167296
103060315 -0.993769 0.562309 1.709218 2.055528 33.744520 150.497300 1.543797 2.171067
103060316 -0.995144 0.562309 1.704411 2.052199 33.846866 150.531251 1.544415 2.174841
103060317 -0.996519 0.562309 1.699604 2.048877 33.949554 150.565131 1.545025 2.178619
103060318 -0.997895 0.562309 1.694797 2.045561 34.052585 150.598939 1.545625 2.182400
103060319 -0.999270 0.562309 1.689990 2.042253 34.155959 150.632677 1.546216 2.186185
103060320 -1.000645 0.562309 1.685182 2.038951 34.259677 150.666345 1.546797 2.189974
103060321 -1.002021 0.562309 1.680375 2.035657 34.363740 150.699942 1.547369 2.193766
103060322 -1.003396 0.562309 1.675568 2.032369 34.468150 150.733470 1.547931 2.197562
103060323 -1.004771 0.562309 1.670761 2.029088 34.572907 150.766927 1.548483 2.201361
103060324 -1.006147 0.562309 1.665954 2.025815 34.678012 150.800315 1.549025 2.205164
103060325 -1.007522 0.562309 1.661147 2.022548 34.783466 150.833633 1.549557 2.208970
103060326 -1.008897 0.562309 1.656340 2.019289 34.889270 150.866882 1.550079 2.212779
103060327 -1.010273 0.562309 1.651533 2.016036 34.995425 150.900062 1.550591 2.216592
103060328 -1.011648 0.562309 1.646725 2.012791 35.101931 150.933173 1.551092 2.220407
103060329 -1.013023 0.562309 1.641918 2.009553 35.208790 150.966215 1.551582 2.224226
103060330 -1.014399 0.562309 1.637111 2.006322 35.316002 150.999189 1.552062 2.228048
103060331 -1.015774 0.562309 1.632304 2.003099 35.423569 151.032094 1.552530 2.231873
103060332 -1.017149 0.562309 1.627497 1.999883 35.531491 151.064932 1.552988 2.235700
103060333 -1.018525 0.562309 1.622690 1.996674 35.639770 151.097701 1.553435 2.239531
103060334 -1.019900 0.562309 1.617883 1.993472 35.748405 151.130403 1.553870 2.243364
103060335 -1.021275 0.562309 1.613076 1.990278 35.857398 151.163037 1.554294 2.247200
103060336 -1.022651 0.562309 1.608268 1.987092 35.966750 151.195603 1.554706 2.251039
103060337 -1.024026 0.562309 1.603461 1.983912 36.076462 151.228103 1.555106 2.254880
103060338 -1.025401 0.562309 1.598654 1.980741 36.186535 151.260535 1.555495 2.258724
103060339 -1.026777 0.562309 1.593847 1.977577 36.296968 151.292901 1.555872 2.262571
103060340 -1.028152 0.562309 1.589040 1.974420 36.407764 151.325200 1.556237 2.266420
103060341 -1.029527 0.562309 1.584233 1.971272 36.518923 151.357432 1.556589 2.270271
103060342 -1.030903 0.562309 1.579426 1.968130 36.630446 151.389599 1.556929 2.274124
103060343 -1.032278 0.562309 1.574619 1.964997 36.742334 151.421699 1.557256 2.277980
103060344 -1.033653 0.562309 1.569811 1.961871 36.854587 151.453733 1.557571 2.281838
103060345 -1.035029 0.562309 1.565004 1.958753 36.967207 151.485702 1.557873 2.285697
103060346 -1.036404 0.562309 1.560197 1.955643 37.080194 151.517605 1.558162 2.289559
103060347 -1.037779 0.562309 1.555390 1.952541 37.193549 151.549443 1.558437 2.293423
103060348 -1.039155 0.562309 1.550583 1.949446 37.307273 151.581215 1.558700 2.297288
103060349 -1.040530 0.562309 1.545776 1.946360 37.421366 151.612923 1.558949 2.301156
103060350 -1.041905 0.562309 1.540969 1.943281 37.535830 151.644566 1.559184 2.305025
103060351 -1.043280 0.562309 1.536162 1.940211 37.650665 151.676144 1.559406 2.308895
103060352 -1.044656 0.562309 1.531354 1.937148 37.765872 151.707657 1.559614 2.312767
103060353 -1.046031 0.562309 1.526547 1.934094 37.881452 151.739107 1.559807 2.316641
103060354 -1.047406 0.562309 1.521740 1.931048 37.997405 151.770492 1.559987 2.320515
103060355 -1.048782 0.562309 1.516933 1.928009 38.113733 151.801814 1.560152 2.324392
103060356 -1.050157 0.562309 1.512126 1.924980 38.230435 151.833071 1.560303 2.328269
103060357 -1.051532 0.562309 1.507319 1.921958 38.347514 151.864265 1.560439 2.332147
103060358 -1.052908 0.562309 1.502512 1.918944 38.464969 151.895396 1.560561 2.336027
103060359 -1.054283 0.562309 1.497704 1.915939 38.582801 151.926464 1.560667 2.339907
103060360 -1.055658 0.562309 1.492897 1.912942 38.701011 151.957468 1.560758 2.343788
103060361 -1.057034 0.562309 1.488090 1.909954 38.819599 151.988410 1.560834 2.347670
103060362 -1.058409 0.562309 1.483283 1.906974 38.938567 152.019289 1.560895 2.351552
103060363 -1.059784 0.562309 1.478476 1.904003 39.057915 152.050105 1.560940 2.355435
103060364 -1.061160 0.562309 1.473669 1.901040 39.177643 152.080859 1.560969 2.359319
103060365 -1.062535 0.562309 1.468862 1.898085 39.297753 152.111551 1.560982 2.363203
103060366 -1.063910 0.562309 1.464055 1.895139 39.418245 152.142181 1.560980 2.367087
103060367 -1.065286 0.562309 1.459247 1.892202 39.539120 152.172749 1.560961 2.370971
103060368 -1.066661 0.562309 1.454440 1.889273 39.660377 152.203255 1.560925 2.374856
103060369 -1.068036 0.562309 1.449633 1.886354 39.782019 152.233700 1.560873 2.378740
103060370 -1.069412 0.562309 1.444826 1.883442 39.904045 152.264083 1.560805 2.382625
103060371 -1.070787 0.562309 1.440019 1.880540 40.026457 152.294406 1.560719 2.386509
103060372 -1.072162 0.562309 1.435212 1.877647 40.149254 152.324667 1.560616 2.390393
103060373 -1.073538 0.562309 1.430405 1.874762 40.272438 152.354868 1.560497 2.394276
103060374 -1.074913 0.562309 1.425598 1.871886 40.396008 152.385007 1.560359 2.398159
103060375 -1.076288 0.562309 1.420790 1.869019 40.519966 152.415087 1.560205 2.402041
103060376 -1.077664 0.562309 1.415983 1.866162 40.644312 152.445106 1.560032 2.405922
103060377 -1.079039 0.562309 1.411176 1.863313 40.769047 152.475065 1.559842 2.409803
103060378 -1.080414 0.562309 1.406369 1.860473 40.894170 152.504964 1.559633 2.413683
103060379 -1.081790 0.562309 1.401562 1.857643 41.019684 152.534803 1.559407 2.417561
103060380 -1.083165 0.562309 1.396755 1.854821 41.145587 152.564582 1.559162 2.421439
103060381 -1.084540 0.562309 1.391948 1.852009 41.271881 152.594302 1.558898 2.425315
103060382 -1.085916 0.562309 1.387141 1.849206 41.398567 152.623962 1.558616 2.429190
103060383 -1.087291 0.562309 1.382333 1.846412 41.525644 152.653564 1.558315 2.433063
103060384 -1.088666 0.562309 1.377526 1.843628 41.653113 152.683106 1.557995 2.436934
103060385 -1.090042 0.562309 1.372719 1.840853 41.780974 152.712590 1.557655 2.440804
103060386 -1.091417 0.562309 1.367912 1.838088 41.909229 152.742014 1.557296 2.444672
103060387 -1.092792 0.562309 1.363105 1.835331 42.037876 152.771380 1.556918 2.448538
103060388 -1.094168 0.562309 1.358298 1.832585 42.166918 152.800688 1.556519 2.452402
103060389 -1.095543 0.562309 1.353491 1.829848 42.296354 152.829938 1.556101 2.456263
103060390 -1.096918 0.562309 1.348684 1.827120 42.426184 152.859129 1.555663 2.460123
103060391 -1.098294 0.562309 1.343876 1.824402 42.556409 152.888263 1.555204 2.463979
103060392 -1.099669 0.562309 1.339069 1.821694 42.687030 152.917339 1.554726 2.467833
103060393 -1.101044 0.562309 1.334262 1.818996 42.818046 152.946357 1.554226 2.471685
103060394 -1.102420 0.562309 1.329455 1.816307 42.949458 152.975318 1.553706 2.475533
103060395 -1.103795 0.562309 1.324648 1.813628 43.081266 153.004221 1.553164 2.479379
103060396 -1.105170 0.562309 1.319841 1.810959 43.213471 153.033068 1.552602 2.483221
103060397 -1.106545 0.562309 1.315034 1.808300 43.346072 153.061857 1.552018 2.487060
103060398 -1.107921 0.562309 1.310226 1.805650 43.479071 153.090590 1.551413 2.490896
103060399 -1.109296 0.562309 1.305419 1.803011 43.612467 153.119266 1.550786 2.494728
103060400 -1.110671 0.562309 1.300612 1.800382 43.746260 153.147885 1.550137 2.498557
103060401 -0.966664 0.587415 1.774272 2.104171 32.518638 148.714114 1.558602 2.106876
103060402 -0.968039 0.587415 1.769465 2.100752 32.616154 148.750254 1.559334 2.110608
103060403 -0.969414 0.587415 1.764658 2.097340 32.713998 148.786318 1.560058 2.114345
103060404 -0.970790 0.587415 1.759850 2.093935 32.812171 148.822308 1.560774 2.118086
103060405 -0.972165 0.587415 1.755043 2.090535 32.910674 148.858224 1.561482 2.121831
103060406 -0.973540 0.587415 1.750236 2.087142 33.009508 148.894065 1.562182 2.125581
103060407 -0.974916 0.587415 1.745429 2.083756 33.108674 148.929831 1.562874 2.129334
103060408 -0.976291 0.587415 1.740622 2.080376 33.208172 148.965524 1.563557 2.133092
103060409 -0.977666 0.587415 1.735815 2.077003 33.308004 149.001143 1.564232 2.136853
103060410 -0.979042 0.587415 1.731008 2.073636 33.408171 149.036689 1.564898 2.140619
103060411 -0.980417 0.587415 1.726201 2.070276 33.508673 149.072161 1.565556 2.144389
103060412 -0.981792 0.587415 1.721393 2.066922 33.609512 149.107560 1.566205 2.148162
103060413 -0.983168 0.587415 1.716586 2.063575 33.710689 149.142886 1.566844 2.151940
103060414 -0.984543 0.587415 1.711779 2.060235 33.812203 149.178139 1.567475 2.155721
103060415 -0.985918 0.587415 1.706972 2.056902 33.914058 149.213320 1.568096 2.159506
103060416 -0.987293 0.587415 1.702165 2.053575 34.016252 149.248428 1.568708 2.163295
103060417 -0.988669 0.587415 1.697358 2.050255 34.118788 149.283464 1.569311 2.167088
103060418 -0.990044 0.587415 1.692551 2.046942 34.221666 149.318429 1.569904 2.170884
103060419 -0.991419 0.587415 1.687744 2.043636 34.324887 149.353321 1.570487 2.174684
103060420 -0.992795 0.587415 1.682936 2.040336 34.428452 149.388142 1.571061 2.178487
103060421 -0.994170 0.587415 1.678129 2.037044 34.532363 149.422891 1.571624 2.182294
103060422 -0.995545 0.587415 1.673322 2.033758 34.636619 149.457570 1.572178 2.186104
103060423 -0.996921 0.587415 1.668515 2.030480 34.741222 149.492177 1.572721 2.189918
103060424 -0.998296 0.587415 1.663708 2.027209 34.846173 149.526713 1.573254 2.193735
103060425 -0.999671 0.587415 1.658901 2.023944 34.951472 149.561179 1.573776 2.197555
103060426 -1.001047 0.587415 1.654094 2.020687 35.057121 149.595575 1.574288 2.201379
103060427 -1.002422 0.587415 1.649287 2.017437 35.163120 149.629900 1.574789 2.205206
103060428 -1.003797 0.587415 1.644479 2.014194 35.269471 149.664155 1.575280 2.209036
103060429 -1.005173 0.587415 1.639672 2.010958 35.376174 149.698340 1.575759 2.212868
103060430 -1.006548 0.587415 1.634865 2.007730 35.483231 149.732456 1.576227 2.216704
103060431 -1.007923 0.587415 1.630058 2.004509 35.590641 149.766502 1.576684 2.220543
103060432 -1.009299 0.587415 1.625251 2.001295 35.698406 149.800479 1.577130 2.224385
103060433 -1.010674 0.587415 1.620444 1.998088 35.806528 149.834387 1.577564 2.228230
103060434 -1.012049 0.587415 1.615637 1.994889 35.915005 149.868226 1.577986 2.232077
103060435 -1.013425 0.587415 1.610829 1.991697 36.023841 149.901996 1.578396 2.235927
103060436 -1.014800 0.587415 1.606022 1.988513 36.133035 149.935698 1.578795 2.239780
103060437 -1.016175 0.587415 1.601215 1.985336 36.242588 149.969331 1.579181 2.243635
103060438 -1.017551 0.587415 1.596408 1.982166 36.352501 150.002896 1.579556 2.247493
103060439 -1.018926 0.587415 1.591601 1.979005 36.462776 150.036393 1.579918 2.251353
103060440 -1.020301 0.587415 1.586794 1.975851 36.573412 150.069822 1.580267 2.255215
103060441 -1.021677 0.587415 1.581987 1.972704 36.684411 150.103184 1.580604 2.259080
103060442 -1.023052 0.587415 1.577180 1.969565 36.795773 150.136478 1.580928 2.262947
103060443 -1.024427 0.587415 1.572372 1.966434 36.907500 150.169705 1.581239 2.266817
103060444 -1.025803 0.587415 1.567565 1.963310 37.019592 150.202865 1.581537 2.270688
103060445 -1.027178 0.587415 1.562758 1.960195 37.132050 150.235958 1.581821 2.274561
103060446 -1.028553 0.587415 1.557951 1.957087 37.244875 150.268985 1.582093 2.278437
103060447 -1.029929 0.587415 1.553144 1.953987 37.358067 150.301945 1.582350 2.282314
103060448 -1.031304 0.587415 1.548337 1.950895 37.471628 150.334838 1.582594 2.286193
103060449 -1.032679 0.587415 1.543530 1.947811 37.585558 150.367665 1.582825 2.290073
103060450 -1.034055 0.587415 1.538723 1.944734 37.699858 150.400427 1.583041 2.293956
103060451 -1.035430 0.587415 1.533915 1.941666 37.814529 150.433122 1.583243 2.297840
103060452 -1.036805 0.587415 1.529108 1.938606 37.929571 150.465752 1.583431 2.301725
103060453 -1.038181 0.587415 1.524301 1.935554 38.044986 150.498316 1.583604 2.305612
103060454 -1.039556 0.587415 1.519494 1.932510 38.160773 150.530815 1.583763 2.309500
103060455 -1.040931 0.587415 1.514687 1.929474 38.276935 150.563249 1.583907 2.313389
103060456 -1.042307 0.587415 1.509880 1.926446 38.393471 150.595618 1.584036 2.317279
103060457 -1.043682 0.587415 1.505073 1.923427 38.510382 150.627922 1.584150 2.321171
103060458 -1.045057 0.587415 1.500266 1.920416 38.627669 150.660162 1.584249 2.325063
103060459 -1.046432 0.587415 1.495458 1.917413 38.745333 150.692337 1.584332 2.328956
103060460 -1.047808 0.587415 1.490651 1.914419 38.863375 150.724448 1.584400 2.332851
103060461 -1.049183 0.587415 1.485844 1.911432 38.981794 150.756495 1.584452 2.336745
103060462 -1.050558 0.587415 1.481037 1.908455 39.100593 150.788478 1.584489 2.340641
103060463 -1.051934 0.587415 1.476230 1.905486 39.219771 150.820397 1.584509 2.344537
103060464 -1.053309 0.587415 1.471423 1.902525 39.339329 150.852253 1.584513 2.348433
103060465 -1.054684 0.587415 1.466616 1.899573 39.459267 150.884045 1.584501 2.352330
103060466 -1.056060 0.587415 1.461809 1.896629 39.579588 150.915774 1.584472 2.356227
103060467 -1.057435 0.587415 1.457001 1.893694 39.700290 150.947441 1.584426 2.360124
103060468 -1.058810 0.587415 1.452194 1.890768 39.821375 150.979044 1.584364 2.364021
103060469 -1.060186 0.587415 1.447387 1.887850 39.942844 151.010584 1.584285 2.367918
103060470 -1.061561 0.587415 1.442580 1.884942 40.064697 151.042062 1.584188 2.371815
103060471 -1.062936 0.587415 1.437773 1.882042 40.186934 151.073478 1.584074 2.375712
103060472 -1.064312 0.587415 1.432966 1.879150 40.309556 151.104831 1.583943 2.379609
103060473 -1.065687 0.587415 1.428159 1.876268 40.432565 151.136122 1.583794 2.383505
103060474 -1.067062 0.587415 1.423351 1.873395 40.555959 151.167351 1.583627 2.387400
103060475 -1.068438 0.587415 1.418544 1.870530 40.679741 151.198519 1.583442 2.391295
103060476 -1.069813 0.587415 1.413737 1.867675 40.803910 151.229625 1.583239 2.395189
103060477 -1.071188 0.587415 1.408930 1.864828 40.928467 151.260670 1.583018 2.399082
103060478 -1.072564 0.587415 1.404123 1.861991 41.053412 151.291653 1.582778 2.402974
103060479 -1.073939 0.587415 1.399316 1.859163 41.178747 151.322576 1.582520 2.406865
103060480 -1.075314 0.587415 1.394509 1.856344 41.304471 151.353437 1.582242 2.410755
103060481 -1.076690 0.587415 1.389702 1.853534 41.430585 151.384238 1.581946 2.414643
103060482 -1.078065 0.587415 1.384894 1.850733 41.557090 151.414978 1.581630 2.418530
103060483 -1.079440 0.587415 1.380087 1.847942 41.683986 151.445658 1.581295 2.422416
103060484 -1.080816 0.587415 1.375280 1.845160 41.811273 151.476277 1.580940 2.426299
103060485 -1.082191 0.587415 1.370473 1.842387 41.938952 151.506837 1.580566 2.430182
103060486 -1.083566 0.587415 1.365666 1.839624 42.067023 151.537336 1.580172 2.434062
103060487 -1.084942 0.587415 1.360859 1.836870 42.195487 151.567776 1.579758 2.437940
103060488 -1.086317 0.587415 1.356052 1.834126 42.324344 151.598156 1.579323 2.441816
103060489 -1.087692 0.587415 1.351245 1.831391 42.453595 151.628477 1.578868 2.445690
103060490 -1.089068 0.587415 1.346437 1.828666 42.583240 151.658738 1.578393 2.449561
103060491 -1.090443 0.587415 1.341630 1.825950 42.713279 151.688940 1.577896 2.453430
103060492 -1.091818 0.587415 1.336823 1.823244 42.843712 151.719083 1.577379 2.457296
103060493 -1.093194 0.587415 1.332016 1.820548 42.974541 151.749168 1.576841 2.461160
103060494 -1.094569 0.587415 1.327209 1.817862 43.105765 151.779193 1.576281 2.465020
103060495 -1.095944 0.587415 1.322402 1.815185 43.237384 151.809160 1.575700 2.468878
103060496 -1.097320 0.587415 1.317595 1.812518 43.369399 151.839069 1.575097 2.472732
103060497 -1.098695 0.587415 1.312788 1.809861 43.501810 151.868920 1.574473 2.476583
103060498 -1.100070 0.587415 1.307980 1.807214 43.634618 151.898712 1.573826 2.480431
103060499 -1.101446 0.587415 1.303173 1.804577 43.767822 151.928447 1.573158 2.484275
103060500 -1.102821 0.587415 1.298366 1.801950 43.901423 151.958124 1.572467 2.488116
103060501 -0.958813 0.612520 1.772026 2.105844 32.703251 147.428275 1.581413 2.093840
103060502 -0.960188 0.612520 1.767219 2.102428 32.800616 147.465523 1.582143 2.097586
103060503 -0.961564 0.612520 1.762412 2.099019 32.898308 147.502695 1.582865 2.101335
103060504 -0.962939 0.612520 1.757604 2.095616 32.996329 147.539792 1.583579 2.105089
103060505 -0.964314 0.612520 1.752797 2.092219 33.094679 147.576813 1.584284 2.108848
103060506 -0.965690 0.612520 1.747990 2.088829 33.193360 147.613759 1.584981 2.112610
103060507 -0.967065 0.612520 1.743183 2.085445 33.292372 147.650631 1.585670 2.116376
103060508 -0.968440 0.612520 1.738376 2.082068 33.391717 147.687427 1.586349 2.120147
103060509 -0.969816 0.612520 1.733569 2.078698 33.491395 147.724149 1.587020 2.123921
103060510 -0.971191 0.612520 1.728762 2.075334 33.591407 147.760796 1.587682 2.127700
103060511 -0.972566 0.612520 1.723954 2.071976 33.691754 147.797370 1.588335 2.131482
103060512 -0.973942 0.612520 1.719147 2.068625 33.792438 147.833869 1.588979 2.135268
103060513 -0.975317 0.612520 1.714340 2.065281 33.893459 147.870294 1.589613 2.139058
103060514 -0.976692 0.612520 1.709533 2.061944 33.994817 147.906646 1.590238 2.142852
103060515 -0.978068 0.612520 1.704726 2.058613 34.096515 147.942925 1.590853 2.146650
103060516 -0.979443 0.612520 1.699919 2.055289 34.198553 147.979130 1.591459 2.150451
103060517 -0.980818 0.612520 1.695112 2.051972 34.300932 148.015262 1.592055 2.154256
103060518 -0.982194 0.612520 1.690305 2.048662 34.403652 148.051322 1.592641 2.158065
103060519 -0.983569 0.612520 1.685497 2.045358 34.506715 148.087309 1.593217 2.161877
103060520 -0.984944 0.612520 1.680690 2.042062 34.610122 148.123223 1.593783 2.165692
103060521 -0.986320 0.612520 1.675883 2.038772 34.713874 148.159065 1.594338 2.169511
103060522 -0.987695 0.612520 1.671076 2.035489 34.817970 148.194835 1.594883 2.173334
103060523 -0.989070 0.612520 1.666269 2.032214 34.922414 148.230533 1.595418 2.177160
103060524 -0.990445 0.612520 1.661462 2.028945 35.027204 148.266160 1.595942 2.180989
103060525 -0.991821 0.612520 1.656655 2.025684 35.132343 148.301715 1.596455 2.184821
103060526 -0.993196 0.612520 1.651848 2.022429 35.237831 148.337199 1.596957 2.188656
103060527 -0.994571 0.612520 1.647040 2.019182 35.343669 148.372611 1.597448 2.192495
103060528 -0.995947 0.612520 1.642233 2.015942 35.449858 148.407953 1.597928 2.196337
103060529 -0.997322 0.612520 1.637426 2.012709 35.556399 148.443224 1.598396 2.200182
103060530 -0.998697 0.612520 1.632619 2.009483 35.663292 148.478424 1.598853 2.204029
103060531 -1.000073 0.612520 1.627812 2.006265 35.770539 148.513554 1.599298 2.207880
103060532 -1.001448 0.612520 1.623005 2.003054 35.878140 148.548614 1.599732 2.211733
103060533 -1.002823 0.612520 1.618198 1.999850 35.986097 148.583603 1.600154 2.215590
103060534 -1.004199 0.612520 1.613391 1.996653 36.094410 148.618523 1.600563 2.219449
103060535 -1.005574 0.612520 1.608583 1.993464 36.203080 148.653373 1.600961 2.223310
103060536 -1.006949 0.612520 1.603776 1.990283 36.312108 148.688154 1.601346 2.227174
103060537 -1.008325 0.612520 1.598969 1.987109 36.421495 148.722866 1.601719 2.231041
103060538 -1.009700 0.612520 1.594162 1.983942 36.531241 148.757508 1.602079 2.234910
103060539 -1.011075 0.612520 1.589355 1.980783 36.641348 148.792082 1.602426 2.238782
103060540 -1.012451 0.612520 1.584548 1.977632 36.751816 148.826586 1.602760 2.242656
103060541 -1.013826 0.612520 1.579741 1.974488 36.862647 148.861023 1.603082 2.246532
103060542 -1.015201 0.612520 1.574934 1.971352 36.973840 148.895390 1.603390 2.250410
103060543 -1.016577 0.612520 1.570126 1.968224 37.085397 148.929690 1.603685 2.254290
103060544 -1.017952 0.612520 1.565319 1.965103 37.197319 148.963922 1.603966 2.258173
103060545 -1.019327 0.612520 1.560512 1.961991 37.309606 148.998085 1.604234 2.262057
103060546 -1.020703 0.612520 1.555705 1.958886 37.422259 149.032182 1.604488 2.265944
103060547 -1.022078 0.612520 1.550898 1.955788 37.535280 149.066210 1.604728 2.269832
103060548 -1.023453 0.612520 1.546091 1.952699 37.648668 149.100171 1.604954 2.273722
103060549 -1.024829 0.612520 1.541284 1.949618 37.762425 149.134066 1.605166 2.277613
103060550 -1.026204 0.612520 1.536476 1.946544 37.876551 149.167893 1.605363 2.281507
103060551 -1.027579 0.612520 1.531669 1.943479 37.991048 149.201653 1.605546 2.285401
103060552 -1.028955 0.612520 1.526862 1.940422 38.105915 149.235347 1.605714 2.289297
103060553 -1.030330 0.612520 1.522055 1.937373 38.221154 149.268974 1.605867 2.293195
103060554 -1.031705 0.612520 1.517248 1.934331 38.336765 149.302535 1.606006 2.297094
103060555 -1.033081 0.612520 1.512441 1.931298 38.452750 149.336030 1.606129 2.300994
103060556 -1.034456 0.612520 1.507634 1.928274 38.569109 149.369460 1.606236 2.304895
103060557 -1.035831 0.612520 1.502827 1.925257 38.685842 149.402823 1.606329 2.308797
103060558 -1.037207 0.612520 1.498019 1.922249 38.802950 149.436121 1.606405 2.312700
103060559 -1.038582 0.612520 1.493212 1.919249 38.920435 149.469353 1.606466 2.316604
103060560 -1.039957 0.612520 1.488405 1.916257 39.038296 149.502520 1.606511 2.320508
103060561 -1.041333 0.612520 1.483598 1.913274 39.156535 149.535622 1.606540 2.324414
103060562 -1.042708 0.612520 1.478791 1.910299 39.275152 149.568659 1.606552 2.328320
103060563 -1.044083 0.612520 1.473984 1.907333 39.394147 149.601632 1.606548 2.332226
103060564 -1.045459 0.612520 1.469177 1.904375 39.513523 149.634539 1.606528 2.336133
103060565 -1.046834 0.612520 1.464370 1.901426 39.633278 149.667383 1.606490 2.340040
103060566 -1.048209 0.612520 1.459562 1.898485 39.753414 149.700162 1.606436 2.343947
103060567 -1.049585 0.612520 1.454755 1.895553 39.873931 149.732877 1.606364 2.347854
103060568 -1.050960 0.612520 1.449948 1.892630 39.994831 149.765529 1.606276 2.351762
103060569 -1.052335 0.612520 1.445141 1.889715 40.116113 149.798116 1.606169 2.355669
103060570 -1.053710 0.612520 1.440334 1.886809 40.237779 149.830640 1.606046 2.359576
103060571 -1.055086 0.612520 1.435527 1.883912 40.359828 149.863101 1.605904 2.363483
103060572 -1.056461 0.612520 1.430720 1.881024 40.482262 149.895498 1.605744 2.367390
103060573 -1.057836 0.612520 1.425913 1.878144 40.605081 149.927832 1.605567 2.371296
103060574 -1.059212 0.612520 1.421105 1.875274 40.728285 149.960104 1.605371 2.375201
103060575 -1.060587 0.612520 1.416298 1.872412 40.851876 149.992312 1.605156 2.379106
103060576 -1.061962 0.612520 1.411491 1.869559 40.975853 150.024458 1.604923 2.383010
103060577 -1.063338 0.612520 1.406684 1.866716 41.100218 150.056542 1.604672 2.386913
103060578 -1.064713 0.612520 1.401877 1.863881 41.224970 150.088563 1.604401 2.390815
103060579 -1.066088 0.612520 1.397070 1.861056 41.350111 150.120523 1.604111 2.394716
103060580 -1.067464 0.612520 1.392263 1.858240 41.475640 150.152420 1.603802 2.398616
103060581 -1.068839 0.612520 1.387456 1.855433 41.601559 150.184256 1.603473 2.402514
103060582 -1.070214 0.612520 1.382648 1.852635 41.727867 150.216030 1.603124 2.406411
103060583 -1.071590 0.612520 1.377841 1.849846 41.854566 150.247742 1.602756 2.410306
103060584 -1.072965 0.612520 1.373034 1.847067 41.981655 150.279393 1.602368 2.414200
103060585 -1.074340 0.612520 1.368227 1.844297 42.109135 150.310983 1.601959 2.418091
103060586 -1.075716 0.612520 1.363420 1.841537 42.237007 150.342512 1.601531 2.421981
103060587 -1.077091 0.612520 1.358613 1.838786 42.365270 150.373981 1.601081 2.425869
103060588 -1.078466 0.612520 1.353806 1.836045 42.493926 150.405388 1.600611 2.429755
103060589 -1.079842 0.612520 1.348999 1.833313 42.622975 150.436735 1.600120 2.433638
103060590 -1.081217 0.612520 1.344191 1.830590 42.752416 150.468022 1.599608 2.437519
103060591 -1.082592 0.612520 1.339384 1.827878 42.882251 150.499249 1.599075 2.441398
103060592 -1.083968 0.612520 1.334577 1.825175 43.012480 150.530415 1.598520 2.445274
103060593 -1.085343 0.612520 1.329770 1.822481 43.143103 150.561522 1.597944 2.449147
103060594 -1.086718 0.612520 1.324963 1.819798 43.274120 150.592569 1.597346 2.453017
103060595 -1.088094 0.612520 1.320156 1.817124 43.405532 150.623556 1.596726 2.456884
103060596 -1.089469 0.612520 1.315349 1.814460 43.537338 150.654484 1.596084 2.460748
103060597 -1.090844 0.612520 1.310541 1.811806 43.669540 150.685352 1.595420 2.464608
103060598 -1.092220 0.612520 1.305734 1.809162 43.802138 150.716162 1.594733 2.468466
103060599 -1.093595 0.612520 1.300927 1.806528 43.935131 150.746912 1.594023 2.472319
103060600 -1.094970 0.612520 1.296120 1.803904 44.068520 150.777604 1.593291 2.476169
103060601 -0.950962 0.637625 1.769780 2.107846 32.900495 146.157932 1.602658 2.079602
103060602 -0.952338 0.637625 1.764973 2.104434 32.997705 146.196223 1.603387 2.083358
103060603 -0.953713 0.637625 1.760165 2.101028 33.095243 146.234437 1.604107 2.087119
103060604 -0.955088 0.637625 1.755358 2.097628 33.193108 146.272575 1.604818 2.090883
103060605 -0.956464 0.637625 1.750551 2.094235 33.291303 146.310638 1.605521 2.094652
103060606 -0.957839 0.637625 1.745744 2.090848 33.389827 146.348624 1.606215 2.098425
103060607 -0.959214 0.637625 1.740937 2.087467 33.488683 146.386536 1.606900 2.102202
103060608 -0.960590 0.637625 1.736130 2.084093 33.587871 146.424371 1.607576 2.105983
103060609 -0.961965 0.637625 1.731323 2.080726 33.687391 146.462132 1.608243 2.109768
103060610 -0.963340 0.637625 1.726516 2.077365 33.787245 146.499818 1.608900 2.113556
103060611 -0.964716 0.637625 1.721708 2.074011 33.887434 146.537429 1.609548 2.117349
103060612 -0.966091 0.637625 1.716901 2.070664 33.987959 146.574965 1.610187 2.121145
103060613 -0.967466 0.637625 1.712094 2.067323 34.088820 146.612427 1.610816 2.124945
103060614 -0.968842 0.637625 1.707287 2.063989 34.190019 146.649815 1.611435 2.128749
103060615 -0.970217 0.637625 1.702480 2.060661 34.291556 146.687129 1.612045 2.132557
103060616 -0.971592 0.637625 1.697673 2.057341 34.393433 146.724369 1.612644 2.136368
103060617 -0.972968 0.637625 1.692866 2.054027 34.495649 146.761536 1.613233 2.140183
103060618 -0.974343 0.637625 1.688059 2.050720 34.598208 146.798629 1.613813 2.144001
103060619 -0.975718 0.637625 1.683251 2.047420 34.701108 146.835648 1.614381 2.147823
103060620 -0.977094 0.637625 1.678444 2.044127 34.804352 146.872595 1.614939 2.151649
103060621 -0.978469 0.637625 1.673637 2.040840 34.907939 146.909469 1.615487 2.155477
103060622 -0.979844 0.637625 1.668830 2.037561 35.011872 146.946270 1.616024 2.159309
103060623 -0.981220 0.637625 1.664023 2.034289 35.116150 146.982999 1.616550 2.163145
103060624 -0.982595 0.637625 1.659216 2.031023 35.220775 147.019655 1.617064 2.166984
103060625 -0.983970 0.637625 1.654409 2.027765 35.325748 147.056239 1.617568 2.170825
103060626 -0.985346 0.637625 1.649601 2.024514 35.431069 147.092752 1.618060 2.174670
103060627 -0.986721 0.637625 1.644794 2.021270 35.536740 147.129192 1.618541 2.178518
103060628 -0.988096 0.637625 1.639987 2.018033 35.642760 147.165561 1.619011 2.182369
103060629 -0.989472 0.637625 1.635180 2.014804 35.749133 147.201858 1.619468 2.186224
103060630 -0.990847 0.637625 1.630373 2.011581 35.855857 147.238085 1.619914 2.190080
103060631 -0.992222 0.637625 1.625566 2.008366 35.962934 147.274240 1.620348 2.193940
103060632 -0.993597 0.637625 1.620759 2.005159 36.070365 147.310324 1.620770 2.197803
103060633 -0.994973 0.637625 1.615952 2.001958 36.178151 147.346338 1.621179 2.201668
103060634 -0.996348 0.637625 1.611144 1.998765 36.286292 147.382281 1.621576 2.205536
103060635 -0.997723 0.637625 1.606337 1.995580 36.394789 147.418154 1.621961 2.209407
103060636 -0.999099 0.637625 1.601530 1.992401 36.503644 147.453957 1.622333 2.213280
103060637 -1.000474 0.637625 1.596723 1.989231 36.612857 147.489689 1.622692 2.217156
103060638 -1.001849 0.637625 1.591916 1.986068 36.722429 147.525352 1.623038 2.221034
103060639 -1.003225 0.637625 1.587109 1.982912 36.832361 147.560945 1.623371 2.224914
103060640 -1.004600 0.637625 1.582302 1.979764 36.942653 147.596469 1.623690 2.228797
103060641 -1.005975 0.637625 1.577495 1.976624 37.053307 147.631924 1.623997 2.232681
103060642 -1.007351 0.637625 1.572687 1.973491 37.164323 147.667309 1.624289 2.236568
103060643 -1.008726 0.637625 1.567880 1.970366 37.275702 147.702626 1.624568 2.240458
103060644 -1.010101 0.637625 1.563073 1.967249 37.387446 147.737874 1.624833 2.244349
103060645 -1.011477 0.637625 1.558266 1.964140 37.499553 147.773053 1.625084 2.248242
103060646 -1.012852 0.637625 1.553459 1.961038 37.612027 147.808164 1.625321 2.252137
103060647 -1.014227 0.637625 1.548652 1.957944 37.724866 147.843206 1.625544 2.256033
103060648 -1.015603 0.637625 1.543845 1.954858 37.838073 147.878181 1.625752 2.259931
103060649 -1.016978 0.637625 1.539038 1.951780 37.951647 147.913088 1.625945 2.263831
103060650 -1.018353 0.637625 1.534230 1.948711 38.065590 147.947927 1.626124 2.267733
103060651 -1.019729 0.637625 1.529423 1.945649 38.179903 147.982698 1.626288 2.271636
103060652 -1.021104 0.637625 1.524616 1.942595 38.294586 148.017402 1.626436 2.275540
103060653 -1.022479 0.637625 1.519809 1.939549 38.409639 148.052039 1.626570 2.279446
103060654 -1.023855 0.637625 1.515002 1.936511 38.525064 148.086609 1.626688 2.283353
103060655 -1.025230 0.637625 1.510195 1.933482 38.640862 148.121112 1.626790 2.287261
103060656 -1.026605 0.637625 1.505388 1.930460 38.757032 148.155548 1.626877 2.291170
103060657 -1.027981 0.637625 1.500581 1.927447 38.873577 148.189918 1.626948 2.295080
103060658 -1.029356 0.637625 1.495773 1.924442 38.990496 148.224222 1.627002 2.298991
103060659 -1.030731 0.637625 1.490966 1.921446 39.107790 148.258459 1.627041 2.302903
103060660 -1.032107 0.637625 1.486159 1.918458 39.225460 148.292630 1.627063 2.306816
103060661 -1.033482 0.637625 1.481352 1.915478 39.343507 148.326736 1.627069 2.310729
103060662 -1.034857 0.637625 1.476545 1.912506 39.461931 148.360775 1.627057 2.314643
103060663 -1.036233 0.637625 1.471738 1.909543 39.580733 148.394750 1.627030 2.318557
103060664 -1.037608 0.637625 1.466931 1.906589 39.699913 148.428658 1.626985 2.322471
103060665 -1.038983 0.637625 1.462124 1.903643 39.819473 148.462502 1.626922 2.326386
103060666 -1.040359 0.637625 1.457316 1.900706 39.939412 148.496281 1.626843 2.330301
103060667 -1.041734 0.637625 1.452509 1.897777 40.059733 148.529995 1.626746 2.334216
103060668 -1.043109 0.637625 1.447702 1.894857 40.180434 148.563644 1.626631 2.338131
103060669 -1.044485 0.637625 1.442895 1.891946 40.301517 148.597228 1.626498 2.342046
103060670 -1.045860 0.637625 1.438088 1.889044 40.422982 148.630748 1.626347 2.345961
103060671 -1.047235 0.637625 1.433281 1.886150 40.544831 148.664204 1.626179 2.349876
103060672 -1.048611 0.637625 1.428474 1.883265 40.667063 148.697596 1.625991 2.353790
103060673 -1.049986 0.637625 1.423666 1.880389 40.789679 148.730924 1.625785 2.357703
103060674 -1.051361 0.637625 1.418859 1.877522 40.912679 148.764189 1.625561 2.361616
103060675 -1.052737 0.637625 1.414052 1.874664 41.036065 148.797389 1.625317 2.365528
103060676 -1.054112 0.637625 1.409245 1.871815 41.159837 148.830527 1.625055 2.369439
103060677 -1.055487 0.637625 1.404438 1.868974 41.283995 148.863601 1.624773 2.373350
103060678 -1.056862 0.637625 1.399631 1.866143 41.408539 148.896612 1.624472 2.377259
103060679 -1.058238 0.637625 1.394824 1.863321 41.533471 148.929560 1.624151 2.381167
103060680 -1.059613 0.637625 1.390017 1.860509 41.658791 148.962445 1.623811 2.385074
103060681 -1.060988 0.637625 1.385209 1.857705 41.784499 148.995268 1.623450 2.388980
103060682 -1.062364 0.637625 1.380402 1.854911 41.910596 149.028028 1.623070 2.392884
103060683 -1.063739 0.637625 1.375595 1.852126 42.037081 149.060726 1.622669 2.396786
103060684 -1.065114 0.637625 1.370788 1.849350 42.163957 149.093362 1.622247 2.400687
103060685 -1.066490 0.637625 1.365981 1.846583 42.291222 149.125936 1.621805 2.404586
103060686 -1.067865 0.637625 1.361174 1.843827 42.418878 149.158448 1.621343 2.408483
103060687 -1.069240 0.637625 1.356367 1.841079 42.546925 149.190898 1.620859 2.412378
103060688 -1.070616 0.637625 1.351560 1.838341 42.675363 149.223287 1.620354 2.416271
103060689 -1.071991 0.637625 1.346752 1.835612 42.804193 149.255614 1.619828 2.420161
103060690 -1.073366 0.637625 1.341945 1.832894 42.933414 149.287881 1.619280 2.424049
103060691 -1.074742 0.637625 1.337138 1.830184 43.063028 149.320086 1.618710 2.427935
103060692 -1.076117 0.637625 1.332331 1.827485 43.193035 149.352230 1.618119 2.431818
103060693 -1.077492 0.637625 1.327524 1.824795 43.323434 149.384314 1.617506 2.435698
103060694 -1.078868 0.637625 1.322717 1.822115 43.454227 149.416336 1.616870 2.439575
103060695 -1.080243 0.637625 1.317910 1.819444 43.585413 149.448299 1.616212 2.443449
103060696 -1.081618 0.637625 1.313103 1.816784 43.716994 149.480201 1.615531 2.447320
103060697 -1.082994 0.637625 1.308295 1.814133 43.848968 149.512043 1.614828 2.451187
103060698 -1.084369 0.637625 1.303488 1.811492 43.981336 149.543825 1.614102 2.455051
103060699 -1.085744 0.637625 1.298681 1.808861 44.114100 149.575547 1.613352 2.458912
103060700 -1.087120 0.637625 1.293874 1.806241 44.247258 149.607210 1.612579 2.462769
103060701 -0.943112 0.662731 1.767534 2.110177 33.110002 144.904033 1.622325 2.064227
103060702 -0.944487 0.662731 1.762726 2.106768 33.207055 144.943300 1.623051 2.067991
103060703 -0.945862 0.662731 1.757919 2.103366 33.304436 144.982490 1.623769 2.071760
103060704 -0.947238 0.662731 1.753112 2.099970 33.402144 145.021603 1.624478 2.075533
103060705 -0.948613 0.662731 1.748305 2.096580 33.500180 145.060641 1.625178 2.079309
103060706 -0.949988 0.662731 1.743498 2.093197 33.598546 145.099602 1.625868 2.083090
103060707 -0.951364 0.662731 1.738691 2.089821 33.697242 145.138488 1.626550 2.086875
103060708 -0.952739 0.662731 1.733884 2.086451 33.796270 145.177298 1.627222 2.090663
103060709 -0.954114 0.662731 1.729077 2.083087 33.895630 145.216033 1.627885 2.094456
103060710 -0.955490 0.662731 1.724269 2.079730 33.995323 145.254692 1.628538 2.098252
103060711 -0.956865 0.662731 1.719462 2.076380 34.095350 145.293277 1.629181 2.102053
103060712 -0.958240 0.662731 1.714655 2.073036 34.195712 145.331786 1.629815 2.105857
103060713 -0.959616 0.662731 1.709848 2.069699 34.296411 145.370221 1.630438 2.109664
103060714 -0.960991 0.662731 1.705041 2.066369 34.397446 145.408581 1.631052 2.113476
103060715 -0.962366 0.662731 1.700234 2.063045 34.498819 145.446867 1.631655 2.117291
103060716 -0.963742 0.662731 1.695427 2.059729 34.600530 145.485079 1.632248 2.121109
103060717 -0.965117 0.662731 1.690620 2.056419 34.702582 145.523217 1.632831 2.124932
103060718 -0.966492 0.662731 1.685812 2.053115 34.804974 145.561281 1.633403 2.128757
103060719 -0.967868 0.662731 1.681005 2.049819 34.907707 145.599271 1.633964 2.132586
103060720 -0.969243 0.662731 1.676198 2.046530 35.010783 145.637188 1.634515 2.136419
103060721 -0.970618 0.662731 1.671391 2.043247 35.114202 145.675032 1.635054 2.140255
103060722 -0.971994 0.662731 1.666584 2.039972 35.217966 145.712802 1.635583 2.144094
103060723 -0.973369 0.662731 1.661777 2.036704 35.322074 145.750500 1.636100 2.147936
103060724 -0.974744 0.662731 1.656970 2.033442 35.426529 145.788125 1.636605 2.151782
103060725 -0.976120 0.662731 1.652163 2.030188 35.531330 145.825678 1.637100 2.155631
103060726 -0.977495 0.662731 1.647355 2.026941 35.636479 145.863158 1.637582 2.159482
103060727 -0.978870 0.662731 1.642548 2.023701 35.741977 145.900566 1.638053 2.163337
103060728 -0.980246 0.662731 1.637741 2.020468 35.847825 145.937902 1.638512 2.167195
103060729 -0.981621 0.662731 1.632934 2.017242 35.954023 145.975166 1.638959 2.171056
103060730 -0.982996 0.662731 1.628127 2.014024 36.060572 146.012358 1.639394 2.174919
103060731 -0.984372 0.662731 1.623320 2.010812 36.167473 146.049479 1.639816 2.178786
103060732 -0.985747 0.662731 1.618513 2.007609 36.274728 146.086529 1.640226 2.182655
103060733 -0.987122 0.662731 1.613706 2.004412 36.382336 146.123507 1.640623 2.186527
103060734 -0.988498 0.662731 1.608898 2.001223 36.490299 146.160415 1.641007 2.190401
103060735 -0.989873 0.662731 1.604091 1.998041 36.598618 146.197251 1.641379 2.194278
103060736 -0.991248 0.662731 1.599284 1.994867 36.707293 146.234018 1.641738 2.198158
103060737 -0.992624 0.662731 1.594477 1.991700 36.816325 146.270713 1.642083 2.202040
103060738 -0.993999 0.662731 1.589670 1.988541 36.925716 146.307339 1.642415 2.205924
103060739 -0.995374 0.662731 1.584863 1.985390 37.035465 146.343894 1.642733 2.209810
103060740 -0.996749 0.662731 1.580056 1.982246 37.145575 146.380380 1.643038 2.213699
103060741 -0.998125 0.662731 1.575249 1.979109 37.256044 146.416795 1.643329 2.217590
103060742 -0.999500 0.662731 1.570441 1.975980 37.366876 146.453141 1.643606 2.221483
103060743 -1.000875 0.662731 1.565634 1.972859 37.478069 146.489418 1.643869 2.225378
103060744 -1.002251 0.662731 1.560827 1.969746 37.589626 146.525625 1.644118 2.229275
103060745 -1.003626 0.662731 1.556020 1.966641 37.701546 146.561764 1.644353 2.233174
103060746 -1.005001 0.662731 1.551213 1.963543 37.813831 146.597833 1.644572 2.237075
103060747 -1.006377 0.662731 1.546406 1.960453 37.926481 146.633834 1.644778 2.240977
103060748 -1.007752 0.662731 1.541599 1.957371 38.039498 146.669766 1.644968 2.244882
103060749 -1.009127 0.662731 1.536791 1.954297 38.152881 146.705630 1.645143 2.248787
103060750 -1.010503 0.662731 1.531984 1.951231 38.266632 146.741425 1.645303 2.252694
103060751 -1.011878 0.662731 1.527177 1.948173 38.380752 146.777153 1.645448 2.256603
103060752 -1.013253 0.662731 1.522370 1.945123 38.495240 146.812812 1.645577 2.260513
103060753 -1.014629 0.662731 1.517563 1.942082 38.610099 146.848404 1.645691 2.264424
103060754 -1.016004 0.662731 1.512756 1.939048 38.725328 146.883928 1.645789 2.268337
103060755 -1.017379 0.662731 1.507949 1.936022 38.840929 146.919385 1.645871 2.272250
103060756 -1.018755 0.662731 1.503142 1.933005 38.956902 146.954775 1.645937 2.276165
103060757 -1.020130 0.662731 1.498334 1.929996 39.073247 146.990097 1.645986 2.280080
103060758 -1.021505 0.662731 1.493527 1.926995 39.189966 147.025353 1.646019 2.283997
103060759 -1.022881 0.662731 1.488720 1.924002 39.307060 147.060542 1.646036 2.287914
103060760 -1.024256 0.662731 1.483913 1.921018 39.424528 147.095664 1.646035 2.291832
103060761 -1.025631 0.662731 1.479106 1.918042 39.542372 147.130720 1.646018 2.295750
103060762 -1.027007 0.662731 1.474299 1.915075 39.660592 147.165709 1.645984 2.299669
103060763 -1.028382 0.662731 1.469492 1.912116 39.779189 147.200633 1.645932 2.303588
103060764 -1.029757 0.662731 1.464685 1.909166 39.898163 147.235490 1.645863 2.307508
103060765 -1.031133 0.662731 1.459877 1.906224 40.017516 147.270282 1.645776 2.311428
103060766 -1.032508 0.662731 1.455070 1.903290 40.137248 147.305008 1.645672 2.315348
103060767 -1.033883 0.662731 1.450263 1.900366 40.257359 147.339669 1.645549 2.319268
103060768 -1.035259 0.662731 1.445456 1.897450 40.377850 147.374264 1.645409 2.323188
103060769 -1.036634 0.662731 1.440649 1.894543 40.498721 147.408795 1.645250 2.327108
103060770 -1.038009 0.662731 1.435842 1.891644 40.619974 147.443260 1.645073 2.331028
103060771 -1.039385 0.662731 1.431035 1.888754 40.741609 147.477660 1.644877 2.334947
103060772 -1.040760 0.662731 1.426228 1.885873 40.863626 147.511996 1.644662 2.338866
103060773 -1.042135 0.662731 1.421420 1.883001 40.986026 147.546267 1.644429 2.342784
103060774 -1.043511 0.662731 1.416613 1.880138 41.108810 147.580474 1.644176 2.346702
103060775 -1.044886 0.662731 1.411806 1.877284 41.231978 147.614617 1.643904 2.350618
103060776 -1.046261 0.662731 1.406999 1.874439 41.355530 147.648696 1.643612 2.354534
103060777 -1.047637 0.662731 1.402192 1.871603 41.479467 147.682711 1.643301 2.358449
103060778 -1.049012 0.662731 1.397385 1.868776 41.603790 147.716662 1.642970 2.362363
103060779 -1.050387 0.662731 1.392578 1.865958 41.728499 147.750549 1.642619 2.366276
103060780 -1.051763 0.662731 1.387771 1.863149 41.853595 147.784373 1.642247 2.370188
103060781 -1.053138 0.662731 1.382963 1.860349 41.979078 147.818134 1.641856 2.374098
103060782 -1.054513 0.662731 1.378156 1.857559 42.104948 147.851832 1.641443 2.378006
103060783 -1.055889 0.662731 1.373349 1.854778 42.231206 147.885467 1.641011 2.381913
103060784 -1.057264 0.662731 1.368542 1.852006 42.357852 147.919039 1.640557 2.385819
103060785 -1.058639 0.662731 1.363735 1.849244 42.484888 147.952548 1.640082 2.389722
103060786 -1.060014 0.662731 1.358928 1.846491 42.612312 147.985995 1.639586 2.393623
103060787 -1.061390 0.662731 1.354121 1.843747 42.740127 148.019380 1.639068 2.397523
103060788 -1.062765 0.662731 1.349313 1.841013 42.868331 148.052702 1.638529 2.401420
103060789 -1.064140 0.662731 1.344506 1.838288 42.996925 148.085962 1.637968 2.405315
103060790 -1.065516 0.662731 1.339699 1.835574 43.125910 148.119161 1.637385 2.409207
103060791 -1.066891 0.662731 1.334892 1.832868 43.255287 148.152297 1.636780 2.413097
103060792 -1.068266 0.662731 1.330085 1.830173 43.385054 148.185372 1.636153 2.416984
103060793 -1.069642 0.662731 1.325278 1.827487 43.515213 148.218386 1.635503 2.420868
103060794 -1.071017 0.662731 1.320471 1.824810 43.645765 148.251338 1.634831 2.424750
103060795 -1.072392 0.662731 1.315664 1.822144 43.776708 148.284230 1.634135 2.428628
103060796 -1.073768 0.662731 1.310856 1.819487 43.908044 148.317060 1.633417 2.432503
103060797 -1.075143 0.662731 1.306049 1.816841 44.039773 148.349829 1.632675 2.436375
103060798 -1.076518 0.662731 1.301242 1.814204 44.171894 148.382538 1.631910 2.440243
103060799 -1.077894 0.662731 1.296435 1.811577 44.304409 148.415186 1.631122 2.444108
103060800 -1.079269 0.662731 1.291628 1.808960 44.437318 148.447774 1.630310 2.447969
