# pixelID   x   y   z   l2  two_theta   azimuthal   polar_width azimuthal_width
113040001 0.714487 0.014600 2.213767 2.326257 17.890836 1.170633 0.106519 1.950786
113040002 0.713227 0.014600 2.218606 2.330476 17.824820 1.172700 0.106288 1.947254
113040003 0.711967 0.014600 2.223444 2.334698 17.759044 1.174775 0.106058 1.943733
113040004 0.710708 0.014600 2.228283 2.338924 17.693505 1.176856 0.105829 1.940222
113040005 0.709448 0.014600 2.233122 2.343152 17.628202 1.178946 0.105601 1.936721
113040006 0.708188 0.014600 2.237960 2.347384 17.563135 1.181042 0.105375 1.933230
113040007 0.706928 0.014600 2.242799 2.351618 17.498302 1.183147 0.105149 1.929750
113040008 0.705668 0.014600 2.247638 2.355856 17.433702 1.185258 0.104925 1.926279
113040009 0.704408 0.014600 2.252476 2.360096 17.369335 1.187378 0.104703 1.922818
113040010 0.703148 0.014600 2.257315 2.364340 17.305198 1.189504 0.104481 1.919368
113040011 0.701889 0.014600 2.262154 2.368586 17.241291 1.191639 0.104260 1.915927
113040012 0.700629 0.014600 2.266992 2.372836 17.177614 1.193781 0.104041 1.912496
113040013 0.699369 0.014600 2.271831 2.377088 17.114163 1.195931 0.103823 1.909075
113040014 0.698109 0.014600 2.276670 2.381343 17.050940 1.198089 0.103606 1.905664
113040015 0.696849 0.014600 2.281508 2.385601 16.987942 1.200254 0.103390 1.902263
113040016 0.695589 0.014600 2.286347 2.389862 16.925169 1.202427 0.103176 1.898872
113040017 0.694330 0.014600 2.291186 2.394126 16.862619 1.204608 0.102962 1.895491
113040018 0.693070 0.014600 2.296024 2.398393 16.800292 1.206797 0.102750 1.892119
113040019 0.691810 0.014600 2.300863 2.402662 16.738186 1.208994 0.102539 1.888757
113040020 0.690550 0.014600 2.305702 2.406934 16.676301 1.211199 0.102329 1.885405
113040021 0.689290 0.014600 2.310541 2.411210 16.614635 1.213413 0.102120 1.882062
113040022 0.688030 0.014600 2.315379 2.415487 16.553188 1.215634 0.101913 1.878729
113040023 0.686770 0.014600 2.320218 2.419768 16.491958 1.217863 0.101706 1.875406
113040024 0.685511 0.014600 2.325057 2.424052 16.430944 1.220101 0.101501 1.872092
113040025 0.684251 0.014600 2.329895 2.428338 16.370145 1.222346 0.101297 1.868788
113040026 0.682991 0.014600 2.334734 2.432627 16.309561 1.224601 0.101093 1.865494
113040027 0.681731 0.014600 2.339573 2.436918 16.249191 1.226863 0.100891 1.862209
113040028 0.680471 0.014600 2.344411 2.441212 16.189032 1.229134 0.100691 1.858933
113040029 0.679211 0.014600 2.349250 2.445509 16.129085 1.231413 0.100491 1.855667
113040030 0.677951 0.014600 2.354089 2.449809 16.069348 1.233701 0.100292 1.852410
113040031 0.676692 0.014600 2.358927 2.454111 16.009821 1.235997 0.100095 1.849163
113040032 0.675432 0.014600 2.363766 2.458416 15.950502 1.238301 0.099898 1.845925
113040033 0.674172 0.014600 2.368605 2.462724 15.891391 1.240615 0.099703 1.842697
113040034 0.672912 0.014600 2.373443 2.467034 15.832486 1.242937 0.099509 1.839478
113040035 0.671652 0.014600 2.378282 2.471347 15.773787 1.245267 0.099316 1.836268
113040036 0.670392 0.014600 2.383121 2.475662 15.715292 1.247607 0.099124 1.833067
113040037 0.669133 0.014600 2.387959 2.479980 15.657001 1.249955 0.098933 1.829876
113040038 0.667873 0.014600 2.392798 2.484301 15.598913 1.252312 0.098743 1.826694
113040039 0.666613 0.014600 2.397637 2.488624 15.541026 1.254678 0.098554 1.823521
113040040 0.665353 0.014600 2.402475 2.492949 15.483341 1.257053 0.098367 1.820357
113040041 0.664093 0.014600 2.407314 2.497277 15.425855 1.259437 0.098180 1.817202
113040042 0.662833 0.014600 2.412153 2.501608 15.368568 1.261830 0.097995 1.814056
113040043 0.661573 0.014600 2.416991 2.505941 15.311479 1.264232 0.097810 1.810920
113040044 0.660314 0.014600 2.421830 2.510276 15.254588 1.266644 0.097627 1.807792
113040045 0.659054 0.014600 2.426669 2.514615 15.197893 1.269064 0.097444 1.804674
113040046 0.657794 0.014600 2.431507 2.518955 15.141393 1.271494 0.097263 1.801564
113040047 0.656534 0.014600 2.436346 2.523298 15.085087 1.273933 0.097083 1.798464
113040048 0.655274 0.014600 2.441185 2.527643 15.028975 1.276382 0.096904 1.795372
113040049 0.654014 0.014600 2.446023 2.531991 14.973056 1.278840 0.096726 1.792289
113040050 0.652755 0.014600 2.450862 2.536341 14.917329 1.281307 0.096549 1.789215
113040051 0.651495 0.014600 2.455701 2.540694 14.861792 1.283784 0.096373 1.786150
113040052 0.650235 0.014600 2.460539 2.545049 14.806446 1.286270 0.096198 1.783094
113040053 0.648975 0.014600 2.465378 2.549406 14.751289 1.288767 0.096024 1.780046
113040054 0.647715 0.014600 2.470217 2.553766 14.696320 1.291273 0.095851 1.777008
113040055 0.646455 0.014600 2.475055 2.558128 14.641538 1.293788 0.095679 1.773978
113040056 0.645195 0.014600 2.479894 2.562492 14.586943 1.296314 0.095508 1.770956
113040057 0.643936 0.014600 2.484733 2.566859 14.532534 1.298849 0.095338 1.767944
113040058 0.642676 0.014600 2.489572 2.571228 14.478309 1.301394 0.095170 1.764940
113040059 0.641416 0.014600 2.494410 2.575599 14.424269 1.303950 0.095002 1.761944
113040060 0.640156 0.014600 2.499249 2.579972 14.370412 1.306515 0.094835 1.758957
113040061 0.638896 0.014600 2.504088 2.584348 14.316737 1.309090 0.094669 1.755979
113040062 0.637636 0.014600 2.508926 2.588726 14.263244 1.311676 0.094505 1.753010
113040063 0.636376 0.014600 2.513765 2.593107 14.209931 1.314272 0.094341 1.750048
113040064 0.635117 0.014600 2.518604 2.597489 14.156799 1.316878 0.094178 1.747096
113040065 0.633857 0.014600 2.523442 2.601874 14.103845 1.319494 0.094016 1.744151
113040066 0.632597 0.014600 2.528281 2.606261 14.051070 1.322121 0.093856 1.741215
113040067 0.631337 0.014600 2.533120 2.610650 13.998472 1.324759 0.093696 1.738288
113040068 0.630077 0.014600 2.537958 2.615042 13.946051 1.327407 0.093537 1.735369
113040069 0.628817 0.014600 2.542797 2.619435 13.893805 1.330065 0.093379 1.732458
113040070 0.627558 0.014600 2.547636 2.623831 13.841735 1.332734 0.093223 1.729556
113040071 0.626298 0.014600 2.552474 2.628229 13.789839 1.335414 0.093067 1.726661
113040072 0.625038 0.014600 2.557313 2.632629 13.738116 1.338105 0.092912 1.723775
113040073 0.623778 0.014600 2.562152 2.637031 13.686566 1.340807 0.092758 1.720898
113040074 0.622518 0.014600 2.566990 2.641435 13.635188 1.343519 0.092605 1.718028
113040075 0.621258 0.014600 2.571829 2.645842 13.583981 1.346243 0.092453 1.715167
113040076 0.619998 0.014600 2.576668 2.650250 13.532944 1.348977 0.092303 1.712314
113040077 0.618739 0.014600 2.581506 2.654661 13.482077 1.351723 0.092153 1.709469
113040078 0.617479 0.014600 2.586345 2.659074 13.431379 1.354480 0.092004 1.706632
113040079 0.616219 0.014600 2.591184 2.663489 13.380849 1.357248 0.091856 1.703803
113040080 0.614959 0.014600 2.596022 2.667906 13.330486 1.360028 0.091708 1.700982
113040081 0.613699 0.014600 2.600861 2.672324 13.280290 1.362818 0.091562 1.698169
113040082 0.612439 0.014600 2.605700 2.676745 13.230259 1.365621 0.091417 1.695364
113040083 0.611180 0.014600 2.610538 2.681168 13.180394 1.368435 0.091273 1.692567
113040084 0.609920 0.014600 2.615377 2.685593 13.130693 1.371260 0.091130 1.689778
113040085 0.608660 0.014600 2.620216 2.690021 13.081155 1.374098 0.090987 1.686997
113040086 0.607400 0.014600 2.625054 2.694450 13.031780 1.376947 0.090846 1.684224
113040087 0.606140 0.014600 2.629893 2.698881 12.982568 1.379807 0.090706 1.681459
113040088 0.604880 0.014600 2.634732 2.703314 12.933517 1.382680 0.090566 1.678701
113040089 0.603620 0.014600 2.639570 2.707749 12.884626 1.385565 0.090428 1.675951
113040090 0.602361 0.014600 2.644409 2.712186 12.835896 1.388462 0.090290 1.673209
113040091 0.601101 0.014600 2.649248 2.716625 12.787324 1.391371 0.090153 1.670475
113040092 0.599841 0.014600 2.654086 2.721065 12.738912 1.394292 0.090017 1.667749
113040093 0.598581 0.014600 2.658925 2.725508 12.690657 1.397225 0.089883 1.665030
113040094 0.597321 0.014600 2.663764 2.729953 12.642559 1.400171 0.089749 1.662319
113040095 0.596061 0.014600 2.668603 2.734400 12.594617 1.403129 0.089616 1.659615
113040096 0.594801 0.014600 2.673441 2.738848 12.546832 1.406100 0.089484 1.656919
113040097 0.593542 0.014600 2.678280 2.743299 12.499201 1.409083 0.089352 1.654231
113040098 0.592282 0.014600 2.683119 2.747751 12.451725 1.412080 0.089222 1.651550
113040099 0.591022 0.014600 2.687957 2.752205 12.404403 1.415088 0.089093 1.648877
113040100 0.589762 0.014600 2.692796 2.756661 12.357233 1.418110 0.088964 1.646211
113040101 0.714487 0.041000 2.213767 2.326572 17.914887 3.284249 0.174904 1.948957
113040102 0.713227 0.041000 2.218606 2.330791 17.848879 3.290038 0.174694 1.945422
113040103 0.711967 0.041000 2.223444 2.335012 17.783110 3.295847 0.174486 1.941897
113040104 0.710708 0.041000 2.228283 2.339237 17.717579 3.301676 0.174279 1.938383
113040105 0.709448 0.041000 2.233122 2.343465 17.652284 3.307526 0.174073 1.934878
113040106 0.708188 0.041000 2.237960 2.347696 17.587225 3.313397 0.173869 1.931384
113040107 0.706928 0.041000 2.242799 2.351930 17.522400 3.319289 0.173666 1.927900
113040108 0.705668 0.041000 2.247638 2.356167 17.457809 3.325202 0.173465 1.924425
113040109 0.704408 0.041000 2.252476 2.360407 17.393449 3.331136 0.173265 1.920961
113040110 0.703148 0.041000 2.257315 2.364650 17.329321 3.337091 0.173066 1.917507
113040111 0.701889 0.041000 2.262154 2.368896 17.265422 3.343067 0.172869 1.914062
113040112 0.700629 0.041000 2.266992 2.373145 17.201753 3.349065 0.172673 1.910628
113040113 0.699369 0.041000 2.271831 2.377397 17.138311 3.355084 0.172478 1.907203
113040114 0.698109 0.041000 2.276670 2.381651 17.075096 3.361125 0.172285 1.903788
113040115 0.696849 0.041000 2.281508 2.385909 17.012107 3.367187 0.172093 1.900383
113040116 0.695589 0.041000 2.286347 2.390169 16.949342 3.373272 0.171903 1.896988
113040117 0.694330 0.041000 2.291186 2.394432 16.886801 3.379379 0.171713 1.893603
113040118 0.693070 0.041000 2.296024 2.398699 16.824483 3.385507 0.171526 1.890227
113040119 0.691810 0.041000 2.300863 2.402968 16.762386 3.391658 0.171339 1.886861
113040120 0.690550 0.041000 2.305702 2.407239 16.700510 3.397831 0.171154 1.883505
113040121 0.689290 0.041000 2.310541 2.411514 16.638853 3.404027 0.170970 1.880158
113040122 0.688030 0.041000 2.315379 2.415791 16.577414 3.410246 0.170788 1.876821
113040123 0.686770 0.041000 2.320218 2.420071 16.516193 3.416487 0.170607 1.873494
113040124 0.685511 0.041000 2.325057 2.424354 16.455189 3.422751 0.170427 1.870176
113040125 0.684251 0.041000 2.329895 2.428640 16.394399 3.429038 0.170249 1.866868
113040126 0.682991 0.041000 2.334734 2.432928 16.333825 3.435348 0.170072 1.863569
113040127 0.681731 0.041000 2.339573 2.437219 16.273463 3.441681 0.169896 1.860280
113040128 0.680471 0.041000 2.344411 2.441513 16.213314 3.448038 0.169722 1.857000
113040129 0.679211 0.041000 2.349250 2.445810 16.153377 3.454418 0.169549 1.853729
113040130 0.677951 0.041000 2.354089 2.450109 16.093650 3.460822 0.169378 1.850468
113040131 0.676692 0.041000 2.358927 2.454410 16.034132 3.467249 0.169207 1.847217
113040132 0.675432 0.041000 2.363766 2.458715 15.974823 3.473701 0.169038 1.843974
113040133 0.674172 0.041000 2.368605 2.463022 15.915722 3.480176 0.168871 1.840741
113040134 0.672912 0.041000 2.373443 2.467332 15.856827 3.486676 0.168704 1.837517
113040135 0.671652 0.041000 2.378282 2.471644 15.798138 3.493200 0.168540 1.834303
113040136 0.670392 0.041000 2.383121 2.475959 15.739653 3.499748 0.168376 1.831098
113040137 0.669133 0.041000 2.387959 2.480276 15.681373 3.506321 0.168214 1.827902
113040138 0.667873 0.041000 2.392798 2.484596 15.623295 3.512919 0.168053 1.824715
113040139 0.666613 0.041000 2.397637 2.488919 15.565418 3.519541 0.167893 1.821537
113040140 0.665353 0.041000 2.402475 2.493244 15.507743 3.526189 0.167735 1.818368
113040141 0.664093 0.041000 2.407314 2.497571 15.450268 3.532861 0.167578 1.815209
113040142 0.662833 0.041000 2.412153 2.501901 15.392992 3.539559 0.167422 1.812058
113040143 0.661573 0.041000 2.416991 2.506234 15.335914 3.546283 0.167268 1.808917
113040144 0.660314 0.041000 2.421830 2.510569 15.279034 3.553031 0.167115 1.805784
113040145 0.659054 0.041000 2.426669 2.514906 15.222349 3.559806 0.166964 1.802660
113040146 0.657794 0.041000 2.431507 2.519246 15.165860 3.566606 0.166813 1.799546
113040147 0.656534 0.041000 2.436346 2.523589 15.109566 3.573433 0.166664 1.796440
113040148 0.655274 0.041000 2.441185 2.527934 15.053465 3.580285 0.166517 1.793343
113040149 0.654014 0.041000 2.446023 2.532281 14.997558 3.587164 0.166370 1.790255
113040150 0.652755 0.041000 2.450862 2.536631 14.941842 3.594069 0.166225 1.787176
113040151 0.651495 0.041000 2.455701 2.540983 14.886317 3.601001 0.166082 1.784106
113040152 0.650235 0.041000 2.460539 2.545337 14.830982 3.607960 0.165939 1.781044
113040153 0.648975 0.041000 2.465378 2.549694 14.775836 3.614945 0.165798 1.777991
113040154 0.647715 0.041000 2.470217 2.554053 14.720879 3.621958 0.165658 1.774947
113040155 0.646455 0.041000 2.475055 2.558415 14.666110 3.628998 0.165520 1.771912
113040156 0.645195 0.041000 2.479894 2.562778 14.611527 3.636065 0.165383 1.768885
113040157 0.643936 0.041000 2.484733 2.567145 14.557130 3.643160 0.165247 1.765867
113040158 0.642676 0.041000 2.489572 2.571513 14.502917 3.650282 0.165113 1.762857
113040159 0.641416 0.041000 2.494410 2.575884 14.448890 3.657433 0.164979 1.759856
113040160 0.640156 0.041000 2.499249 2.580257 14.395045 3.664611 0.164848 1.756864
113040161 0.638896 0.041000 2.504088 2.584632 14.341383 3.671817 0.164717 1.753880
113040162 0.637636 0.041000 2.508926 2.589010 14.287902 3.679052 0.164588 1.750904
113040163 0.636376 0.041000 2.513765 2.593390 14.234602 3.686316 0.164460 1.747937
113040164 0.635117 0.041000 2.518604 2.597772 14.181483 3.693608 0.164333 1.744979
113040165 0.633857 0.041000 2.523442 2.602156 14.128542 3.700929 0.164208 1.742029
113040166 0.632597 0.041000 2.528281 2.606543 14.075780 3.708279 0.164084 1.739087
113040167 0.631337 0.041000 2.533120 2.610931 14.023195 3.715658 0.163961 1.736153
113040168 0.630077 0.041000 2.537958 2.615322 13.970787 3.723067 0.163840 1.733228
113040169 0.628817 0.041000 2.542797 2.619715 13.918555 3.730505 0.163720 1.730311
113040170 0.627558 0.041000 2.547636 2.624111 13.866499 3.737973 0.163601 1.727403
113040171 0.626298 0.041000 2.552474 2.628508 13.814616 3.745471 0.163483 1.724502
113040172 0.625038 0.041000 2.557313 2.632908 13.762907 3.752999 0.163367 1.721610
113040173 0.623778 0.041000 2.562152 2.637309 13.711371 3.760557 0.163252 1.718726
113040174 0.622518 0.041000 2.566990 2.641713 13.660007 3.768146 0.163139 1.715851
113040175 0.621258 0.041000 2.571829 2.646119 13.608814 3.775765 0.163027 1.712983
113040176 0.619998 0.041000 2.576668 2.650527 13.557792 3.783415 0.162916 1.710123
113040177 0.618739 0.041000 2.581506 2.654938 13.506939 3.791096 0.162806 1.707272
113040178 0.617479 0.041000 2.586345 2.659350 13.456256 3.798809 0.162698 1.704428
113040179 0.616219 0.041000 2.591184 2.663764 13.405740 3.806553 0.162591 1.701593
113040180 0.614959 0.041000 2.596022 2.668181 13.355392 3.814328 0.162485 1.698765
113040181 0.613699 0.041000 2.600861 2.672599 13.305211 3.822135 0.162380 1.695946
113040182 0.612439 0.041000 2.605700 2.677020 13.255195 3.829974 0.162277 1.693134
113040183 0.611180 0.041000 2.610538 2.681442 13.205345 3.837846 0.162175 1.690330
113040184 0.609920 0.041000 2.615377 2.685867 13.155659 3.845749 0.162075 1.687535
113040185 0.608660 0.041000 2.620216 2.690293 13.106137 3.853685 0.161976 1.684747
113040186 0.607400 0.041000 2.625054 2.694722 13.056778 3.861655 0.161878 1.681967
113040187 0.606140 0.041000 2.629893 2.699153 13.007581 3.869657 0.161781 1.679194
113040188 0.604880 0.041000 2.634732 2.703585 12.958546 3.877692 0.161686 1.676430
113040189 0.603620 0.041000 2.639570 2.708020 12.909671 3.885760 0.161592 1.673673
113040190 0.602361 0.041000 2.644409 2.712456 12.860956 3.893862 0.161499 1.670924
113040191 0.601101 0.041000 2.649248 2.716895 12.812401 3.901998 0.161408 1.668182
113040192 0.599841 0.041000 2.654086 2.721335 12.764005 3.910168 0.161318 1.665449
113040193 0.598581 0.041000 2.658925 2.725778 12.715766 3.918373 0.161229 1.662723
113040194 0.597321 0.041000 2.663764 2.730222 12.667685 3.926611 0.161141 1.660004
113040195 0.596061 0.041000 2.668603 2.734668 12.619761 3.934885 0.161055 1.657293
113040196 0.594801 0.041000 2.673441 2.739116 12.571992 3.943193 0.160970 1.654590
113040197 0.593542 0.041000 2.678280 2.743566 12.524378 3.951536 0.160887 1.651894
113040198 0.592282 0.041000 2.683119 2.748018 12.476919 3.959915 0.160805 1.649206
113040199 0.591022 0.041000 2.687957 2.752472 12.429614 3.968329 0.160724 1.646525
113040200 0.589762 0.041000 2.692796 2.756928 12.382462 3.976779 0.160644 1.643851
113040201 0.714487 0.067400 2.213767 2.327187 17.961660 5.388959 0.242764 1.944251
113040202 0.713227 0.067400 2.218606 2.331405 17.895667 5.398421 0.242575 1.940709
113040203 0.711967 0.067400 2.223444 2.335625 17.829913 5.407918 0.242387 1.937178
113040204 0.710708 0.067400 2.228283 2.339849 17.764397 5.417447 0.242200 1.933657
113040205 0.709448 0.067400 2.233122 2.344076 17.699117 5.427010 0.242015 1.930146
113040206 0.708188 0.067400 2.237960 2.348306 17.634073 5.436607 0.241832 1.926645
113040207 0.706928 0.067400 2.242799 2.352539 17.569264 5.446237 0.241650 1.923154
113040208 0.705668 0.067400 2.247638 2.356774 17.504687 5.455902 0.241470 1.919672
113040209 0.704408 0.067400 2.252476 2.361013 17.440343 5.465601 0.241291 1.916201
113040210 0.703148 0.067400 2.257315 2.365255 17.376231 5.475334 0.241114 1.912740
113040211 0.701889 0.067400 2.262154 2.369500 17.312348 5.485102 0.240938 1.909288
113040212 0.700629 0.067400 2.266992 2.373748 17.248694 5.494905 0.240764 1.905847
113040213 0.699369 0.067400 2.271831 2.377998 17.185269 5.504743 0.240591 1.902415
113040214 0.698109 0.067400 2.276670 2.382252 17.122070 5.514616 0.240420 1.898993
113040215 0.696849 0.067400 2.281508 2.386508 17.059097 5.524524 0.240250 1.895580
113040216 0.695589 0.067400 2.286347 2.390768 16.996349 5.534468 0.240082 1.892178
113040217 0.694330 0.067400 2.291186 2.395030 16.933824 5.544448 0.239916 1.888785
113040218 0.693070 0.067400 2.296024 2.399295 16.871522 5.554464 0.239751 1.885401
113040219 0.691810 0.067400 2.300863 2.403563 16.809442 5.564515 0.239587 1.882028
113040220 0.690550 0.067400 2.305702 2.407834 16.747583 5.574604 0.239425 1.878664
113040221 0.689290 0.067400 2.310541 2.412107 16.685943 5.584728 0.239265 1.875309
113040222 0.688030 0.067400 2.315379 2.416383 16.624522 5.594889 0.239106 1.871964
113040223 0.686770 0.067400 2.320218 2.420663 16.563318 5.605088 0.238949 1.868629
113040224 0.685511 0.067400 2.325057 2.424944 16.502331 5.615323 0.238793 1.865303
113040225 0.684251 0.067400 2.329895 2.429229 16.441560 5.625596 0.238639 1.861987
113040226 0.682991 0.067400 2.334734 2.433516 16.381003 5.635906 0.238486 1.858680
113040227 0.681731 0.067400 2.339573 2.437806 16.320659 5.646254 0.238335 1.855382
113040228 0.680471 0.067400 2.344411 2.442099 16.260529 5.656640 0.238186 1.852094
113040229 0.679211 0.067400 2.349250 2.446394 16.200609 5.667064 0.238038 1.848815
113040230 0.677951 0.067400 2.354089 2.450693 16.140901 5.677527 0.237892 1.845545
113040231 0.676692 0.067400 2.358927 2.454993 16.081402 5.688028 0.237747 1.842285
113040232 0.675432 0.067400 2.363766 2.459297 16.022112 5.698567 0.237603 1.839034
113040233 0.674172 0.067400 2.368605 2.463603 15.963029 5.709146 0.237462 1.835792
113040234 0.672912 0.067400 2.373443 2.467911 15.904153 5.719764 0.237321 1.832559
113040235 0.671652 0.067400 2.378282 2.472223 15.845483 5.730422 0.237183 1.829336
113040236 0.670392 0.067400 2.383121 2.476536 15.787018 5.741119 0.237046 1.826122
113040237 0.669133 0.067400 2.387959 2.480853 15.728757 5.751856 0.236910 1.822916
113040238 0.667873 0.067400 2.392798 2.485172 15.670699 5.762633 0.236776 1.819720
113040239 0.666613 0.067400 2.397637 2.489493 15.612843 5.773451 0.236644 1.816533
113040240 0.665353 0.067400 2.402475 2.493817 15.555187 5.784309 0.236513 1.813355
113040241 0.664093 0.067400 2.407314 2.498144 15.497733 5.795207 0.236384 1.810186
113040242 0.662833 0.067400 2.412153 2.502473 15.440477 5.806147 0.236256 1.807026
113040243 0.661573 0.067400 2.416991 2.506805 15.383420 5.817128 0.236130 1.803875
113040244 0.660314 0.067400 2.421830 2.511139 15.326560 5.828151 0.236005 1.800733
113040245 0.659054 0.067400 2.426669 2.515475 15.269896 5.839215 0.235882 1.797600
113040246 0.657794 0.067400 2.431507 2.519814 15.213429 5.850321 0.235761 1.794475
113040247 0.656534 0.067400 2.436346 2.524156 15.157156 5.861469 0.235641 1.791360
113040248 0.655274 0.067400 2.441185 2.528500 15.101076 5.872660 0.235523 1.788253
113040249 0.654014 0.067400 2.446023 2.532846 15.045190 5.883893 0.235406 1.785155
113040250 0.652755 0.067400 2.450862 2.537195 14.989496 5.895170 0.235291 1.782065
113040251 0.651495 0.067400 2.455701 2.541546 14.933993 5.906489 0.235178 1.778985
113040252 0.650235 0.067400 2.460539 2.545899 14.878681 5.917852 0.235066 1.775913
113040253 0.648975 0.067400 2.465378 2.550255 14.823558 5.929258 0.234955 1.772849
113040254 0.647715 0.067400 2.470217 2.554613 14.768623 5.940709 0.234846 1.769795
113040255 0.646455 0.067400 2.475055 2.558974 14.713876 5.952203 0.234739 1.766749
113040256 0.645195 0.067400 2.479894 2.563337 14.659316 5.963742 0.234634 1.763711
113040257 0.643936 0.067400 2.484733 2.567702 14.604943 5.975326 0.234529 1.760682
113040258 0.642676 0.067400 2.489572 2.572069 14.550754 5.986955 0.234427 1.757662
113040259 0.641416 0.067400 2.494410 2.576439 14.496749 5.998628 0.234326 1.754650
113040260 0.640156 0.067400 2.499249 2.580811 14.442929 6.010347 0.234227 1.751646
113040261 0.638896 0.067400 2.504088 2.585186 14.389290 6.022112 0.234129 1.748651
113040262 0.637636 0.067400 2.508926 2.589562 14.335834 6.033923 0.234033 1.745664
113040263 0.636376 0.067400 2.513765 2.593941 14.282559 6.045780 0.233939 1.742686
113040264 0.635117 0.067400 2.518604 2.598323 14.229464 6.057684 0.233846 1.739716
113040265 0.633857 0.067400 2.523442 2.602706 14.176548 6.069634 0.233754 1.736754
113040266 0.632597 0.067400 2.528281 2.607091 14.123811 6.081632 0.233665 1.733801
113040267 0.631337 0.067400 2.533120 2.611479 14.071251 6.093677 0.233576 1.730855
113040268 0.630077 0.067400 2.537958 2.615869 14.018869 6.105769 0.233490 1.727918
113040269 0.628817 0.067400 2.542797 2.620262 13.966663 6.117909 0.233405 1.724990
113040270 0.627558 0.067400 2.547636 2.624656 13.914632 6.130098 0.233322 1.722069
113040271 0.626298 0.067400 2.552474 2.629052 13.862776 6.142335 0.233240 1.719156
113040272 0.625038 0.067400 2.557313 2.633451 13.811093 6.154621 0.233160 1.716252
113040273 0.623778 0.067400 2.562152 2.637852 13.759584 6.166956 0.233082 1.713356
113040274 0.622518 0.067400 2.566990 2.642255 13.708247 6.179340 0.233005 1.710468
113040275 0.621258 0.067400 2.571829 2.646660 13.657081 6.191774 0.232929 1.707587
113040276 0.619998 0.067400 2.576668 2.651067 13.606086 6.204257 0.232856 1.704715
113040277 0.618739 0.067400 2.581506 2.655476 13.555261 6.216791 0.232784 1.701851
113040278 0.617479 0.067400 2.586345 2.659888 13.504605 6.229376 0.232713 1.698995
113040279 0.616219 0.067400 2.591184 2.664301 13.454117 6.242011 0.232645 1.696146
113040280 0.614959 0.067400 2.596022 2.668717 13.403797 6.254698 0.232578 1.693306
113040281 0.613699 0.067400 2.600861 2.673134 13.353644 6.267436 0.232512 1.690473
113040282 0.612439 0.067400 2.605700 2.677554 13.303658 6.280226 0.232448 1.687648
113040283 0.611180 0.067400 2.610538 2.681976 13.253836 6.293068 0.232386 1.684831
113040284 0.609920 0.067400 2.615377 2.686399 13.204179 6.305962 0.232325 1.682022
113040285 0.608660 0.067400 2.620216 2.690825 13.154687 6.318909 0.232266 1.679220
113040286 0.607400 0.067400 2.625054 2.695253 13.105357 6.331909 0.232209 1.676427
113040287 0.606140 0.067400 2.629893 2.699683 13.056190 6.344963 0.232153 1.673641
113040288 0.604880 0.067400 2.634732 2.704114 13.007185 6.358070 0.232099 1.670862
113040289 0.603620 0.067400 2.639570 2.708548 12.958341 6.371231 0.232047 1.668091
113040290 0.602361 0.067400 2.644409 2.712984 12.909657 6.384447 0.231996 1.665328
113040291 0.601101 0.067400 2.649248 2.717421 12.861133 6.397717 0.231947 1.662573
113040292 0.599841 0.067400 2.654086 2.721861 12.812768 6.411043 0.231900 1.659824
113040293 0.598581 0.067400 2.658925 2.726302 12.764561 6.424423 0.231854 1.657084
113040294 0.597321 0.067400 2.663764 2.730746 12.716511 6.437860 0.231810 1.654351
113040295 0.596061 0.067400 2.668603 2.735191 12.668618 6.451353 0.231767 1.651625
113040296 0.594801 0.067400 2.673441 2.739639 12.620882 6.464902 0.231727 1.648907
113040297 0.593542 0.067400 2.678280 2.744088 12.573301 6.478507 0.231688 1.646197
113040298 0.592282 0.067400 2.683119 2.748539 12.525874 6.492170 0.231650 1.643493
113040299 0.591022 0.067400 2.687957 2.752992 12.478602 6.505891 0.231614 1.640797
113040300 0.589762 0.067400 2.692796 2.757447 12.431483 6.519669 0.231580 1.638109
113040301 0.714487 0.093800 2.213767 2.328101 18.030930 7.479188 0.309782 1.936732
113040302 0.713227 0.093800 2.218606 2.332317 17.964959 7.492250 0.309610 1.933181
113040303 0.711967 0.093800 2.223444 2.336536 17.899226 7.505356 0.309440 1.929641
113040304 0.710708 0.093800 2.228283 2.340758 17.833731 7.518509 0.309272 1.926110
113040305 0.709448 0.093800 2.233122 2.344983 17.768473 7.531707 0.309105 1.922590
113040306 0.708188 0.093800 2.237960 2.349212 17.703451 7.544952 0.308940 1.919079
113040307 0.706928 0.093800 2.242799 2.353443 17.638663 7.558242 0.308777 1.915578
113040308 0.705668 0.093800 2.247638 2.357677 17.574109 7.571580 0.308616 1.912087
113040309 0.704408 0.093800 2.252476 2.361914 17.509788 7.584964 0.308456 1.908606
113040310 0.703148 0.093800 2.257315 2.366155 17.445697 7.598396 0.308297 1.905135
113040311 0.701889 0.093800 2.262154 2.370398 17.381837 7.611875 0.308141 1.901673
113040312 0.700629 0.093800 2.266992 2.374644 17.318206 7.625401 0.307986 1.898221
113040313 0.699369 0.093800 2.271831 2.378893 17.254804 7.638976 0.307833 1.894779
113040314 0.698109 0.093800 2.276670 2.383145 17.191628 7.652598 0.307681 1.891346
113040315 0.696849 0.093800 2.281508 2.387400 17.128679 7.666269 0.307531 1.887923
113040316 0.695589 0.093800 2.286347 2.391658 17.065954 7.679989 0.307383 1.884510
113040317 0.694330 0.093800 2.291186 2.395918 17.003453 7.693757 0.307237 1.881106
113040318 0.693070 0.093800 2.296024 2.400182 16.941175 7.707575 0.307092 1.877712
113040319 0.691810 0.093800 2.300863 2.404448 16.879120 7.721442 0.306949 1.874327
113040320 0.690550 0.093800 2.305702 2.408717 16.817284 7.735358 0.306808 1.870952
113040321 0.689290 0.093800 2.310541 2.412989 16.755669 7.749325 0.306668 1.867586
113040322 0.688030 0.093800 2.315379 2.417264 16.694273 7.763342 0.306530 1.864230
113040323 0.686770 0.093800 2.320218 2.421541 16.633094 7.777409 0.306394 1.860883
113040324 0.685511 0.093800 2.325057 2.425822 16.572132 7.791527 0.306259 1.857546
113040325 0.684251 0.093800 2.329895 2.430105 16.511386 7.805697 0.306127 1.854218
113040326 0.682991 0.093800 2.334734 2.434391 16.450855 7.819917 0.305996 1.850899
113040327 0.681731 0.093800 2.339573 2.438679 16.390537 7.834189 0.305866 1.847589
113040328 0.680471 0.093800 2.344411 2.442970 16.330432 7.848513 0.305739 1.844289
113040329 0.679211 0.093800 2.349250 2.447264 16.270539 7.862889 0.305613 1.840998
113040330 0.677951 0.093800 2.354089 2.451561 16.210857 7.877317 0.305489 1.837716
113040331 0.676692 0.093800 2.358927 2.455860 16.151385 7.891799 0.305367 1.834443
113040332 0.675432 0.093800 2.363766 2.460162 16.092122 7.906333 0.305246 1.831180
113040333 0.674172 0.093800 2.368605 2.464466 16.033066 7.920920 0.305127 1.827925
113040334 0.672912 0.093800 2.373443 2.468773 15.974218 7.935561 0.305010 1.824680
113040335 0.671652 0.093800 2.378282 2.473083 15.915575 7.950256 0.304895 1.821444
113040336 0.670392 0.093800 2.383121 2.477395 15.857138 7.965005 0.304781 1.818217
113040337 0.669133 0.093800 2.387959 2.481710 15.798905 7.979809 0.304670 1.814998
113040338 0.667873 0.093800 2.392798 2.486028 15.740875 7.994667 0.304560 1.811789
113040339 0.666613 0.093800 2.397637 2.490348 15.683047 8.009581 0.304451 1.808589
113040340 0.665353 0.093800 2.402475 2.494670 15.625421 8.024550 0.304345 1.805397
113040341 0.664093 0.093800 2.407314 2.498996 15.567995 8.039574 0.304240 1.802215
113040342 0.662833 0.093800 2.412153 2.503323 15.510769 8.054655 0.304137 1.799041
113040343 0.661573 0.093800 2.416991 2.507653 15.453741 8.069791 0.304036 1.795876
113040344 0.660314 0.093800 2.421830 2.511986 15.396911 8.084985 0.303937 1.792720
113040345 0.659054 0.093800 2.426669 2.516321 15.340278 8.100235 0.303839 1.789572
113040346 0.657794 0.093800 2.431507 2.520659 15.283840 8.115543 0.303744 1.786434
113040347 0.656534 0.093800 2.436346 2.524999 15.227598 8.130908 0.303650 1.783304
113040348 0.655274 0.093800 2.441185 2.529341 15.171549 8.146331 0.303558 1.780182
113040349 0.654014 0.093800 2.446023 2.533686 15.115694 8.161812 0.303467 1.777070
113040350 0.652755 0.093800 2.450862 2.538033 15.060032 8.177352 0.303379 1.773966
113040351 0.651495 0.093800 2.455701 2.542383 15.004560 8.192951 0.303292 1.770870
113040352 0.650235 0.093800 2.460539 2.546735 14.949280 8.208609 0.303207 1.767783
113040353 0.648975 0.093800 2.465378 2.551089 14.894189 8.224326 0.303124 1.764705
113040354 0.647715 0.093800 2.470217 2.555446 14.839287 8.240104 0.303042 1.761635
113040355 0.646455 0.093800 2.475055 2.559805 14.784573 8.255941 0.302963 1.758574
113040356 0.645195 0.093800 2.479894 2.564167 14.730046 8.271840 0.302885 1.755521
113040357 0.643936 0.093800 2.484733 2.568530 14.675705 8.287799 0.302810 1.752476
113040358 0.642676 0.093800 2.489572 2.572897 14.621550 8.303819 0.302736 1.749440
113040359 0.641416 0.093800 2.494410 2.577265 14.567580 8.319901 0.302663 1.746412
113040360 0.640156 0.093800 2.499249 2.581636 14.513793 8.336045 0.302593 1.743392
113040361 0.638896 0.093800 2.504088 2.586009 14.460190 8.352251 0.302525 1.740381
113040362 0.637636 0.093800 2.508926 2.590384 14.406768 8.368520 0.302458 1.737378
113040363 0.636376 0.093800 2.513765 2.594762 14.353528 8.384852 0.302393 1.734383
113040364 0.635117 0.093800 2.518604 2.599141 14.300468 8.401248 0.302330 1.731397
113040365 0.633857 0.093800 2.523442 2.603523 14.247588 8.417707 0.302269 1.728418
113040366 0.632597 0.093800 2.528281 2.607908 14.194887 8.434230 0.302210 1.725448
113040367 0.631337 0.093800 2.533120 2.612294 14.142364 8.450818 0.302153 1.722486
113040368 0.630077 0.093800 2.537958 2.616683 14.090018 8.467471 0.302097 1.719532
113040369 0.628817 0.093800 2.542797 2.621073 14.037849 8.484189 0.302044 1.716586
113040370 0.627558 0.093800 2.547636 2.625466 13.985855 8.500973 0.301992 1.713648
113040371 0.626298 0.093800 2.552474 2.629862 13.934036 8.517823 0.301942 1.710718
113040372 0.625038 0.093800 2.557313 2.634259 13.882392 8.534739 0.301894 1.707796
113040373 0.623778 0.093800 2.562152 2.638658 13.830921 8.551722 0.301848 1.704882
113040374 0.622518 0.093800 2.566990 2.643060 13.779622 8.568772 0.301804 1.701976
113040375 0.621258 0.093800 2.571829 2.647464 13.728495 8.585890 0.301762 1.699077
113040376 0.619998 0.093800 2.576668 2.651870 13.677539 8.603076 0.301721 1.696187
113040377 0.618739 0.093800 2.581506 2.656278 13.626753 8.620330 0.301683 1.693304
113040378 0.617479 0.093800 2.586345 2.660688 13.576137 8.637654 0.301646 1.690429
113040379 0.616219 0.093800 2.591184 2.665100 13.525690 8.655046 0.301611 1.687562
113040380 0.614959 0.093800 2.596022 2.669514 13.475411 8.672508 0.301579 1.684703
113040381 0.613699 0.093800 2.600861 2.673930 13.425299 8.690040 0.301548 1.681851
113040382 0.612439 0.093800 2.605700 2.678349 13.375353 8.707643 0.301519 1.679007
113040383 0.611180 0.093800 2.610538 2.682769 13.325573 8.725316 0.301492 1.676171
113040384 0.609920 0.093800 2.615377 2.687191 13.275958 8.743061 0.301467 1.673342
113040385 0.608660 0.093800 2.620216 2.691616 13.226508 8.760877 0.301444 1.670521
113040386 0.607400 0.093800 2.625054 2.696042 13.177221 8.778766 0.301423 1.667708
113040387 0.606140 0.093800 2.629893 2.700471 13.128097 8.796728 0.301403 1.664902
113040388 0.604880 0.093800 2.634732 2.704901 13.079135 8.814762 0.301386 1.662103
113040389 0.603620 0.093800 2.639570 2.709334 13.030335 8.832870 0.301371 1.659312
113040390 0.602361 0.093800 2.644409 2.713768 12.981695 8.851052 0.301357 1.656529
113040391 0.601101 0.093800 2.649248 2.718204 12.933215 8.869308 0.301346 1.653753
113040392 0.599841 0.093800 2.654086 2.722643 12.884895 8.887639 0.301337 1.650984
113040393 0.598581 0.093800 2.658925 2.727083 12.836733 8.906046 0.301329 1.648222
113040394 0.597321 0.093800 2.663764 2.731525 12.788729 8.924528 0.301324 1.645468
113040395 0.596061 0.093800 2.668603 2.735969 12.740882 8.943087 0.301320 1.642722
113040396 0.594801 0.093800 2.673441 2.740415 12.693192 8.961722 0.301319 1.639982
113040397 0.593542 0.093800 2.678280 2.744863 12.645657 8.980434 0.301319 1.637250
113040398 0.592282 0.093800 2.683119 2.749313 12.598278 8.999224 0.301322 1.634525
113040399 0.591022 0.093800 2.687957 2.753765 12.551053 9.018092 0.301326 1.631807
113040400 0.589762 0.093800 2.692796 2.758218 12.503982 9.037039 0.301332 1.629097
113040401 0.714487 0.120200 2.213767 2.329314 18.122369 9.549595 0.375653 1.926496
113040402 0.713227 0.120200 2.218606 2.333528 18.056424 9.566152 0.375497 1.922934
113040403 0.711967 0.120200 2.223444 2.337745 17.990718 9.582766 0.375342 1.919382
113040404 0.710708 0.120200 2.228283 2.341965 17.925251 9.599437 0.375189 1.915840
113040405 0.709448 0.120200 2.233122 2.346188 17.860020 9.616166 0.375038 1.912308
113040406 0.708188 0.120200 2.237960 2.350414 17.795025 9.632952 0.374888 1.908785
113040407 0.706928 0.120200 2.242799 2.354643 17.730266 9.649797 0.374740 1.905272
113040408 0.705668 0.120200 2.247638 2.358875 17.665739 9.666700 0.374594 1.901769
113040409 0.704408 0.120200 2.252476 2.363110 17.601446 9.683662 0.374450 1.898275
113040410 0.703148 0.120200 2.257315 2.367348 17.537384 9.700683 0.374308 1.894791
113040411 0.701889 0.120200 2.262154 2.371589 17.473553 9.717764 0.374167 1.891317
113040412 0.700629 0.120200 2.266992 2.375833 17.409951 9.734904 0.374028 1.887852
113040413 0.699369 0.120200 2.271831 2.380080 17.346577 9.752104 0.373891 1.884397
113040414 0.698109 0.120200 2.276670 2.384330 17.283431 9.769364 0.373756 1.880951
113040415 0.696849 0.120200 2.281508 2.388583 17.220510 9.786685 0.373623 1.877515
113040416 0.695589 0.120200 2.286347 2.392838 17.157816 9.804067 0.373491 1.874088
113040417 0.694330 0.120200 2.291186 2.397097 17.095345 9.821511 0.373361 1.870671
113040418 0.693070 0.120200 2.296024 2.401358 17.033097 9.839015 0.373233 1.867263
113040419 0.691810 0.120200 2.300863 2.405623 16.971072 9.856582 0.373107 1.863865
113040420 0.690550 0.120200 2.305702 2.409890 16.909268 9.874211 0.372983 1.860475
113040421 0.689290 0.120200 2.310541 2.414160 16.847683 9.891902 0.372861 1.857096
113040422 0.688030 0.120200 2.315379 2.418432 16.786318 9.909656 0.372740 1.853725
113040423 0.686770 0.120200 2.320218 2.422708 16.725171 9.927474 0.372622 1.850364
113040424 0.685511 0.120200 2.325057 2.426986 16.664241 9.945355 0.372505 1.847012
113040425 0.684251 0.120200 2.329895 2.431267 16.603527 9.963300 0.372390 1.843669
113040426 0.682991 0.120200 2.334734 2.435551 16.543027 9.981309 0.372277 1.840335
113040427 0.681731 0.120200 2.339573 2.439837 16.482742 9.999383 0.372166 1.837011
113040428 0.680471 0.120200 2.344411 2.444126 16.422671 10.017521 0.372057 1.833695
113040429 0.679211 0.120200 2.349250 2.448418 16.362811 10.035725 0.371950 1.830389
113040430 0.677951 0.120200 2.354089 2.452713 16.303162 10.053994 0.371844 1.827092
113040431 0.676692 0.120200 2.358927 2.457010 16.243723 10.072330 0.371741 1.823804
113040432 0.675432 0.120200 2.363766 2.461310 16.184494 10.090731 0.371639 1.820524
113040433 0.674172 0.120200 2.368605 2.465612 16.125473 10.109200 0.371539 1.817254
113040434 0.672912 0.120200 2.373443 2.469917 16.066659 10.127735 0.371442 1.813993
113040435 0.671652 0.120200 2.378282 2.474225 16.008051 10.146338 0.371346 1.810740
113040436 0.670392 0.120200 2.383121 2.478535 15.949649 10.165008 0.371252 1.807497
113040437 0.669133 0.120200 2.387959 2.482848 15.891452 10.183747 0.371160 1.804262
113040438 0.667873 0.120200 2.392798 2.487164 15.833457 10.202554 0.371070 1.801036
113040439 0.666613 0.120200 2.397637 2.491482 15.775666 10.221430 0.370982 1.797819
113040440 0.665353 0.120200 2.402475 2.495803 15.718076 10.240375 0.370896 1.794610
113040441 0.664093 0.120200 2.407314 2.500126 15.660687 10.259390 0.370812 1.791411
113040442 0.662833 0.120200 2.412153 2.504451 15.603497 10.278474 0.370729 1.788220
113040443 0.661573 0.120200 2.416991 2.508780 15.546507 10.297630 0.370649 1.785037
113040444 0.660314 0.120200 2.421830 2.513110 15.489714 10.316855 0.370571 1.781864
113040445 0.659054 0.120200 2.426669 2.517443 15.433119 10.336152 0.370495 1.778698
113040446 0.657794 0.120200 2.431507 2.521779 15.376720 10.355521 0.370420 1.775542
113040447 0.656534 0.120200 2.436346 2.526117 15.320516 10.374961 0.370348 1.772394
113040448 0.655274 0.120200 2.441185 2.530458 15.264507 10.394474 0.370278 1.769254
113040449 0.654014 0.120200 2.446023 2.534800 15.208691 10.414060 0.370209 1.766123
113040450 0.652755 0.120200 2.450862 2.539146 15.153068 10.433718 0.370143 1.763001
113040451 0.651495 0.120200 2.455701 2.543494 15.097637 10.453451 0.370079 1.759887
113040452 0.650235 0.120200 2.460539 2.547844 15.042396 10.473257 0.370016 1.756781
113040453 0.648975 0.120200 2.465378 2.552196 14.987346 10.493137 0.369956 1.753684
113040454 0.647715 0.120200 2.470217 2.556551 14.932485 10.513092 0.369898 1.750595
113040455 0.646455 0.120200 2.475055 2.560908 14.877813 10.533123 0.369841 1.747514
113040456 0.645195 0.120200 2.479894 2.565268 14.823328 10.553229 0.369787 1.744441
113040457 0.643936 0.120200 2.484733 2.569630 14.769029 10.573411 0.369735 1.741377
113040458 0.642676 0.120200 2.489572 2.573994 14.714916 10.593669 0.369685 1.738321
113040459 0.641416 0.120200 2.494410 2.578361 14.660989 10.614005 0.369637 1.735273
113040460 0.640156 0.120200 2.499249 2.582730 14.607245 10.634418 0.369591 1.732233
113040461 0.638896 0.120200 2.504088 2.587101 14.553685 10.654908 0.369547 1.729202
113040462 0.637636 0.120200 2.508926 2.591474 14.500308 10.675477 0.369505 1.726178
113040463 0.636376 0.120200 2.513765 2.595850 14.447112 10.696124 0.369465 1.723163
113040464 0.635117 0.120200 2.518604 2.600228 14.394097 10.716850 0.369427 1.720155
113040465 0.633857 0.120200 2.523442 2.604608 14.341262 10.737656 0.369391 1.717156
113040466 0.632597 0.120200 2.528281 2.608990 14.288606 10.758542 0.369358 1.714164
113040467 0.631337 0.120200 2.533120 2.613375 14.236129 10.779509 0.369326 1.711181
113040468 0.630077 0.120200 2.537958 2.617762 14.183830 10.800556 0.369297 1.708205
113040469 0.628817 0.120200 2.542797 2.622151 14.131707 10.821685 0.369269 1.705237
113040470 0.627558 0.120200 2.547636 2.626542 14.079760 10.842895 0.369244 1.702278
113040471 0.626298 0.120200 2.552474 2.630936 14.027989 10.864188 0.369221 1.699325
113040472 0.625038 0.120200 2.557313 2.635331 13.976392 10.885564 0.369200 1.696381
113040473 0.623778 0.120200 2.562152 2.639729 13.924969 10.907022 0.369181 1.693445
113040474 0.622518 0.120200 2.566990 2.644129 13.873719 10.928565 0.369164 1.690516
113040475 0.621258 0.120200 2.571829 2.648531 13.822642 10.950192 0.369149 1.687595
113040476 0.619998 0.120200 2.576668 2.652935 13.771735 10.971903 0.369137 1.684681
113040477 0.618739 0.120200 2.581506 2.657341 13.721000 10.993700 0.369127 1.681775
113040478 0.617479 0.120200 2.586345 2.661749 13.670434 11.015582 0.369118 1.678877
113040479 0.616219 0.120200 2.591184 2.666160 13.620037 11.037551 0.369112 1.675986
113040480 0.614959 0.120200 2.596022 2.670572 13.569809 11.059606 0.369108 1.673103
113040481 0.613699 0.120200 2.600861 2.674987 13.519749 11.081749 0.369107 1.670228
113040482 0.612439 0.120200 2.605700 2.679403 13.469855 11.103979 0.369107 1.667360
113040483 0.611180 0.120200 2.610538 2.683822 13.420128 11.126298 0.369110 1.664499
113040484 0.609920 0.120200 2.615377 2.688242 13.370566 11.148705 0.369114 1.661646
113040485 0.608660 0.120200 2.620216 2.692665 13.321169 11.171202 0.369121 1.658800
113040486 0.607400 0.120200 2.625054 2.697090 13.271936 11.193788 0.369131 1.655962
113040487 0.606140 0.120200 2.629893 2.701517 13.222866 11.216465 0.369142 1.653131
113040488 0.604880 0.120200 2.634732 2.705945 13.173959 11.239232 0.369156 1.650307
113040489 0.603620 0.120200 2.639570 2.710376 13.125214 11.262091 0.369171 1.647490
113040490 0.602361 0.120200 2.644409 2.714809 13.076630 11.285042 0.369189 1.644681
113040491 0.601101 0.120200 2.649248 2.719243 13.028206 11.308086 0.369210 1.641879
113040492 0.599841 0.120200 2.654086 2.723680 12.979942 11.331223 0.369232 1.639084
113040493 0.598581 0.120200 2.658925 2.728118 12.931838 11.354453 0.369257 1.636297
113040494 0.597321 0.120200 2.663764 2.732559 12.883891 11.377777 0.369284 1.633516
113040495 0.596061 0.120200 2.668603 2.737001 12.836102 11.401196 0.369313 1.630743
113040496 0.594801 0.120200 2.673441 2.741446 12.788471 11.424711 0.369344 1.627976
113040497 0.593542 0.120200 2.678280 2.745892 12.740995 11.448321 0.369378 1.625217
113040498 0.592282 0.120200 2.683119 2.750340 12.693675 11.472028 0.369414 1.622465
113040499 0.591022 0.120200 2.687957 2.754790 12.646510 11.495832 0.369452 1.619719
113040500 0.589762 0.120200 2.692796 2.759242 12.599500 11.519734 0.369493 1.616981
113040501 0.714487 0.146600 2.213767 2.330826 18.235550 11.595141 0.440098 1.913669
113040502 0.713227 0.146600 2.218606 2.335037 18.169636 11.615067 0.439953 1.910093
113040503 0.711967 0.146600 2.223444 2.339251 18.103962 11.635060 0.439810 1.906528
113040504 0.710708 0.146600 2.228283 2.343468 18.038526 11.655122 0.439668 1.902972
113040505 0.709448 0.146600 2.233122 2.347688 17.973327 11.675251 0.439528 1.899426
113040506 0.708188 0.146600 2.237960 2.351912 17.908365 11.695450 0.439390 1.895890
113040507 0.706928 0.146600 2.242799 2.356138 17.843637 11.715717 0.439254 1.892363
113040508 0.705668 0.146600 2.247638 2.360367 17.779143 11.736054 0.439120 1.888845
113040509 0.704408 0.146600 2.252476 2.364600 17.714883 11.756460 0.438988 1.885337
113040510 0.703148 0.146600 2.257315 2.368835 17.650854 11.776937 0.438858 1.881839
113040511 0.701889 0.146600 2.262154 2.373074 17.587056 11.797484 0.438729 1.878350
113040512 0.700629 0.146600 2.266992 2.377315 17.523488 11.818101 0.438603 1.874870
113040513 0.699369 0.146600 2.271831 2.381559 17.460148 11.838790 0.438478 1.871400
113040514 0.698109 0.146600 2.276670 2.385807 17.397036 11.859551 0.438355 1.867939
113040515 0.696849 0.146600 2.281508 2.390057 17.334150 11.880383 0.438234 1.864488
113040516 0.695589 0.146600 2.286347 2.394310 17.271490 11.901288 0.438115 1.861046
113040517 0.694330 0.146600 2.291186 2.398566 17.209054 11.922265 0.437999 1.857613
113040518 0.693070 0.146600 2.296024 2.402824 17.146842 11.943315 0.437883 1.854189
113040519 0.691810 0.146600 2.300863 2.407086 17.084852 11.964439 0.437770 1.850775
113040520 0.690550 0.146600 2.305702 2.411351 17.023084 11.985636 0.437659 1.847369
113040521 0.689290 0.146600 2.310541 2.415618 16.961535 12.006908 0.437550 1.843973
113040522 0.688030 0.146600 2.315379 2.419888 16.900207 12.028254 0.437443 1.840586
113040523 0.686770 0.146600 2.320218 2.424161 16.839096 12.049675 0.437338 1.837208
113040524 0.685511 0.146600 2.325057 2.428437 16.778203 12.071171 0.437234 1.833839
113040525 0.684251 0.146600 2.329895 2.432715 16.717526 12.092743 0.437133 1.830480
113040526 0.682991 0.146600 2.334734 2.436996 16.657065 12.114391 0.437034 1.827129
113040527 0.681731 0.146600 2.339573 2.441280 16.596818 12.136116 0.436937 1.823787
113040528 0.680471 0.146600 2.344411 2.445567 16.536784 12.157917 0.436841 1.820454
113040529 0.679211 0.146600 2.349250 2.449856 16.476963 12.179796 0.436748 1.817130
113040530 0.677951 0.146600 2.354089 2.454148 16.417354 12.201752 0.436657 1.813815
113040531 0.676692 0.146600 2.358927 2.458443 16.357954 12.223786 0.436568 1.810509
113040532 0.675432 0.146600 2.363766 2.462740 16.298765 12.245899 0.436481 1.807211
113040533 0.674172 0.146600 2.368605 2.467040 16.239783 12.268091 0.436396 1.803922
113040534 0.672912 0.146600 2.373443 2.471343 16.181010 12.290362 0.436313 1.800642
113040535 0.671652 0.146600 2.378282 2.475648 16.122443 12.312713 0.436232 1.797371
113040536 0.670392 0.146600 2.383121 2.479956 16.064082 12.335145 0.436153 1.794109
113040537 0.669133 0.146600 2.387959 2.484266 16.005926 12.357656 0.436076 1.790855
113040538 0.667873 0.146600 2.392798 2.488579 15.947973 12.380249 0.436001 1.787609
113040539 0.666613 0.146600 2.397637 2.492895 15.890224 12.402923 0.435928 1.784373
113040540 0.665353 0.146600 2.402475 2.497213 15.832676 12.425680 0.435858 1.781145
113040541 0.664093 0.146600 2.407314 2.501534 15.775330 12.448518 0.435789 1.777925
113040542 0.662833 0.146600 2.412153 2.505857 15.718184 12.471439 0.435723 1.774714
113040543 0.661573 0.146600 2.416991 2.510183 15.661237 12.494444 0.435659 1.771512
113040544 0.660314 0.146600 2.421830 2.514511 15.604489 12.517532 0.435596 1.768318
113040545 0.659054 0.146600 2.426669 2.518842 15.547938 12.540704 0.435536 1.765132
113040546 0.657794 0.146600 2.431507 2.523175 15.491583 12.563961 0.435478 1.761955
113040547 0.656534 0.146600 2.436346 2.527511 15.435425 12.587303 0.435423 1.758786
113040548 0.655274 0.146600 2.441185 2.531849 15.379461 12.610731 0.435369 1.755625
113040549 0.654014 0.146600 2.446023 2.536189 15.323691 12.634244 0.435318 1.752473
113040550 0.652755 0.146600 2.450862 2.540532 15.268114 12.657844 0.435268 1.749329
113040551 0.651495 0.146600 2.455701 2.544878 15.212730 12.681530 0.435221 1.746193
113040552 0.650235 0.146600 2.460539 2.549226 15.157537 12.705304 0.435176 1.743065
113040553 0.648975 0.146600 2.465378 2.553576 15.102534 12.729166 0.435133 1.739946
113040554 0.647715 0.146600 2.470217 2.557928 15.047721 12.753116 0.435093 1.736834
113040555 0.646455 0.146600 2.475055 2.562283 14.993097 12.777155 0.435054 1.733731
113040556 0.645195 0.146600 2.479894 2.566641 14.938660 12.801283 0.435018 1.730636
113040557 0.643936 0.146600 2.484733 2.571000 14.884411 12.825501 0.434984 1.727549
113040558 0.642676 0.146600 2.489572 2.575362 14.830348 12.849809 0.434952 1.724470
113040559 0.641416 0.146600 2.494410 2.579726 14.776471 12.874208 0.434922 1.721398
113040560 0.640156 0.146600 2.499249 2.584093 14.722778 12.898698 0.434895 1.718335
113040561 0.638896 0.146600 2.504088 2.588462 14.669269 12.923280 0.434870 1.715280
113040562 0.637636 0.146600 2.508926 2.592833 14.615943 12.947955 0.434847 1.712233
113040563 0.636376 0.146600 2.513765 2.597206 14.562798 12.972722 0.434826 1.709193
113040564 0.635117 0.146600 2.518604 2.601582 14.509836 12.997582 0.434808 1.706161
113040565 0.633857 0.146600 2.523442 2.605960 14.457054 13.022536 0.434791 1.703137
113040566 0.632597 0.146600 2.528281 2.610340 14.404451 13.047585 0.434778 1.700121
113040567 0.631337 0.146600 2.533120 2.614722 14.352028 13.072728 0.434766 1.697113
113040568 0.630077 0.146600 2.537958 2.619107 14.299782 13.097967 0.434756 1.694112
113040569 0.628817 0.146600 2.542797 2.623494 14.247714 13.123302 0.434749 1.691119
113040570 0.627558 0.146600 2.547636 2.627883 14.195823 13.148733 0.434744 1.688134
113040571 0.626298 0.146600 2.552474 2.632274 14.144107 13.174261 0.434742 1.685156
113040572 0.625038 0.146600 2.557313 2.636667 14.092566 13.199887 0.434742 1.682186
113040573 0.623778 0.146600 2.562152 2.641063 14.041200 13.225610 0.434744 1.679223
113040574 0.622518 0.146600 2.566990 2.645460 13.990007 13.251433 0.434748 1.676268
113040575 0.621258 0.146600 2.571829 2.649860 13.938986 13.277355 0.434755 1.673320
113040576 0.619998 0.146600 2.576668 2.654262 13.888138 13.303376 0.434764 1.670380
113040577 0.618739 0.146600 2.581506 2.658666 13.837461 13.329498 0.434775 1.667447
113040578 0.617479 0.146600 2.586345 2.663072 13.786954 13.355721 0.434789 1.664522
113040579 0.616219 0.146600 2.591184 2.667480 13.736617 13.382045 0.434805 1.661604
113040580 0.614959 0.146600 2.596022 2.671890 13.686449 13.408471 0.434823 1.658693
113040581 0.613699 0.146600 2.600861 2.676303 13.636449 13.435000 0.434844 1.655790
113040582 0.612439 0.146600 2.605700 2.680717 13.586616 13.461632 0.434867 1.652894
113040583 0.611180 0.146600 2.610538 2.685134 13.536950 13.488368 0.434893 1.650005
113040584 0.609920 0.146600 2.615377 2.689552 13.487451 13.515209 0.434920 1.647123
113040585 0.608660 0.146600 2.620216 2.693973 13.438116 13.542154 0.434951 1.644249
113040586 0.607400 0.146600 2.625054 2.698395 13.388946 13.569205 0.434983 1.641382
113040587 0.606140 0.146600 2.629893 2.702820 13.339940 13.596363 0.435018 1.638521
113040588 0.604880 0.146600 2.634732 2.707246 13.291097 13.623627 0.435056 1.635668
113040589 0.603620 0.146600 2.639570 2.711675 13.242416 13.650999 0.435096 1.632822
113040590 0.602361 0.146600 2.644409 2.716106 13.193897 13.678479 0.435138 1.629983
113040591 0.601101 0.146600 2.649248 2.720538 13.145539 13.706067 0.435183 1.627151
113040592 0.599841 0.146600 2.654086 2.724973 13.097342 13.733765 0.435230 1.624326
113040593 0.598581 0.146600 2.658925 2.729409 13.049304 13.761573 0.435280 1.621508
113040594 0.597321 0.146600 2.663764 2.733847 13.001425 13.789492 0.435332 1.618696
113040595 0.596061 0.146600 2.668603 2.738288 12.953704 13.817522 0.435386 1.615892
113040596 0.594801 0.146600 2.673441 2.742730 12.906140 13.845663 0.435443 1.613095
113040597 0.593542 0.146600 2.678280 2.747174 12.858734 13.873918 0.435503 1.610304
113040598 0.592282 0.146600 2.683119 2.751620 12.811484 13.902286 0.435565 1.607520
113040599 0.591022 0.146600 2.687957 2.756068 12.764389 13.930767 0.435629 1.604743
113040600 0.589762 0.146600 2.692796 2.760518 12.717449 13.959364 0.435696 1.601972
113040601 0.714487 0.173000 2.213767 2.332635 18.369956 13.611165 0.502860 1.898398
113040602 0.713227 0.173000 2.218606 2.336843 18.304076 13.634311 0.502723 1.894808
113040603 0.711967 0.173000 2.223444 2.341053 18.238437 13.657534 0.502587 1.891229
113040604 0.710708 0.173000 2.228283 2.345267 18.173036 13.680835 0.502453 1.887658
113040605 0.709448 0.173000 2.233122 2.349485 18.107872 13.704215 0.502320 1.884097
113040606 0.708188 0.173000 2.237960 2.353705 18.042945 13.727673 0.502190 1.880546
113040607 0.706928 0.173000 2.242799 2.357928 17.978253 13.751210 0.502062 1.877004
113040608 0.705668 0.173000 2.247638 2.362154 17.913796 13.774826 0.501935 1.873471
113040609 0.704408 0.173000 2.252476 2.366383 17.849571 13.798521 0.501811 1.869947
113040610 0.703148 0.173000 2.257315 2.370616 17.785579 13.822297 0.501688 1.866433
113040611 0.701889 0.173000 2.262154 2.374851 17.721818 13.846153 0.501568 1.862928
113040612 0.700629 0.173000 2.266992 2.379089 17.658287 13.870091 0.501449 1.859433
113040613 0.699369 0.173000 2.271831 2.383330 17.594984 13.894109 0.501332 1.855946
113040614 0.698109 0.173000 2.276670 2.387574 17.531910 13.918209 0.501218 1.852469
113040615 0.696849 0.173000 2.281508 2.391821 17.469062 13.942391 0.501105 1.849001
113040616 0.695589 0.173000 2.286347 2.396071 17.406440 13.966656 0.500994 1.845542
113040617 0.694330 0.173000 2.291186 2.400324 17.344043 13.991004 0.500885 1.842092
113040618 0.693070 0.173000 2.296024 2.404580 17.281870 14.015435 0.500779 1.838651
113040619 0.691810 0.173000 2.300863 2.408838 17.219919 14.039949 0.500674 1.835219
113040620 0.690550 0.173000 2.305702 2.413100 17.158190 14.064548 0.500571 1.831796
113040621 0.689290 0.173000 2.310541 2.417364 17.096682 14.089232 0.500471 1.828382
113040622 0.688030 0.173000 2.315379 2.421631 17.035394 14.114000 0.500372 1.824977
113040623 0.686770 0.173000 2.320218 2.425901 16.974324 14.138854 0.500275 1.821581
113040624 0.685511 0.173000 2.325057 2.430173 16.913472 14.163794 0.500181 1.818194
113040625 0.684251 0.173000 2.329895 2.434449 16.852836 14.188820 0.500088 1.814815
113040626 0.682991 0.173000 2.334734 2.438727 16.792416 14.213933 0.499998 1.811446
113040627 0.681731 0.173000 2.339573 2.443008 16.732211 14.239134 0.499910 1.808085
113040628 0.680471 0.173000 2.344411 2.447291 16.672220 14.264421 0.499824 1.804733
113040629 0.679211 0.173000 2.349250 2.451577 16.612441 14.289797 0.499740 1.801389
113040630 0.677951 0.173000 2.354089 2.455867 16.552875 14.315262 0.499658 1.798055
113040631 0.676692 0.173000 2.358927 2.460158 16.493519 14.340815 0.499578 1.794729
113040632 0.675432 0.173000 2.363766 2.464453 16.434373 14.366458 0.499500 1.791411
113040633 0.674172 0.173000 2.368605 2.468750 16.375436 14.392191 0.499425 1.788102
113040634 0.672912 0.173000 2.373443 2.473049 16.316707 14.418015 0.499351 1.784802
113040635 0.671652 0.173000 2.378282 2.477352 16.258185 14.443929 0.499280 1.781510
113040636 0.670392 0.173000 2.383121 2.481657 16.199869 14.469934 0.499211 1.778227
113040637 0.669133 0.173000 2.387959 2.485964 16.141759 14.496032 0.499144 1.774952
113040638 0.667873 0.173000 2.392798 2.490274 16.083852 14.522221 0.499079 1.771686
113040639 0.666613 0.173000 2.397637 2.494587 16.026149 14.548503 0.499016 1.768428
113040640 0.665353 0.173000 2.402475 2.498902 15.968649 14.574879 0.498956 1.765178
113040641 0.664093 0.173000 2.407314 2.503220 15.911350 14.601348 0.498898 1.761937
113040642 0.662833 0.173000 2.412153 2.507540 15.854252 14.627912 0.498842 1.758704
113040643 0.661573 0.173000 2.416991 2.511863 15.797353 14.654570 0.498788 1.755479
113040644 0.660314 0.173000 2.421830 2.516188 15.740653 14.681324 0.498736 1.752263
113040645 0.659054 0.173000 2.426669 2.520516 15.684151 14.708173 0.498687 1.749055
113040646 0.657794 0.173000 2.431507 2.524847 15.627846 14.735118 0.498640 1.745855
113040647 0.656534 0.173000 2.436346 2.529179 15.571738 14.762160 0.498595 1.742663
113040648 0.655274 0.173000 2.441185 2.533515 15.515824 14.789299 0.498552 1.739479
113040649 0.654014 0.173000 2.446023 2.537852 15.460105 14.816536 0.498512 1.736303
113040650 0.652755 0.173000 2.450862 2.542192 15.404579 14.843872 0.498474 1.733136
113040651 0.651495 0.173000 2.455701 2.546535 15.349247 14.871306 0.498438 1.729976
113040652 0.650235 0.173000 2.460539 2.550880 15.294106 14.898839 0.498405 1.726824
113040653 0.648975 0.173000 2.465378 2.555227 15.239155 14.926472 0.498373 1.723681
113040654 0.647715 0.173000 2.470217 2.559577 15.184395 14.954206 0.498344 1.720545
113040655 0.646455 0.173000 2.475055 2.563929 15.129825 14.982040 0.498318 1.717417
113040656 0.645195 0.173000 2.479894 2.568284 15.075442 15.009976 0.498293 1.714297
113040657 0.643936 0.173000 2.484733 2.572641 15.021248 15.038013 0.498271 1.711185
113040658 0.642676 0.173000 2.489572 2.577000 14.967240 15.066154 0.498252 1.708080
113040659 0.641416 0.173000 2.494410 2.581361 14.913417 15.094397 0.498234 1.704984
113040660 0.640156 0.173000 2.499249 2.585725 14.859780 15.122744 0.498219 1.701895
113040661 0.638896 0.173000 2.504088 2.590091 14.806328 15.151195 0.498207 1.698814
113040662 0.637636 0.173000 2.508926 2.594459 14.753058 15.179751 0.498196 1.695740
113040663 0.636376 0.173000 2.513765 2.598830 14.699972 15.208412 0.498188 1.692674
113040664 0.635117 0.173000 2.518604 2.603203 14.647067 15.237179 0.498183 1.689616
113040665 0.633857 0.173000 2.523442 2.607578 14.594343 15.266053 0.498180 1.686565
113040666 0.632597 0.173000 2.528281 2.611956 14.541799 15.295033 0.498179 1.683522
113040667 0.631337 0.173000 2.533120 2.616335 14.489435 15.324121 0.498181 1.680486
113040668 0.630077 0.173000 2.537958 2.620717 14.437250 15.353318 0.498185 1.677458
113040669 0.628817 0.173000 2.542797 2.625101 14.385242 15.382623 0.498191 1.674437
113040670 0.627558 0.173000 2.547636 2.629488 14.333412 15.412037 0.498200 1.671424
113040671 0.626298 0.173000 2.552474 2.633876 14.281757 15.441561 0.498211 1.668418
113040672 0.625038 0.173000 2.557313 2.638267 14.230279 15.471196 0.498225 1.665420
113040673 0.623778 0.173000 2.562152 2.642659 14.178975 15.500942 0.498241 1.662428
113040674 0.622518 0.173000 2.566990 2.647054 14.127845 15.530800 0.498260 1.659444
113040675 0.621258 0.173000 2.571829 2.651452 14.076888 15.560771 0.498281 1.656468
113040676 0.619998 0.173000 2.576668 2.655851 14.026104 15.590854 0.498304 1.653498
113040677 0.618739 0.173000 2.581506 2.660252 13.975491 15.621051 0.498330 1.650536
113040678 0.617479 0.173000 2.586345 2.664656 13.925050 15.651362 0.498359 1.647581
113040679 0.616219 0.173000 2.591184 2.669061 13.874778 15.681788 0.498389 1.644633
113040680 0.614959 0.173000 2.596022 2.673469 13.824677 15.712330 0.498423 1.641692
113040681 0.613699 0.173000 2.600861 2.677879 13.774744 15.742988 0.498459 1.638758
113040682 0.612439 0.173000 2.605700 2.682290 13.724978 15.773762 0.498497 1.635831
113040683 0.611180 0.173000 2.610538 2.686704 13.675381 15.804655 0.498538 1.632911
113040684 0.609920 0.173000 2.615377 2.691120 13.625950 15.835665 0.498582 1.629999
113040685 0.608660 0.173000 2.620216 2.695538 13.576684 15.866794 0.498628 1.627093
113040686 0.607400 0.173000 2.625054 2.699958 13.527584 15.898043 0.498676 1.624194
113040687 0.606140 0.173000 2.629893 2.704380 13.478648 15.929411 0.498727 1.621302
113040688 0.604880 0.173000 2.634732 2.708804 13.429876 15.960901 0.498781 1.618416
113040689 0.603620 0.173000 2.639570 2.713230 13.381267 15.992512 0.498837 1.615538
113040690 0.602361 0.173000 2.644409 2.717658 13.332820 16.024245 0.498896 1.612666
113040691 0.601101 0.173000 2.649248 2.722088 13.284535 16.056101 0.498958 1.609801
113040692 0.599841 0.173000 2.654086 2.726520 13.236411 16.088081 0.499022 1.606943
113040693 0.598581 0.173000 2.658925 2.730954 13.188447 16.120184 0.499088 1.604091
113040694 0.597321 0.173000 2.663764 2.735390 13.140642 16.152413 0.499157 1.601246
113040695 0.596061 0.173000 2.668603 2.739828 13.092997 16.184768 0.499229 1.598408
113040696 0.594801 0.173000 2.673441 2.744268 13.045509 16.217249 0.499303 1.595577
113040697 0.593542 0.173000 2.678280 2.748709 12.998179 16.249857 0.499380 1.592751
113040698 0.592282 0.173000 2.683119 2.753153 12.951006 16.282592 0.499460 1.589933
113040699 0.591022 0.173000 2.687957 2.757599 12.903989 16.315457 0.499542 1.587121
113040700 0.589762 0.173000 2.692796 2.762046 12.857128 16.348451 0.499627 1.584315
113040701 0.714487 0.199400 2.213767 2.334741 18.524989 15.593425 0.563713 1.880852
113040702 0.713227 0.199400 2.218606 2.338945 18.459146 15.619626 0.563579 1.877248
113040703 0.711967 0.199400 2.223444 2.343152 18.393543 15.645912 0.563446 1.873654
113040704 0.710708 0.199400 2.228283 2.347363 18.328179 15.672286 0.563315 1.870068
113040705 0.709448 0.199400 2.233122 2.351576 18.263052 15.698746 0.563186 1.866492
113040706 0.708188 0.199400 2.237960 2.355792 18.198163 15.725293 0.563059 1.862925
113040707 0.706928 0.199400 2.242799 2.360012 18.133508 15.751928 0.562934 1.859367
113040708 0.705668 0.199400 2.247638 2.364234 18.069089 15.778651 0.562811 1.855819
113040709 0.704408 0.199400 2.252476 2.368460 18.004903 15.805463 0.562689 1.852279
113040710 0.703148 0.199400 2.257315 2.372688 17.940949 15.832363 0.562570 1.848749
113040711 0.701889 0.199400 2.262154 2.376920 17.877226 15.859353 0.562453 1.845227
113040712 0.700629 0.199400 2.266992 2.381154 17.813734 15.886433 0.562337 1.841715
113040713 0.699369 0.199400 2.271831 2.385392 17.750471 15.913603 0.562224 1.838212
113040714 0.698109 0.199400 2.276670 2.389632 17.687436 15.940863 0.562113 1.834717
113040715 0.696849 0.199400 2.281508 2.393876 17.624629 15.968215 0.562003 1.831232
113040716 0.695589 0.199400 2.286347 2.398122 17.562047 15.995658 0.561896 1.827756
113040717 0.694330 0.199400 2.291186 2.402371 17.499691 16.023194 0.561791 1.824288
113040718 0.693070 0.199400 2.296024 2.406623 17.437559 16.050821 0.561687 1.820829
113040719 0.691810 0.199400 2.300863 2.410878 17.375649 16.078542 0.561586 1.817379
113040720 0.690550 0.199400 2.305702 2.415136 17.313962 16.106356 0.561487 1.813938
113040721 0.689290 0.199400 2.310541 2.419396 17.252496 16.134264 0.561390 1.810506
113040722 0.688030 0.199400 2.315379 2.423660 17.191250 16.162266 0.561295 1.807082
113040723 0.686770 0.199400 2.320218 2.427926 17.130223 16.190363 0.561202 1.803667
113040724 0.685511 0.199400 2.325057 2.432195 17.069414 16.218555 0.561111 1.800260
113040725 0.684251 0.199400 2.329895 2.436467 17.008822 16.246843 0.561022 1.796863
113040726 0.682991 0.199400 2.334734 2.440742 16.948446 16.275227 0.560936 1.793474
113040727 0.681731 0.199400 2.339573 2.445019 16.888285 16.303708 0.560851 1.790093
113040728 0.680471 0.199400 2.344411 2.449299 16.828338 16.332286 0.560769 1.786721
113040729 0.679211 0.199400 2.349250 2.453582 16.768605 16.360961 0.560689 1.783358
113040730 0.677951 0.199400 2.354089 2.457867 16.709083 16.389735 0.560611 1.780002
113040731 0.676692 0.199400 2.358927 2.462156 16.649773 16.418607 0.560535 1.776656
113040732 0.675432 0.199400 2.363766 2.466446 16.590674 16.447578 0.560461 1.773318
113040733 0.674172 0.199400 2.368605 2.470740 16.531783 16.476649 0.560390 1.769988
113040734 0.672912 0.199400 2.373443 2.475036 16.473101 16.505820 0.560320 1.766666
113040735 0.671652 0.199400 2.378282 2.479335 16.414627 16.535092 0.560253 1.763353
113040736 0.670392 0.199400 2.383121 2.483637 16.356359 16.564464 0.560188 1.760048
113040737 0.669133 0.199400 2.387959 2.487941 16.298296 16.593939 0.560126 1.756752
113040738 0.667873 0.199400 2.392798 2.492247 16.240439 16.623515 0.560065 1.753463
113040739 0.666613 0.199400 2.397637 2.496557 16.182785 16.653194 0.560007 1.750183
113040740 0.665353 0.199400 2.402475 2.500868 16.125334 16.682976 0.559951 1.746911
113040741 0.664093 0.199400 2.407314 2.505183 16.068085 16.712862 0.559898 1.743647
113040742 0.662833 0.199400 2.412153 2.509500 16.011037 16.742852 0.559846 1.740391
113040743 0.661573 0.199400 2.416991 2.513819 15.954189 16.772946 0.559797 1.737143
113040744 0.660314 0.199400 2.421830 2.518141 15.897540 16.803146 0.559750 1.733904
113040745 0.659054 0.199400 2.426669 2.522466 15.841090 16.833452 0.559705 1.730672
113040746 0.657794 0.199400 2.431507 2.526793 15.784838 16.863864 0.559663 1.727448
113040747 0.656534 0.199400 2.436346 2.531122 15.728781 16.894383 0.559623 1.724232
113040748 0.655274 0.199400 2.441185 2.535454 15.672921 16.925010 0.559586 1.721024
113040749 0.654014 0.199400 2.446023 2.539789 15.617256 16.955744 0.559550 1.717824
113040750 0.652755 0.199400 2.450862 2.544125 15.561784 16.986587 0.559517 1.714632
113040751 0.651495 0.199400 2.455701 2.548465 15.506506 17.017539 0.559487 1.711447
113040752 0.650235 0.199400 2.460539 2.552806 15.451420 17.048600 0.559458 1.708270
113040753 0.648975 0.199400 2.465378 2.557150 15.396526 17.079772 0.559432 1.705101
113040754 0.647715 0.199400 2.470217 2.561497 15.341822 17.111055 0.559409 1.701940
113040755 0.646455 0.199400 2.475055 2.565846 15.287307 17.142449 0.559388 1.698786
113040756 0.645195 0.199400 2.479894 2.570197 15.232982 17.173955 0.559369 1.695640
113040757 0.643936 0.199400 2.484733 2.574551 15.178845 17.205573 0.559352 1.692502
113040758 0.642676 0.199400 2.489572 2.578907 15.124895 17.237305 0.559338 1.689371
113040759 0.641416 0.199400 2.494410 2.583265 15.071131 17.269150 0.559327 1.686248
113040760 0.640156 0.199400 2.499249 2.587625 15.017553 17.301109 0.559318 1.683132
113040761 0.638896 0.199400 2.504088 2.591988 14.964160 17.333184 0.559311 1.680024
113040762 0.637636 0.199400 2.508926 2.596353 14.910951 17.365374 0.559306 1.676923
113040763 0.636376 0.199400 2.513765 2.600721 14.857925 17.397680 0.559305 1.673829
113040764 0.635117 0.199400 2.518604 2.605091 14.805082 17.430102 0.559305 1.670743
113040765 0.633857 0.199400 2.523442 2.609463 14.752420 17.462642 0.559308 1.667664
113040766 0.632597 0.199400 2.528281 2.613837 14.699938 17.495300 0.559314 1.664593
113040767 0.631337 0.199400 2.533120 2.618213 14.647637 17.528076 0.559322 1.661529
113040768 0.630077 0.199400 2.537958 2.622592 14.595515 17.560972 0.559332 1.658472
113040769 0.628817 0.199400 2.542797 2.626973 14.543571 17.593987 0.559345 1.655422
113040770 0.627558 0.199400 2.547636 2.631356 14.491805 17.627123 0.559360 1.652380
113040771 0.626298 0.199400 2.552474 2.635742 14.440216 17.660380 0.559378 1.649344
113040772 0.625038 0.199400 2.557313 2.640129 14.388803 17.693758 0.559399 1.646316
113040773 0.623778 0.199400 2.562152 2.644519 14.337565 17.727259 0.559422 1.643295
113040774 0.622518 0.199400 2.566990 2.648911 14.286502 17.760883 0.559447 1.640281
113040775 0.621258 0.199400 2.571829 2.653305 14.235613 17.794630 0.559475 1.637274
113040776 0.619998 0.199400 2.576668 2.657701 14.184896 17.828502 0.559506 1.634273
113040777 0.618739 0.199400 2.581506 2.662099 14.134352 17.862499 0.559539 1.631280
113040778 0.617479 0.199400 2.586345 2.666500 14.083980 17.896622 0.559575 1.628294
113040779 0.616219 0.199400 2.591184 2.670902 14.033778 17.930870 0.559613 1.625315
113040780 0.614959 0.199400 2.596022 2.675307 13.983747 17.965246 0.559654 1.622342
113040781 0.613699 0.199400 2.600861 2.679714 13.933885 17.999750 0.559697 1.619376
113040782 0.612439 0.199400 2.605700 2.684122 13.884191 18.034382 0.559743 1.616418
113040783 0.611180 0.199400 2.610538 2.688533 13.834666 18.069143 0.559792 1.613465
113040784 0.609920 0.199400 2.615377 2.692946 13.785307 18.104033 0.559843 1.610520
113040785 0.608660 0.199400 2.620216 2.697361 13.736115 18.139054 0.559897 1.607581
113040786 0.607400 0.199400 2.625054 2.701778 13.687089 18.174207 0.559953 1.604649
113040787 0.606140 0.199400 2.629893 2.706197 13.638228 18.209491 0.560013 1.601724
113040788 0.604880 0.199400 2.634732 2.710618 13.589531 18.244908 0.560074 1.598805
113040789 0.603620 0.199400 2.639570 2.715041 13.540998 18.280458 0.560139 1.595892
113040790 0.602361 0.199400 2.644409 2.719467 13.492628 18.316142 0.560206 1.592987
113040791 0.601101 0.199400 2.649248 2.723894 13.444420 18.351961 0.560276 1.590087
113040792 0.599841 0.199400 2.654086 2.728323 13.396373 18.387916 0.560348 1.587194
113040793 0.598581 0.199400 2.658925 2.732754 13.348488 18.424006 0.560423 1.584308
113040794 0.597321 0.199400 2.663764 2.737187 13.300762 18.460234 0.560501 1.581428
113040795 0.596061 0.199400 2.668603 2.741622 13.253196 18.496600 0.560581 1.578554
113040796 0.594801 0.199400 2.673441 2.746058 13.205789 18.533104 0.560665 1.575687
113040797 0.593542 0.199400 2.678280 2.750497 13.158541 18.569747 0.560751 1.572826
113040798 0.592282 0.199400 2.683119 2.754938 13.111449 18.606530 0.560839 1.569971
113040799 0.591022 0.199400 2.687957 2.759381 13.064515 18.643455 0.560931 1.567123
113040800 0.589762 0.199400 2.692796 2.763825 13.017736 18.680520 0.561025 1.564280
