# pixelID   x   y   z   l2  two_theta   azimuthal   polar_width azimuthal_width
110020001 0.995148 -0.554040 -0.273441 1.171345 103.499768 -29.106471 1.430646 3.879009
110020002 0.996325 -0.554040 -0.268581 1.171221 103.256864 -29.077713 1.417633 3.879422
110020003 0.997501 -0.554040 -0.263721 1.171118 103.013910 -29.049007 1.404573 3.879763
110020004 0.998677 -0.554040 -0.258862 1.171036 102.770914 -29.020352 1.391466 3.880033
110020005 0.999853 -0.554040 -0.254002 1.170976 102.527885 -28.991749 1.378314 3.880231
110020006 1.001030 -0.554040 -0.249142 1.170936 102.284833 -28.963198 1.365118 3.880358
110020007 1.002206 -0.554040 -0.244283 1.170919 102.041766 -28.934698 1.351880 3.880413
110020008 1.003382 -0.554040 -0.239423 1.170922 101.798693 -28.906249 1.338601 3.880397
110020009 1.004559 -0.554040 -0.234563 1.170947 101.555624 -28.877851 1.325283 3.880308
110020010 1.005735 -0.554040 -0.229704 1.170994 101.312566 -28.849504 1.311927 3.880149
110020011 1.006911 -0.554040 -0.224844 1.171061 101.069529 -28.821208 1.298534 3.879917
110020012 1.008088 -0.554040 -0.219984 1.171151 100.826523 -28.792963 1.285107 3.879614
110020013 1.009264 -0.554040 -0.215125 1.171261 100.583555 -28.764768 1.271646 3.879240
110020014 1.010440 -0.554040 -0.210265 1.171393 100.340635 -28.736624 1.258153 3.878794
110020015 1.011616 -0.554040 -0.205405 1.171546 100.097771 -28.708530 1.244630 3.878276
110020016 1.012793 -0.554040 -0.200546 1.171720 99.854973 -28.680486 1.231077 3.877688
110020017 1.013969 -0.554040 -0.195686 1.171916 99.612249 -28.652493 1.217497 3.877028
110020018 1.015145 -0.554040 -0.190826 1.172133 99.369608 -28.624549 1.203891 3.876297
110020019 1.016322 -0.554040 -0.185967 1.172371 99.127060 -28.596655 1.190260 3.875496
110020020 1.017498 -0.554040 -0.181107 1.172630 98.884612 -28.568811 1.176606 3.874623
110020021 1.018674 -0.554040 -0.176247 1.172911 98.642274 -28.541016 1.162931 3.873680
110020022 1.019851 -0.554040 -0.171388 1.173213 98.400054 -28.513271 1.149236 3.872666
110020023 1.021027 -0.554040 -0.166528 1.173536 98.157962 -28.485576 1.135522 3.871582
110020024 1.022203 -0.554040 -0.161668 1.173881 97.916005 -28.457929 1.121791 3.870428
110020025 1.023380 -0.554040 -0.156809 1.174246 97.674193 -28.430332 1.108044 3.869204
110020026 1.024556 -0.554040 -0.151949 1.174633 97.432533 -28.402784 1.094284 3.867910
110020027 1.025732 -0.554040 -0.147089 1.175041 97.191036 -28.375285 1.080511 3.866547
110020028 1.026908 -0.554040 -0.142230 1.175470 96.949709 -28.347834 1.066727 3.865114
110020029 1.028085 -0.554040 -0.137370 1.175920 96.708561 -28.320432 1.052933 3.863613
110020030 1.029261 -0.554040 -0.132510 1.176392 96.467600 -28.293079 1.039132 3.862042
110020031 1.030437 -0.554040 -0.127651 1.176884 96.226835 -28.265774 1.025324 3.860403
110020032 1.031614 -0.554040 -0.122791 1.177397 95.986274 -28.238518 1.011511 3.858695
110020033 1.032790 -0.554040 -0.117931 1.177932 95.745926 -28.211309 0.997695 3.856920
110020034 1.033966 -0.554040 -0.113072 1.178487 95.505799 -28.184149 0.983877 3.855076
110020035 1.035143 -0.554040 -0.108212 1.179063 95.265901 -28.157037 0.970058 3.853166
110020036 1.036319 -0.554040 -0.103352 1.179660 95.026240 -28.129972 0.956240 3.851188
110020037 1.037495 -0.554040 -0.098493 1.180278 94.786825 -28.102955 0.942425 3.849143
110020038 1.038671 -0.554040 -0.093633 1.180917 94.547664 -28.075986 0.928613 3.847031
110020039 1.039848 -0.554040 -0.088773 1.181577 94.308765 -28.049065 0.914807 3.844854
110020040 1.041024 -0.554040 -0.083914 1.182257 94.070135 -28.022191 0.901007 3.842611
110020041 1.042200 -0.554040 -0.079054 1.182959 93.831784 -27.995364 0.887216 3.840302
110020042 1.043377 -0.554040 -0.074194 1.183681 93.593718 -27.968584 0.873435 3.837928
110020043 1.044553 -0.554040 -0.069335 1.184423 93.355946 -27.941851 0.859665 3.835489
110020044 1.045729 -0.554040 -0.064475 1.185186 93.118475 -27.915166 0.845907 3.832986
110020045 1.046906 -0.554040 -0.059615 1.185970 92.881313 -27.888527 0.832163 3.830419
110020046 1.048082 -0.554040 -0.054756 1.186775 92.644468 -27.861935 0.818435 3.827788
110020047 1.049258 -0.554040 -0.049896 1.187599 92.407947 -27.835389 0.804723 3.825094
110020048 1.050435 -0.554040 -0.045036 1.188445 92.171759 -27.808890 0.791029 3.822337
110020049 1.051611 -0.554040 -0.040177 1.189310 91.935909 -27.782438 0.777355 3.819518
110020050 1.052787 -0.554040 -0.035317 1.190197 91.700406 -27.756031 0.763702 3.816637
110020051 1.053963 -0.554040 -0.030457 1.191103 91.465258 -27.729671 0.750071 3.813694
110020052 1.055140 -0.554040 -0.025598 1.192030 91.230470 -27.703357 0.736463 3.810691
110020053 1.056316 -0.554040 -0.020738 1.192977 90.996052 -27.677089 0.722880 3.807627
110020054 1.057492 -0.554040 -0.015878 1.193944 90.762008 -27.650866 0.709323 3.804502
110020055 1.058669 -0.554040 -0.011019 1.194931 90.528348 -27.624690 0.695793 3.801318
110020056 1.059845 -0.554040 -0.006159 1.195939 90.295077 -27.598559 0.682293 3.798075
110020057 1.061021 -0.554040 -0.001299 1.196966 90.062202 -27.572473 0.668822 3.794773
110020058 1.062198 -0.554040 0.003560 1.198013 89.829731 -27.546433 0.674208 3.791413
110020059 1.063374 -0.554040 0.008420 1.199081 89.597670 -27.520439 0.686405 3.787995
110020060 1.064550 -0.554040 0.013280 1.200168 89.366026 -27.494489 0.698526 3.784519
110020061 1.065726 -0.554040 0.018139 1.201275 89.134805 -27.468585 0.710572 3.780987
110020062 1.066903 -0.554040 0.022999 1.202402 88.904013 -27.442725 0.722542 3.777399
110020063 1.068079 -0.554040 0.027858 1.203548 88.673658 -27.416910 0.734433 3.773755
110020064 1.069255 -0.554040 0.032718 1.204715 88.443745 -27.391141 0.746246 3.770056
110020065 1.070432 -0.554040 0.037578 1.205900 88.214281 -27.365415 0.757981 3.766301
110020066 1.071608 -0.554040 0.042437 1.207106 87.985272 -27.339735 0.769635 3.762493
110020067 1.072784 -0.554040 0.047297 1.208331 87.756724 -27.314099 0.781209 3.758631
110020068 1.073961 -0.554040 0.052157 1.209575 87.528643 -27.288507 0.792701 3.754716
110020069 1.075137 -0.554040 0.057016 1.210839 87.301035 -27.262959 0.804112 3.750749
110020070 1.076313 -0.554040 0.061876 1.212122 87.073905 -27.237456 0.815440 3.746729
110020071 1.077490 -0.554040 0.066736 1.213424 86.847260 -27.211996 0.826685 3.742658
110020072 1.078666 -0.554040 0.071595 1.214745 86.621105 -27.186581 0.837847 3.738536
110020073 1.079842 -0.554040 0.076455 1.216086 86.395446 -27.161209 0.848924 3.734364
110020074 1.081018 -0.554040 0.081315 1.217445 86.170288 -27.135881 0.859916 3.730142
110020075 1.082195 -0.554040 0.086174 1.218824 85.945637 -27.110597 0.870822 3.725870
110020076 1.083371 -0.554040 0.091034 1.220221 85.721497 -27.085356 0.881643 3.721550
110020077 1.084547 -0.554040 0.095894 1.221638 85.497875 -27.060158 0.892378 3.717182
110020078 1.085724 -0.554040 0.100753 1.223073 85.274775 -27.035004 0.903025 3.712766
110020079 1.086900 -0.554040 0.105613 1.224527 85.052202 -27.009893 0.913585 3.708303
110020080 1.088076 -0.554040 0.110473 1.225999 84.830161 -26.984826 0.924058 3.703794
110020081 1.089253 -0.554040 0.115332 1.227490 84.608657 -26.959801 0.934442 3.699239
110020082 1.090429 -0.554040 0.120192 1.229000 84.387695 -26.934819 0.944738 3.694639
110020083 1.091605 -0.554040 0.125052 1.230528 84.167280 -26.909880 0.954945 3.689994
110020084 1.092781 -0.554040 0.129911 1.232075 83.947416 -26.884983 0.965062 3.685305
110020085 1.093958 -0.554040 0.134771 1.233640 83.728108 -26.860130 0.975091 3.680573
110020086 1.095134 -0.554040 0.139631 1.235223 83.509359 -26.835318 0.985029 3.675798
110020087 1.096310 -0.554040 0.144490 1.236824 83.291175 -26.810549 0.994877 3.670980
110020088 1.097487 -0.554040 0.149350 1.238444 83.073560 -26.785823 1.004635 3.666121
110020089 1.098663 -0.554040 0.154210 1.240081 82.856518 -26.761138 1.014302 3.661220
110020090 1.099839 -0.554040 0.159069 1.241736 82.640052 -26.736496 1.023879 3.656279
110020091 1.101016 -0.554040 0.163929 1.243410 82.424167 -26.711896 1.033364 3.651298
110020092 1.102192 -0.554040 0.168789 1.245101 82.208868 -26.687337 1.042759 3.646278
110020093 1.103368 -0.554040 0.173648 1.246810 81.994156 -26.662821 1.052062 3.641219
110020094 1.104545 -0.554040 0.178508 1.248537 81.780037 -26.638346 1.061273 3.636121
110020095 1.105721 -0.554040 0.183368 1.250281 81.566514 -26.613913 1.070393 3.630987
110020096 1.106897 -0.554040 0.188227 1.252043 81.353590 -26.589521 1.079422 3.625815
110020097 1.108073 -0.554040 0.193087 1.253822 81.141269 -26.565171 1.088358 3.620606
110020098 1.109250 -0.554040 0.197947 1.255618 80.929554 -26.540862 1.097203 3.615362
110020099 1.110426 -0.554040 0.202806 1.257432 80.718449 -26.516594 1.105956 3.610083
110020100 1.111602 -0.554040 0.207666 1.259264 80.507957 -26.492368 1.114617 3.604769
110020101 1.007570 -0.530939 -0.276447 1.171972 103.643634 -27.787007 1.426205 3.875990
110020102 1.008746 -0.530939 -0.271588 1.171847 103.400728 -27.759444 1.413410 3.876360
110020103 1.009923 -0.530939 -0.266728 1.171744 103.157772 -27.731932 1.400568 3.876658
110020104 1.011099 -0.530939 -0.261868 1.171663 102.914775 -27.704470 1.387680 3.876885
110020105 1.012275 -0.530939 -0.257009 1.171602 102.671746 -27.677058 1.374747 3.877040
110020106 1.013452 -0.530939 -0.252149 1.171563 102.428693 -27.649696 1.361770 3.877124
110020107 1.014628 -0.530939 -0.247289 1.171545 102.185626 -27.622383 1.348751 3.877137
110020108 1.015804 -0.530939 -0.242430 1.171549 101.942553 -27.595121 1.335692 3.877078
110020109 1.016981 -0.530939 -0.237570 1.171574 101.699484 -27.567908 1.322593 3.876949
110020110 1.018157 -0.530939 -0.232710 1.171620 101.456427 -27.540744 1.309457 3.876747
110020111 1.019333 -0.530939 -0.227851 1.171688 101.213391 -27.513630 1.296284 3.876475
110020112 1.020509 -0.530939 -0.222991 1.171777 100.970384 -27.486564 1.283076 3.876131
110020113 1.021686 -0.530939 -0.218131 1.171887 100.727417 -27.459548 1.269835 3.875716
110020114 1.022862 -0.530939 -0.213272 1.172019 100.484498 -27.432581 1.256561 3.875230
110020115 1.024038 -0.530939 -0.208412 1.172172 100.241636 -27.405663 1.243257 3.874673
110020116 1.025215 -0.530939 -0.203552 1.172346 99.998839 -27.378793 1.229924 3.874044
110020117 1.026391 -0.530939 -0.198693 1.172542 99.756116 -27.351972 1.216563 3.873345
110020118 1.027567 -0.530939 -0.193833 1.172759 99.513477 -27.325199 1.203176 3.872576
110020119 1.028744 -0.530939 -0.188973 1.172997 99.270929 -27.298475 1.189764 3.871735
110020120 1.029920 -0.530939 -0.184114 1.173256 99.028483 -27.271799 1.176329 3.870824
110020121 1.031096 -0.530939 -0.179254 1.173537 98.786146 -27.245171 1.162872 3.869843
110020122 1.032273 -0.530939 -0.174394 1.173838 98.543928 -27.218591 1.149395 3.868792
110020123 1.033449 -0.530939 -0.169535 1.174162 98.301837 -27.192059 1.135899 3.867670
110020124 1.034625 -0.530939 -0.164675 1.174506 98.059881 -27.165574 1.122385 3.866479
110020125 1.035801 -0.530939 -0.159815 1.174871 97.818070 -27.139137 1.108856 3.865218
110020126 1.036978 -0.530939 -0.154956 1.175258 97.576412 -27.112748 1.095312 3.863888
110020127 1.038154 -0.530939 -0.150096 1.175666 97.334916 -27.086406 1.081756 3.862488
110020128 1.039330 -0.530939 -0.145236 1.176094 97.093590 -27.060112 1.068188 3.861020
110020129 1.040507 -0.530939 -0.140377 1.176544 96.852443 -27.033864 1.054610 3.859482
110020130 1.041683 -0.530939 -0.135517 1.177015 96.611483 -27.007664 1.041024 3.857876
110020131 1.042859 -0.530939 -0.130657 1.177507 96.370719 -26.981510 1.027431 3.856202
110020132 1.044036 -0.530939 -0.125798 1.178020 96.130159 -26.955403 1.013832 3.854460
110020133 1.045212 -0.530939 -0.120938 1.178554 95.889811 -26.929344 1.000230 3.852650
110020134 1.046388 -0.530939 -0.116078 1.179109 95.649684 -26.903330 0.986624 3.850773
110020135 1.047564 -0.530939 -0.111219 1.179685 95.409786 -26.877363 0.973018 3.848828
110020136 1.048741 -0.530939 -0.106359 1.180282 95.170126 -26.851443 0.959412 3.846817
110020137 1.049917 -0.530939 -0.101499 1.180900 94.930711 -26.825568 0.945808 3.844739
110020138 1.051093 -0.530939 -0.096640 1.181539 94.691549 -26.799740 0.932207 3.842595
110020139 1.052270 -0.530939 -0.091780 1.182198 94.452649 -26.773958 0.918611 3.840385
110020140 1.053446 -0.530939 -0.086920 1.182878 94.214019 -26.748222 0.905021 3.838110
110020141 1.054622 -0.530939 -0.082061 1.183579 93.975666 -26.722531 0.891438 3.835769
110020142 1.055799 -0.530939 -0.077201 1.184300 93.737599 -26.696886 0.877864 3.833364
110020143 1.056975 -0.530939 -0.072342 1.185043 93.499825 -26.671287 0.864301 3.830894
110020144 1.058151 -0.530939 -0.067482 1.185805 93.262352 -26.645733 0.850750 3.828360
110020145 1.059328 -0.530939 -0.062622 1.186589 93.025188 -26.620225 0.837211 3.825762
110020146 1.060504 -0.530939 -0.057763 1.187393 92.788341 -26.594762 0.823687 3.823101
110020147 1.061680 -0.530939 -0.052903 1.188217 92.551817 -26.569344 0.810179 3.820377
110020148 1.062856 -0.530939 -0.048043 1.189062 92.315625 -26.543971 0.796689 3.817591
110020149 1.064033 -0.530939 -0.043184 1.189927 92.079772 -26.518643 0.783216 3.814743
110020150 1.065209 -0.530939 -0.038324 1.190813 91.844266 -26.493359 0.769764 3.811833
110020151 1.066385 -0.530939 -0.033464 1.191719 91.609113 -26.468121 0.756333 3.808862
110020152 1.067562 -0.530939 -0.028605 1.192645 91.374321 -26.442926 0.742924 3.805830
110020153 1.068738 -0.530939 -0.023745 1.193592 91.139897 -26.417777 0.729540 3.802738
110020154 1.069914 -0.530939 -0.018885 1.194558 90.905849 -26.392672 0.716180 3.799586
110020155 1.071091 -0.530939 -0.014026 1.195545 90.672183 -26.367611 0.702847 3.796374
110020156 1.072267 -0.530939 -0.009166 1.196552 90.438906 -26.342594 0.689541 3.793104
110020157 1.073443 -0.530939 -0.004306 1.197579 90.206025 -26.317621 0.676264 3.789775
110020158 1.074619 -0.530939 0.000553 1.198626 89.973546 -26.292692 0.665898 3.786389
110020159 1.075796 -0.530939 0.005413 1.199693 89.741478 -26.267807 0.677918 3.782945
110020160 1.076972 -0.530939 0.010273 1.200779 89.509826 -26.242966 0.689865 3.779444
110020161 1.078148 -0.530939 0.015132 1.201886 89.278596 -26.218168 0.701736 3.775886
110020162 1.079325 -0.530939 0.019992 1.203012 89.047796 -26.193414 0.713532 3.772273
110020163 1.080501 -0.530939 0.024852 1.204158 88.817432 -26.168703 0.725251 3.768604
110020164 1.081677 -0.530939 0.029711 1.205324 88.587509 -26.144036 0.736893 3.764880
110020165 1.082854 -0.530939 0.034571 1.206509 88.358035 -26.119411 0.748457 3.761102
110020166 1.084030 -0.530939 0.039431 1.207714 88.129015 -26.094830 0.759943 3.757270
110020167 1.085206 -0.530939 0.044290 1.208938 87.900456 -26.070292 0.771349 3.753384
110020168 1.086383 -0.530939 0.049150 1.210182 87.672363 -26.045797 0.782675 3.749446
110020169 1.087559 -0.530939 0.054010 1.211445 87.444742 -26.021344 0.793920 3.745455
110020170 1.088735 -0.530939 0.058869 1.212727 87.217600 -25.996934 0.805084 3.741413
110020171 1.089911 -0.530939 0.063729 1.214028 86.990942 -25.972567 0.816167 3.737320
110020172 1.091088 -0.530939 0.068589 1.215349 86.764773 -25.948242 0.827166 3.733175
110020173 1.092264 -0.530939 0.073448 1.216689 86.539100 -25.923960 0.838083 3.728981
110020174 1.093440 -0.530939 0.078308 1.218048 86.313927 -25.899720 0.848915 3.724738
110020175 1.094617 -0.530939 0.083168 1.219426 86.089260 -25.875522 0.859664 3.720445
110020176 1.095793 -0.530939 0.088027 1.220823 85.865104 -25.851366 0.870328 3.716104
110020177 1.096969 -0.530939 0.092887 1.222238 85.641465 -25.827252 0.880907 3.711715
110020178 1.098146 -0.530939 0.097747 1.223673 85.418348 -25.803180 0.891400 3.707279
110020179 1.099322 -0.530939 0.102606 1.225126 85.195757 -25.779149 0.901808 3.702796
110020180 1.100498 -0.530939 0.107466 1.226598 84.973698 -25.755161 0.912129 3.698267
110020181 1.101674 -0.530939 0.112326 1.228088 84.752175 -25.731214 0.922363 3.693693
110020182 1.102851 -0.530939 0.117185 1.229597 84.531194 -25.707308 0.932509 3.689073
110020183 1.104027 -0.530939 0.122045 1.231124 84.310759 -25.683444 0.942568 3.684410
110020184 1.105203 -0.530939 0.126905 1.232670 84.090874 -25.659621 0.952540 3.679702
110020185 1.106380 -0.530939 0.131764 1.234234 83.871544 -25.635839 0.962423 3.674951
110020186 1.107556 -0.530939 0.136624 1.235817 83.652774 -25.612098 0.972217 3.670158
110020187 1.108732 -0.530939 0.141484 1.237417 83.434568 -25.588398 0.981923 3.665322
110020188 1.109909 -0.530939 0.146343 1.239036 83.216929 -25.564739 0.991540 3.660446
110020189 1.111085 -0.530939 0.151203 1.240673 82.999863 -25.541121 1.001068 3.655528
110020190 1.112261 -0.530939 0.156063 1.242327 82.783373 -25.517544 1.010506 3.650570
110020191 1.113438 -0.530939 0.160922 1.244000 82.567464 -25.494007 1.019854 3.645572
110020192 1.114614 -0.530939 0.165782 1.245690 82.352138 -25.470510 1.029113 3.640535
110020193 1.115790 -0.530939 0.170642 1.247398 82.137400 -25.447054 1.038282 3.635460
110020194 1.116966 -0.530939 0.175501 1.249124 81.923254 -25.423638 1.047360 3.630347
110020195 1.118143 -0.530939 0.180361 1.250868 81.709704 -25.400263 1.056348 3.625196
110020196 1.119319 -0.530939 0.185221 1.252629 81.496752 -25.376927 1.065246 3.620009
110020197 1.120495 -0.530939 0.190080 1.254407 81.284402 -25.353632 1.074054 3.614785
110020198 1.121672 -0.530939 0.194940 1.256203 81.072658 -25.330376 1.082771 3.609526
110020199 1.122848 -0.530939 0.199800 1.258016 80.861523 -25.307161 1.091398 3.604232
110020200 1.124024 -0.530939 0.204659 1.259846 80.650999 -25.283985 1.099934 3.598904
110020201 1.019992 -0.507839 -0.279454 1.173192 103.780315 -26.468053 1.420032 3.868966
110020202 1.021168 -0.507839 -0.274594 1.173068 103.537535 -26.441715 1.407475 3.869295
110020203 1.022345 -0.507839 -0.269735 1.172965 103.294706 -26.415424 1.394871 3.869553
110020204 1.023521 -0.507839 -0.264875 1.172883 103.051835 -26.389182 1.382222 3.869740
110020205 1.024697 -0.507839 -0.260015 1.172823 102.808932 -26.362989 1.369528 3.869856
110020206 1.025874 -0.507839 -0.255156 1.172784 102.566006 -26.336844 1.356790 3.869901
110020207 1.027050 -0.507839 -0.250296 1.172766 102.323066 -26.310747 1.344011 3.869875
110020208 1.028226 -0.507839 -0.245436 1.172770 102.080121 -26.284698 1.331191 3.869779
110020209 1.029402 -0.507839 -0.240577 1.172795 101.837179 -26.258696 1.318332 3.869611
110020210 1.030579 -0.507839 -0.235717 1.172841 101.594249 -26.232743 1.305435 3.869373
110020211 1.031755 -0.507839 -0.230857 1.172909 101.351341 -26.206837 1.292502 3.869063
110020212 1.032931 -0.507839 -0.225998 1.172997 101.108463 -26.180979 1.279534 3.868683
110020213 1.034108 -0.507839 -0.221138 1.173108 100.865624 -26.155168 1.266533 3.868232
110020214 1.035284 -0.507839 -0.216278 1.173239 100.622832 -26.129404 1.253499 3.867711
110020215 1.036460 -0.507839 -0.211419 1.173392 100.380098 -26.103687 1.240435 3.867118
110020216 1.037637 -0.507839 -0.206559 1.173566 100.137429 -26.078018 1.227342 3.866456
110020217 1.038813 -0.507839 -0.201699 1.173761 99.894834 -26.052395 1.214221 3.865722
110020218 1.039989 -0.507839 -0.196840 1.173978 99.652323 -26.026819 1.201073 3.864919
110020219 1.041166 -0.507839 -0.191980 1.174216 99.409903 -26.001290 1.187901 3.864045
110020220 1.042342 -0.507839 -0.187121 1.174475 99.167585 -25.975808 1.174705 3.863101
110020221 1.043518 -0.507839 -0.182261 1.174755 98.925376 -25.950371 1.161487 3.862088
110020222 1.044694 -0.507839 -0.177401 1.175057 98.683285 -25.924982 1.148249 3.861004
110020223 1.045871 -0.507839 -0.172542 1.175380 98.441321 -25.899638 1.134991 3.859851
110020224 1.047047 -0.507839 -0.167682 1.175723 98.199492 -25.874340 1.121716 3.858629
110020225 1.048223 -0.507839 -0.162822 1.176088 97.957808 -25.849089 1.108425 3.857338
110020226 1.049400 -0.507839 -0.157963 1.176475 97.716276 -25.823883 1.095119 3.855977
110020227 1.050576 -0.507839 -0.153103 1.176882 97.474906 -25.798723 1.081799 3.854548
110020228 1.051752 -0.507839 -0.148243 1.177310 97.233706 -25.773609 1.068468 3.853050
110020229 1.052929 -0.507839 -0.143384 1.177760 96.992684 -25.748540 1.055127 3.851483
110020230 1.054105 -0.507839 -0.138524 1.178230 96.751849 -25.723517 1.041776 3.849849
110020231 1.055281 -0.507839 -0.133664 1.178722 96.511210 -25.698538 1.028418 3.848147
110020232 1.056457 -0.507839 -0.128805 1.179234 96.270774 -25.673605 1.015054 3.846377
110020233 1.057634 -0.507839 -0.123945 1.179768 96.030550 -25.648718 1.001686 3.844540
110020234 1.058810 -0.507839 -0.119085 1.180322 95.790546 -25.623875 0.988314 3.842636
110020235 1.059986 -0.507839 -0.114226 1.180898 95.550771 -25.599076 0.974941 3.840665
110020236 1.061163 -0.507839 -0.109366 1.181494 95.311232 -25.574323 0.961567 3.838628
110020237 1.062339 -0.507839 -0.104506 1.182111 95.071939 -25.549614 0.948195 3.836525
110020238 1.063515 -0.507839 -0.099647 1.182749 94.832898 -25.524950 0.934825 3.834356
110020239 1.064692 -0.507839 -0.094787 1.183408 94.594119 -25.500330 0.921459 3.832122
110020240 1.065868 -0.507839 -0.089927 1.184087 94.355608 -25.475755 0.908098 3.829822
110020241 1.067044 -0.507839 -0.085068 1.184787 94.117375 -25.451223 0.894744 3.827458
110020242 1.068221 -0.507839 -0.080208 1.185508 93.879426 -25.426736 0.881399 3.825029
110020243 1.069397 -0.507839 -0.075348 1.186249 93.641770 -25.402292 0.868062 3.822536
110020244 1.070573 -0.507839 -0.070489 1.187012 93.404414 -25.377893 0.854737 3.819980
110020245 1.071749 -0.507839 -0.065629 1.187794 93.167366 -25.353537 0.841424 3.817361
110020246 1.072926 -0.507839 -0.060769 1.188597 92.930634 -25.329225 0.828125 3.814678
110020247 1.074102 -0.507839 -0.055910 1.189421 92.694225 -25.304956 0.814840 3.811933
110020248 1.075278 -0.507839 -0.051050 1.190265 92.458147 -25.280730 0.801572 3.809126
110020249 1.076455 -0.507839 -0.046190 1.191129 92.222407 -25.256548 0.788321 3.806258
110020250 1.077631 -0.507839 -0.041331 1.192014 91.987013 -25.232410 0.775090 3.803328
110020251 1.078807 -0.507839 -0.036471 1.192919 91.751971 -25.208314 0.761878 3.800338
110020252 1.079984 -0.507839 -0.031611 1.193844 91.517290 -25.184261 0.748688 3.797287
110020253 1.081160 -0.507839 -0.026752 1.194790 91.282976 -25.160251 0.735521 3.794176
110020254 1.082336 -0.507839 -0.021892 1.195756 91.049036 -25.136284 0.722378 3.791006
110020255 1.083512 -0.507839 -0.017032 1.196742 90.815477 -25.112360 0.709260 3.787777
110020256 1.084689 -0.507839 -0.012173 1.197747 90.582307 -25.088478 0.696169 3.784489
110020257 1.085865 -0.507839 -0.007313 1.198773 90.349531 -25.064638 0.683105 3.781143
110020258 1.087041 -0.507839 -0.002453 1.199819 90.117158 -25.040841 0.670070 3.777740
110020259 1.088218 -0.507839 0.002406 1.200885 89.885193 -25.017086 0.669348 3.774280
110020260 1.089394 -0.507839 0.007266 1.201970 89.653643 -24.993373 0.681102 3.770763
110020261 1.090570 -0.507839 0.012126 1.203076 89.422515 -24.969703 0.692782 3.767190
110020262 1.091747 -0.507839 0.016985 1.204201 89.191815 -24.946074 0.704388 3.763562
110020263 1.092923 -0.507839 0.021845 1.205346 88.961550 -24.922487 0.715918 3.759878
110020264 1.094099 -0.507839 0.026705 1.206510 88.731726 -24.898941 0.727373 3.756140
110020265 1.095276 -0.507839 0.031564 1.207694 88.502349 -24.875438 0.738751 3.752348
110020266 1.096452 -0.507839 0.036424 1.208898 88.273425 -24.851976 0.750052 3.748503
110020267 1.097628 -0.507839 0.041284 1.210121 88.044961 -24.828555 0.761275 3.744604
110020268 1.098804 -0.507839 0.046143 1.211363 87.816962 -24.805175 0.772419 3.740653
110020269 1.099981 -0.507839 0.051003 1.212625 87.589434 -24.781837 0.783483 3.736650
110020270 1.101157 -0.507839 0.055863 1.213906 87.362383 -24.758540 0.794468 3.732596
110020271 1.102333 -0.507839 0.060722 1.215206 87.135815 -24.735284 0.805372 3.728491
110020272 1.103510 -0.507839 0.065582 1.216526 86.909735 -24.712069 0.816195 3.724336
110020273 1.104686 -0.507839 0.070442 1.217864 86.684149 -24.688895 0.826937 3.720131
110020274 1.105862 -0.507839 0.075301 1.219222 86.459063 -24.665761 0.837596 3.715877
110020275 1.107039 -0.507839 0.080161 1.220599 86.234481 -24.642668 0.848172 3.711574
110020276 1.108215 -0.507839 0.085021 1.221994 86.010409 -24.619615 0.858665 3.707223
110020277 1.109391 -0.507839 0.089880 1.223408 85.786853 -24.596603 0.869075 3.702825
110020278 1.110567 -0.507839 0.094740 1.224841 85.563817 -24.573631 0.879400 3.698380
110020279 1.111744 -0.507839 0.099600 1.226293 85.341306 -24.550700 0.889641 3.693888
110020280 1.112920 -0.507839 0.104459 1.227764 85.119326 -24.527808 0.899797 3.689351
110020281 1.114096 -0.507839 0.109319 1.229253 84.897881 -24.504957 0.909867 3.684769
110020282 1.115273 -0.507839 0.114178 1.230760 84.676976 -24.482145 0.919852 3.680142
110020283 1.116449 -0.507839 0.119038 1.232286 84.456616 -24.459373 0.929751 3.675470
110020284 1.117625 -0.507839 0.123898 1.233831 84.236804 -24.436641 0.939563 3.670756
110020285 1.118802 -0.507839 0.128757 1.235393 84.017547 -24.413949 0.949288 3.665998
110020286 1.119978 -0.507839 0.133617 1.236974 83.798847 -24.391296 0.958927 3.661199
110020287 1.121154 -0.507839 0.138477 1.238573 83.580711 -24.368683 0.968478 3.656357
110020288 1.122331 -0.507839 0.143336 1.240190 83.363140 -24.346109 0.977942 3.651474
110020289 1.123507 -0.507839 0.148196 1.241825 83.146141 -24.323574 0.987318 3.646551
110020290 1.124683 -0.507839 0.153056 1.243479 82.929716 -24.301078 0.996606 3.641588
110020291 1.125859 -0.507839 0.157915 1.245150 82.713871 -24.278621 1.005806 3.636586
110020292 1.127036 -0.507839 0.162775 1.246838 82.498608 -24.256204 1.014918 3.631544
110020293 1.128212 -0.507839 0.167635 1.248545 82.283932 -24.233825 1.023941 3.626465
110020294 1.129388 -0.507839 0.172494 1.250269 82.069845 -24.211485 1.032876 3.621348
110020295 1.130565 -0.507839 0.177354 1.252011 81.856353 -24.189183 1.041722 3.616193
110020296 1.131741 -0.507839 0.182214 1.253770 81.643458 -24.166921 1.050479 3.611003
110020297 1.132917 -0.507839 0.187073 1.255547 81.431164 -24.144696 1.059148 3.605776
110020298 1.134094 -0.507839 0.191933 1.257341 81.219475 -24.122510 1.067727 3.600514
110020299 1.135270 -0.507839 0.196793 1.259153 81.008392 -24.100363 1.076218 3.595218
110020300 1.136446 -0.507839 0.201652 1.260982 80.797921 -24.078253 1.084619 3.589887
110020301 1.032414 -0.484739 -0.282461 1.175004 103.909640 -25.151006 1.412163 3.857975
110020302 1.033590 -0.484739 -0.277601 1.174880 103.667112 -25.125915 1.399863 3.858267
110020303 1.034767 -0.484739 -0.272742 1.174777 103.424535 -25.100871 1.387516 3.858488
110020304 1.035943 -0.484739 -0.267882 1.174696 103.181917 -25.075873 1.375124 3.858639
110020305 1.037119 -0.484739 -0.263022 1.174636 102.939267 -25.050922 1.362688 3.858719
110020306 1.038295 -0.484739 -0.258163 1.174597 102.696595 -25.026018 1.350208 3.858729
110020307 1.039472 -0.484739 -0.253303 1.174579 102.453909 -25.001159 1.337687 3.858669
110020308 1.040648 -0.484739 -0.248443 1.174583 102.211218 -24.976347 1.325126 3.858539
110020309 1.041824 -0.484739 -0.243584 1.174608 101.968530 -24.951581 1.312526 3.858338
110020310 1.043001 -0.484739 -0.238724 1.174654 101.725855 -24.926861 1.299888 3.858066
110020311 1.044177 -0.484739 -0.233864 1.174721 101.483201 -24.902187 1.287214 3.857725
110020312 1.045353 -0.484739 -0.229005 1.174810 101.240577 -24.877558 1.274505 3.857313
110020313 1.046530 -0.484739 -0.224145 1.174920 100.997992 -24.852975 1.261763 3.856831
110020314 1.047706 -0.484739 -0.219285 1.175051 100.755456 -24.828437 1.248989 3.856279
110020315 1.048882 -0.484739 -0.214426 1.175204 100.512975 -24.803945 1.236184 3.855656
110020316 1.050059 -0.484739 -0.209566 1.175378 100.270561 -24.779498 1.223350 3.854964
110020317 1.051235 -0.484739 -0.204706 1.175573 100.028220 -24.755096 1.210488 3.854202
110020318 1.052411 -0.484739 -0.199847 1.175789 99.785963 -24.730739 1.197599 3.853370
110020319 1.053587 -0.484739 -0.194987 1.176027 99.543797 -24.706427 1.184686 3.852469
110020320 1.054764 -0.484739 -0.190127 1.176285 99.301732 -24.682159 1.171748 3.851498
110020321 1.055940 -0.484739 -0.185268 1.176565 99.059776 -24.657937 1.158789 3.850458
110020322 1.057116 -0.484739 -0.180408 1.176866 98.817938 -24.633758 1.145809 3.849348
110020323 1.058293 -0.484739 -0.175548 1.177188 98.576226 -24.609625 1.132809 3.848170
110020324 1.059469 -0.484739 -0.170689 1.177532 98.334650 -24.585535 1.119792 3.846922
110020325 1.060645 -0.484739 -0.165829 1.177896 98.093217 -24.561490 1.106758 3.845607
110020326 1.061822 -0.484739 -0.160969 1.178282 97.851936 -24.537489 1.093709 3.844222
110020327 1.062998 -0.484739 -0.156110 1.178689 97.610816 -24.513532 1.080646 3.842770
110020328 1.064174 -0.484739 -0.151250 1.179116 97.369866 -24.489618 1.067571 3.841249
110020329 1.065350 -0.484739 -0.146390 1.179565 97.129093 -24.465749 1.054485 3.839661
110020330 1.066527 -0.484739 -0.141531 1.180035 96.888507 -24.441923 1.041390 3.838005
110020331 1.067703 -0.484739 -0.136671 1.180526 96.648115 -24.418140 1.028287 3.836282
110020332 1.068879 -0.484739 -0.131811 1.181037 96.407926 -24.394401 1.015177 3.834492
110020333 1.070056 -0.484739 -0.126952 1.181570 96.167949 -24.370706 1.002062 3.832635
110020334 1.071232 -0.484739 -0.122092 1.182124 95.928190 -24.347053 0.988944 3.830711
110020335 1.072408 -0.484739 -0.117232 1.182698 95.688660 -24.323443 0.975823 3.828722
110020336 1.073585 -0.484739 -0.112373 1.183294 95.449365 -24.299877 0.962701 3.826667
110020337 1.074761 -0.484739 -0.107513 1.183910 95.210315 -24.276353 0.949579 3.824546
110020338 1.075937 -0.484739 -0.102653 1.184547 94.971516 -24.252872 0.936459 3.822360
110020339 1.077114 -0.484739 -0.097794 1.185204 94.732977 -24.229434 0.923343 3.820109
110020340 1.078290 -0.484739 -0.092934 1.185883 94.494707 -24.206038 0.910231 3.817793
110020341 1.079466 -0.484739 -0.088074 1.186582 94.256712 -24.182685 0.897125 3.815413
110020342 1.080642 -0.484739 -0.083215 1.187302 94.019001 -24.159374 0.884026 3.812970
110020343 1.081819 -0.484739 -0.078355 1.188042 93.781581 -24.136105 0.870936 3.810463
110020344 1.082995 -0.484739 -0.073495 1.188803 93.544460 -24.112879 0.857856 3.807893
110020345 1.084171 -0.484739 -0.068636 1.189584 93.307647 -24.089694 0.844787 3.805260
110020346 1.085348 -0.484739 -0.063776 1.190386 93.071148 -24.066551 0.831731 3.802565
110020347 1.086524 -0.484739 -0.058916 1.191208 92.834970 -24.043450 0.818688 3.799807
110020348 1.087700 -0.484739 -0.054057 1.192051 92.599123 -24.020391 0.805662 3.796989
110020349 1.088877 -0.484739 -0.049197 1.192914 92.363612 -23.997373 0.792651 3.794109
110020350 1.090053 -0.484739 -0.044337 1.193798 92.128445 -23.974397 0.779659 3.791168
110020351 1.091229 -0.484739 -0.039478 1.194702 91.893630 -23.951462 0.766685 3.788168
110020352 1.092405 -0.484739 -0.034618 1.195625 91.659173 -23.928568 0.753732 3.785107
110020353 1.093582 -0.484739 -0.029758 1.196570 91.425082 -23.905716 0.740801 3.781987
110020354 1.094758 -0.484739 -0.024899 1.197534 91.191364 -23.882904 0.727892 3.778808
110020355 1.095934 -0.484739 -0.020039 1.198518 90.958026 -23.860134 0.715008 3.775571
110020356 1.097111 -0.484739 -0.015179 1.199523 90.725075 -23.837404 0.702149 3.772276
110020357 1.098287 -0.484739 -0.010320 1.200547 90.492517 -23.814715 0.689316 3.768923
110020358 1.099463 -0.484739 -0.005460 1.201591 90.260359 -23.792067 0.676511 3.765513
110020359 1.100640 -0.484739 -0.000600 1.202655 90.028608 -23.769459 0.663735 3.762047
110020360 1.101816 -0.484739 0.004259 1.203739 89.797271 -23.746892 0.672273 3.758524
110020361 1.102992 -0.484739 0.009119 1.204843 89.566354 -23.724365 0.683746 3.754946
110020362 1.104169 -0.484739 0.013978 1.205967 89.335864 -23.701878 0.695147 3.751313
110020363 1.105345 -0.484739 0.018838 1.207110 89.105806 -23.679432 0.706473 3.747625
110020364 1.106521 -0.484739 0.023698 1.208273 88.876188 -23.657025 0.717725 3.743883
110020365 1.107697 -0.484739 0.028557 1.209455 88.647015 -23.634658 0.728902 3.740088
110020366 1.108874 -0.484739 0.033417 1.210657 88.418293 -23.612332 0.740003 3.736239
110020367 1.110050 -0.484739 0.038277 1.211878 88.190029 -23.590044 0.751027 3.732338
110020368 1.111226 -0.484739 0.043136 1.213119 87.962229 -23.567797 0.761974 3.728385
110020369 1.112403 -0.484739 0.047996 1.214379 87.734898 -23.545589 0.772844 3.724381
110020370 1.113579 -0.484739 0.052856 1.215658 87.508042 -23.523421 0.783635 3.720325
110020371 1.114755 -0.484739 0.057715 1.216956 87.281667 -23.501292 0.794347 3.716220
110020372 1.115932 -0.484739 0.062575 1.218274 87.055779 -23.479202 0.804979 3.712064
110020373 1.117108 -0.484739 0.067435 1.219610 86.830382 -23.457151 0.815531 3.707859
110020374 1.118284 -0.484739 0.072294 1.220966 86.605483 -23.435139 0.826003 3.703606
110020375 1.119460 -0.484739 0.077154 1.222341 86.381087 -23.413167 0.836394 3.699304
110020376 1.120637 -0.484739 0.082014 1.223734 86.157199 -23.391233 0.846703 3.694954
110020377 1.121813 -0.484739 0.086873 1.225146 85.933825 -23.369338 0.856930 3.690558
110020378 1.122989 -0.484739 0.091733 1.226577 85.710968 -23.347481 0.867074 3.686115
110020379 1.124166 -0.484739 0.096593 1.228027 85.488635 -23.325663 0.877135 3.681626
110020380 1.125342 -0.484739 0.101452 1.229496 85.266831 -23.303884 0.887114 3.677092
110020381 1.126518 -0.484739 0.106312 1.230982 85.045559 -23.282143 0.897008 3.672513
110020382 1.127695 -0.484739 0.111172 1.232488 84.824826 -23.260440 0.906818 3.667889
110020383 1.128871 -0.484739 0.116031 1.234012 84.604635 -23.238775 0.916544 3.663222
110020384 1.130047 -0.484739 0.120891 1.235554 84.384991 -23.217149 0.926185 3.658512
110020385 1.131224 -0.484739 0.125751 1.237114 84.165899 -23.195560 0.935742 3.653760
110020386 1.132400 -0.484739 0.130610 1.238693 83.947364 -23.174010 0.945212 3.648965
110020387 1.133576 -0.484739 0.135470 1.240290 83.729388 -23.152497 0.954598 3.644129
110020388 1.134752 -0.484739 0.140330 1.241905 83.511977 -23.131022 0.963897 3.639253
110020389 1.135929 -0.484739 0.145189 1.243538 83.295135 -23.109584 0.973110 3.634336
110020390 1.137105 -0.484739 0.150049 1.245189 83.078865 -23.088184 0.982238 3.629379
110020391 1.138281 -0.484739 0.154909 1.246857 82.863172 -23.066822 0.991278 3.624384
110020392 1.139458 -0.484739 0.159768 1.248544 82.648060 -23.045496 1.000232 3.619350
110020393 1.140634 -0.484739 0.164628 1.250248 82.433533 -23.024208 1.009100 3.614278
110020394 1.141810 -0.484739 0.169488 1.251970 82.219593 -23.002958 1.017880 3.609169
110020395 1.142987 -0.484739 0.174347 1.253709 82.006245 -22.981744 1.026574 3.604023
110020396 1.144163 -0.484739 0.179207 1.255466 81.793492 -22.960567 1.035180 3.598841
110020397 1.145339 -0.484739 0.184067 1.257241 81.581338 -22.939427 1.043700 3.593623
110020398 1.146515 -0.484739 0.188926 1.259033 81.369787 -22.918324 1.052132 3.588371
110020399 1.147692 -0.484739 0.193786 1.260842 81.158840 -22.897258 1.060477 3.583084
110020400 1.148868 -0.484739 0.198646 1.262668 80.948502 -22.876228 1.068734 3.577763
110020401 1.044836 -0.461639 -0.285468 1.177406 104.031467 -23.837248 1.402647 3.843082
110020402 1.046012 -0.461639 -0.280608 1.177282 103.789317 -23.813425 1.390621 3.843340
110020403 1.047188 -0.461639 -0.275748 1.177179 103.547118 -23.789647 1.378549 3.843528
110020404 1.048365 -0.461639 -0.270889 1.177098 103.304878 -23.765914 1.366431 3.843646
110020405 1.049541 -0.461639 -0.266029 1.177038 103.062608 -23.742225 1.354270 3.843695
110020406 1.050717 -0.461639 -0.261169 1.176999 102.820314 -23.718581 1.342066 3.843674
110020407 1.051894 -0.461639 -0.256310 1.176982 102.578008 -23.694981 1.329821 3.843583
110020408 1.053070 -0.461639 -0.251450 1.176985 102.335696 -23.671425 1.317536 3.843423
110020409 1.054246 -0.461639 -0.246590 1.177010 102.093388 -23.647913 1.305212 3.843193
110020410 1.055423 -0.461639 -0.241731 1.177056 101.851092 -23.624445 1.292851 3.842893
110020411 1.056599 -0.461639 -0.236871 1.177124 101.608818 -23.601021 1.280454 3.842524
110020412 1.057775 -0.461639 -0.232011 1.177212 101.366575 -23.577641 1.268022 3.842085
110020413 1.058952 -0.461639 -0.227152 1.177322 101.124370 -23.554305 1.255557 3.841577
110020414 1.060128 -0.461639 -0.222292 1.177453 100.882213 -23.531012 1.243060 3.840999
110020415 1.061304 -0.461639 -0.217432 1.177605 100.640112 -23.507762 1.230532 3.840352
110020416 1.062480 -0.461639 -0.212573 1.177779 100.398077 -23.484556 1.217975 3.839636
110020417 1.063657 -0.461639 -0.207713 1.177973 100.156116 -23.461393 1.205390 3.838850
110020418 1.064833 -0.461639 -0.202853 1.178189 99.914237 -23.438273 1.192779 3.837996
110020419 1.066009 -0.461639 -0.197994 1.178426 99.672450 -23.415196 1.180142 3.837072
110020420 1.067186 -0.461639 -0.193134 1.178684 99.430763 -23.392162 1.167482 3.836080
110020421 1.068362 -0.461639 -0.188274 1.178964 99.189184 -23.369170 1.154799 3.835019
110020422 1.069538 -0.461639 -0.183415 1.179264 98.947723 -23.346221 1.142095 3.833889
110020423 1.070715 -0.461639 -0.178555 1.179586 98.706388 -23.323315 1.129372 3.832692
110020424 1.071891 -0.461639 -0.173695 1.179928 98.465187 -23.300451 1.116630 3.831426
110020425 1.073067 -0.461639 -0.168836 1.180292 98.224129 -23.277630 1.103872 3.830092
110020426 1.074243 -0.461639 -0.163976 1.180677 97.983223 -23.254850 1.091098 3.828690
110020427 1.075420 -0.461639 -0.159116 1.181083 97.742477 -23.232113 1.078310 3.827221
110020428 1.076596 -0.461639 -0.154257 1.181510 97.501899 -23.209417 1.065510 3.825685
110020429 1.077772 -0.461639 -0.149397 1.181957 97.261498 -23.186764 1.052698 3.824081
110020430 1.078949 -0.461639 -0.144537 1.182426 97.021283 -23.164152 1.039876 3.822411
110020431 1.080125 -0.461639 -0.139678 1.182916 96.781261 -23.141582 1.027045 3.820674
110020432 1.081301 -0.461639 -0.134818 1.183427 96.541441 -23.119053 1.014208 3.818870
110020433 1.082478 -0.461639 -0.129958 1.183958 96.301831 -23.096566 1.001365 3.817001
110020434 1.083654 -0.461639 -0.125099 1.184511 96.062439 -23.074120 0.988517 3.815066
110020435 1.084830 -0.461639 -0.120239 1.185084 95.823274 -23.051715 0.975666 3.813065
110020436 1.086007 -0.461639 -0.115379 1.185678 95.584344 -23.029352 0.962814 3.810999
110020437 1.087183 -0.461639 -0.110520 1.186293 95.345656 -23.007029 0.949961 3.808869
110020438 1.088359 -0.461639 -0.105660 1.186929 95.107219 -22.984747 0.937110 3.806673
110020439 1.089535 -0.461639 -0.100801 1.187585 94.869040 -22.962506 0.924260 3.804414
110020440 1.090712 -0.461639 -0.095941 1.188262 94.631128 -22.940306 0.911415 3.802090
110020441 1.091888 -0.461639 -0.091081 1.188960 94.393491 -22.918146 0.898575 3.799703
110020442 1.093064 -0.461639 -0.086222 1.189678 94.156135 -22.896027 0.885741 3.797253
110020443 1.094241 -0.461639 -0.081362 1.190417 93.919070 -22.873948 0.872914 3.794740
110020444 1.095417 -0.461639 -0.076502 1.191177 93.682302 -22.851910 0.860097 3.792164
110020445 1.096593 -0.461639 -0.071643 1.191956 93.445840 -22.829911 0.847290 3.789527
110020446 1.097770 -0.461639 -0.066783 1.192757 93.209690 -22.807953 0.834495 3.786827
110020447 1.098946 -0.461639 -0.061923 1.193577 92.973860 -22.786035 0.821713 3.784067
110020448 1.100122 -0.461639 -0.057064 1.194419 92.738358 -22.764156 0.808944 3.781245
110020449 1.101298 -0.461639 -0.052204 1.195280 92.503191 -22.742317 0.796192 3.778363
110020450 1.102475 -0.461639 -0.047344 1.196162 92.268367 -22.720518 0.783456 3.775421
110020451 1.103651 -0.461639 -0.042485 1.197064 92.033892 -22.698758 0.770738 3.772419
110020452 1.104827 -0.461639 -0.037625 1.197986 91.799774 -22.677038 0.758039 3.769358
110020453 1.106004 -0.461639 -0.032765 1.198928 91.566019 -22.655357 0.745361 3.766239
110020454 1.107180 -0.461639 -0.027906 1.199890 91.332635 -22.633716 0.732704 3.763061
110020455 1.108356 -0.461639 -0.023046 1.200873 91.099630 -22.612113 0.720070 3.759825
110020456 1.109533 -0.461639 -0.018186 1.201875 90.867008 -22.590550 0.707460 3.756531
110020457 1.110709 -0.461639 -0.013327 1.202898 90.634779 -22.569025 0.694875 3.753181
110020458 1.111885 -0.461639 -0.008467 1.203940 90.402947 -22.547539 0.682317 3.749774
110020459 1.113062 -0.461639 -0.003607 1.205002 90.171520 -22.526092 0.669786 3.746311
110020460 1.114238 -0.461639 0.001252 1.206084 89.940505 -22.504684 0.663414 3.742793
110020461 1.115414 -0.461639 0.006112 1.207185 89.709907 -22.483314 0.674665 3.739219
110020462 1.116590 -0.461639 0.010972 1.208307 89.479734 -22.461983 0.685845 3.735591
110020463 1.117767 -0.461639 0.015831 1.209448 89.249991 -22.440690 0.696952 3.731909
110020464 1.118943 -0.461639 0.020691 1.210608 89.020685 -22.419436 0.707987 3.728174
110020465 1.120119 -0.461639 0.025551 1.211788 88.791823 -22.398219 0.718948 3.724385
110020466 1.121296 -0.461639 0.030410 1.212988 88.563409 -22.377041 0.729835 3.720544
110020467 1.122472 -0.461639 0.035270 1.214207 88.335451 -22.355900 0.740647 3.716651
110020468 1.123648 -0.461639 0.040130 1.215445 88.107953 -22.334797 0.751384 3.712707
110020469 1.124825 -0.461639 0.044989 1.216703 87.880923 -22.313732 0.762044 3.708711
110020470 1.126001 -0.461639 0.049849 1.217979 87.654365 -22.292705 0.772628 3.704666
110020471 1.127177 -0.461639 0.054709 1.219275 87.428285 -22.271716 0.783135 3.700570
110020472 1.128353 -0.461639 0.059568 1.220590 87.202690 -22.250763 0.793563 3.696425
110020473 1.129530 -0.461639 0.064428 1.221924 86.977584 -22.229849 0.803913 3.692231
110020474 1.130706 -0.461639 0.069288 1.223277 86.752973 -22.208971 0.814185 3.687989
110020475 1.131882 -0.461639 0.074147 1.224649 86.528862 -22.188131 0.824377 3.683699
110020476 1.133059 -0.461639 0.079007 1.226040 86.305257 -22.167328 0.834489 3.679362
110020477 1.134235 -0.461639 0.083867 1.227450 86.082162 -22.146562 0.844521 3.674978
110020478 1.135411 -0.461639 0.088726 1.228878 85.859583 -22.125832 0.854472 3.670549
110020479 1.136588 -0.461639 0.093586 1.230325 85.637524 -22.105140 0.864342 3.666073
110020480 1.137764 -0.461639 0.098446 1.231791 85.415992 -22.084484 0.874130 3.661553
110020481 1.138940 -0.461639 0.103305 1.233275 85.194990 -22.063865 0.883837 3.656989
110020482 1.140117 -0.461639 0.108165 1.234778 84.974523 -22.043283 0.893461 3.652381
110020483 1.141293 -0.461639 0.113025 1.236299 84.754595 -22.022737 0.903003 3.647729
110020484 1.142469 -0.461639 0.117884 1.237838 84.535213 -22.002227 0.912462 3.643035
110020485 1.143645 -0.461639 0.122744 1.239396 84.316379 -21.981754 0.921837 3.638299
110020486 1.144822 -0.461639 0.127604 1.240971 84.098098 -21.961316 0.931129 3.633521
110020487 1.145998 -0.461639 0.132463 1.242565 83.880375 -21.940915 0.940338 3.628702
110020488 1.147174 -0.461639 0.137323 1.244177 83.663214 -21.920550 0.949462 3.623843
110020489 1.148351 -0.461639 0.142183 1.245807 83.446619 -21.900221 0.958502 3.618944
110020490 1.149527 -0.461639 0.147042 1.247455 83.230593 -21.879928 0.967458 3.614006
110020491 1.150703 -0.461639 0.151902 1.249121 83.015142 -21.859670 0.976329 3.609029
110020492 1.151880 -0.461639 0.156762 1.250804 82.800268 -21.839448 0.985116 3.604014
110020493 1.153056 -0.461639 0.161621 1.252505 82.585976 -21.819262 0.993817 3.598962
110020494 1.154232 -0.461639 0.166481 1.254224 82.372269 -21.799111 1.002434 3.593873
110020495 1.155408 -0.461639 0.171341 1.255961 82.159151 -21.778995 1.010965 3.588747
110020496 1.156585 -0.461639 0.176200 1.257714 81.946625 -21.758915 1.019412 3.583585
110020497 1.157761 -0.461639 0.181060 1.259486 81.734695 -21.738869 1.027773 3.578389
110020498 1.158937 -0.461639 0.185920 1.261274 81.523364 -21.718859 1.036048 3.573157
110020499 1.160114 -0.461639 0.190779 1.263080 81.312635 -21.698885 1.044238 3.567892
110020500 1.161290 -0.461639 0.195639 1.264903 81.102513 -21.678944 1.052343 3.562593
110020501 1.057258 -0.438539 -0.288474 1.180393 104.145694 -22.528142 1.391542 3.824372
110020502 1.058434 -0.438539 -0.283615 1.180270 103.904045 -22.505603 1.379806 3.824600
110020503 1.059610 -0.438539 -0.278755 1.180167 103.662347 -22.483107 1.368024 3.824758
110020504 1.060787 -0.438539 -0.273895 1.180086 103.420610 -22.460654 1.356197 3.824848
110020505 1.061963 -0.438539 -0.269036 1.180026 103.178842 -22.438243 1.344327 3.824869
110020506 1.063139 -0.438539 -0.264176 1.179988 102.937052 -22.415874 1.332415 3.824822
110020507 1.064316 -0.438539 -0.259316 1.179970 102.695248 -22.393548 1.320462 3.824705
110020508 1.065492 -0.438539 -0.254457 1.179974 102.453439 -22.371264 1.308469 3.824519
110020509 1.066668 -0.438539 -0.249597 1.179998 102.211635 -22.349022 1.296438 3.824265
110020510 1.067845 -0.438539 -0.244737 1.180044 101.969843 -22.326821 1.284370 3.823941
110020511 1.069021 -0.438539 -0.239878 1.180112 101.728073 -22.304663 1.272266 3.823549
110020512 1.070197 -0.438539 -0.235018 1.180200 101.486333 -22.282546 1.260128 3.823088
110020513 1.071373 -0.438539 -0.230158 1.180309 101.244631 -22.260471 1.247956 3.822559
110020514 1.072550 -0.438539 -0.225299 1.180440 101.002978 -22.238437 1.235753 3.821961
110020515 1.073726 -0.438539 -0.220439 1.180592 100.761380 -22.216445 1.223519 3.821294
110020516 1.074902 -0.438539 -0.215579 1.180765 100.519848 -22.194494 1.211256 3.820559
110020517 1.076079 -0.438539 -0.210720 1.180959 100.278389 -22.172584 1.198964 3.819755
110020518 1.077255 -0.438539 -0.205860 1.181174 100.037012 -22.150715 1.186647 3.818884
110020519 1.078431 -0.438539 -0.201001 1.181411 99.795726 -22.128887 1.174304 3.817944
110020520 1.079608 -0.438539 -0.196141 1.181668 99.554540 -22.107100 1.161937 3.816936
110020521 1.080784 -0.438539 -0.191281 1.181947 99.313461 -22.085354 1.149547 3.815860
110020522 1.081960 -0.438539 -0.186422 1.182247 99.072500 -22.063648 1.137137 3.814717
110020523 1.083136 -0.438539 -0.181562 1.182567 98.831663 -22.041983 1.124706 3.813506
110020524 1.084313 -0.438539 -0.176702 1.182909 98.590960 -22.020358 1.112257 3.812228
110020525 1.085489 -0.438539 -0.171843 1.183272 98.350399 -21.998774 1.099791 3.810882
110020526 1.086665 -0.438539 -0.166983 1.183656 98.109989 -21.977229 1.087309 3.809470
110020527 1.087842 -0.438539 -0.162123 1.184061 97.869738 -21.955725 1.074813 3.807991
110020528 1.089018 -0.438539 -0.157264 1.184487 97.629654 -21.934260 1.062303 3.806445
110020529 1.090194 -0.438539 -0.152404 1.184933 97.389746 -21.912836 1.049782 3.804833
110020530 1.091371 -0.438539 -0.147544 1.185401 97.150022 -21.891451 1.037250 3.803155
110020531 1.092547 -0.438539 -0.142685 1.185890 96.910490 -21.870106 1.024709 3.801411
110020532 1.093723 -0.438539 -0.137825 1.186399 96.671159 -21.848801 1.012161 3.799602
110020533 1.094900 -0.438539 -0.132965 1.186929 96.432037 -21.827534 0.999606 3.797727
110020534 1.096076 -0.438539 -0.128106 1.187480 96.193131 -21.806308 0.987046 3.795788
110020535 1.097252 -0.438539 -0.123246 1.188052 95.954451 -21.785120 0.974482 3.793783
110020536 1.098428 -0.438539 -0.118386 1.188645 95.716003 -21.763972 0.961916 3.791714
110020537 1.099605 -0.438539 -0.113527 1.189258 95.477797 -21.742862 0.949349 3.789581
110020538 1.100781 -0.438539 -0.108667 1.189892 95.239839 -21.721792 0.936782 3.787385
110020539 1.101957 -0.438539 -0.103807 1.190547 95.002139 -21.700760 0.924217 3.785124
110020540 1.103134 -0.438539 -0.098948 1.191222 94.764703 -21.679768 0.911655 3.782801
110020541 1.104310 -0.438539 -0.094088 1.191918 94.527540 -21.658813 0.899096 3.780415
110020542 1.105486 -0.438539 -0.089228 1.192635 94.290657 -21.637898 0.886544 3.777966
110020543 1.106663 -0.438539 -0.084369 1.193372 94.054061 -21.617020 0.873998 3.775455
110020544 1.107839 -0.438539 -0.079509 1.194129 93.817762 -21.596181 0.861460 3.772883
110020545 1.109015 -0.438539 -0.074649 1.194907 93.581766 -21.575381 0.848931 3.770249
110020546 1.110191 -0.438539 -0.069790 1.195706 93.346080 -21.554618 0.836413 3.767554
110020547 1.111368 -0.438539 -0.064930 1.196524 93.110712 -21.533893 0.823907 3.764799
110020548 1.112544 -0.438539 -0.060070 1.197363 92.875670 -21.513207 0.811414 3.761983
110020549 1.113720 -0.438539 -0.055211 1.198223 92.640961 -21.492558 0.798935 3.759108
110020550 1.114897 -0.438539 -0.050351 1.199102 92.406591 -21.471947 0.786471 3.756173
110020551 1.116073 -0.438539 -0.045491 1.200002 92.172569 -21.451373 0.774025 3.753179
110020552 1.117249 -0.438539 -0.040632 1.200922 91.938901 -21.430837 0.761596 3.750127
110020553 1.118426 -0.438539 -0.035772 1.201862 91.705595 -21.410339 0.749187 3.747016
110020554 1.119602 -0.438539 -0.030912 1.202822 91.472656 -21.389878 0.736798 3.743848
110020555 1.120778 -0.438539 -0.026053 1.203802 91.240093 -21.369454 0.724430 3.740623
110020556 1.121955 -0.438539 -0.021193 1.204802 91.007912 -21.349067 0.712085 3.737341
110020557 1.123131 -0.438539 -0.016333 1.205822 90.776120 -21.328717 0.699764 3.734002
110020558 1.124307 -0.438539 -0.011474 1.206861 90.544724 -21.308404 0.687468 3.730608
110020559 1.125483 -0.438539 -0.006614 1.207921 90.313729 -21.288128 0.675197 3.727159
110020560 1.126660 -0.438539 -0.001754 1.209000 90.083143 -21.267889 0.662955 3.723654
110020561 1.127836 -0.438539 0.003105 1.210099 89.852972 -21.247687 0.665572 3.720096
110020562 1.129012 -0.438539 0.007965 1.211218 89.623222 -21.227521 0.676518 3.716483
110020563 1.130189 -0.438539 0.012825 1.212356 89.393901 -21.207391 0.687393 3.712817
110020564 1.131365 -0.438539 0.017684 1.213514 89.165013 -21.187298 0.698197 3.709098
110020565 1.132541 -0.438539 0.022544 1.214691 88.936565 -21.167242 0.708929 3.705326
110020566 1.133718 -0.438539 0.027404 1.215888 88.708564 -21.147221 0.719589 3.701503
110020567 1.134894 -0.438539 0.032263 1.217104 88.481014 -21.127237 0.730176 3.697628
110020568 1.136070 -0.438539 0.037123 1.218339 88.253923 -21.107288 0.740689 3.693702
110020569 1.137246 -0.438539 0.041983 1.219594 88.027295 -21.087376 0.751128 3.689726
110020570 1.138423 -0.438539 0.046842 1.220867 87.801137 -21.067499 0.761492 3.685700
110020571 1.139599 -0.438539 0.051702 1.222160 87.575454 -21.047658 0.771780 3.681625
110020572 1.140775 -0.438539 0.056562 1.223472 87.350252 -21.027853 0.781993 3.677501
110020573 1.141952 -0.438539 0.061421 1.224803 87.125536 -21.008083 0.792129 3.673328
110020574 1.143128 -0.438539 0.066281 1.226153 86.901312 -20.988349 0.802188 3.669108
110020575 1.144304 -0.438539 0.071141 1.227522 86.677585 -20.968650 0.812169 3.664841
110020576 1.145481 -0.438539 0.076000 1.228909 86.454360 -20.948986 0.822073 3.660527
110020577 1.146657 -0.438539 0.080860 1.230316 86.231643 -20.929357 0.831898 3.656167
110020578 1.147833 -0.438539 0.085720 1.231741 86.009437 -20.909764 0.841644 3.651762
110020579 1.149010 -0.438539 0.090579 1.233184 85.787750 -20.890206 0.851311 3.647311
110020580 1.150186 -0.438539 0.095439 1.234647 85.566584 -20.870682 0.860899 3.642816
110020581 1.151362 -0.438539 0.100298 1.236127 85.345946 -20.851194 0.870407 3.638278
110020582 1.152538 -0.438539 0.105158 1.237627 85.125839 -20.831740 0.879834 3.633696
110020583 1.153715 -0.438539 0.110018 1.239144 84.906268 -20.812321 0.889181 3.629071
110020584 1.154891 -0.438539 0.114877 1.240680 84.687239 -20.792936 0.898446 3.624404
110020585 1.156067 -0.438539 0.119737 1.242234 84.468755 -20.773586 0.907631 3.619695
110020586 1.157244 -0.438539 0.124597 1.243806 84.250821 -20.754270 0.916734 3.614945
110020587 1.158420 -0.438539 0.129456 1.245396 84.033441 -20.734989 0.925755 3.610155
110020588 1.159596 -0.438539 0.134316 1.247005 83.816619 -20.715742 0.934695 3.605325
110020589 1.160773 -0.438539 0.139176 1.248631 83.600359 -20.696528 0.943552 3.600455
110020590 1.161949 -0.438539 0.144035 1.250275 83.384666 -20.677349 0.952327 3.595546
110020591 1.163125 -0.438539 0.148895 1.251937 83.169543 -20.658204 0.961019 3.590600
110020592 1.164301 -0.438539 0.153755 1.253617 82.954995 -20.639093 0.969628 3.585615
110020593 1.165478 -0.438539 0.158614 1.255314 82.741024 -20.620016 0.978155 3.580594
110020594 1.166654 -0.438539 0.163474 1.257029 82.527635 -20.600972 0.986598 3.575536
110020595 1.167830 -0.438539 0.168334 1.258762 82.314831 -20.581962 0.994959 3.570442
110020596 1.169007 -0.438539 0.173193 1.260511 82.102616 -20.562985 1.003236 3.565312
110020597 1.170183 -0.438539 0.178053 1.262279 81.890994 -20.544042 1.011430 3.560148
110020598 1.171359 -0.438539 0.182913 1.264063 81.679966 -20.525133 1.019541 3.554949
110020599 1.172536 -0.438539 0.187772 1.265865 81.469538 -20.506256 1.027568 3.549717
110020600 1.173712 -0.438539 0.192632 1.267684 81.259711 -20.487413 1.035512 3.544451
110020601 1.069680 -0.415439 -0.291481 1.183962 104.252253 -21.225021 1.378918 3.801956
110020602 1.070856 -0.415439 -0.286622 1.183839 104.011226 -21.203778 1.367486 3.802157
110020603 1.072032 -0.415439 -0.281762 1.183737 103.770151 -21.182576 1.356009 3.802290
110020604 1.073209 -0.415439 -0.276902 1.183656 103.529037 -21.161414 1.344487 3.802355
110020605 1.074385 -0.415439 -0.272043 1.183596 103.287893 -21.140292 1.332923 3.802353
110020606 1.075561 -0.415439 -0.267183 1.183557 103.046727 -21.119211 1.321317 3.802282
110020607 1.076738 -0.415439 -0.262323 1.183540 102.805548 -21.098170 1.309671 3.802143
110020608 1.077914 -0.415439 -0.257464 1.183543 102.564364 -21.077168 1.297985 3.801937
110020609 1.079090 -0.415439 -0.252604 1.183568 102.323185 -21.056207 1.286262 3.801663
110020610 1.080266 -0.415439 -0.247744 1.183614 102.082018 -21.035285 1.274501 3.801320
110020611 1.081443 -0.415439 -0.242885 1.183681 101.840873 -21.014403 1.262705 3.800910
110020612 1.082619 -0.415439 -0.238025 1.183769 101.599758 -20.993560 1.250875 3.800432
110020613 1.083795 -0.415439 -0.233165 1.183878 101.358681 -20.972757 1.239012 3.799886
110020614 1.084972 -0.415439 -0.228306 1.184009 101.117652 -20.951994 1.227117 3.799273
110020615 1.086148 -0.415439 -0.223446 1.184160 100.876679 -20.931269 1.215192 3.798592
110020616 1.087324 -0.415439 -0.218586 1.184333 100.635770 -20.910584 1.203237 3.797843
110020617 1.088501 -0.415439 -0.213727 1.184526 100.394934 -20.889937 1.191255 3.797027
110020618 1.089677 -0.415439 -0.208867 1.184741 100.154180 -20.869330 1.179246 3.796143
110020619 1.090853 -0.415439 -0.204007 1.184976 99.913516 -20.848761 1.167212 3.795193
110020620 1.092029 -0.415439 -0.199148 1.185233 99.672951 -20.828231 1.155154 3.794175
110020621 1.093206 -0.415439 -0.194288 1.185511 99.432493 -20.807740 1.143073 3.793091
110020622 1.094382 -0.415439 -0.189428 1.185810 99.192151 -20.787287 1.130970 3.791939
110020623 1.095558 -0.415439 -0.184569 1.186130 98.951933 -20.766872 1.118848 3.790721
110020624 1.096735 -0.415439 -0.179709 1.186470 98.711848 -20.746496 1.106707 3.789437
110020625 1.097911 -0.415439 -0.174849 1.186832 98.471904 -20.726158 1.094548 3.788086
110020626 1.099087 -0.415439 -0.169990 1.187215 98.232109 -20.705858 1.082373 3.786670
110020627 1.100264 -0.415439 -0.165130 1.187618 97.992472 -20.685596 1.070183 3.785187
110020628 1.101440 -0.415439 -0.160270 1.188043 97.753001 -20.665372 1.057980 3.783639
110020629 1.102616 -0.415439 -0.155411 1.188488 97.513704 -20.645186 1.045765 3.782025
110020630 1.103793 -0.415439 -0.150551 1.188955 97.274590 -20.625038 1.033538 3.780346
110020631 1.104969 -0.415439 -0.145691 1.189442 97.035667 -20.604927 1.021302 3.778603
110020632 1.106145 -0.415439 -0.140832 1.189950 96.796942 -20.584853 1.009058 3.776794
110020633 1.107321 -0.415439 -0.135972 1.190478 96.558425 -20.564817 0.996806 3.774922
110020634 1.108498 -0.415439 -0.131112 1.191028 96.320123 -20.544818 0.984549 3.772985
110020635 1.109674 -0.415439 -0.126253 1.191598 96.082044 -20.524856 0.972288 3.770984
110020636 1.110850 -0.415439 -0.121393 1.192189 95.844196 -20.504932 0.960023 3.768920
110020637 1.112027 -0.415439 -0.116533 1.192800 95.606587 -20.485044 0.947757 3.766792
110020638 1.113203 -0.415439 -0.111674 1.193433 95.369225 -20.465193 0.935490 3.764602
110020639 1.114379 -0.415439 -0.106814 1.194085 95.132118 -20.445380 0.923224 3.762348
110020640 1.115556 -0.415439 -0.101954 1.194759 94.895273 -20.425602 0.910959 3.760033
110020641 1.116732 -0.415439 -0.097095 1.195453 94.658699 -20.405862 0.898698 3.757655
110020642 1.117908 -0.415439 -0.092235 1.196167 94.422403 -20.386158 0.886442 3.755216
110020643 1.119084 -0.415439 -0.087375 1.196902 94.186392 -20.366490 0.874191 3.752716
110020644 1.120261 -0.415439 -0.082516 1.197657 93.950675 -20.346858 0.861947 3.750155
110020645 1.121437 -0.415439 -0.077656 1.198433 93.715258 -20.327263 0.849712 3.747533
110020646 1.122613 -0.415439 -0.072796 1.199229 93.480149 -20.307704 0.837486 3.744851
110020647 1.123790 -0.415439 -0.067937 1.200045 93.245356 -20.288181 0.825271 3.742109
110020648 1.124966 -0.415439 -0.063077 1.200882 93.010885 -20.268694 0.813067 3.739308
110020649 1.126142 -0.415439 -0.058217 1.201738 92.776745 -20.249242 0.800877 3.736447
110020650 1.127319 -0.415439 -0.053358 1.202615 92.542941 -20.229827 0.788701 3.733529
110020651 1.128495 -0.415439 -0.048498 1.203512 92.309483 -20.210447 0.776540 3.730552
110020652 1.129671 -0.415439 -0.043638 1.204430 92.076375 -20.191102 0.764397 3.727517
110020653 1.130848 -0.415439 -0.038779 1.205367 91.843626 -20.171794 0.752271 3.724425
110020654 1.132024 -0.415439 -0.033919 1.206324 91.611242 -20.152520 0.740164 3.721276
110020655 1.133200 -0.415439 -0.029059 1.207301 91.379231 -20.133282 0.728077 3.718070
110020656 1.134376 -0.415439 -0.024200 1.208298 91.147598 -20.114078 0.716011 3.714809
110020657 1.135553 -0.415439 -0.019340 1.209315 90.916351 -20.094910 0.703968 3.711492
110020658 1.136729 -0.415439 -0.014481 1.210352 90.685496 -20.075777 0.691948 3.708120
110020659 1.137905 -0.415439 -0.009621 1.211409 90.455040 -20.056679 0.679953 3.704693
110020660 1.139082 -0.415439 -0.004761 1.212485 90.224990 -20.037616 0.667983 3.701212
110020661 1.140258 -0.415439 0.000098 1.213581 89.995351 -20.018587 0.656500 3.697677
110020662 1.141434 -0.415439 0.004958 1.214696 89.766130 -19.999593 0.667199 3.694089
110020663 1.142611 -0.415439 0.009818 1.215831 89.537333 -19.980634 0.677829 3.690448
110020664 1.143787 -0.415439 0.014677 1.216985 89.308967 -19.961709 0.688390 3.686756
110020665 1.144963 -0.415439 0.019537 1.218159 89.081037 -19.942818 0.698881 3.683011
110020666 1.146139 -0.415439 0.024397 1.219352 88.853550 -19.923961 0.709302 3.679215
110020667 1.147316 -0.415439 0.029256 1.220565 88.626512 -19.905139 0.719651 3.675368
110020668 1.148492 -0.415439 0.034116 1.221797 88.399928 -19.886351 0.729929 3.671471
110020669 1.149668 -0.415439 0.038976 1.223048 88.173804 -19.867597 0.740135 3.667525
110020670 1.150845 -0.415439 0.043835 1.224318 87.948146 -19.848877 0.750267 3.663529
110020671 1.152021 -0.415439 0.048695 1.225607 87.722959 -19.830190 0.760326 3.659484
110020672 1.153197 -0.415439 0.053555 1.226915 87.498249 -19.811538 0.770311 3.655391
110020673 1.154374 -0.415439 0.058414 1.228243 87.274022 -19.792919 0.780222 3.651251
110020674 1.155550 -0.415439 0.063274 1.229589 87.050283 -19.774333 0.790057 3.647063
110020675 1.156726 -0.415439 0.068134 1.230954 86.827036 -19.755781 0.799817 3.642829
110020676 1.157903 -0.415439 0.072993 1.232338 86.604288 -19.737263 0.809501 3.638549
110020677 1.159079 -0.415439 0.077853 1.233740 86.382044 -19.718777 0.819109 3.634223
110020678 1.160255 -0.415439 0.082713 1.235161 86.160307 -19.700325 0.828640 3.629852
110020679 1.161431 -0.415439 0.087572 1.236601 85.939084 -19.681906 0.838094 3.625437
110020680 1.162608 -0.415439 0.092432 1.238059 85.718380 -19.663521 0.847471 3.620978
110020681 1.163784 -0.415439 0.097292 1.239536 85.498198 -19.645168 0.856769 3.616476
110020682 1.164960 -0.415439 0.102151 1.241031 85.278544 -19.626848 0.865990 3.611930
110020683 1.166137 -0.415439 0.107011 1.242544 85.059422 -19.608560 0.875132 3.607343
110020684 1.167313 -0.415439 0.111871 1.244076 84.840837 -19.590306 0.884195 3.602714
110020685 1.168489 -0.415439 0.116730 1.245625 84.622794 -19.572084 0.893179 3.598043
110020686 1.169666 -0.415439 0.121590 1.247193 84.405296 -19.553895 0.902083 3.593332
110020687 1.170842 -0.415439 0.126450 1.248779 84.188348 -19.535738 0.910908 3.588581
110020688 1.172018 -0.415439 0.131309 1.250383 83.971954 -19.517613 0.919653 3.583791
110020689 1.173194 -0.415439 0.136169 1.252005 83.756118 -19.499521 0.928318 3.578962
110020690 1.174371 -0.415439 0.141029 1.253645 83.540844 -19.481461 0.936903 3.574094
110020691 1.175547 -0.415439 0.145888 1.255302 83.326136 -19.463433 0.945407 3.569188
110020692 1.176723 -0.415439 0.150748 1.256977 83.111998 -19.445437 0.953831 3.564245
110020693 1.177900 -0.415439 0.155608 1.258670 82.898434 -19.427473 0.962174 3.559266
110020694 1.179076 -0.415439 0.160467 1.260381 82.685447 -19.409541 0.970436 3.554250
110020695 1.180252 -0.415439 0.165327 1.262109 82.473042 -19.391641 0.978617 3.549199
110020696 1.181429 -0.415439 0.170187 1.263854 82.261220 -19.373773 0.986717 3.544112
110020697 1.182605 -0.415439 0.175046 1.265616 82.049987 -19.355936 0.994736 3.538992
110020698 1.183781 -0.415439 0.179906 1.267396 81.839344 -19.338130 1.002673 3.533837
110020699 1.184958 -0.415439 0.184766 1.269193 81.629296 -19.320357 1.010530 3.528649
110020700 1.186134 -0.415439 0.189625 1.271008 81.419846 -19.302614 1.018305 3.523428
110020701 1.082102 -0.392339 -0.294488 1.188106 104.351110 -19.929182 1.364853 3.775961
110020702 1.083278 -0.392339 -0.289628 1.187984 104.110824 -19.909243 1.353738 3.776139
110020703 1.084454 -0.392339 -0.284769 1.187882 103.870491 -19.889342 1.342578 3.776251
110020704 1.085631 -0.392339 -0.279909 1.187801 103.630119 -19.869479 1.331375 3.776296
110020705 1.086807 -0.392339 -0.275049 1.187742 103.389717 -19.849654 1.320129 3.776273
110020706 1.087983 -0.392339 -0.270190 1.187703 103.149294 -19.829867 1.308843 3.776184
110020707 1.089159 -0.392339 -0.265330 1.187686 102.908858 -19.810118 1.297516 3.776028
110020708 1.090336 -0.392339 -0.260470 1.187690 102.668418 -19.790406 1.286151 3.775805
110020709 1.091512 -0.392339 -0.255611 1.187714 102.427982 -19.770732 1.274748 3.775516
110020710 1.092688 -0.392339 -0.250751 1.187760 102.187559 -19.751096 1.263308 3.775159
110020711 1.093865 -0.392339 -0.245891 1.187827 101.947157 -19.731497 1.251834 3.774735
110020712 1.095041 -0.392339 -0.241032 1.187914 101.706785 -19.711935 1.240325 3.774245
110020713 1.096217 -0.392339 -0.236172 1.188023 101.466452 -19.692411 1.228783 3.773688
110020714 1.097394 -0.392339 -0.231312 1.188153 101.226166 -19.672924 1.217210 3.773064
110020715 1.098570 -0.392339 -0.226453 1.188304 100.985935 -19.653473 1.205607 3.772374
110020716 1.099746 -0.392339 -0.221593 1.188476 100.745768 -19.634060 1.193975 3.771617
110020717 1.100922 -0.392339 -0.216733 1.188669 100.505673 -19.614683 1.182315 3.770794
110020718 1.102099 -0.392339 -0.211874 1.188883 100.265660 -19.595343 1.170628 3.769904
110020719 1.103275 -0.392339 -0.207014 1.189118 100.025736 -19.576040 1.158916 3.768948
110020720 1.104451 -0.392339 -0.202154 1.189373 99.785910 -19.556773 1.147179 3.767927
110020721 1.105628 -0.392339 -0.197295 1.189650 99.546190 -19.537543 1.135420 3.766839
110020722 1.106804 -0.392339 -0.192435 1.189948 99.306585 -19.518349 1.123640 3.765685
110020723 1.107980 -0.392339 -0.187575 1.190267 99.067103 -19.499191 1.111839 3.764466
110020724 1.109157 -0.392339 -0.182716 1.190606 98.827753 -19.480069 1.100019 3.763182
110020725 1.110333 -0.392339 -0.177856 1.190967 98.588542 -19.460984 1.088181 3.761832
110020726 1.111509 -0.392339 -0.172996 1.191348 98.349479 -19.441934 1.076327 3.760418
110020727 1.112686 -0.392339 -0.168137 1.191750 98.110572 -19.422920 1.064458 3.758938
110020728 1.113862 -0.392339 -0.163277 1.192173 97.871830 -19.403941 1.052574 3.757394
110020729 1.115038 -0.392339 -0.158417 1.192617 97.633261 -19.384999 1.040678 3.755785
110020730 1.116214 -0.392339 -0.153558 1.193082 97.394872 -19.366092 1.028771 3.754112
110020731 1.117391 -0.392339 -0.148698 1.193567 97.156673 -19.347220 1.016853 3.752375
110020732 1.118567 -0.392339 -0.143838 1.194073 96.918670 -19.328384 1.004927 3.750575
110020733 1.119743 -0.392339 -0.138979 1.194600 96.680873 -19.309583 0.992993 3.748711
110020734 1.120920 -0.392339 -0.134119 1.195148 96.443288 -19.290817 0.981052 3.746784
110020735 1.122096 -0.392339 -0.129259 1.195716 96.205925 -19.272086 0.969106 3.744794
110020736 1.123272 -0.392339 -0.124400 1.196305 95.968791 -19.253390 0.957157 3.742741
110020737 1.124449 -0.392339 -0.119540 1.196914 95.731893 -19.234729 0.945205 3.740626
110020738 1.125625 -0.392339 -0.114681 1.197544 95.495240 -19.216103 0.933251 3.738450
110020739 1.126801 -0.392339 -0.109821 1.198195 95.258839 -19.197511 0.921297 3.736211
110020740 1.127977 -0.392339 -0.104961 1.198866 95.022699 -19.178954 0.909345 3.733911
110020741 1.129154 -0.392339 -0.100102 1.199558 94.786826 -19.160431 0.897395 3.731550
110020742 1.130330 -0.392339 -0.095242 1.200269 94.551228 -19.141943 0.885448 3.729128
110020743 1.131506 -0.392339 -0.090382 1.201002 94.315913 -19.123489 0.873506 3.726646
110020744 1.132683 -0.392339 -0.085523 1.201755 94.080889 -19.105070 0.861570 3.724104
110020745 1.133859 -0.392339 -0.080663 1.202528 93.846162 -19.086684 0.849641 3.721502
110020746 1.135035 -0.392339 -0.075803 1.203321 93.611741 -19.068333 0.837720 3.718841
110020747 1.136212 -0.392339 -0.070944 1.204134 93.377631 -19.050015 0.825809 3.716121
110020748 1.137388 -0.392339 -0.066084 1.204968 93.143842 -19.031732 0.813909 3.713343
110020749 1.138564 -0.392339 -0.061224 1.205822 92.910380 -19.013482 0.802021 3.710506
110020750 1.139741 -0.392339 -0.056365 1.206696 92.677251 -18.995266 0.790145 3.707612
110020751 1.140917 -0.392339 -0.051505 1.207590 92.444464 -18.977083 0.778284 3.704660
110020752 1.142093 -0.392339 -0.046645 1.208504 92.212024 -18.958934 0.766438 3.701651
110020753 1.143269 -0.392339 -0.041786 1.209438 91.979940 -18.940818 0.754609 3.698586
110020754 1.144446 -0.392339 -0.036926 1.210392 91.748217 -18.922736 0.742797 3.695465
110020755 1.145622 -0.392339 -0.032066 1.211366 91.516863 -18.904687 0.731004 3.692288
110020756 1.146798 -0.392339 -0.027207 1.212360 91.285885 -18.886671 0.719231 3.689056
110020757 1.147975 -0.392339 -0.022347 1.213373 91.055288 -18.868688 0.707479 3.685769
110020758 1.149151 -0.392339 -0.017487 1.214407 90.825080 -18.850738 0.695748 3.682428
110020759 1.150327 -0.392339 -0.012628 1.215460 90.595267 -18.832821 0.684041 3.679033
110020760 1.151504 -0.392339 -0.007768 1.216532 90.365855 -18.814937 0.672357 3.675584
110020761 1.152680 -0.392339 -0.002908 1.217624 90.136852 -18.797085 0.660699 3.672083
110020762 1.153856 -0.392339 0.001951 1.218736 89.908262 -18.779266 0.657919 3.668529
110020763 1.155032 -0.392339 0.006811 1.219867 89.680093 -18.761480 0.668293 3.664923
110020764 1.156209 -0.392339 0.011671 1.221018 89.452350 -18.743726 0.678600 3.661266
110020765 1.157385 -0.392339 0.016530 1.222188 89.225039 -18.726004 0.688839 3.657558
110020766 1.158561 -0.392339 0.021390 1.223377 88.998167 -18.708315 0.699010 3.653799
110020767 1.159738 -0.392339 0.026250 1.224586 88.771740 -18.690658 0.709111 3.649990
110020768 1.160914 -0.392339 0.031109 1.225814 88.545762 -18.673033 0.719143 3.646131
110020769 1.162090 -0.392339 0.035969 1.227060 88.320241 -18.655440 0.729104 3.642224
110020770 1.163267 -0.392339 0.040829 1.228326 88.095181 -18.637879 0.738995 3.638267
110020771 1.164443 -0.392339 0.045688 1.229611 87.870588 -18.620349 0.748814 3.634263
110020772 1.165619 -0.392339 0.050548 1.230915 87.646467 -18.602852 0.758561 3.630212
110020773 1.166796 -0.392339 0.055408 1.232238 87.422825 -18.585386 0.768236 3.626113
110020774 1.167972 -0.392339 0.060267 1.233580 87.199666 -18.567952 0.777838 3.621968
110020775 1.169148 -0.392339 0.065127 1.234941 86.976995 -18.550550 0.787367 3.617777
110020776 1.170324 -0.392339 0.069987 1.236320 86.754819 -18.533178 0.796822 3.613540
110020777 1.171501 -0.392339 0.074846 1.237718 86.533141 -18.515839 0.806203 3.609259
110020778 1.172677 -0.392339 0.079706 1.239134 86.311967 -18.498530 0.815509 3.604933
110020779 1.173853 -0.392339 0.084566 1.240570 86.091302 -18.481253 0.824740 3.600563
110020780 1.175030 -0.392339 0.089425 1.242023 85.871150 -18.464007 0.833896 3.596150
110020781 1.176206 -0.392339 0.094285 1.243495 85.651516 -18.446792 0.842977 3.591694
110020782 1.177382 -0.392339 0.099145 1.244985 85.432406 -18.429607 0.851981 3.587196
110020783 1.178559 -0.392339 0.104004 1.246494 85.213823 -18.412454 0.860909 3.582656
110020784 1.179735 -0.392339 0.108864 1.248021 84.995772 -18.395332 0.869760 3.578075
110020785 1.180911 -0.392339 0.113724 1.249566 84.778258 -18.378240 0.878535 3.573454
110020786 1.182087 -0.392339 0.118583 1.251128 84.561284 -18.361179 0.887232 3.568792
110020787 1.183264 -0.392339 0.123443 1.252709 84.344855 -18.344148 0.895852 3.564091
110020788 1.184440 -0.392339 0.128303 1.254308 84.128976 -18.327148 0.904394 3.559351
110020789 1.185616 -0.392339 0.133162 1.255925 83.913650 -18.310178 0.912859 3.554572
110020790 1.186793 -0.392339 0.138022 1.257560 83.698881 -18.293239 0.921245 3.549755
110020791 1.187969 -0.392339 0.142882 1.259212 83.484673 -18.276330 0.929554 3.544902
110020792 1.189145 -0.392339 0.147741 1.260882 83.271030 -18.259451 0.937784 3.540011
110020793 1.190322 -0.392339 0.152601 1.262570 83.057956 -18.242602 0.945935 3.535084
110020794 1.191498 -0.392339 0.157461 1.264275 82.845455 -18.225783 0.954008 3.530121
110020795 1.192674 -0.392339 0.162320 1.265997 82.633529 -18.208994 0.962002 3.525124
110020796 1.193851 -0.392339 0.167180 1.267737 82.422183 -18.192235 0.969918 3.520091
110020797 1.195027 -0.392339 0.172040 1.269495 82.211419 -18.175506 0.977754 3.515025
110020798 1.196203 -0.392339 0.176899 1.271269 82.001242 -18.158806 0.985511 3.509925
110020799 1.197379 -0.392339 0.181759 1.273061 81.791654 -18.142136 0.993190 3.504792
110020800 1.198556 -0.392339 0.186618 1.274869 81.582659 -18.125496 1.000789 3.499626
