# pixelID   x   y   z   l2  two_theta   azimuthal   polar_width azimuthal_width
110070001 0.981409 0.579590 -0.270115 1.171345 103.332527 30.564786 1.433514 3.877664
110070002 0.982585 0.579590 -0.265255 1.171221 103.089772 30.534743 1.420284 3.878128
110070003 0.983761 0.579590 -0.260395 1.171118 102.846967 30.504754 1.407006 3.878521
110070004 0.984938 0.579590 -0.255536 1.171036 102.604120 30.474818 1.393681 3.878843
110070005 0.986114 0.579590 -0.250676 1.170976 102.361241 30.444935 1.380311 3.879092
110070006 0.987290 0.579590 -0.245816 1.170936 102.118337 30.415104 1.366898 3.879270
110070007 0.988467 0.579590 -0.240957 1.170919 101.875419 30.385327 1.353442 3.879376
110070008 0.989643 0.579590 -0.236097 1.170922 101.632494 30.355602 1.339945 3.879410
110070009 0.990819 0.579590 -0.231237 1.170947 101.389573 30.325930 1.326409 3.879372
110070010 0.991996 0.579590 -0.226378 1.170994 101.146663 30.296311 1.312835 3.879263
110070011 0.993172 0.579590 -0.221518 1.171061 100.903774 30.266743 1.299225 3.879082
110070012 0.994348 0.579590 -0.216658 1.171151 100.660915 30.237228 1.285580 3.878829
110070013 0.995525 0.579590 -0.211799 1.171261 100.418094 30.207765 1.271901 3.878504
110070014 0.996701 0.579590 -0.206939 1.171393 100.175321 30.178354 1.258190 3.878108
110070015 0.997877 0.579590 -0.202079 1.171546 99.932604 30.148995 1.244449 3.877640
110070016 0.999053 0.579590 -0.197220 1.171720 99.689952 30.119687 1.230679 3.877101
110070017 1.000230 0.579590 -0.192360 1.171916 99.447375 30.090431 1.216882 3.876490
110070018 1.001406 0.579590 -0.187501 1.172133 99.204880 30.061227 1.203059 3.875809
110070019 1.002582 0.579590 -0.182641 1.172371 98.962478 30.032074 1.189211 3.875056
110070020 1.003759 0.579590 -0.177781 1.172630 98.720176 30.002972 1.175341 3.874232
110070021 1.004935 0.579590 -0.172922 1.172911 98.477983 29.973921 1.161449 3.873337
110070022 1.006111 0.579590 -0.168062 1.173213 98.235909 29.944921 1.147538 3.872372
110070023 1.007288 0.579590 -0.163202 1.173536 97.993961 29.915972 1.133608 3.871336
110070024 1.008464 0.579590 -0.158343 1.173881 97.752149 29.887074 1.119662 3.870230
110070025 1.009640 0.579590 -0.153483 1.174246 97.510481 29.858227 1.105700 3.869053
110070026 1.010816 0.579590 -0.148623 1.174633 97.268967 29.829430 1.091725 3.867807
110070027 1.011993 0.579590 -0.143764 1.175041 97.027613 29.800683 1.077738 3.866491
110070028 1.013169 0.579590 -0.138904 1.175470 96.786430 29.771986 1.063740 3.865105
110070029 1.014345 0.579590 -0.134044 1.175920 96.545426 29.743340 1.049734 3.863651
110070030 1.015522 0.579590 -0.129185 1.176392 96.304608 29.714744 1.035719 3.862127
110070031 1.016698 0.579590 -0.124325 1.176884 96.063987 29.686198 1.021699 3.860534
110070032 1.017874 0.579590 -0.119465 1.177397 95.823569 29.657701 1.007675 3.858873
110070033 1.019051 0.579590 -0.114606 1.177932 95.583364 29.629255 0.993647 3.857143
110070034 1.020227 0.579590 -0.109746 1.178487 95.343379 29.600858 0.979618 3.855346
110070035 1.021403 0.579590 -0.104886 1.179063 95.103624 29.572510 0.965589 3.853481
110070036 1.022580 0.579590 -0.100027 1.179660 94.864105 29.544212 0.951562 3.851548
110070037 1.023756 0.579590 -0.095167 1.180278 94.624832 29.515962 0.937538 3.849549
110070038 1.024932 0.579590 -0.090307 1.180917 94.385813 29.487762 0.923518 3.847482
110070039 1.026108 0.579590 -0.085448 1.181577 94.147055 29.459611 0.909504 3.845350
110070040 1.027285 0.579590 -0.080588 1.182257 93.908567 29.431509 0.895498 3.843151
110070041 1.028461 0.579590 -0.075728 1.182959 93.670357 29.403456 0.881501 3.840886
110070042 1.029637 0.579590 -0.070869 1.183681 93.432432 29.375451 0.867515 3.838556
110070043 1.030814 0.579590 -0.066009 1.184423 93.194801 29.347495 0.853540 3.836162
110070044 1.031990 0.579590 -0.061149 1.185186 92.957470 29.319587 0.839578 3.833702
110070045 1.033166 0.579590 -0.056290 1.185970 92.720449 29.291728 0.825632 3.831179
110070046 1.034343 0.579590 -0.051430 1.186775 92.483744 29.263917 0.811701 3.828591
110070047 1.035519 0.579590 -0.046570 1.187599 92.247363 29.236154 0.797788 3.825940
110070048 1.036695 0.579590 -0.041711 1.188445 92.011314 29.208439 0.783894 3.823226
110070049 1.037871 0.579590 -0.036851 1.189310 91.775604 29.180772 0.770021 3.820450
110070050 1.039048 0.579590 -0.031991 1.190197 91.540241 29.153152 0.756169 3.817611
110070051 1.040224 0.579590 -0.027132 1.191103 91.305232 29.125580 0.742340 3.814711
110070052 1.041400 0.579590 -0.022272 1.192030 91.070583 29.098056 0.728536 3.811749
110070053 1.042577 0.579590 -0.017412 1.192977 90.836303 29.070579 0.714757 3.808726
110070054 1.043753 0.579590 -0.012553 1.193944 90.602398 29.043150 0.701005 3.805643
110070055 1.044929 0.579590 -0.007693 1.194931 90.368876 29.015768 0.687282 3.802501
110070056 1.046106 0.579590 -0.002833 1.195939 90.135743 28.988433 0.673589 3.799298
110070057 1.047282 0.579590 0.002026 1.196966 89.903007 28.961144 0.670831 3.796037
110070058 1.048458 0.579590 0.006886 1.198013 89.670673 28.933903 0.683278 3.792717
110070059 1.049635 0.579590 0.011746 1.199081 89.438750 28.906709 0.695649 3.789339
110070060 1.050811 0.579590 0.016605 1.200168 89.207242 28.879561 0.707945 3.785904
110070061 1.051987 0.579590 0.021465 1.201275 88.976158 28.852460 0.720164 3.782412
110070062 1.053163 0.579590 0.026325 1.202402 88.745504 28.825405 0.732305 3.778863
110070063 1.054340 0.579590 0.031184 1.203548 88.515285 28.798396 0.744367 3.775258
110070064 1.055516 0.579590 0.036044 1.204715 88.285509 28.771434 0.756350 3.771598
110070065 1.056692 0.579590 0.040904 1.205901 88.056181 28.744518 0.768253 3.767882
110070066 1.057869 0.579590 0.045763 1.207106 87.827308 28.717648 0.780074 3.764113
110070067 1.059045 0.579590 0.050623 1.208331 87.598896 28.690824 0.791815 3.760289
110070068 1.060221 0.579590 0.055483 1.209575 87.370951 28.664046 0.803472 3.756412
110070069 1.061398 0.579590 0.060342 1.210839 87.143478 28.637313 0.815047 3.752483
110070070 1.062574 0.579590 0.065202 1.212122 86.916484 28.610626 0.826539 3.748500
110070071 1.063750 0.579590 0.070062 1.213424 86.689974 28.583984 0.837946 3.744467
110070072 1.064926 0.579590 0.074921 1.214745 86.463954 28.557388 0.849268 3.740382
110070073 1.066103 0.579590 0.079781 1.216086 86.238429 28.530838 0.860504 3.736246
110070074 1.067279 0.579590 0.084641 1.217445 86.013406 28.504332 0.871655 3.732061
110070075 1.068455 0.579590 0.089500 1.218824 85.788888 28.477871 0.882719 3.727825
110070076 1.069632 0.579590 0.094360 1.220221 85.564883 28.451456 0.893696 3.723541
110070077 1.070808 0.579590 0.099220 1.221638 85.341394 28.425085 0.904586 3.719209
110070078 1.071984 0.579590 0.104079 1.223073 85.118428 28.398759 0.915387 3.714829
110070079 1.073161 0.579590 0.108939 1.224527 84.895988 28.372478 0.926100 3.710401
110070080 1.074337 0.579590 0.113798 1.225999 84.674081 28.346241 0.936724 3.705927
110070081 1.075513 0.579590 0.118658 1.227490 84.452710 28.320049 0.947258 3.701407
110070082 1.076690 0.579590 0.123518 1.229000 84.231881 28.293901 0.957703 3.696842
110070083 1.077866 0.579590 0.128377 1.230528 84.011599 28.267798 0.968058 3.692231
110070084 1.079042 0.579590 0.133237 1.232075 83.791867 28.241738 0.978322 3.687576
110070085 1.080218 0.579590 0.138097 1.233640 83.572691 28.215723 0.988495 3.682878
110070086 1.081395 0.579590 0.142956 1.235223 83.354075 28.189751 0.998578 3.678136
110070087 1.082571 0.579590 0.147816 1.236824 83.136023 28.163824 1.008569 3.673352
110070088 1.083747 0.579590 0.152676 1.238444 82.918539 28.137940 1.018468 3.668525
110070089 1.084924 0.579590 0.157535 1.240081 82.701629 28.112100 1.028276 3.663658
110070090 1.086100 0.579590 0.162395 1.241736 82.485294 28.086303 1.037992 3.658749
110070091 1.087276 0.579590 0.167255 1.243410 82.269541 28.060550 1.047615 3.653801
110070092 1.088453 0.579590 0.172114 1.245101 82.054372 28.034840 1.057146 3.648812
110070093 1.089629 0.579590 0.176974 1.246810 81.839791 28.009174 1.066584 3.643785
110070094 1.090805 0.579590 0.181834 1.248537 81.625803 27.983550 1.075930 3.638719
110070095 1.091981 0.579590 0.186693 1.250281 81.412410 27.957970 1.085182 3.633616
110070096 1.093158 0.579590 0.191553 1.252043 81.199616 27.932433 1.094342 3.628475
110070097 1.094334 0.579590 0.196413 1.253822 80.987425 27.906938 1.103409 3.623298
110070098 1.095510 0.579590 0.201272 1.255619 80.775840 27.881486 1.112382 3.618084
110070099 1.096687 0.579590 0.206132 1.257432 80.564865 27.856077 1.121263 3.612835
110070100 1.097863 0.579590 0.210992 1.259264 80.354502 27.830711 1.130050 3.607551
110070101 0.968987 0.602690 -0.267108 1.171972 103.174253 31.880758 1.434247 3.872227
110070102 0.970163 0.602690 -0.262248 1.171847 102.931766 31.849592 1.420844 3.872741
110070103 0.971340 0.602690 -0.257389 1.171744 102.689230 31.818480 1.407392 3.873183
110070104 0.972516 0.602690 -0.252529 1.171663 102.446651 31.787422 1.393894 3.873553
110070105 0.973692 0.602690 -0.247669 1.171602 102.204039 31.756419 1.380350 3.873852
110070106 0.974868 0.602690 -0.242810 1.171563 101.961404 31.725469 1.366763 3.874079
110070107 0.976045 0.602690 -0.237950 1.171545 101.718753 31.694574 1.353134 3.874235
110070108 0.977221 0.602690 -0.233090 1.171549 101.476096 31.663733 1.339463 3.874318
110070109 0.978397 0.602690 -0.228231 1.171574 101.233442 31.632945 1.325753 3.874330
110070110 0.979574 0.602690 -0.223371 1.171620 100.990799 31.602211 1.312006 3.874270
110070111 0.980750 0.602690 -0.218511 1.171688 100.748177 31.571530 1.298222 3.874138
110070112 0.981926 0.602690 -0.213652 1.171777 100.505584 31.540903 1.284403 3.873934
110070113 0.983103 0.602690 -0.208792 1.171887 100.263030 31.510329 1.270551 3.873659
110070114 0.984279 0.602690 -0.203932 1.172019 100.020523 31.479808 1.256667 3.873312
110070115 0.985455 0.602690 -0.199073 1.172172 99.778072 31.449340 1.242753 3.872894
110070116 0.986632 0.602690 -0.194213 1.172346 99.535685 31.418925 1.228810 3.872404
110070117 0.987808 0.602690 -0.189353 1.172542 99.293373 31.388563 1.214840 3.871843
110070118 0.988984 0.602690 -0.184494 1.172759 99.051143 31.358254 1.200844 3.871210
110070119 0.990160 0.602690 -0.179634 1.172997 98.809005 31.327997 1.186824 3.870507
110070120 0.991337 0.602690 -0.174774 1.173256 98.566967 31.297792 1.172782 3.869732
110070121 0.992513 0.602690 -0.169915 1.173537 98.325038 31.267640 1.158718 3.868887
110070122 0.993689 0.602690 -0.165055 1.173838 98.083227 31.237540 1.144635 3.867970
110070123 0.994866 0.602690 -0.160195 1.174162 97.841543 31.207492 1.130534 3.866984
110070124 0.996042 0.602690 -0.155336 1.174506 97.599993 31.177496 1.116417 3.865927
110070125 0.997218 0.602690 -0.150476 1.174871 97.358587 31.147551 1.102285 3.864799
110070126 0.998395 0.602690 -0.145616 1.175258 97.117334 31.117659 1.088140 3.863602
110070127 0.999571 0.602690 -0.140757 1.175666 96.876242 31.087818 1.073982 3.862335
110070128 1.000747 0.602690 -0.135897 1.176094 96.635320 31.058028 1.059815 3.860998
110070129 1.001923 0.602690 -0.131037 1.176544 96.394576 31.028290 1.045639 3.859593
110070130 1.003100 0.602690 -0.126178 1.177015 96.154018 30.998603 1.031456 3.858118
110070131 1.004276 0.602690 -0.121318 1.177507 95.913656 30.968967 1.017268 3.856574
110070132 1.005452 0.602690 -0.116458 1.178020 95.673497 30.939382 1.003075 3.854961
110070133 1.006629 0.602690 -0.111599 1.178554 95.433550 30.909848 0.988881 3.853281
110070134 1.007805 0.602690 -0.106739 1.179109 95.193823 30.880365 0.974685 3.851532
110070135 1.008981 0.602690 -0.101879 1.179685 94.954325 30.850932 0.960489 3.849715
110070136 1.010158 0.602690 -0.097020 1.180282 94.715063 30.821550 0.946296 3.847831
110070137 1.011334 0.602690 -0.092160 1.180900 94.476046 30.792219 0.932107 3.845880
110070138 1.012510 0.602690 -0.087300 1.181539 94.237282 30.762937 0.917922 3.843862
110070139 1.013687 0.602690 -0.082441 1.182198 93.998779 30.733706 0.903744 3.841778
110070140 1.014863 0.602690 -0.077581 1.182878 93.760546 30.704525 0.889575 3.839628
110070141 1.016039 0.602690 -0.072722 1.183579 93.522589 30.675394 0.875414 3.837411
110070142 1.017215 0.602690 -0.067862 1.184300 93.284917 30.646313 0.861265 3.835130
110070143 1.018392 0.602690 -0.063002 1.185043 93.047538 30.617281 0.847129 3.832783
110070144 1.019568 0.602690 -0.058143 1.185805 92.810459 30.588300 0.833006 3.830371
110070145 1.020744 0.602690 -0.053283 1.186589 92.573689 30.559367 0.818899 3.827896
110070146 1.021921 0.602690 -0.048423 1.187393 92.337234 30.530484 0.804808 3.825356
110070147 1.023097 0.602690 -0.043564 1.188217 92.101103 30.501651 0.790736 3.822753
110070148 1.024273 0.602690 -0.038704 1.189062 91.865303 30.472866 0.776684 3.820087
110070149 1.025450 0.602690 -0.033844 1.189927 91.629841 30.444131 0.762652 3.817358
110070150 1.026626 0.602690 -0.028985 1.190813 91.394725 30.415444 0.748643 3.814566
110070151 1.027802 0.602690 -0.024125 1.191719 91.159962 30.386807 0.734658 3.811713
110070152 1.028978 0.602690 -0.019265 1.192645 90.925560 30.358218 0.720698 3.808799
110070153 1.030155 0.602690 -0.014406 1.193592 90.691525 30.329678 0.706765 3.805823
110070154 1.031331 0.602690 -0.009546 1.194558 90.457865 30.301186 0.692859 3.802787
110070155 1.032507 0.602690 -0.004686 1.195545 90.224586 30.272743 0.678982 3.799692
110070156 1.033684 0.602690 0.000173 1.196552 89.991696 30.244348 0.666083 3.796536
110070157 1.034860 0.602690 0.005033 1.197579 89.759202 30.216001 0.678744 3.793321
110070158 1.036036 0.602690 0.009893 1.198626 89.527110 30.187702 0.691330 3.790048
110070159 1.037213 0.602690 0.014752 1.199693 89.295427 30.159451 0.703840 3.786717
110070160 1.038389 0.602690 0.019612 1.200779 89.064160 30.131248 0.716274 3.783328
110070161 1.039565 0.602690 0.024472 1.201886 88.833314 30.103093 0.728630 3.779882
110070162 1.040742 0.602690 0.029331 1.203012 88.602898 30.074986 0.740907 3.776379
110070163 1.041918 0.602690 0.034191 1.204158 88.372917 30.046926 0.753105 3.772820
110070164 1.043094 0.602690 0.039051 1.205324 88.143377 30.018913 0.765222 3.769206
110070165 1.044270 0.602690 0.043910 1.206509 87.914285 29.990948 0.777259 3.765536
110070166 1.045447 0.602690 0.048770 1.207714 87.685647 29.963030 0.789214 3.761812
110070167 1.046623 0.602690 0.053630 1.208938 87.457468 29.935159 0.801087 3.758034
110070168 1.047799 0.602690 0.058489 1.210182 87.229756 29.907335 0.812877 3.754202
110070169 1.048976 0.602690 0.063349 1.211445 87.002515 29.879559 0.824583 3.750318
110070170 1.050152 0.602690 0.068209 1.212727 86.775752 29.851828 0.836204 3.746381
110070171 1.051328 0.602690 0.073068 1.214028 86.549473 29.824145 0.847741 3.742392
110070172 1.052505 0.602690 0.077928 1.215349 86.323682 29.796508 0.859191 3.738352
110070173 1.053681 0.602690 0.082788 1.216689 86.098386 29.768918 0.870556 3.734261
110070174 1.054857 0.602690 0.087647 1.218048 85.873590 29.741374 0.881833 3.730119
110070175 1.056033 0.602690 0.092507 1.219426 85.649300 29.713876 0.893023 3.725929
110070176 1.057210 0.602690 0.097367 1.220823 85.425520 29.686424 0.904125 3.721689
110070177 1.058386 0.602690 0.102226 1.222238 85.202256 29.659019 0.915139 3.717400
110070178 1.059562 0.602690 0.107086 1.223673 84.979514 29.631659 0.926064 3.713064
110070179 1.060739 0.602690 0.111946 1.225126 84.757297 29.604346 0.936899 3.708680
110070180 1.061915 0.602690 0.116805 1.226598 84.535612 29.577078 0.947645 3.704249
110070181 1.063091 0.602690 0.121665 1.228088 84.314463 29.549855 0.958300 3.699773
110070182 1.064268 0.602690 0.126525 1.229597 84.093854 29.522679 0.968865 3.695250
110070183 1.065444 0.602690 0.131384 1.231125 83.873791 29.495547 0.979339 3.690683
110070184 1.066620 0.602690 0.136244 1.232670 83.654278 29.468461 0.989721 3.686071
110070185 1.067797 0.602690 0.141104 1.234234 83.435319 29.441421 1.000012 3.681415
110070186 1.068973 0.602690 0.145963 1.235817 83.216919 29.414425 1.010210 3.676715
110070187 1.070149 0.602690 0.150823 1.237417 82.999083 29.387475 1.020317 3.671973
110070188 1.071325 0.602690 0.155683 1.239036 82.781813 29.360569 1.030331 3.667189
110070189 1.072502 0.602690 0.160542 1.240673 82.565116 29.333709 1.040252 3.662363
110070190 1.073678 0.602690 0.165402 1.242327 82.348995 29.306893 1.050080 3.657497
110070191 1.074854 0.602690 0.170262 1.244000 82.133453 29.280121 1.059815 3.652590
110070192 1.076031 0.602690 0.175121 1.245690 81.918494 29.253394 1.069457 3.647643
110070193 1.077207 0.602690 0.179981 1.247398 81.704123 29.226712 1.079005 3.642657
110070194 1.078383 0.602690 0.184841 1.249124 81.490343 29.200074 1.088459 3.637632
110070195 1.079560 0.602690 0.189700 1.250868 81.277158 29.173480 1.097820 3.632569
110070196 1.080736 0.602690 0.194560 1.252629 81.064571 29.146931 1.107086 3.627469
110070197 1.081912 0.602690 0.199420 1.254407 80.852586 29.120425 1.116259 3.622332
110070198 1.083088 0.602690 0.204279 1.256203 80.641206 29.093964 1.125337 3.617159
110070199 1.084265 0.602690 0.209139 1.258016 80.430434 29.067546 1.134322 3.611950
110070200 1.085441 0.602690 0.213999 1.259846 80.220274 29.041172 1.143212 3.606706
110070201 0.956565 0.625790 -0.264101 1.173192 103.009545 33.192927 1.433218 3.862819
110070202 0.957741 0.625790 -0.259242 1.173068 102.767452 33.160676 1.419664 3.863384
110070203 0.958918 0.625790 -0.254382 1.172965 102.525309 33.128480 1.406061 3.863878
110070204 0.960094 0.625790 -0.249522 1.172883 102.283124 33.096340 1.392411 3.864300
110070205 0.961270 0.625790 -0.244663 1.172823 102.040906 33.064255 1.378717 3.864651
110070206 0.962447 0.625790 -0.239803 1.172784 101.798663 33.032225 1.364978 3.864930
110070207 0.963623 0.625790 -0.234943 1.172766 101.556405 33.000250 1.351198 3.865138
110070208 0.964799 0.625790 -0.230084 1.172770 101.314141 32.968330 1.337377 3.865274
110070209 0.965975 0.625790 -0.225224 1.172795 101.071880 32.936464 1.323516 3.865338
110070210 0.967152 0.625790 -0.220364 1.172841 100.829629 32.904653 1.309618 3.865330
110070211 0.968328 0.625790 -0.215505 1.172909 100.587399 32.872897 1.295683 3.865251
110070212 0.969504 0.625790 -0.210645 1.172997 100.345198 32.841195 1.281714 3.865101
110070213 0.970681 0.625790 -0.205785 1.173108 100.103036 32.809548 1.267712 3.864878
110070214 0.971857 0.625790 -0.200926 1.173239 99.860920 32.777954 1.253678 3.864585
110070215 0.973033 0.625790 -0.196066 1.173392 99.618859 32.746415 1.239613 3.864220
110070216 0.974210 0.625790 -0.191206 1.173566 99.376864 32.714929 1.225521 3.863783
110070217 0.975386 0.625790 -0.186347 1.173761 99.134941 32.683497 1.211401 3.863275
110070218 0.976562 0.625790 -0.181487 1.173978 98.893101 32.652119 1.197256 3.862697
110070219 0.977739 0.625790 -0.176627 1.174216 98.651352 32.620795 1.183087 3.862047
110070220 0.978915 0.625790 -0.171768 1.174475 98.409703 32.589524 1.168896 3.861326
110070221 0.980091 0.625790 -0.166908 1.174755 98.168162 32.558306 1.154683 3.860535
110070222 0.981267 0.625790 -0.162048 1.175057 97.926738 32.527141 1.140452 3.859673
110070223 0.982444 0.625790 -0.157189 1.175380 97.685441 32.496029 1.126203 3.858740
110070224 0.983620 0.625790 -0.152329 1.175723 97.444277 32.464971 1.111938 3.857737
110070225 0.984796 0.625790 -0.147469 1.176088 97.203257 32.433965 1.097659 3.856665
110070226 0.985973 0.625790 -0.142610 1.176475 96.962389 32.403012 1.083366 3.855522
110070227 0.987149 0.625790 -0.137750 1.176882 96.721682 32.372111 1.069062 3.854310
110070228 0.988325 0.625790 -0.132890 1.177310 96.481143 32.341263 1.054749 3.853028
110070229 0.989502 0.625790 -0.128031 1.177760 96.240781 32.310468 1.040427 3.851677
110070230 0.990678 0.625790 -0.123171 1.178230 96.000606 32.279724 1.026098 3.850257
110070231 0.991854 0.625790 -0.118311 1.178722 95.760625 32.249033 1.011765 3.848768
110070232 0.993030 0.625790 -0.113452 1.179234 95.520846 32.218394 0.997428 3.847210
110070233 0.994207 0.625790 -0.108592 1.179768 95.281279 32.187807 0.983088 3.845585
110070234 0.995383 0.625790 -0.103732 1.180322 95.041931 32.157271 0.968748 3.843891
110070235 0.996559 0.625790 -0.098873 1.180898 94.802810 32.126787 0.954410 3.842130
110070236 0.997736 0.625790 -0.094013 1.181494 94.563926 32.096355 0.940074 3.840301
110070237 0.998912 0.625790 -0.089153 1.182111 94.325285 32.065974 0.925741 3.838406
110070238 1.000088 0.625790 -0.084294 1.182749 94.086896 32.035645 0.911415 3.836443
110070239 1.001265 0.625790 -0.079434 1.183408 93.848767 32.005367 0.897096 3.834414
110070240 1.002441 0.625790 -0.074574 1.184087 93.610906 31.975140 0.882785 3.832319
110070241 1.003617 0.625790 -0.069715 1.184787 93.373322 31.944964 0.868484 3.830159
110070242 1.004794 0.625790 -0.064855 1.185508 93.136021 31.914838 0.854195 3.827933
110070243 1.005970 0.625790 -0.059995 1.186249 92.899011 31.884764 0.839919 3.825642
110070244 1.007146 0.625790 -0.055136 1.187012 92.662301 31.854740 0.825658 3.823286
110070245 1.008322 0.625790 -0.050276 1.187794 92.425899 31.824767 0.811412 3.820866
110070246 1.009499 0.625790 -0.045416 1.188597 92.189811 31.794844 0.797184 3.818382
110070247 1.010675 0.625790 -0.040557 1.189421 91.954045 31.764972 0.782975 3.815834
110070248 1.011851 0.625790 -0.035697 1.190265 91.718609 31.735150 0.768786 3.813224
110070249 1.013028 0.625790 -0.030837 1.191129 91.483510 31.705377 0.754618 3.810551
110070250 1.014204 0.625790 -0.025978 1.192014 91.248756 31.675655 0.740474 3.807815
110070251 1.015380 0.625790 -0.021118 1.192919 91.014354 31.645983 0.726354 3.805018
110070252 1.016557 0.625790 -0.016258 1.193844 90.780311 31.616361 0.712260 3.802159
110070253 1.017733 0.625790 -0.011399 1.194790 90.546634 31.586788 0.698193 3.799240
110070254 1.018909 0.625790 -0.006539 1.195756 90.313330 31.557265 0.684155 3.796260
110070255 1.020085 0.625790 -0.001679 1.196742 90.080407 31.527791 0.670146 3.793220
110070256 1.021262 0.625790 0.003180 1.197747 89.847871 31.498367 0.673717 3.790120
110070257 1.022438 0.625790 0.008040 1.198773 89.615730 31.468992 0.686499 3.786961
110070258 1.023614 0.625790 0.012900 1.199819 89.383989 31.439666 0.699205 3.783744
110070259 1.024791 0.625790 0.017759 1.200885 89.152656 31.410389 0.711835 3.780468
110070260 1.025967 0.625790 0.022619 1.201970 88.921737 31.381160 0.724387 3.777135
110070261 1.027143 0.625790 0.027478 1.203076 88.691239 31.351981 0.736862 3.773744
110070262 1.028320 0.625790 0.032338 1.204201 88.461168 31.322851 0.749257 3.770297
110070263 1.029496 0.625790 0.037198 1.205346 88.231531 31.293769 0.761572 3.766794
110070264 1.030672 0.625790 0.042057 1.206510 88.002334 31.264735 0.773807 3.763235
110070265 1.031849 0.625790 0.046917 1.207694 87.773583 31.235750 0.785960 3.759621
110070266 1.033025 0.625790 0.051777 1.208898 87.545285 31.206813 0.798031 3.755952
110070267 1.034201 0.625790 0.056636 1.210121 87.317445 31.177925 0.810019 3.752230
110070268 1.035377 0.625790 0.061496 1.211363 87.090069 31.149084 0.821923 3.748453
110070269 1.036554 0.625790 0.066356 1.212625 86.863164 31.120291 0.833743 3.744624
110070270 1.037730 0.625790 0.071215 1.213906 86.636735 31.091547 0.845477 3.740742
110070271 1.038906 0.625790 0.076075 1.215207 86.410787 31.062850 0.857126 3.736808
110070272 1.040083 0.625790 0.080935 1.216526 86.185327 31.034200 0.868689 3.732823
110070273 1.041259 0.625790 0.085794 1.217865 85.960360 31.005598 0.880165 3.728787
110070274 1.042435 0.625790 0.090654 1.219222 85.735892 30.977044 0.891553 3.724701
110070275 1.043612 0.625790 0.095514 1.220599 85.511927 30.948537 0.902854 3.720565
110070276 1.044788 0.625790 0.100373 1.221994 85.288472 30.920077 0.914065 3.716380
110070277 1.045964 0.625790 0.105233 1.223408 85.065531 30.891664 0.925188 3.712146
110070278 1.047140 0.625790 0.110093 1.224841 84.843109 30.863298 0.936221 3.707864
110070279 1.048317 0.625790 0.114952 1.226293 84.621212 30.834980 0.947164 3.703535
110070280 1.049493 0.625790 0.119812 1.227764 84.399844 30.806708 0.958016 3.699159
110070281 1.050669 0.625790 0.124672 1.229253 84.179011 30.778482 0.968778 3.694736
110070282 1.051846 0.625790 0.129531 1.230760 83.958717 30.750304 0.979448 3.690268
110070283 1.053022 0.625790 0.134391 1.232286 83.738966 30.722172 0.990026 3.685754
110070284 1.054198 0.625790 0.139251 1.233831 83.519764 30.694086 1.000513 3.681196
110070285 1.055375 0.625790 0.144110 1.235393 83.301115 30.666047 1.010907 3.676594
110070286 1.056551 0.625790 0.148970 1.236974 83.083022 30.638053 1.021208 3.671948
110070287 1.057727 0.625790 0.153830 1.238573 82.865492 30.610106 1.031417 3.667260
110070288 1.058904 0.625790 0.158689 1.240190 82.648527 30.582205 1.041532 3.662529
110070289 1.060080 0.625790 0.163549 1.241826 82.432132 30.554350 1.051554 3.657757
110070290 1.061256 0.625790 0.168409 1.243479 82.216312 30.526541 1.061481 3.652943
110070291 1.062432 0.625790 0.173268 1.245150 82.001069 30.498777 1.071315 3.648089
110070292 1.063609 0.625790 0.178128 1.246838 81.786408 30.471059 1.081055 3.643195
110070293 1.064785 0.625790 0.182988 1.248545 81.572333 30.443386 1.090701 3.638262
110070294 1.065961 0.625790 0.187847 1.250269 81.358847 30.415759 1.100252 3.633290
110070295 1.067138 0.625790 0.192707 1.252011 81.145954 30.388177 1.109709 3.628280
110070296 1.068314 0.625790 0.197567 1.253770 80.933657 30.360641 1.119071 3.623232
110070297 1.069490 0.625790 0.202426 1.255547 80.721961 30.333149 1.128338 3.618147
110070298 1.070667 0.625790 0.207286 1.257341 80.510868 30.305702 1.137510 3.613026
110070299 1.071843 0.625790 0.212146 1.259153 80.300381 30.278301 1.146588 3.607868
110070300 1.073019 0.625790 0.217005 1.260982 80.090505 30.250944 1.155570 3.602676
110070301 0.944143 0.648890 -0.261094 1.175004 102.838706 34.499938 1.430443 3.849502
110070302 0.945319 0.648890 -0.256235 1.174880 102.597130 34.466645 1.416760 3.850121
110070303 0.946496 0.648890 -0.251375 1.174777 102.355504 34.433408 1.403029 3.850668
110070304 0.947672 0.648890 -0.246515 1.174696 102.113835 34.400227 1.389252 3.851144
110070305 0.948848 0.648890 -0.241656 1.174636 101.872134 34.367102 1.375429 3.851549
110070306 0.950025 0.648890 -0.236796 1.174597 101.630408 34.334033 1.361563 3.851883
110070307 0.951201 0.648890 -0.231936 1.174579 101.388667 34.301019 1.347654 3.852145
110070308 0.952377 0.648890 -0.227077 1.174583 101.146919 34.268062 1.333706 3.852335
110070309 0.953554 0.648890 -0.222217 1.174608 100.905174 34.235160 1.319718 3.852455
110070310 0.954730 0.648890 -0.217357 1.174654 100.663439 34.202313 1.305692 3.852503
110070311 0.955906 0.648890 -0.212498 1.174721 100.421725 34.169522 1.291630 3.852480
110070312 0.957082 0.648890 -0.207638 1.174810 100.180040 34.136786 1.277534 3.852385
110070313 0.958259 0.648890 -0.202778 1.174920 99.938392 34.104105 1.263405 3.852219
110070314 0.959435 0.648890 -0.197919 1.175051 99.696790 34.071479 1.249244 3.851982
110070315 0.960611 0.648890 -0.193059 1.175204 99.455244 34.038907 1.235054 3.851674
110070316 0.961788 0.648890 -0.188199 1.175378 99.213762 34.006391 1.220835 3.851295
110070317 0.962964 0.648890 -0.183340 1.175573 98.972353 33.973929 1.206589 3.850844
110070318 0.964140 0.648890 -0.178480 1.175789 98.731025 33.941522 1.192318 3.850323
110070319 0.965317 0.648890 -0.173620 1.176027 98.489788 33.909169 1.178024 3.849731
110070320 0.966493 0.648890 -0.168761 1.176285 98.248650 33.876870 1.163707 3.849069
110070321 0.967669 0.648890 -0.163901 1.176565 98.007620 33.844626 1.149370 3.848336
110070322 0.968846 0.648890 -0.159042 1.176866 97.766706 33.812435 1.135014 3.847532
110070323 0.970022 0.648890 -0.154182 1.177188 97.525917 33.780298 1.120641 3.846659
110070324 0.971198 0.648890 -0.149322 1.177532 97.285262 33.748216 1.106252 3.845715
110070325 0.972374 0.648890 -0.144463 1.177896 97.044750 33.716186 1.091849 3.844702
110070326 0.973551 0.648890 -0.139603 1.178282 96.804388 33.684211 1.077433 3.843619
110070327 0.974727 0.648890 -0.134743 1.178689 96.564186 33.652289 1.063006 3.842466
110070328 0.975903 0.648890 -0.129884 1.179116 96.324152 33.620420 1.048570 3.841245
110070329 0.977080 0.648890 -0.125024 1.179565 96.084294 33.588605 1.034126 3.839954
110070330 0.978256 0.648890 -0.120164 1.180035 95.844621 33.556842 1.019675 3.838594
110070331 0.979432 0.648890 -0.115305 1.180526 95.605142 33.525133 1.005220 3.837166
110070332 0.980609 0.648890 -0.110445 1.181037 95.365864 33.493476 0.990762 3.835669
110070333 0.981785 0.648890 -0.105585 1.181570 95.126795 33.461872 0.976301 3.834105
110070334 0.982961 0.648890 -0.100726 1.182124 94.887945 33.430321 0.961841 3.832473
110070335 0.984137 0.648890 -0.095866 1.182698 94.649322 33.398823 0.947382 3.830773
110070336 0.985314 0.648890 -0.091006 1.183294 94.410933 33.367377 0.932927 3.829006
110070337 0.986490 0.648890 -0.086147 1.183910 94.172786 33.335983 0.918475 3.827172
110070338 0.987666 0.648890 -0.081287 1.184547 93.934890 33.304641 0.904030 3.825272
110070339 0.988843 0.648890 -0.076427 1.185204 93.697253 33.273352 0.889592 3.823305
110070340 0.990019 0.648890 -0.071568 1.185883 93.459883 33.242115 0.875164 3.821273
110070341 0.991195 0.648890 -0.066708 1.186582 93.222787 33.210929 0.860745 3.819175
110070342 0.992372 0.648890 -0.061848 1.187302 92.985973 33.179795 0.846339 3.817011
110070343 0.993548 0.648890 -0.056989 1.188042 92.749449 33.148713 0.831947 3.814783
110070344 0.994724 0.648890 -0.052129 1.188803 92.513224 33.117682 0.817569 3.812490
110070345 0.995901 0.648890 -0.047269 1.189584 92.277304 33.086703 0.803208 3.810133
110070346 0.997077 0.648890 -0.042410 1.190386 92.041697 33.055775 0.788865 3.807713
110070347 0.998253 0.648890 -0.037550 1.191208 91.806411 33.024899 0.774541 3.805229
110070348 0.999429 0.648890 -0.032690 1.192051 91.571453 32.994073 0.760238 3.802682
110070349 1.000606 0.648890 -0.027831 1.192914 91.336830 32.963299 0.745957 3.800072
110070350 1.001782 0.648890 -0.022971 1.193798 91.102550 32.932575 0.731700 3.797401
110070351 1.002958 0.648890 -0.018111 1.194702 90.868621 32.901902 0.717467 3.794667
110070352 1.004135 0.648890 -0.013252 1.195626 90.635049 32.871280 0.703261 3.791873
110070353 1.005311 0.648890 -0.008392 1.196570 90.401841 32.840709 0.689083 3.789017
110070354 1.006487 0.648890 -0.003532 1.197534 90.169005 32.810188 0.674934 3.786101
110070355 1.007664 0.648890 0.001327 1.198518 89.936547 32.779717 0.668220 3.783125
110070356 1.008840 0.648890 0.006187 1.199523 89.704475 32.749296 0.681177 3.780090
110070357 1.010016 0.648890 0.011047 1.200547 89.472795 32.718926 0.694060 3.776996
110070358 1.011192 0.648890 0.015906 1.201591 89.241514 32.688606 0.706867 3.773843
110070359 1.012369 0.648890 0.020766 1.202655 89.010639 32.658335 0.719597 3.770632
110070360 1.013545 0.648890 0.025626 1.203739 88.780176 32.628115 0.732249 3.767363
110070361 1.014721 0.648890 0.030485 1.204843 88.550131 32.597944 0.744823 3.764038
110070362 1.015898 0.648890 0.035345 1.205967 88.320512 32.567823 0.757318 3.760655
110070363 1.017074 0.648890 0.040205 1.207110 88.091325 32.537751 0.769732 3.757217
110070364 1.018250 0.648890 0.045064 1.208273 87.862576 32.507728 0.782065 3.753723
110070365 1.019427 0.648890 0.049924 1.209455 87.634271 32.477755 0.794316 3.750174
110070366 1.020603 0.648890 0.054784 1.210657 87.406416 32.447831 0.806485 3.746570
110070367 1.021779 0.648890 0.059643 1.211878 87.179017 32.417957 0.818570 3.742912
110070368 1.022956 0.648890 0.064503 1.213119 86.952080 32.388131 0.830571 3.739201
110070369 1.024132 0.648890 0.069363 1.214379 86.725612 32.358354 0.842488 3.735437
110070370 1.025308 0.648890 0.074222 1.215658 86.499618 32.328626 0.854319 3.731620
110070371 1.026484 0.648890 0.079082 1.216956 86.274103 32.298946 0.866064 3.727751
110070372 1.027661 0.648890 0.083942 1.218274 86.049073 32.269315 0.877722 3.723831
110070373 1.028837 0.648890 0.088801 1.219610 85.824535 32.239733 0.889292 3.719860
110070374 1.030013 0.648890 0.093661 1.220966 85.600492 32.210198 0.900775 3.715839
110070375 1.031190 0.648890 0.098521 1.222341 85.376951 32.180713 0.912169 3.711768
110070376 1.032366 0.648890 0.103380 1.223734 85.153917 32.151275 0.923475 3.707648
110070377 1.033542 0.648890 0.108240 1.225146 84.931395 32.121885 0.934690 3.703479
110070378 1.034719 0.648890 0.113100 1.226577 84.709390 32.092543 0.945816 3.699262
110070379 1.035895 0.648890 0.117959 1.228027 84.487907 32.063249 0.956851 3.694998
110070380 1.037071 0.648890 0.122819 1.229496 84.266952 32.034003 0.967795 3.690686
110070381 1.038247 0.648890 0.127679 1.230983 84.046528 32.004805 0.978648 3.686328
110070382 1.039424 0.648890 0.132538 1.232488 83.826641 31.975654 0.989409 3.681925
110070383 1.040600 0.648890 0.137398 1.234012 83.607295 31.946550 1.000078 3.677476
110070384 1.041776 0.648890 0.142257 1.235554 83.388496 31.917494 1.010654 3.672983
110070385 1.042953 0.648890 0.147117 1.237114 83.170246 31.888485 1.021137 3.668445
110070386 1.044129 0.648890 0.151977 1.238693 82.952552 31.859523 1.031528 3.663864
110070387 1.045305 0.648890 0.156836 1.240290 82.735417 31.830608 1.041824 3.659240
110070388 1.046482 0.648890 0.161696 1.241905 82.518845 31.801740 1.052027 3.654574
110070389 1.047658 0.648890 0.166556 1.243538 82.302840 31.772919 1.062136 3.649866
110070390 1.048834 0.648890 0.171415 1.245189 82.087407 31.744145 1.072151 3.645116
110070391 1.050011 0.648890 0.176275 1.246857 81.872550 31.715417 1.082071 3.640327
110070392 1.051187 0.648890 0.181135 1.248544 81.658272 31.686736 1.091897 3.635497
110070393 1.052363 0.648890 0.185994 1.250248 81.444577 31.658102 1.101627 3.630627
110070394 1.053539 0.648890 0.190854 1.251970 81.231470 31.629513 1.111263 3.625719
110070395 1.054716 0.648890 0.195714 1.253709 81.018952 31.600971 1.120804 3.620772
110070396 1.055892 0.648890 0.200573 1.255466 80.807029 31.572475 1.130249 3.615788
110070397 1.057068 0.648890 0.205433 1.257241 80.595703 31.544025 1.139599 3.610767
110070398 1.058245 0.648890 0.210293 1.259033 80.384978 31.515621 1.148854 3.605709
110070399 1.059421 0.648890 0.215152 1.260842 80.174858 31.487263 1.158013 3.600615
110070400 1.060597 0.648890 0.220012 1.262668 79.965344 31.458951 1.167077 3.595486
110070401 0.931721 0.671990 -0.258088 1.177406 102.662062 35.800472 1.425951 3.832362
110070402 0.932898 0.671990 -0.253228 1.177282 102.421124 35.766181 1.412163 3.833035
110070403 0.934074 0.671990 -0.248368 1.177179 102.180136 35.731948 1.398327 3.833637
110070404 0.935250 0.671990 -0.243509 1.177098 101.939105 35.697770 1.384444 3.834169
110070405 0.936426 0.671990 -0.238649 1.177038 101.698041 35.663650 1.370517 3.834629
110070406 0.937603 0.671990 -0.233789 1.176999 101.456954 35.629586 1.356546 3.835019
110070407 0.938779 0.671990 -0.228930 1.176982 101.215850 35.595578 1.342534 3.835338
110070408 0.939955 0.671990 -0.224070 1.176985 100.974740 35.561627 1.328481 3.835586
110070409 0.941132 0.671990 -0.219210 1.177010 100.733632 35.527732 1.314389 3.835763
110070410 0.942308 0.671990 -0.214351 1.177056 100.492535 35.493893 1.300260 3.835869
110070411 0.943484 0.671990 -0.209491 1.177124 100.251457 35.460110 1.286095 3.835904
110070412 0.944661 0.671990 -0.204631 1.177212 100.010408 35.426383 1.271895 3.835868
110070413 0.945837 0.671990 -0.199772 1.177322 99.769396 35.392712 1.257663 3.835761
110070414 0.947013 0.671990 -0.194912 1.177453 99.528431 35.359096 1.243400 3.835584
110070415 0.948189 0.671990 -0.190052 1.177605 99.287520 35.325535 1.229107 3.835336
110070416 0.949366 0.671990 -0.185193 1.177779 99.046672 35.292030 1.214785 3.835017
110070417 0.950542 0.671990 -0.180333 1.177973 98.805897 35.258581 1.200438 3.834628
110070418 0.951718 0.671990 -0.175473 1.178189 98.565202 35.225186 1.186065 3.834168
110070419 0.952895 0.671990 -0.170614 1.178426 98.324597 35.191847 1.171669 3.833638
110070420 0.954071 0.671990 -0.165754 1.178684 98.084091 35.158562 1.157252 3.833037
110070421 0.955247 0.671990 -0.160894 1.178964 97.843691 35.125332 1.142814 3.832366
110070422 0.956424 0.671990 -0.156035 1.179264 97.603407 35.092157 1.128357 3.831626
110070423 0.957600 0.671990 -0.151175 1.179586 97.363248 35.059037 1.113884 3.830816
110070424 0.958776 0.671990 -0.146315 1.179928 97.123221 35.025971 1.099395 3.829935
110070425 0.959953 0.671990 -0.141456 1.180292 96.883335 34.992959 1.084892 3.828986
110070426 0.961129 0.671990 -0.136596 1.180677 96.643599 34.960002 1.070376 3.827967
110070427 0.962305 0.671990 -0.131736 1.181083 96.404022 34.927099 1.055850 3.826879
110070428 0.963481 0.671990 -0.126877 1.181510 96.164611 34.894250 1.041315 3.825722
110070429 0.964658 0.671990 -0.122017 1.181958 95.925375 34.861454 1.026773 3.824497
110070430 0.965834 0.671990 -0.117157 1.182426 95.686323 34.828713 1.012224 3.823203
110070431 0.967010 0.671990 -0.112298 1.182916 95.447463 34.796025 0.997671 3.821841
110070432 0.968187 0.671990 -0.107438 1.183427 95.208803 34.763391 0.983115 3.820411
110070433 0.969363 0.671990 -0.102578 1.183958 94.970352 34.730810 0.968558 3.818913
110070434 0.970539 0.671990 -0.097719 1.184511 94.732117 34.698283 0.954001 3.817347
110070435 0.971716 0.671990 -0.092859 1.185084 94.494107 34.665809 0.939445 3.815715
110070436 0.972892 0.671990 -0.087999 1.185678 94.256330 34.633388 0.924893 3.814016
110070437 0.974068 0.671990 -0.083140 1.186293 94.018794 34.601020 0.910346 3.812250
110070438 0.975244 0.671990 -0.078280 1.186929 93.781507 34.568705 0.895806 3.810418
110070439 0.976421 0.671990 -0.073420 1.187585 93.544476 34.536443 0.881273 3.808519
110070440 0.977597 0.671990 -0.068561 1.188262 93.307711 34.504233 0.866750 3.806556
110070441 0.978773 0.671990 -0.063701 1.188960 93.071219 34.472076 0.852238 3.804527
110070442 0.979950 0.671990 -0.058842 1.189678 92.835006 34.439972 0.837738 3.802432
110070443 0.981126 0.671990 -0.053982 1.190417 92.599083 34.407920 0.823252 3.800274
110070444 0.982302 0.671990 -0.049122 1.191177 92.363455 34.375920 0.808781 3.798051
110070445 0.983479 0.671990 -0.044263 1.191956 92.128130 34.343972 0.794327 3.795764
110070446 0.984655 0.671990 -0.039403 1.192757 91.893117 34.312077 0.779892 3.793414
110070447 0.985831 0.671990 -0.034543 1.193578 91.658422 34.280233 0.765476 3.791000
110070448 0.987008 0.671990 -0.029684 1.194419 91.424054 34.248442 0.751082 3.788524
110070449 0.988184 0.671990 -0.024824 1.195280 91.190019 34.216702 0.736710 3.785986
110070450 0.989360 0.671990 -0.019964 1.196162 90.956324 34.185013 0.722362 3.783386
110070451 0.990536 0.671990 -0.015105 1.197064 90.722977 34.153376 0.708039 3.780724
110070452 0.991713 0.671990 -0.010245 1.197986 90.489986 34.121791 0.693743 3.778001
110070453 0.992889 0.671990 -0.005385 1.198928 90.257356 34.090257 0.679476 3.775217
110070454 0.994065 0.671990 -0.000526 1.199890 90.025096 34.058774 0.665238 3.772373
110070455 0.995242 0.671990 0.004334 1.200873 89.793212 34.027342 0.675391 3.769470
110070456 0.996418 0.671990 0.009194 1.201875 89.561711 33.995961 0.688430 3.766507
110070457 0.997594 0.671990 0.014053 1.202898 89.330600 33.964631 0.701393 3.763485
110070458 0.998771 0.671990 0.018913 1.203940 89.099885 33.933352 0.714281 3.760405
110070459 0.999947 0.671990 0.023773 1.205002 88.869574 33.902124 0.727092 3.757267
110070460 1.001123 0.671990 0.028632 1.206084 88.639672 33.870946 0.739825 3.754072
110070461 1.002299 0.671990 0.033492 1.207185 88.410186 33.839818 0.752480 3.750820
110070462 1.003476 0.671990 0.038352 1.208307 88.181123 33.808741 0.765054 3.747511
110070463 1.004652 0.671990 0.043211 1.209448 87.952489 33.777714 0.777549 3.744146
110070464 1.005828 0.671990 0.048071 1.210608 87.724291 33.746738 0.789962 3.740726
110070465 1.007005 0.671990 0.052931 1.211788 87.496534 33.715811 0.802293 3.737250
110070466 1.008181 0.671990 0.057790 1.212988 87.269224 33.684935 0.814541 3.733721
110070467 1.009357 0.671990 0.062650 1.214207 87.042368 33.654108 0.826706 3.730137
110070468 1.010534 0.671990 0.067510 1.215445 86.815971 33.623331 0.838786 3.726500
110070469 1.011710 0.671990 0.072369 1.216703 86.590040 33.592603 0.850782 3.722810
110070470 1.012886 0.671990 0.077229 1.217979 86.364579 33.561925 0.862691 3.719068
110070471 1.014063 0.671990 0.082089 1.219275 86.139596 33.531297 0.874515 3.715273
110070472 1.015239 0.671990 0.086948 1.220590 85.915095 33.500718 0.886251 3.711428
110070473 1.016415 0.671990 0.091808 1.221924 85.691082 33.470188 0.897900 3.707532
110070474 1.017591 0.671990 0.096668 1.223277 85.467562 33.439707 0.909461 3.703585
110070475 1.018768 0.671990 0.101527 1.224649 85.244540 33.409275 0.920933 3.699589
110070476 1.019944 0.671990 0.106387 1.226040 85.022023 33.378893 0.932316 3.695543
110070477 1.021120 0.671990 0.111247 1.227450 84.800015 33.348559 0.943608 3.691449
110070478 1.022297 0.671990 0.116106 1.228878 84.578520 33.318274 0.954811 3.687307
110070479 1.023473 0.671990 0.120966 1.230325 84.357545 33.288037 0.965923 3.683118
110070480 1.024649 0.671990 0.125826 1.231791 84.137095 33.257849 0.976944 3.678881
110070481 1.025826 0.671990 0.130685 1.233275 83.917173 33.227709 0.987872 3.674599
110070482 1.027002 0.671990 0.135545 1.234778 83.697784 33.197618 0.998709 3.670270
110070483 1.028178 0.671990 0.140405 1.236299 83.478934 33.167575 1.009454 3.665896
110070484 1.029354 0.671990 0.145264 1.237838 83.260627 33.137580 1.020105 3.661478
110070485 1.030531 0.671990 0.150124 1.239396 83.042867 33.107633 1.030664 3.657015
110070486 1.031707 0.671990 0.154984 1.240971 82.825659 33.077734 1.041129 3.652509
110070487 1.032883 0.671990 0.159843 1.242565 82.609006 33.047883 1.051500 3.647960
110070488 1.034060 0.671990 0.164703 1.244177 82.392914 33.018079 1.061777 3.643369
110070489 1.035236 0.671990 0.169563 1.245807 82.177387 32.988324 1.071960 3.638735
110070490 1.036412 0.671990 0.174422 1.247455 81.962428 32.958615 1.082048 3.634061
110070491 1.037589 0.671990 0.179282 1.249121 81.748041 32.928954 1.092041 3.629346
110070492 1.038765 0.671990 0.184142 1.250804 81.534230 32.899341 1.101940 3.624591
110070493 1.039941 0.671990 0.189001 1.252506 81.320999 32.869775 1.111743 3.619796
110070494 1.041118 0.671990 0.193861 1.254224 81.108352 32.840256 1.121451 3.614962
110070495 1.042294 0.671990 0.198721 1.255961 80.896293 32.810784 1.131064 3.610090
110070496 1.043470 0.671990 0.203580 1.257714 80.684824 32.781359 1.140581 3.605181
110070497 1.044646 0.671990 0.208440 1.259486 80.473949 32.751980 1.150002 3.600234
110070498 1.045823 0.671990 0.213300 1.261274 80.263672 32.722649 1.159328 3.595250
110070499 1.046999 0.671990 0.218159 1.263080 80.053996 32.693364 1.168558 3.590230
110070500 1.048175 0.671990 0.223019 1.264903 79.844924 32.664126 1.177692 3.585175
110070501 0.919299 0.695090 -0.255081 1.180393 102.479964 37.093248 1.419782 3.811504
110070502 0.920476 0.695090 -0.250221 1.180270 102.239782 37.058007 1.405912 3.812232
110070503 0.921652 0.695090 -0.245362 1.180167 101.999549 37.022824 1.391994 3.812891
110070504 0.922828 0.695090 -0.240502 1.180086 101.759274 36.987697 1.378031 3.813479
110070505 0.924005 0.695090 -0.235642 1.180026 101.518967 36.952628 1.364022 3.813997
110070506 0.925181 0.695090 -0.230783 1.179988 101.278635 36.917616 1.349971 3.814444
110070507 0.926357 0.695090 -0.225923 1.179970 101.038288 36.882661 1.335877 3.814822
110070508 0.927533 0.695090 -0.221063 1.179974 100.797933 36.847762 1.321744 3.815128
110070509 0.928710 0.695090 -0.216204 1.179998 100.557581 36.812920 1.307572 3.815365
110070510 0.929886 0.695090 -0.211344 1.180044 100.317239 36.778134 1.293363 3.815531
110070511 0.931062 0.695090 -0.206484 1.180112 100.076917 36.743405 1.279118 3.815627
110070512 0.932239 0.695090 -0.201625 1.180200 99.836622 36.708733 1.264839 3.815652
110070513 0.933415 0.695090 -0.196765 1.180309 99.596365 36.674116 1.250528 3.815607
110070514 0.934591 0.695090 -0.191905 1.180440 99.356153 36.639555 1.236186 3.815492
110070515 0.935768 0.695090 -0.187046 1.180592 99.115995 36.605051 1.221814 3.815306
110070516 0.936944 0.695090 -0.182186 1.180765 98.875900 36.570602 1.207415 3.815051
110070517 0.938120 0.695090 -0.177326 1.180959 98.635876 36.536209 1.192989 3.814725
110070518 0.939296 0.695090 -0.172467 1.181174 98.395932 36.501872 1.178539 3.814330
110070519 0.940473 0.695090 -0.167607 1.181411 98.156078 36.467590 1.164066 3.813864
110070520 0.941649 0.695090 -0.162747 1.181668 97.916320 36.433364 1.149571 3.813329
110070521 0.942825 0.695090 -0.157888 1.181947 97.676669 36.399193 1.135056 3.812725
110070522 0.944002 0.695090 -0.153028 1.182247 97.437132 36.365077 1.120523 3.812051
110070523 0.945178 0.695090 -0.148168 1.182567 97.197718 36.331016 1.105973 3.811307
110070524 0.946354 0.695090 -0.143309 1.182909 96.958436 36.297010 1.091408 3.810494
110070525 0.947531 0.695090 -0.138449 1.183272 96.719294 36.263059 1.076829 3.809613
110070526 0.948707 0.695090 -0.133589 1.183656 96.480300 36.229163 1.062239 3.808662
110070527 0.949883 0.695090 -0.128730 1.184061 96.241464 36.195322 1.047638 3.807643
110070528 0.951060 0.695090 -0.123870 1.184487 96.002792 36.161535 1.033028 3.806556
110070529 0.952236 0.695090 -0.119010 1.184933 95.764295 36.127802 1.018411 3.805400
110070530 0.953412 0.695090 -0.114151 1.185401 95.525979 36.094124 1.003788 3.804177
110070531 0.954588 0.695090 -0.109291 1.185890 95.287854 36.060500 0.989161 3.802885
110070532 0.955765 0.695090 -0.104431 1.186399 95.049927 36.026930 0.974531 3.801526
110070533 0.956941 0.695090 -0.099572 1.186929 94.812207 35.993414 0.959900 3.800100
110070534 0.958117 0.695090 -0.094712 1.187480 94.574701 35.959952 0.945270 3.798607
110070535 0.959294 0.695090 -0.089852 1.188052 94.337419 35.926544 0.930642 3.797047
110070536 0.960470 0.695090 -0.084993 1.188645 94.100368 35.893190 0.916018 3.795421
110070537 0.961646 0.695090 -0.080133 1.189258 93.863555 35.859889 0.901399 3.793728
110070538 0.962823 0.695090 -0.075273 1.189892 93.626990 35.826641 0.886787 3.791970
110070539 0.963999 0.695090 -0.070414 1.190547 93.390679 35.793447 0.872182 3.790146
110070540 0.965175 0.695090 -0.065554 1.191222 93.154632 35.760306 0.857588 3.788257
110070541 0.966351 0.695090 -0.060694 1.191918 92.918854 35.727219 0.843005 3.786303
110070542 0.967528 0.695090 -0.055835 1.192635 92.683355 35.694184 0.828434 3.784284
110070543 0.968704 0.695090 -0.050975 1.193372 92.448142 35.661202 0.813878 3.782201
110070544 0.969880 0.695090 -0.046115 1.194129 92.213223 35.628273 0.799338 3.780054
110070545 0.971057 0.695090 -0.041256 1.194907 91.978605 35.595397 0.784814 3.777844
110070546 0.972233 0.695090 -0.036396 1.195706 91.744295 35.562574 0.770309 3.775571
110070547 0.973409 0.695090 -0.031536 1.196524 91.510301 35.529803 0.755825 3.773235
110070548 0.974586 0.695090 -0.026677 1.197363 91.276631 35.497084 0.741361 3.770836
110070549 0.975762 0.695090 -0.021817 1.198223 91.043292 35.464418 0.726921 3.768376
110070550 0.976938 0.695090 -0.016957 1.199102 90.810291 35.431804 0.712505 3.765854
110070551 0.978115 0.695090 -0.012098 1.200002 90.577635 35.399242 0.698115 3.763270
110070552 0.979291 0.695090 -0.007238 1.200922 90.345331 35.366732 0.683751 3.760626
110070553 0.980467 0.695090 -0.002378 1.201862 90.113386 35.334274 0.669416 3.757922
110070554 0.981643 0.695090 0.002481 1.202822 89.881808 35.301867 0.669166 3.755158
110070555 0.982820 0.695090 0.007341 1.203802 89.650604 35.269513 0.682340 3.752334
110070556 0.983996 0.695090 0.012201 1.204802 89.419779 35.237210 0.695440 3.749451
110070557 0.985172 0.695090 0.017060 1.205822 89.189341 35.204958 0.708465 3.746510
110070558 0.986349 0.695090 0.021920 1.206862 88.959297 35.172758 0.721414 3.743510
110070559 0.987525 0.695090 0.026780 1.207921 88.729653 35.140609 0.734286 3.740453
110070560 0.988701 0.695090 0.031639 1.209000 88.500415 35.108511 0.747081 3.737339
110070561 0.989878 0.695090 0.036499 1.210099 88.271591 35.076465 0.759797 3.734168
110070562 0.991054 0.695090 0.041359 1.211218 88.043186 35.044469 0.772433 3.730941
110070563 0.992230 0.695090 0.046218 1.212356 87.815206 35.012524 0.784988 3.727658
110070564 0.993406 0.695090 0.051078 1.213514 87.587659 34.980630 0.797463 3.724320
110070565 0.994583 0.695090 0.055937 1.214691 87.360550 34.948787 0.809856 3.720927
110070566 0.995759 0.695090 0.060797 1.215888 87.133886 34.916994 0.822165 3.717479
110070567 0.996935 0.695090 0.065657 1.217104 86.907671 34.885252 0.834391 3.713978
110070568 0.998112 0.695090 0.070516 1.218339 86.681912 34.853560 0.846533 3.710424
110070569 0.999288 0.695090 0.075376 1.219594 86.456616 34.821918 0.858590 3.706817
110070570 1.000464 0.695090 0.080236 1.220867 86.231787 34.790326 0.870561 3.703158
110070571 1.001641 0.695090 0.085095 1.222160 86.007431 34.758785 0.882446 3.699447
110070572 1.002817 0.695090 0.089955 1.223472 85.783555 34.727293 0.894244 3.695685
110070573 1.003993 0.695090 0.094815 1.224803 85.560162 34.695852 0.905954 3.691872
110070574 1.005170 0.695090 0.099674 1.226153 85.337260 34.664460 0.917576 3.688010
110070575 1.006346 0.695090 0.104534 1.227522 85.114852 34.633118 0.929110 3.684097
110070576 1.007522 0.695090 0.109394 1.228909 84.892945 34.601825 0.940554 3.680136
110070577 1.008698 0.695090 0.114253 1.230316 84.671543 34.570582 0.951908 3.676126
110070578 1.009875 0.695090 0.119113 1.231741 84.450652 34.539388 0.963171 3.672069
110070579 1.011051 0.695090 0.123973 1.233185 84.230276 34.508243 0.974344 3.667963
110070580 1.012227 0.695090 0.128832 1.234647 84.010420 34.477148 0.985426 3.663811
110070581 1.013404 0.695090 0.133692 1.236127 83.791090 34.446102 0.996416 3.659613
110070582 1.014580 0.695090 0.138552 1.237627 83.572290 34.415104 1.007314 3.655369
110070583 1.015756 0.695090 0.143411 1.239144 83.354024 34.384156 1.018119 3.651080
110070584 1.016933 0.695090 0.148271 1.240680 83.136297 34.353256 1.028832 3.646746
110070585 1.018109 0.695090 0.153131 1.242234 82.919114 34.322405 1.039451 3.642369
110070586 1.019285 0.695090 0.157990 1.243806 82.702478 34.291603 1.049976 3.637947
110070587 1.020461 0.695090 0.162850 1.245396 82.486395 34.260849 1.060408 3.633483
110070588 1.021638 0.695090 0.167710 1.247005 82.270868 34.230143 1.070746 3.628977
110070589 1.022814 0.695090 0.172569 1.248631 82.055902 34.199486 1.080989 3.624428
110070590 1.023990 0.695090 0.177429 1.250275 81.841500 34.168877 1.091137 3.619839
110070591 1.025167 0.695090 0.182289 1.251937 81.627667 34.138316 1.101191 3.615209
110070592 1.026343 0.695090 0.187148 1.253617 81.414406 34.107803 1.111149 3.610538
110070593 1.027519 0.695090 0.192008 1.255314 81.201721 34.077338 1.121013 3.605828
110070594 1.028696 0.695090 0.196868 1.257029 80.989616 34.046921 1.130780 3.601080
110070595 1.029872 0.695090 0.201727 1.258762 80.778095 34.016552 1.140453 3.596293
110070596 1.031048 0.695090 0.206587 1.260511 80.567160 33.986230 1.150029 3.591468
110070597 1.032225 0.695090 0.211447 1.262279 80.356816 33.955956 1.159510 3.586605
110070598 1.033401 0.695090 0.216306 1.264063 80.147065 33.925729 1.168895 3.581707
110070599 1.034577 0.695090 0.221166 1.265865 79.937911 33.895549 1.178184 3.576772
110070600 1.035753 0.695090 0.226026 1.267684 79.729358 33.865417 1.187377 3.571801
110070601 0.906877 0.718190 -0.252074 1.183962 102.292780 38.377032 1.411988 3.787056
110070602 0.908054 0.718190 -0.247214 1.183839 102.053467 38.340890 1.398060 3.787840
110070603 0.909230 0.718190 -0.242355 1.183737 101.814105 38.304806 1.384084 3.788556
110070604 0.910406 0.718190 -0.237495 1.183656 101.574701 38.268780 1.370062 3.789201
110070605 0.911583 0.718190 -0.232635 1.183596 101.335265 38.232811 1.355996 3.789777
110070606 0.912759 0.718190 -0.227776 1.183557 101.095804 38.196899 1.341887 3.790284
110070607 0.913935 0.718190 -0.222916 1.183540 100.856327 38.161044 1.327736 3.790720
110070608 0.915112 0.718190 -0.218056 1.183544 100.616844 38.125246 1.313546 3.791087
110070609 0.916288 0.718190 -0.213197 1.183568 100.377362 38.089505 1.299317 3.791385
110070610 0.917464 0.718190 -0.208337 1.183614 100.137891 38.053821 1.285052 3.791612
110070611 0.918640 0.718190 -0.203477 1.183681 99.898438 38.018193 1.270751 3.791770
110070612 0.919817 0.718190 -0.198618 1.183769 99.659014 37.982622 1.256417 3.791859
110070613 0.920993 0.718190 -0.193758 1.183878 99.419625 37.947108 1.242051 3.791878
110070614 0.922169 0.718190 -0.188898 1.184009 99.180281 37.911650 1.227653 3.791827
110070615 0.923346 0.718190 -0.184039 1.184160 98.940991 37.876248 1.213227 3.791706
110070616 0.924522 0.718190 -0.179179 1.184333 98.701763 37.840903 1.198773 3.791516
110070617 0.925698 0.718190 -0.174319 1.184526 98.462605 37.805613 1.184294 3.791257
110070618 0.926875 0.718190 -0.169460 1.184741 98.223527 37.770380 1.169790 3.790929
110070619 0.928051 0.718190 -0.164600 1.184976 97.984537 37.735202 1.155263 3.790531
110070620 0.929227 0.718190 -0.159740 1.185233 97.745643 37.700080 1.140715 3.790064
110070621 0.930403 0.718190 -0.154881 1.185511 97.506854 37.665013 1.126147 3.789528
110070622 0.931580 0.718190 -0.150021 1.185810 97.268178 37.630002 1.111561 3.788924
110070623 0.932756 0.718190 -0.145162 1.186130 97.029624 37.595047 1.096959 3.788251
110070624 0.933932 0.718190 -0.140302 1.186470 96.791200 37.560147 1.082342 3.787509
110070625 0.935109 0.718190 -0.135442 1.186832 96.552914 37.525302 1.067712 3.786699
110070626 0.936285 0.718190 -0.130583 1.187215 96.314776 37.490512 1.053070 3.785820
110070627 0.937461 0.718190 -0.125723 1.187618 96.076793 37.455777 1.038417 3.784874
110070628 0.938638 0.718190 -0.120863 1.188043 95.838974 37.421097 1.023757 3.783860
110070629 0.939814 0.718190 -0.116004 1.188488 95.601327 37.386472 1.009089 3.782778
110070630 0.940990 0.718190 -0.111144 1.188955 95.363860 37.351901 0.994415 3.781629
110070631 0.942167 0.718190 -0.106284 1.189442 95.126581 37.317385 0.979738 3.780412
110070632 0.943343 0.718190 -0.101425 1.189950 94.889499 37.282924 0.965059 3.779129
110070633 0.944519 0.718190 -0.096565 1.190478 94.652622 37.248516 0.950379 3.777779
110070634 0.945695 0.718190 -0.091705 1.191028 94.415957 37.214164 0.935699 3.776362
110070635 0.946872 0.718190 -0.086846 1.191598 94.179514 37.179865 0.921022 3.774880
110070636 0.948048 0.718190 -0.081986 1.192189 93.943299 37.145620 0.906349 3.773331
110070637 0.949224 0.718190 -0.077126 1.192800 93.707320 37.111429 0.891681 3.771717
110070638 0.950401 0.718190 -0.072267 1.193433 93.471587 37.077293 0.877020 3.770038
110070639 0.951577 0.718190 -0.067407 1.194085 93.236105 37.043209 0.862368 3.768293
110070640 0.952753 0.718190 -0.062547 1.194759 93.000884 37.009180 0.847726 3.766484
110070641 0.953930 0.718190 -0.057688 1.195453 92.765931 36.975204 0.833095 3.764610
110070642 0.955106 0.718190 -0.052828 1.196167 92.531254 36.941282 0.818477 3.762673
110070643 0.956282 0.718190 -0.047968 1.196902 92.296860 36.907412 0.803873 3.760671
110070644 0.957458 0.718190 -0.043109 1.197657 92.062757 36.873596 0.789286 3.758606
110070645 0.958635 0.718190 -0.038249 1.198433 91.828952 36.839834 0.774716 3.756478
110070646 0.959811 0.718190 -0.033389 1.199229 91.595453 36.806124 0.760164 3.754288
110070647 0.960987 0.718190 -0.028530 1.200045 91.362267 36.772467 0.745633 3.752035
110070648 0.962164 0.718190 -0.023670 1.200882 91.129401 36.738863 0.731124 3.749720
110070649 0.963340 0.718190 -0.018810 1.201738 90.896863 36.705312 0.716638 3.747344
110070650 0.964516 0.718190 -0.013951 1.202615 90.664661 36.671813 0.702176 3.744907
110070651 0.965693 0.718190 -0.009091 1.203513 90.432800 36.638367 0.687740 3.742408
110070652 0.966869 0.718190 -0.004231 1.204430 90.201288 36.604973 0.673331 3.739850
110070653 0.968045 0.718190 0.000628 1.205367 89.970133 36.571632 0.662532 3.737231
110070654 0.969222 0.718190 0.005488 1.206324 89.739340 36.538342 0.675820 3.734554
110070655 0.970398 0.718190 0.010348 1.207301 89.508917 36.505105 0.689035 3.731816
110070656 0.971574 0.718190 0.015207 1.208298 89.278871 36.471920 0.702177 3.729021
110070657 0.972750 0.718190 0.020067 1.209315 89.049209 36.438787 0.715243 3.726167
110070658 0.973927 0.718190 0.024927 1.210352 88.819936 36.405706 0.728234 3.723255
110070659 0.975103 0.718190 0.029786 1.211409 88.591060 36.372676 0.741148 3.720286
110070660 0.976279 0.718190 0.034646 1.212485 88.362587 36.339698 0.753985 3.717261
110070661 0.977456 0.718190 0.039506 1.213581 88.134524 36.306772 0.766743 3.714178
110070662 0.978632 0.718190 0.044365 1.214696 87.906876 36.273897 0.779421 3.711040
110070663 0.979808 0.718190 0.049225 1.215831 87.679650 36.241073 0.792020 3.707847
110070664 0.980985 0.718190 0.054085 1.216985 87.452853 36.208301 0.804537 3.704598
110070665 0.982161 0.718190 0.058944 1.218159 87.226489 36.175579 0.816973 3.701295
110070666 0.983337 0.718190 0.063804 1.219352 87.000567 36.142909 0.829326 3.697938
110070667 0.984513 0.718190 0.068664 1.220565 86.775090 36.110290 0.841596 3.694528
110070668 0.985690 0.718190 0.073523 1.221797 86.550066 36.077721 0.853781 3.691065
110070669 0.986866 0.718190 0.078383 1.223048 86.325499 36.045204 0.865882 3.687549
110070670 0.988042 0.718190 0.083243 1.224318 86.101396 36.012736 0.877897 3.683981
110070671 0.989219 0.718190 0.088102 1.225607 85.877762 35.980320 0.889826 3.680362
110070672 0.990395 0.718190 0.092962 1.226916 85.654604 35.947954 0.901669 3.676692
110070673 0.991571 0.718190 0.097822 1.228243 85.431925 35.915638 0.913424 3.672971
110070674 0.992748 0.718190 0.102681 1.229589 85.209732 35.883372 0.925090 3.669201
110070675 0.993924 0.718190 0.107541 1.230954 84.988030 35.851157 0.936669 3.665381
110070676 0.995100 0.718190 0.112401 1.232338 84.766823 35.818991 0.948158 3.661512
110070677 0.996277 0.718190 0.117260 1.233740 84.546118 35.786876 0.959557 3.657595
110070678 0.997453 0.718190 0.122120 1.235161 84.325920 35.754811 0.970866 3.653631
110070679 0.998629 0.718190 0.126980 1.236601 84.106232 35.722795 0.982085 3.649619
110070680 0.999805 0.718190 0.131839 1.238059 83.887061 35.690829 0.993212 3.645560
110070681 1.000982 0.718190 0.136699 1.239536 83.668410 35.658912 1.004248 3.641455
110070682 1.002158 0.718190 0.141559 1.241031 83.450285 35.627045 1.015192 3.637305
110070683 1.003334 0.718190 0.146418 1.242544 83.232690 35.595228 1.026044 3.633110
110070684 1.004511 0.718190 0.151278 1.244076 83.015629 35.563459 1.036802 3.628870
110070685 1.005687 0.718190 0.156138 1.245625 82.799108 35.531740 1.047468 3.624586
110070686 1.006863 0.718190 0.160997 1.247193 82.583130 35.500070 1.058040 3.620259
110070687 1.008040 0.718190 0.165857 1.248779 82.367700 35.468449 1.068519 3.615889
110070688 1.009216 0.718190 0.170716 1.250383 82.152822 35.436877 1.078903 3.611476
110070689 1.010392 0.718190 0.175576 1.252005 81.938499 35.405354 1.089193 3.607022
110070690 1.011568 0.718190 0.180436 1.253645 81.724737 35.373879 1.099388 3.602527
110070691 1.012745 0.718190 0.185295 1.255302 81.511539 35.342453 1.109489 3.597992
110070692 1.013921 0.718190 0.190155 1.256978 81.298908 35.311076 1.119495 3.593416
110070693 1.015097 0.718190 0.195015 1.258670 81.086849 35.279747 1.129405 3.588800
110070694 1.016274 0.718190 0.199874 1.260381 80.875365 35.248466 1.139220 3.584146
110070695 1.017450 0.718190 0.204734 1.262109 80.664460 35.217234 1.148940 3.579454
110070696 1.018626 0.718190 0.209594 1.263854 80.454137 35.186050 1.158564 3.574723
110070697 1.019803 0.718190 0.214453 1.265617 80.244400 35.154913 1.168092 3.569956
110070698 1.020979 0.718190 0.219313 1.267396 80.035252 35.123825 1.177525 3.565151
110070699 1.022155 0.718190 0.224173 1.269194 79.826696 35.092785 1.186861 3.560311
110070700 1.023332 0.718190 0.229032 1.271008 79.618736 35.061793 1.196102 3.555435
110070701 0.894455 0.741291 -0.249067 1.188106 102.100893 39.650643 1.402632 3.759163
110070702 0.895632 0.741291 -0.244208 1.187984 101.862562 39.613651 1.388668 3.760004
110070703 0.896808 0.741291 -0.239348 1.187882 101.624181 39.576718 1.374656 3.760776
110070704 0.897984 0.741291 -0.234488 1.187802 101.385759 39.539841 1.360599 3.761479
110070705 0.899161 0.741291 -0.229629 1.187742 101.147305 39.503023 1.346499 3.762114
110070706 0.900337 0.741291 -0.224769 1.187703 100.908826 39.466261 1.332355 3.762680
110070707 0.901513 0.741291 -0.219909 1.187686 100.670331 39.429557 1.318171 3.763177
110070708 0.902690 0.741291 -0.215050 1.187690 100.431830 39.392910 1.303947 3.763605
110070709 0.903866 0.741291 -0.210190 1.187714 100.193330 39.356320 1.289686 3.763965
110070710 0.905042 0.741291 -0.205330 1.187760 99.954839 39.319787 1.275387 3.764255
110070711 0.906219 0.741291 -0.200471 1.187827 99.716368 39.283310 1.261054 3.764477
110070712 0.907395 0.741291 -0.195611 1.187914 99.477924 39.246890 1.246688 3.764629
110070713 0.908571 0.741291 -0.190751 1.188023 99.239515 39.210527 1.232290 3.764713
110070714 0.909747 0.741291 -0.185892 1.188153 99.001151 39.174221 1.217861 3.764728
110070715 0.910924 0.741291 -0.181032 1.188304 98.762839 39.137970 1.203404 3.764675
110070716 0.912100 0.741291 -0.176172 1.188476 98.524589 39.101776 1.188919 3.764552
110070717 0.913276 0.741291 -0.171313 1.188669 98.286409 39.065639 1.174409 3.764362
110070718 0.914453 0.741291 -0.166453 1.188883 98.048306 39.029557 1.159875 3.764102
110070719 0.915629 0.741291 -0.161593 1.189118 97.810291 38.993531 1.145318 3.763774
110070720 0.916805 0.741291 -0.156734 1.189373 97.572370 38.957561 1.130741 3.763378
110070721 0.917982 0.741291 -0.151874 1.189650 97.334554 38.921647 1.116144 3.762914
110070722 0.919158 0.741291 -0.147014 1.189948 97.096849 38.885788 1.101529 3.762381
110070723 0.920334 0.741291 -0.142155 1.190267 96.859264 38.849986 1.086898 3.761781
110070724 0.921510 0.741291 -0.137295 1.190606 96.621809 38.814238 1.072253 3.761113
110070725 0.922687 0.741291 -0.132435 1.190967 96.384490 38.778546 1.057594 3.760377
110070726 0.923863 0.741291 -0.127576 1.191348 96.147316 38.742909 1.042924 3.759574
110070727 0.925039 0.741291 -0.122716 1.191750 95.910297 38.707328 1.028244 3.758703
110070728 0.926216 0.741291 -0.117856 1.192173 95.673439 38.671801 1.013556 3.757766
110070729 0.927392 0.741291 -0.112997 1.192617 95.436751 38.636329 0.998861 3.756761
110070730 0.928568 0.741291 -0.108137 1.193082 95.200241 38.600913 0.984161 3.755690
110070731 0.929745 0.741291 -0.103277 1.193567 94.963917 38.565551 0.969457 3.754552
110070732 0.930921 0.741291 -0.098418 1.194073 94.727788 38.530243 0.954751 3.753348
110070733 0.932097 0.741291 -0.093558 1.194600 94.491862 38.494990 0.940045 3.752078
110070734 0.933274 0.741291 -0.088698 1.195148 94.256145 38.459792 0.925340 3.750743
110070735 0.934450 0.741291 -0.083839 1.195716 94.020647 38.424648 0.910637 3.749342
110070736 0.935626 0.741291 -0.078979 1.196305 93.785376 38.389559 0.895938 3.747875
110070737 0.936802 0.741291 -0.074119 1.196914 93.550338 38.354523 0.881245 3.746344
110070738 0.937979 0.741291 -0.069260 1.197544 93.315543 38.319542 0.866559 3.744748
110070739 0.939155 0.741291 -0.064400 1.198195 93.080997 38.284614 0.851881 3.743087
110070740 0.940331 0.741291 -0.059540 1.198866 92.846708 38.249740 0.837214 3.741363
110070741 0.941508 0.741291 -0.054681 1.199558 92.612685 38.214921 0.822558 3.739574
110070742 0.942684 0.741291 -0.049821 1.200270 92.378934 38.180154 0.807916 3.737722
110070743 0.943860 0.741291 -0.044961 1.201002 92.145464 38.145442 0.793288 3.735807
110070744 0.945037 0.741291 -0.040102 1.201755 91.912281 38.110783 0.778676 3.733830
110070745 0.946213 0.741291 -0.035242 1.202528 91.679393 38.076177 0.764082 3.731789
110070746 0.947389 0.741291 -0.030383 1.203321 91.446808 38.041624 0.749506 3.729687
110070747 0.948565 0.741291 -0.025523 1.204134 91.214533 38.007125 0.734951 3.727523
110070748 0.949742 0.741291 -0.020663 1.204968 90.982575 37.972679 0.720418 3.725298
110070749 0.950918 0.741291 -0.015804 1.205822 90.750941 37.938286 0.705908 3.723011
110070750 0.952094 0.741291 -0.010944 1.206696 90.519639 37.903945 0.691423 3.720664
110070751 0.953271 0.741291 -0.006084 1.207590 90.288675 37.869658 0.676964 3.718257
110070752 0.954447 0.741291 -0.001225 1.208504 90.058056 37.835423 0.662532 3.715790
110070753 0.955623 0.741291 0.003635 1.209438 89.827790 37.801240 0.668901 3.713263
110070754 0.956800 0.741291 0.008495 1.210392 89.597883 37.767111 0.682210 3.710678
110070755 0.957976 0.741291 0.013354 1.211366 89.368342 37.733033 0.695446 3.708034
110070756 0.959152 0.741291 0.018214 1.212360 89.139174 37.699008 0.708609 3.705331
110070757 0.960329 0.741291 0.023074 1.213373 88.910386 37.665035 0.721698 3.702571
110070758 0.961505 0.741291 0.027933 1.214407 88.681983 37.631115 0.734711 3.699754
110070759 0.962681 0.741291 0.032793 1.215460 88.453973 37.597246 0.747647 3.696880
110070760 0.963857 0.741291 0.037653 1.216532 88.226362 37.563429 0.760507 3.693949
110070761 0.965034 0.741291 0.042512 1.217624 87.999156 37.529664 0.773289 3.690963
110070762 0.966210 0.741291 0.047372 1.218736 87.772361 37.495951 0.785991 3.687921
110070763 0.967386 0.741291 0.052232 1.219867 87.545985 37.462289 0.798614 3.684823
110070764 0.968563 0.741291 0.057091 1.221018 87.320032 37.428679 0.811156 3.681672
110070765 0.969739 0.741291 0.061951 1.222188 87.094509 37.395120 0.823617 3.678466
110070766 0.970915 0.741291 0.066811 1.223377 86.869422 37.361613 0.835995 3.675207
110070767 0.972092 0.741291 0.071670 1.224586 86.644777 37.328157 0.848290 3.671894
110070768 0.973268 0.741291 0.076530 1.225814 86.420580 37.294752 0.860502 3.668529
110070769 0.974444 0.741291 0.081390 1.227060 86.196836 37.261398 0.872630 3.665112
110070770 0.975620 0.741291 0.086249 1.228326 85.973551 37.228095 0.884672 3.661643
110070771 0.976797 0.741291 0.091109 1.229612 85.750730 37.194843 0.896628 3.658123
110070772 0.977973 0.741291 0.095969 1.230916 85.528380 37.161642 0.908498 3.654552
110070773 0.979149 0.741291 0.100828 1.232238 85.306505 37.128491 0.920281 3.650932
110070774 0.980326 0.741291 0.105688 1.233580 85.085111 37.095392 0.931976 3.647261
110070775 0.981502 0.741291 0.110548 1.234941 84.864203 37.062342 0.943583 3.643542
110070776 0.982678 0.741291 0.115407 1.236320 84.643787 37.029343 0.955102 3.639774
110070777 0.983855 0.741291 0.120267 1.237718 84.423866 36.996394 0.966531 3.635958
110070778 0.985031 0.741291 0.125127 1.239134 84.204447 36.963496 0.977870 3.632094
110070779 0.986207 0.741291 0.129986 1.240570 83.985535 36.930647 0.989119 3.628184
110070780 0.987384 0.741291 0.134846 1.242023 83.767133 36.897849 1.000277 3.624226
110070781 0.988560 0.741291 0.139706 1.243495 83.549247 36.865101 1.011343 3.620224
110070782 0.989736 0.741291 0.144565 1.244985 83.331882 36.832402 1.022318 3.616175
110070783 0.990912 0.741291 0.149425 1.246494 83.115042 36.799753 1.033202 3.612082
110070784 0.992089 0.741291 0.154285 1.248021 82.898731 36.767154 1.043992 3.607944
110070785 0.993265 0.741291 0.159144 1.249566 82.682954 36.734605 1.054690 3.603763
110070786 0.994441 0.741291 0.164004 1.251129 82.467716 36.702104 1.065295 3.599539
110070787 0.995618 0.741291 0.168864 1.252710 82.253020 36.669654 1.075806 3.595271
110070788 0.996794 0.741291 0.173723 1.254308 82.038872 36.637252 1.086224 3.590962
110070789 0.997970 0.741291 0.178583 1.255925 81.825273 36.604900 1.096547 3.586611
110070790 0.999147 0.741291 0.183443 1.257560 81.612230 36.572597 1.106776 3.582219
110070791 1.000323 0.741291 0.188302 1.259212 81.399746 36.540343 1.116911 3.577787
110070792 1.001499 0.741291 0.193162 1.260882 81.187824 36.508138 1.126951 3.573314
110070793 1.002675 0.741291 0.198022 1.262570 80.976468 36.475981 1.136896 3.568803
110070794 1.003852 0.741291 0.202881 1.264275 80.765682 36.443874 1.146747 3.564252
110070795 1.005028 0.741291 0.207741 1.265997 80.555470 36.411815 1.156501 3.559663
110070796 1.006204 0.741291 0.212601 1.267737 80.345835 36.379805 1.166161 3.555036
110070797 1.007381 0.741291 0.217460 1.269495 80.136780 36.347843 1.175725 3.550372
110070798 1.008557 0.741291 0.222320 1.271269 79.928309 36.315929 1.185193 3.545672
110070799 1.009733 0.741291 0.227180 1.273061 79.720425 36.284064 1.194566 3.540935
110070800 1.010910 0.741291 0.232039 1.274869 79.513132 36.252247 1.203844 3.536163
