# pixelID   x   y   z   l2  two_theta   azimuthal   polar_width azimuthal_width
110060001 1.082100 0.392339 -0.294488 1.188105 104.351150 19.929209 1.364856 3.775965
110060002 1.083276 0.392339 -0.289629 1.187982 104.110863 19.909270 1.353741 3.776144
110060003 1.084453 0.392339 -0.284769 1.187881 103.870530 19.889369 1.342582 3.776255
110060004 1.085629 0.392339 -0.279909 1.187800 103.630158 19.869506 1.331379 3.776300
110060005 1.086805 0.392339 -0.275050 1.187741 103.389756 19.849681 1.320133 3.776278
110060006 1.087982 0.392339 -0.270190 1.187702 103.149332 19.829894 1.308846 3.776189
110060007 1.089158 0.392339 -0.265330 1.187685 102.908896 19.810144 1.297520 3.776033
110060008 1.090334 0.392339 -0.260471 1.187688 102.668456 19.790433 1.286154 3.775810
110060009 1.091510 0.392339 -0.255611 1.187713 102.428020 19.770759 1.274751 3.775520
110060010 1.092687 0.392339 -0.250751 1.187759 102.187596 19.751122 1.263312 3.775164
110060011 1.093863 0.392339 -0.245892 1.187825 101.947194 19.731523 1.251837 3.774740
110060012 1.095039 0.392339 -0.241032 1.187913 101.706822 19.711962 1.240328 3.774250
110060013 1.096216 0.392339 -0.236173 1.188022 101.466488 19.692437 1.228787 3.773693
110060014 1.097392 0.392339 -0.231313 1.188152 101.226202 19.672950 1.217214 3.773069
110060015 1.098568 0.392339 -0.226453 1.188303 100.985971 19.653500 1.205610 3.772378
110060016 1.099745 0.392339 -0.221594 1.188474 100.745803 19.634086 1.193978 3.771622
110060017 1.100921 0.392339 -0.216734 1.188667 100.505709 19.614709 1.182318 3.770798
110060018 1.102097 0.392339 -0.211874 1.188881 100.265695 19.595370 1.170631 3.769909
110060019 1.103273 0.392339 -0.207015 1.189116 100.025771 19.576066 1.158919 3.768953
110060020 1.104450 0.392339 -0.202155 1.189372 99.785944 19.556799 1.147183 3.767931
110060021 1.105626 0.392339 -0.197295 1.189649 99.546224 19.537569 1.135424 3.766844
110060022 1.106802 0.392339 -0.192436 1.189947 99.306619 19.518375 1.123643 3.765690
110060023 1.107979 0.392339 -0.187576 1.190265 99.067137 19.499217 1.111842 3.764471
110060024 1.109155 0.392339 -0.182716 1.190605 98.827786 19.480095 1.100022 3.763187
110060025 1.110331 0.392339 -0.177857 1.190965 98.588575 19.461009 1.088184 3.761837
110060026 1.111508 0.392339 -0.172997 1.191347 98.349511 19.441960 1.076330 3.760422
110060027 1.112684 0.392339 -0.168137 1.191749 98.110605 19.422945 1.064461 3.758943
110060028 1.113860 0.392339 -0.163278 1.192172 97.871862 19.403967 1.052577 3.757398
110060029 1.115037 0.392339 -0.158418 1.192616 97.633293 19.385024 1.040681 3.755790
110060030 1.116213 0.392339 -0.153558 1.193080 97.394904 19.366117 1.028774 3.754117
110060031 1.117389 0.392339 -0.148699 1.193566 97.156704 19.347246 1.016856 3.752380
110060032 1.118565 0.392339 -0.143839 1.194072 96.918701 19.328409 1.004930 3.750580
110060033 1.119742 0.392339 -0.138979 1.194599 96.680903 19.309608 0.992995 3.748716
110060034 1.120918 0.392339 -0.134120 1.195146 96.443319 19.290842 0.981055 3.746789
110060035 1.122094 0.392339 -0.129260 1.195715 96.205955 19.272111 0.969109 3.744799
110060036 1.123271 0.392339 -0.124400 1.196304 95.968820 19.253415 0.957160 3.742746
110060037 1.124447 0.392339 -0.119541 1.196913 95.731922 19.234754 0.945207 3.740631
110060038 1.125623 0.392339 -0.114681 1.197543 95.495269 19.216128 0.933254 3.738454
110060039 1.126800 0.392339 -0.109821 1.198194 95.258868 19.197536 0.921300 3.736216
110060040 1.127976 0.392339 -0.104962 1.198865 95.022727 19.178979 0.909347 3.733916
110060041 1.129152 0.392339 -0.100102 1.199556 94.786854 19.160456 0.897397 3.731555
110060042 1.130328 0.392339 -0.095242 1.200268 94.551256 19.141968 0.885450 3.729133
110060043 1.131505 0.392339 -0.090383 1.201000 94.315941 19.123514 0.873508 3.726651
110060044 1.132681 0.392339 -0.085523 1.201753 94.080916 19.105095 0.861572 3.724109
110060045 1.133857 0.392339 -0.080663 1.202526 93.846189 19.086709 0.849643 3.721507
110060046 1.135034 0.392339 -0.075804 1.203319 93.611767 19.068358 0.837723 3.718846
110060047 1.136210 0.392339 -0.070944 1.204133 93.377658 19.050040 0.825812 3.716126
110060048 1.137386 0.392339 -0.066084 1.204967 93.143868 19.031757 0.813911 3.713347
110060049 1.138563 0.392339 -0.061225 1.205820 92.910405 19.013507 0.802023 3.710511
110060050 1.139739 0.392339 -0.056365 1.206694 92.677276 18.995290 0.790148 3.707616
110060051 1.140915 0.392339 -0.051505 1.207589 92.444489 18.977108 0.778286 3.704665
110060052 1.142092 0.392339 -0.046646 1.208503 92.212049 18.958959 0.766441 3.701656
110060053 1.143268 0.392339 -0.041786 1.209437 91.979964 18.940843 0.754611 3.698591
110060054 1.144444 0.392339 -0.036926 1.210391 91.748241 18.922761 0.742799 3.695470
110060055 1.145620 0.392339 -0.032067 1.211365 91.516887 18.904711 0.731006 3.692293
110060056 1.146797 0.392339 -0.027207 1.212358 91.285908 18.886695 0.719233 3.689061
110060057 1.147973 0.392339 -0.022347 1.213372 91.055311 18.868712 0.707481 3.685774
110060058 1.149149 0.392339 -0.017488 1.214405 90.825103 18.850762 0.695750 3.682433
110060059 1.150326 0.392339 -0.012628 1.215458 90.595289 18.832845 0.684043 3.679038
110060060 1.151502 0.392339 -0.007768 1.216531 90.365878 18.814961 0.672359 3.675589
110060061 1.152678 0.392339 -0.002909 1.217623 90.136874 18.797109 0.660701 3.672088
110060062 1.153855 0.392339 0.001951 1.218735 89.908284 18.779290 0.657919 3.668534
110060063 1.155031 0.392339 0.006811 1.219866 89.680114 18.761504 0.668293 3.664928
110060064 1.156207 0.392339 0.011670 1.221016 89.452371 18.743750 0.678600 3.661271
110060065 1.157383 0.392339 0.016530 1.222186 89.225060 18.726028 0.688839 3.657562
110060066 1.158560 0.392339 0.021390 1.223376 88.998188 18.708339 0.699010 3.653803
110060067 1.159736 0.392339 0.026249 1.224584 88.771760 18.690682 0.709111 3.649994
110060068 1.160912 0.392339 0.031109 1.225812 88.545782 18.673056 0.719143 3.646136
110060069 1.162089 0.392339 0.035969 1.227059 88.320260 18.655463 0.729104 3.642228
110060070 1.163265 0.392339 0.040828 1.228325 88.095200 18.637902 0.738995 3.638272
110060071 1.164441 0.392339 0.045688 1.229610 87.870607 18.620373 0.748814 3.634268
110060072 1.165618 0.392339 0.050548 1.230914 87.646486 18.602876 0.758561 3.630216
110060073 1.166794 0.392339 0.055407 1.232237 87.422843 18.585410 0.768236 3.626118
110060074 1.167970 0.392339 0.060267 1.233579 87.199684 18.567976 0.777838 3.621973
110060075 1.169147 0.392339 0.065126 1.234939 86.977013 18.550573 0.787367 3.617781
110060076 1.170323 0.392339 0.069986 1.236318 86.754836 18.533202 0.796822 3.613545
110060077 1.171499 0.392339 0.074846 1.237716 86.533158 18.515862 0.806203 3.609263
110060078 1.172675 0.392339 0.079705 1.239133 86.311984 18.498554 0.815509 3.604937
110060079 1.173852 0.392339 0.084565 1.240568 86.091318 18.481276 0.824741 3.600568
110060080 1.175028 0.392339 0.089425 1.242022 85.871166 18.464030 0.833897 3.596155
110060081 1.176204 0.392339 0.094284 1.243493 85.651532 18.446815 0.842977 3.591699
110060082 1.177381 0.392339 0.099144 1.244984 85.432422 18.429631 0.851981 3.587201
110060083 1.178557 0.392339 0.104004 1.246492 85.213838 18.412477 0.860909 3.582661
110060084 1.179733 0.392339 0.108863 1.248019 84.995787 18.395355 0.869761 3.578080
110060085 1.180910 0.392339 0.113723 1.249564 84.778272 18.378263 0.878535 3.573458
110060086 1.182086 0.392339 0.118583 1.251127 84.561299 18.361202 0.887233 3.568797
110060087 1.183262 0.392339 0.123442 1.252708 84.344870 18.344171 0.895853 3.564095
110060088 1.184438 0.392339 0.128302 1.254307 84.128990 18.327171 0.904395 3.559355
110060089 1.185615 0.392339 0.133162 1.255924 83.913663 18.310201 0.912860 3.554577
110060090 1.186791 0.392339 0.138021 1.257558 83.698894 18.293262 0.921246 3.549760
110060091 1.187967 0.392339 0.142881 1.259211 83.484686 18.276353 0.929554 3.544906
110060092 1.189144 0.392339 0.147741 1.260881 83.271043 18.259474 0.937784 3.540016
110060093 1.190320 0.392339 0.152600 1.262568 83.057969 18.242625 0.945936 3.535089
110060094 1.191496 0.392339 0.157460 1.264273 82.845467 18.225806 0.954009 3.530126
110060095 1.192673 0.392339 0.162320 1.265996 82.633541 18.209017 0.962003 3.525128
110060096 1.193849 0.392339 0.167179 1.267736 82.422194 18.192258 0.969918 3.520096
110060097 1.195025 0.392339 0.172039 1.269493 82.211431 18.175528 0.977755 3.515029
110060098 1.196202 0.392339 0.176899 1.271267 82.001253 18.158829 0.985512 3.509929
110060099 1.197378 0.392339 0.181758 1.273059 81.791665 18.142159 0.993191 3.504796
110060100 1.198554 0.392339 0.186618 1.274868 81.582670 18.125518 1.000790 3.499631
110060101 1.069678 0.415439 -0.291482 1.183960 104.252292 21.225050 1.378921 3.801960
110060102 1.070854 0.415439 -0.286622 1.183837 104.011265 21.203807 1.367489 3.802161
110060103 1.072031 0.415439 -0.281762 1.183735 103.770190 21.182605 1.356012 3.802294
110060104 1.073207 0.415439 -0.276903 1.183654 103.529076 21.161443 1.344491 3.802360
110060105 1.074383 0.415439 -0.272043 1.183595 103.287932 21.140321 1.332927 3.802357
110060106 1.075560 0.415439 -0.267183 1.183556 103.046765 21.119240 1.321321 3.802287
110060107 1.076736 0.415439 -0.262324 1.183539 102.805586 21.098198 1.309675 3.802148
110060108 1.077912 0.415439 -0.257464 1.183542 102.564402 21.077197 1.297989 3.801942
110060109 1.079089 0.415439 -0.252604 1.183567 102.323222 21.056235 1.286265 3.801667
110060110 1.080265 0.415439 -0.247745 1.183613 102.082055 21.035313 1.274505 3.801325
110060111 1.081441 0.415439 -0.242885 1.183680 101.840910 21.014431 1.262709 3.800915
110060112 1.082617 0.415439 -0.238025 1.183768 101.599794 20.993589 1.250879 3.800437
110060113 1.083794 0.415439 -0.233166 1.183877 101.358717 20.972785 1.239016 3.799891
110060114 1.084970 0.415439 -0.228306 1.184007 101.117688 20.952022 1.227121 3.799277
110060115 1.086146 0.415439 -0.223446 1.184159 100.876714 20.931297 1.215195 3.798596
110060116 1.087323 0.415439 -0.218587 1.184331 100.635805 20.910612 1.203241 3.797848
110060117 1.088499 0.415439 -0.213727 1.184525 100.394969 20.889965 1.191258 3.797032
110060118 1.089675 0.415439 -0.208867 1.184739 100.154215 20.869358 1.179249 3.796148
110060119 1.090852 0.415439 -0.204008 1.184975 99.913551 20.848789 1.167215 3.795198
110060120 1.092028 0.415439 -0.199148 1.185232 99.672985 20.828259 1.155157 3.794180
110060121 1.093204 0.415439 -0.194288 1.185510 99.432527 20.807768 1.143076 3.793095
110060122 1.094380 0.415439 -0.189429 1.185808 99.192185 20.787315 1.130973 3.791944
110060123 1.095557 0.415439 -0.184569 1.186128 98.951967 20.766900 1.118851 3.790726
110060124 1.096733 0.415439 -0.179709 1.186469 98.711881 20.746524 1.106710 3.789442
110060125 1.097909 0.415439 -0.174850 1.186831 98.471937 20.726186 1.094551 3.788091
110060126 1.099086 0.415439 -0.169990 1.187213 98.232141 20.705886 1.082376 3.786674
110060127 1.100262 0.415439 -0.165130 1.187617 97.992504 20.685624 1.070186 3.785192
110060128 1.101438 0.415439 -0.160271 1.188041 97.753033 20.665400 1.057983 3.783644
110060129 1.102615 0.415439 -0.155411 1.188487 97.513736 20.645213 1.045767 3.782030
110060130 1.103791 0.415439 -0.150551 1.188953 97.274621 20.625065 1.033541 3.780351
110060131 1.104967 0.415439 -0.145692 1.189440 97.035698 20.604954 1.021305 3.778608
110060132 1.106144 0.415439 -0.140832 1.189948 96.796973 20.584880 1.009061 3.776799
110060133 1.107320 0.415439 -0.135973 1.190477 96.558455 20.564844 0.996809 3.774926
110060134 1.108496 0.415439 -0.131113 1.191026 96.320153 20.544845 0.984552 3.772990
110060135 1.109672 0.415439 -0.126253 1.191597 96.082074 20.524883 0.972291 3.770989
110060136 1.110849 0.415439 -0.121394 1.192187 95.844225 20.504959 0.960026 3.768924
110060137 1.112025 0.415439 -0.116534 1.192799 95.606616 20.485071 0.947760 3.766797
110060138 1.113201 0.415439 -0.111674 1.193431 95.369254 20.465220 0.935493 3.764606
110060139 1.114378 0.415439 -0.106815 1.194084 95.132146 20.445406 0.923226 3.762353
110060140 1.115554 0.415439 -0.101955 1.194757 94.895302 20.425629 0.910962 3.760038
110060141 1.116730 0.415439 -0.097095 1.195451 94.658727 20.405888 0.898701 3.757660
110060142 1.117907 0.415439 -0.092236 1.196166 94.422430 20.386184 0.886444 3.755221
110060143 1.119083 0.415439 -0.087376 1.196900 94.186420 20.366516 0.874194 3.752721
110060144 1.120259 0.415439 -0.082516 1.197656 93.950702 20.346885 0.861950 3.750159
110060145 1.121435 0.415439 -0.077657 1.198431 93.715284 20.327290 0.849714 3.747538
110060146 1.122612 0.415439 -0.072797 1.199227 93.480175 20.307731 0.837488 3.744856
110060147 1.123788 0.415439 -0.067937 1.200044 93.245382 20.288207 0.825273 3.742114
110060148 1.124964 0.415439 -0.063078 1.200880 93.010911 20.268720 0.813070 3.739313
110060149 1.126141 0.415439 -0.058218 1.201737 92.776770 20.249269 0.800879 3.736452
110060150 1.127317 0.415439 -0.053358 1.202614 92.542967 20.229853 0.788703 3.733534
110060151 1.128493 0.415439 -0.048499 1.203511 92.309508 20.210473 0.776543 3.730557
110060152 1.129670 0.415439 -0.043639 1.204428 92.076400 20.191129 0.764399 3.727522
110060153 1.130846 0.415439 -0.038779 1.205365 91.843650 20.171820 0.752273 3.724430
110060154 1.132022 0.415439 -0.033920 1.206323 91.611266 20.152546 0.740166 3.721281
110060155 1.133199 0.415439 -0.029060 1.207300 91.379254 20.133308 0.728079 3.718075
110060156 1.134375 0.415439 -0.024200 1.208297 91.147621 20.114104 0.716013 3.714814
110060157 1.135551 0.415439 -0.019341 1.209314 90.916374 20.094936 0.703970 3.711497
110060158 1.136727 0.415439 -0.014481 1.210351 90.685519 20.075803 0.691950 3.708124
110060159 1.137904 0.415439 -0.009621 1.211407 90.455063 20.056705 0.679955 3.704698
110060160 1.139080 0.415439 -0.004762 1.212483 90.225012 20.037642 0.667985 3.701217
110060161 1.140256 0.415439 0.000098 1.213579 89.995373 20.018613 0.656500 3.697682
110060162 1.141433 0.415439 0.004958 1.214694 89.766151 19.999619 0.667198 3.694094
110060163 1.142609 0.415439 0.009817 1.215829 89.537354 19.980659 0.677829 3.690453
110060164 1.143785 0.415439 0.014677 1.216984 89.308988 19.961734 0.688390 3.686760
110060165 1.144962 0.415439 0.019537 1.218158 89.081058 19.942843 0.698881 3.683016
110060166 1.146138 0.415439 0.024396 1.219351 88.853571 19.923987 0.709302 3.679220
110060167 1.147314 0.415439 0.029256 1.220563 88.626532 19.905165 0.719651 3.675373
110060168 1.148490 0.415439 0.034116 1.221795 88.399948 19.886377 0.729929 3.671476
110060169 1.149667 0.415439 0.038975 1.223046 88.173823 19.867622 0.740135 3.667529
110060170 1.150843 0.415439 0.043835 1.224316 87.948165 19.848902 0.750267 3.663533
110060171 1.152019 0.415439 0.048695 1.225606 87.722978 19.830216 0.760326 3.659489
110060172 1.153196 0.415439 0.053554 1.226914 87.498268 19.811563 0.770311 3.655396
110060173 1.154372 0.415439 0.058414 1.228241 87.274040 19.792944 0.780222 3.651256
110060174 1.155548 0.415439 0.063274 1.229587 87.050301 19.774358 0.790057 3.647068
110060175 1.156725 0.415439 0.068133 1.230952 86.827054 19.755806 0.799817 3.642834
110060176 1.157901 0.415439 0.072993 1.232336 86.604306 19.737288 0.809502 3.638554
110060177 1.159077 0.415439 0.077853 1.233738 86.382061 19.718802 0.819110 3.634228
110060178 1.160254 0.415439 0.082712 1.235160 86.160324 19.700350 0.828641 3.629857
110060179 1.161430 0.415439 0.087572 1.236599 85.939101 19.681931 0.838095 3.625442
110060180 1.162606 0.415439 0.092432 1.238057 85.718396 19.663545 0.847471 3.620983
110060181 1.163782 0.415439 0.097291 1.239534 85.498214 19.645193 0.856770 3.616480
110060182 1.164959 0.415439 0.102151 1.241029 85.278560 19.626872 0.865990 3.611935
110060183 1.166135 0.415439 0.107011 1.242542 85.059438 19.608585 0.875132 3.607348
110060184 1.167311 0.415439 0.111870 1.244074 84.840853 19.590331 0.884195 3.602718
110060185 1.168488 0.415439 0.116730 1.245624 84.622809 19.572109 0.893179 3.598048
110060186 1.169664 0.415439 0.121590 1.247192 84.405310 19.553919 0.902084 3.593337
110060187 1.170840 0.415439 0.126449 1.248778 84.188362 19.535762 0.910909 3.588586
110060188 1.172017 0.415439 0.131309 1.250382 83.971967 19.517638 0.919654 3.583796
110060189 1.173193 0.415439 0.136169 1.252004 83.756131 19.499545 0.928319 3.578966
110060190 1.174369 0.415439 0.141028 1.253643 83.540857 19.481485 0.936903 3.574098
110060191 1.175545 0.415439 0.145888 1.255301 83.326149 19.463457 0.945408 3.569193
110060192 1.176722 0.415439 0.150748 1.256976 83.112011 19.445462 0.953831 3.564250
110060193 1.177898 0.415439 0.155607 1.258669 82.898447 19.427498 0.962174 3.559270
110060194 1.179074 0.415439 0.160467 1.260379 82.685460 19.409566 0.970437 3.554255
110060195 1.180251 0.415439 0.165326 1.262107 82.473053 19.391665 0.978618 3.549203
110060196 1.181427 0.415439 0.170186 1.263852 82.261232 19.373797 0.986718 3.544117
110060197 1.182603 0.415439 0.175046 1.265615 82.049998 19.355960 0.994737 3.538996
110060198 1.183780 0.415439 0.179905 1.267395 81.839355 19.338155 1.002674 3.533842
110060199 1.184956 0.415439 0.184765 1.269192 81.629307 19.320381 1.010531 3.528653
110060200 1.186132 0.415439 0.189625 1.271006 81.419856 19.302638 1.018306 3.523433
110060201 1.057256 0.438539 -0.288475 1.180392 104.145734 22.528173 1.391545 3.824377
110060202 1.058432 0.438539 -0.283615 1.180268 103.904084 22.505634 1.379809 3.824604
110060203 1.059609 0.438539 -0.278756 1.180166 103.662386 22.483138 1.368028 3.824763
110060204 1.060785 0.438539 -0.273896 1.180085 103.420649 22.460684 1.356201 3.824853
110060205 1.061961 0.438539 -0.269036 1.180025 103.178880 22.438273 1.344331 3.824874
110060206 1.063138 0.438539 -0.264177 1.179986 102.937090 22.415904 1.332419 3.824826
110060207 1.064314 0.438539 -0.259317 1.179969 102.695286 22.393578 1.320466 3.824709
110060208 1.065490 0.438539 -0.254457 1.179972 102.453477 22.371294 1.308473 3.824524
110060209 1.066667 0.438539 -0.249598 1.179997 102.211672 22.349052 1.296442 3.824269
110060210 1.067843 0.438539 -0.244738 1.180043 101.969880 22.326851 1.284374 3.823946
110060211 1.069019 0.438539 -0.239878 1.180110 101.728109 22.304693 1.272270 3.823554
110060212 1.070196 0.438539 -0.235019 1.180199 101.486369 22.282576 1.260131 3.823093
110060213 1.071372 0.438539 -0.230159 1.180308 101.244668 22.260501 1.247960 3.822564
110060214 1.072548 0.438539 -0.225299 1.180439 101.003014 22.238467 1.235756 3.821965
110060215 1.073724 0.438539 -0.220440 1.180591 100.761416 22.216475 1.223522 3.821299
110060216 1.074901 0.438539 -0.215580 1.180764 100.519883 22.194524 1.211259 3.820564
110060217 1.076077 0.438539 -0.210720 1.180958 100.278424 22.172614 1.198968 3.819760
110060218 1.077253 0.438539 -0.205861 1.181173 100.037047 22.150745 1.186650 3.818888
110060219 1.078430 0.438539 -0.201001 1.181409 99.795761 22.128917 1.174307 3.817948
110060220 1.079606 0.438539 -0.196141 1.181667 99.554574 22.107130 1.161940 3.816940
110060221 1.080782 0.438539 -0.191282 1.181946 99.313495 22.085383 1.149551 3.815865
110060222 1.081959 0.438539 -0.186422 1.182245 99.072533 22.063678 1.137140 3.814721
110060223 1.083135 0.438539 -0.181562 1.182566 98.831696 22.042012 1.124710 3.813510
110060224 1.084311 0.438539 -0.176703 1.182908 98.590993 22.020387 1.112260 3.812232
110060225 1.085487 0.438539 -0.171843 1.183271 98.350432 21.998803 1.099794 3.810887
110060226 1.086664 0.438539 -0.166983 1.183655 98.110022 21.977258 1.087312 3.809474
110060227 1.087840 0.438539 -0.162124 1.184059 97.869770 21.955754 1.074816 3.807995
110060228 1.089016 0.438539 -0.157264 1.184485 97.629686 21.934289 1.062306 3.806450
110060229 1.090193 0.438539 -0.152404 1.184932 97.389778 21.912865 1.049785 3.804838
110060230 1.091369 0.438539 -0.147545 1.185400 97.150053 21.891480 1.037253 3.803160
110060231 1.092545 0.438539 -0.142685 1.185888 96.910521 21.870135 1.024712 3.801416
110060232 1.093722 0.438539 -0.137825 1.186398 96.671190 21.848829 1.012164 3.799607
110060233 1.094898 0.438539 -0.132966 1.186928 96.432067 21.827563 0.999609 3.797732
110060234 1.096074 0.438539 -0.128106 1.187479 96.193161 21.806336 0.987049 3.795792
110060235 1.097251 0.438539 -0.123246 1.188051 95.954481 21.785149 0.974485 3.793788
110060236 1.098427 0.438539 -0.118387 1.188644 95.716033 21.764000 0.961919 3.791719
110060237 1.099603 0.438539 -0.113527 1.189257 95.477826 21.742891 0.949352 3.789586
110060238 1.100779 0.438539 -0.108667 1.189891 95.239868 21.721821 0.936785 3.787389
110060239 1.101956 0.438539 -0.103808 1.190546 95.002167 21.700789 0.924220 3.785129
110060240 1.103132 0.438539 -0.098948 1.191221 94.764731 21.679796 0.911657 3.782806
110060241 1.104308 0.438539 -0.094088 1.191917 94.527567 21.658842 0.899099 3.780420
110060242 1.105485 0.438539 -0.089229 1.192633 94.290684 21.637926 0.886546 3.777971
110060243 1.106661 0.438539 -0.084369 1.193370 94.054089 21.617049 0.874000 3.775460
110060244 1.107837 0.438539 -0.079509 1.194128 93.817789 21.596210 0.861462 3.772888
110060245 1.109014 0.438539 -0.074650 1.194906 93.581792 21.575409 0.848934 3.770254
110060246 1.110190 0.438539 -0.069790 1.195704 93.346106 21.554646 0.836415 3.767559
110060247 1.111366 0.438539 -0.064930 1.196523 93.110738 21.533921 0.823909 3.764803
110060248 1.112542 0.438539 -0.060071 1.197362 92.875696 21.513235 0.811416 3.761988
110060249 1.113719 0.438539 -0.055211 1.198221 92.640986 21.492586 0.798937 3.759112
110060250 1.114895 0.438539 -0.050351 1.199101 92.406616 21.471975 0.786474 3.756178
110060251 1.116071 0.438539 -0.045492 1.200001 92.172594 21.451401 0.774027 3.753184
110060252 1.117248 0.438539 -0.040632 1.200920 91.938926 21.430865 0.761598 3.750131
110060253 1.118424 0.438539 -0.035772 1.201860 91.705619 21.410367 0.749189 3.747021
110060254 1.119600 0.438539 -0.030913 1.202820 91.472680 21.389905 0.736800 3.743853
110060255 1.120777 0.438539 -0.026053 1.203800 91.240117 21.369481 0.724432 3.740628
110060256 1.121953 0.438539 -0.021194 1.204800 91.007936 21.349095 0.712087 3.737346
110060257 1.123129 0.438539 -0.016334 1.205820 90.776143 21.328745 0.699766 3.734007
110060258 1.124306 0.438539 -0.011474 1.206860 90.544746 21.308432 0.687470 3.730613
110060259 1.125482 0.438539 -0.006615 1.207920 90.313751 21.288156 0.675199 3.727164
110060260 1.126658 0.438539 -0.001755 1.208999 90.083165 21.267917 0.662956 3.723659
110060261 1.127834 0.438539 0.003105 1.210098 89.852994 21.247714 0.665572 3.720100
110060262 1.129011 0.438539 0.007964 1.211216 89.623244 21.227548 0.676517 3.716488
110060263 1.130187 0.438539 0.012824 1.212355 89.393922 21.207419 0.687393 3.712821
110060264 1.131363 0.438539 0.017684 1.213512 89.165034 21.187326 0.698197 3.709102
110060265 1.132540 0.438539 0.022543 1.214690 88.936586 21.167269 0.708929 3.705331
110060266 1.133716 0.438539 0.027403 1.215886 88.708584 21.147248 0.719589 3.701507
110060267 1.134892 0.438539 0.032263 1.217102 88.481034 21.127264 0.730176 3.697633
110060268 1.136069 0.438539 0.037122 1.218338 88.253942 21.107315 0.740689 3.693707
110060269 1.137245 0.438539 0.041982 1.219592 88.027314 21.087403 0.751128 3.689731
110060270 1.138421 0.438539 0.046842 1.220866 87.801156 21.067526 0.761492 3.685705
110060271 1.139597 0.438539 0.051701 1.222159 87.575473 21.047685 0.771780 3.681629
110060272 1.140774 0.438539 0.056561 1.223471 87.350271 21.027879 0.781993 3.677505
110060273 1.141950 0.438539 0.061421 1.224802 87.125555 21.008110 0.792129 3.673333
110060274 1.143126 0.438539 0.066280 1.226152 86.901330 20.988375 0.802188 3.669113
110060275 1.144303 0.438539 0.071140 1.227520 86.677603 20.968676 0.812169 3.664846
110060276 1.145479 0.438539 0.076000 1.228908 86.454377 20.949013 0.822073 3.660532
110060277 1.146655 0.438539 0.080859 1.230314 86.231660 20.929384 0.831898 3.656172
110060278 1.147832 0.438539 0.085719 1.231739 86.009454 20.909791 0.841645 3.651767
110060279 1.149008 0.438539 0.090579 1.233183 85.787766 20.890232 0.851312 3.647316
110060280 1.150184 0.438539 0.095438 1.234645 85.566600 20.870709 0.860899 3.642821
110060281 1.151361 0.438539 0.100298 1.236126 85.345961 20.851220 0.870407 3.638282
110060282 1.152537 0.438539 0.105158 1.237625 85.125854 20.831766 0.879834 3.633700
110060283 1.153713 0.438539 0.110017 1.239143 84.906284 20.812347 0.889181 3.629075
110060284 1.154889 0.438539 0.114877 1.240678 84.687254 20.792962 0.898447 3.624408
110060285 1.156066 0.438539 0.119737 1.242232 84.468770 20.773612 0.907632 3.619700
110060286 1.157242 0.438539 0.124596 1.243805 84.250835 20.754296 0.916735 3.614950
110060287 1.158418 0.438539 0.129456 1.245395 84.033455 20.735015 0.925756 3.610159
110060288 1.159595 0.438539 0.134316 1.247003 83.816633 20.715768 0.934695 3.605329
110060289 1.160771 0.438539 0.139175 1.248629 83.600373 20.696555 0.943552 3.600460
110060290 1.161947 0.438539 0.144035 1.250274 83.384680 20.677375 0.952327 3.595551
110060291 1.163124 0.438539 0.148895 1.251936 83.169556 20.658230 0.961019 3.590604
110060292 1.164300 0.438539 0.153754 1.253615 82.955008 20.639119 0.969629 3.585620
110060293 1.165476 0.438539 0.158614 1.255313 82.741037 20.620042 0.978156 3.580598
110060294 1.166652 0.438539 0.163474 1.257027 82.527647 20.600998 0.986599 3.575540
110060295 1.167829 0.438539 0.168333 1.258760 82.314843 20.581988 0.994960 3.570446
110060296 1.169005 0.438539 0.173193 1.260510 82.102628 20.563011 1.003237 3.565317
110060297 1.170181 0.438539 0.178053 1.262277 81.891005 20.544068 1.011431 3.560152
110060298 1.171358 0.438539 0.182912 1.264062 81.679977 20.525158 1.019541 3.554954
110060299 1.172534 0.438539 0.187772 1.265864 81.469548 20.506282 1.027569 3.549721
110060300 1.173710 0.438539 0.192632 1.267683 81.259721 20.487438 1.035513 3.544456
110060301 1.044834 0.461639 -0.285468 1.177405 104.031506 23.837281 1.402650 3.843086
110060302 1.046011 0.461639 -0.280608 1.177281 103.789356 23.813458 1.390625 3.843344
110060303 1.047187 0.461639 -0.275749 1.177178 103.547156 23.789679 1.378552 3.843532
110060304 1.048363 0.461639 -0.270889 1.177097 103.304917 23.765946 1.366435 3.843650
110060305 1.049539 0.461639 -0.266029 1.177037 103.062646 23.742257 1.354274 3.843699
110060306 1.050716 0.461639 -0.261170 1.176998 102.820352 23.718613 1.342070 3.843678
110060307 1.051892 0.461639 -0.256310 1.176980 102.578045 23.695013 1.329825 3.843588
110060308 1.053068 0.461639 -0.251450 1.176984 102.335733 23.671457 1.317539 3.843427
110060309 1.054245 0.461639 -0.246591 1.177009 102.093425 23.647945 1.305216 3.843197
110060310 1.055421 0.461639 -0.241731 1.177055 101.851129 23.624477 1.292855 3.842898
110060311 1.056597 0.461639 -0.236871 1.177122 101.608855 23.601053 1.280457 3.842529
110060312 1.057774 0.461639 -0.232012 1.177211 101.366611 23.577673 1.268026 3.842090
110060313 1.058950 0.461639 -0.227152 1.177321 101.124406 23.554336 1.255560 3.841582
110060314 1.060126 0.461639 -0.222293 1.177452 100.882249 23.531043 1.243063 3.841004
110060315 1.061303 0.461639 -0.217433 1.177604 100.640148 23.507794 1.230535 3.840357
110060316 1.062479 0.461639 -0.212573 1.177777 100.398112 23.484587 1.217978 3.839640
110060317 1.063655 0.461639 -0.207714 1.177972 100.156151 23.461424 1.205393 3.838855
110060318 1.064831 0.461639 -0.202854 1.178188 99.914272 23.438304 1.192782 3.838000
110060319 1.066008 0.461639 -0.197994 1.178425 99.672484 23.415227 1.180145 3.837077
110060320 1.067184 0.461639 -0.193135 1.178683 99.430797 23.392193 1.167485 3.836084
110060321 1.068360 0.461639 -0.188275 1.178962 99.189218 23.369201 1.154802 3.835024
110060322 1.069537 0.461639 -0.183415 1.179263 98.947756 23.346253 1.142099 3.833894
110060323 1.070713 0.461639 -0.178556 1.179584 98.706421 23.323346 1.129375 3.832696
110060324 1.071889 0.461639 -0.173696 1.179927 98.465220 23.300482 1.116634 3.831430
110060325 1.073066 0.461639 -0.168836 1.180291 98.224162 23.277660 1.103875 3.830097
110060326 1.074242 0.461639 -0.163977 1.180675 97.983255 23.254881 1.091101 3.828695
110060327 1.075418 0.461639 -0.159117 1.181081 97.742509 23.232144 1.078313 3.827226
110060328 1.076594 0.461639 -0.154257 1.181508 97.501931 23.209448 1.065513 3.825689
110060329 1.077771 0.461639 -0.149398 1.181956 97.261530 23.186794 1.052701 3.824086
110060330 1.078947 0.461639 -0.144538 1.182425 97.021314 23.164183 1.039879 3.822415
110060331 1.080123 0.461639 -0.139678 1.182915 96.781292 23.141612 1.027048 3.820678
110060332 1.081300 0.461639 -0.134819 1.183425 96.541471 23.119084 1.014211 3.818875
110060333 1.082476 0.461639 -0.129959 1.183957 96.301861 23.096596 1.001368 3.817006
110060334 1.083652 0.461639 -0.125099 1.184510 96.062469 23.074150 0.988520 3.815071
110060335 1.084829 0.461639 -0.120240 1.185083 95.823304 23.051746 0.975669 3.813070
110060336 1.086005 0.461639 -0.115380 1.185677 95.584373 23.029382 0.962817 3.811004
110060337 1.087181 0.461639 -0.110520 1.186292 95.345685 23.007059 0.949964 3.808873
110060338 1.088358 0.461639 -0.105661 1.186928 95.107248 22.984778 0.937112 3.806678
110060339 1.089534 0.461639 -0.100801 1.187584 94.869069 22.962537 0.924263 3.804418
110060340 1.090710 0.461639 -0.095941 1.188261 94.631156 22.940336 0.911418 3.802095
110060341 1.091886 0.461639 -0.091082 1.188959 94.393519 22.918176 0.898577 3.799708
110060342 1.093063 0.461639 -0.086222 1.189677 94.156163 22.896057 0.885743 3.797258
110060343 1.094239 0.461639 -0.081362 1.190416 93.919097 22.873978 0.872917 3.794745
110060344 1.095415 0.461639 -0.076503 1.191175 93.682329 22.851940 0.860100 3.792169
110060345 1.096592 0.461639 -0.071643 1.191955 93.445866 22.829941 0.847293 3.789532
110060346 1.097768 0.461639 -0.066783 1.192755 93.209716 22.807983 0.834497 3.786832
110060347 1.098944 0.461639 -0.061924 1.193576 92.973886 22.786064 0.821715 3.784072
110060348 1.100121 0.461639 -0.057064 1.194417 92.738384 22.764186 0.808947 3.781250
110060349 1.101297 0.461639 -0.052204 1.195279 92.503217 22.742347 0.796194 3.778368
110060350 1.102473 0.461639 -0.047345 1.196160 92.268392 22.720547 0.783458 3.775426
110060351 1.103649 0.461639 -0.042485 1.197062 92.033916 22.698788 0.770740 3.772424
110060352 1.104826 0.461639 -0.037625 1.197984 91.799798 22.677067 0.758041 3.769363
110060353 1.106002 0.461639 -0.032766 1.198927 91.566043 22.655387 0.745363 3.766243
110060354 1.107178 0.461639 -0.027906 1.199889 91.332659 22.633745 0.732706 3.763065
110060355 1.108355 0.461639 -0.023046 1.200871 91.099653 22.612142 0.720072 3.759829
110060356 1.109531 0.461639 -0.018187 1.201874 90.867032 22.590579 0.707462 3.756536
110060357 1.110707 0.461639 -0.013327 1.202896 90.634802 22.569054 0.694877 3.753186
110060358 1.111884 0.461639 -0.008467 1.203938 90.402970 22.547569 0.682319 3.749779
110060359 1.113060 0.461639 -0.003608 1.205000 90.171542 22.526122 0.669788 3.746316
110060360 1.114236 0.461639 0.001252 1.206082 89.940527 22.504713 0.663414 3.742798
110060361 1.115413 0.461639 0.006112 1.207184 89.709929 22.483343 0.674665 3.739224
110060362 1.116589 0.461639 0.010971 1.208305 89.479755 22.462012 0.685845 3.735596
110060363 1.117765 0.461639 0.015831 1.209446 89.250012 22.440719 0.696952 3.731914
110060364 1.118941 0.461639 0.020691 1.210607 89.020706 22.419464 0.707987 3.728179
110060365 1.120118 0.461639 0.025550 1.211787 88.791843 22.398248 0.718948 3.724390
110060366 1.121294 0.461639 0.030410 1.212986 88.563429 22.377069 0.729835 3.720549
110060367 1.122470 0.461639 0.035270 1.214205 88.335470 22.355929 0.740647 3.716656
110060368 1.123647 0.461639 0.040129 1.215443 88.107973 22.334826 0.751384 3.712712
110060369 1.124823 0.461639 0.044989 1.216701 87.880942 22.313761 0.762044 3.708716
110060370 1.125999 0.461639 0.049849 1.217978 87.654384 22.292734 0.772628 3.704670
110060371 1.127176 0.461639 0.054708 1.219274 87.428304 22.271744 0.783135 3.700575
110060372 1.128352 0.461639 0.059568 1.220589 87.202708 22.250792 0.793563 3.696429
110060373 1.129528 0.461639 0.064428 1.221923 86.977602 22.229877 0.803914 3.692236
110060374 1.130704 0.461639 0.069287 1.223276 86.752991 22.208999 0.814185 3.687993
110060375 1.131881 0.461639 0.074147 1.224648 86.528879 22.188159 0.824377 3.683704
110060376 1.133057 0.461639 0.079006 1.226039 86.305274 22.167356 0.834489 3.679367
110060377 1.134233 0.461639 0.083866 1.227448 86.082179 22.146590 0.844521 3.674983
110060378 1.135410 0.461639 0.088726 1.228877 85.859599 22.125860 0.854472 3.670553
110060379 1.136586 0.461639 0.093585 1.230324 85.637541 22.105168 0.864342 3.666078
110060380 1.137762 0.461639 0.098445 1.231789 85.416008 22.084512 0.874131 3.661558
110060381 1.138939 0.461639 0.103305 1.233274 85.195005 22.063893 0.883837 3.656994
110060382 1.140115 0.461639 0.108164 1.234776 84.974538 22.043311 0.893462 3.652385
110060383 1.141291 0.461639 0.113024 1.236297 84.754611 22.022765 0.903003 3.647734
110060384 1.142468 0.461639 0.117884 1.237837 84.535228 22.002255 0.912462 3.643040
110060385 1.143644 0.461639 0.122743 1.239394 84.316393 21.981781 0.921838 3.638303
110060386 1.144820 0.461639 0.127603 1.240970 84.098113 21.961344 0.931130 3.633526
110060387 1.145996 0.461639 0.132463 1.242564 83.880389 21.940943 0.940338 3.628707
110060388 1.147173 0.461639 0.137322 1.244176 83.663228 21.920578 0.949463 3.623848
110060389 1.148349 0.461639 0.142182 1.245806 83.446632 21.900249 0.958503 3.618949
110060390 1.149525 0.461639 0.147042 1.247454 83.230606 21.879955 0.967459 3.614011
110060391 1.150702 0.461639 0.151901 1.249119 83.015155 21.859697 0.976330 3.609034
110060392 1.151878 0.461639 0.156761 1.250803 82.800281 21.839475 0.985116 3.604019
110060393 1.153054 0.461639 0.161621 1.252504 82.585988 21.819289 0.993818 3.598967
110060394 1.154231 0.461639 0.166480 1.254223 82.372281 21.799138 1.002435 3.593877
110060395 1.155407 0.461639 0.171340 1.255959 82.159162 21.779022 1.010966 3.588751
110060396 1.156583 0.461639 0.176200 1.257713 81.946636 21.758942 1.019412 3.583590
110060397 1.157759 0.461639 0.181059 1.259484 81.734706 21.738897 1.027773 3.578393
110060398 1.158936 0.461639 0.185919 1.261273 81.523375 21.718887 1.036049 3.573162
110060399 1.160112 0.461639 0.190779 1.263078 81.312646 21.698912 1.044239 3.567896
110060400 1.161288 0.461639 0.195638 1.264902 81.102523 21.678971 1.052344 3.562597
110060401 1.032412 0.484739 -0.282461 1.175003 103.909679 25.151040 1.412167 3.857980
110060402 1.033589 0.484739 -0.277602 1.174879 103.667151 25.125949 1.399867 3.858271
110060403 1.034765 0.484739 -0.272742 1.174776 103.424573 25.100905 1.387520 3.858492
110060404 1.035941 0.484739 -0.267882 1.174695 103.181955 25.075907 1.375128 3.858643
110060405 1.037118 0.484739 -0.263023 1.174634 102.939305 25.050956 1.362691 3.858724
110060406 1.038294 0.484739 -0.258163 1.174595 102.696633 25.026051 1.350212 3.858734
110060407 1.039470 0.484739 -0.253303 1.174578 102.453946 25.001193 1.337691 3.858674
110060408 1.040646 0.484739 -0.248444 1.174581 102.211255 24.976381 1.325130 3.858543
110060409 1.041823 0.484739 -0.243584 1.174606 101.968567 24.951615 1.312529 3.858342
110060410 1.042999 0.484739 -0.238724 1.174653 101.725891 24.926894 1.299892 3.858071
110060411 1.044175 0.484739 -0.233865 1.174720 101.483237 24.902220 1.287218 3.857729
110060412 1.045352 0.484739 -0.229005 1.174809 101.240613 24.877591 1.274509 3.857317
110060413 1.046528 0.484739 -0.224145 1.174919 100.998028 24.853008 1.261766 3.856835
110060414 1.047704 0.484739 -0.219286 1.175050 100.755491 24.828470 1.248992 3.856283
110060415 1.048881 0.484739 -0.214426 1.175203 100.513011 24.803978 1.236187 3.855661
110060416 1.050057 0.484739 -0.209566 1.175376 100.270596 24.779531 1.223353 3.854969
110060417 1.051233 0.484739 -0.204707 1.175571 100.028255 24.755129 1.210491 3.854207
110060418 1.052410 0.484739 -0.199847 1.175788 99.785997 24.730772 1.197602 3.853375
110060419 1.053586 0.484739 -0.194987 1.176025 99.543831 24.706460 1.184689 3.852473
110060420 1.054762 0.484739 -0.190128 1.176284 99.301766 24.682192 1.171752 3.851502
110060421 1.055938 0.484739 -0.185268 1.176564 99.059809 24.657969 1.158792 3.850462
110060422 1.057115 0.484739 -0.180408 1.176865 98.817971 24.633791 1.145812 3.849353
110060423 1.058291 0.484739 -0.175549 1.177187 98.576259 24.609657 1.132813 3.848174
110060424 1.059467 0.484739 -0.170689 1.177530 98.334682 24.585568 1.119795 3.846927
110060425 1.060644 0.484739 -0.165829 1.177895 98.093249 24.561523 1.106761 3.845611
110060426 1.061820 0.484739 -0.160970 1.178281 97.851968 24.537521 1.093712 3.844227
110060427 1.062996 0.484739 -0.156110 1.178687 97.610848 24.513564 1.080649 3.842774
110060428 1.064173 0.484739 -0.151250 1.179115 97.369897 24.489651 1.067574 3.841254
110060429 1.065349 0.484739 -0.146391 1.179564 97.129125 24.465781 1.054488 3.839665
110060430 1.066525 0.484739 -0.141531 1.180034 96.888538 24.441955 1.041393 3.838010
110060431 1.067701 0.484739 -0.136671 1.180524 96.648146 24.418173 1.028290 3.836286
110060432 1.068878 0.484739 -0.131812 1.181036 96.407957 24.394433 1.015180 3.834496
110060433 1.070054 0.484739 -0.126952 1.181569 96.167979 24.370738 1.002065 3.832639
110060434 1.071230 0.484739 -0.122092 1.182122 95.928220 24.347085 0.988946 3.830716
110060435 1.072407 0.484739 -0.117233 1.182697 95.688689 24.323475 0.975825 3.828727
110060436 1.073583 0.484739 -0.112373 1.183292 95.449394 24.299909 0.962703 3.826671
110060437 1.074759 0.484739 -0.107514 1.183908 95.210343 24.276385 0.949582 3.824551
110060438 1.075936 0.484739 -0.102654 1.184545 94.971544 24.252904 0.936462 3.822364
110060439 1.077112 0.484739 -0.097794 1.185203 94.733005 24.229466 0.923345 3.820113
110060440 1.078288 0.484739 -0.092935 1.185881 94.494734 24.206070 0.910233 3.817798
110060441 1.079465 0.484739 -0.088075 1.186580 94.256739 24.182717 0.897127 3.815418
110060442 1.080641 0.484739 -0.083215 1.187300 94.019028 24.159406 0.884028 3.812975
110060443 1.081817 0.484739 -0.078356 1.188040 93.781608 24.136137 0.870938 3.810468
110060444 1.082993 0.484739 -0.073496 1.188801 93.544487 24.112910 0.857858 3.807897
110060445 1.084170 0.484739 -0.068636 1.189583 93.307673 24.089725 0.844789 3.805264
110060446 1.085346 0.484739 -0.063777 1.190385 93.071174 24.066582 0.831733 3.802569
110060447 1.086522 0.484739 -0.058917 1.191207 92.834996 24.043481 0.818691 3.799812
110060448 1.087699 0.484739 -0.054057 1.192050 92.599148 24.020422 0.805664 3.796993
110060449 1.088875 0.484739 -0.049198 1.192913 92.363637 23.997404 0.792654 3.794114
110060450 1.090051 0.484739 -0.044338 1.193796 92.128470 23.974428 0.779661 3.791173
110060451 1.091228 0.484739 -0.039478 1.194700 91.893654 23.951493 0.766688 3.788172
110060452 1.092404 0.484739 -0.034619 1.195624 91.659197 23.928599 0.753735 3.785112
110060453 1.093580 0.484739 -0.029759 1.196568 91.425106 23.905747 0.740803 3.781992
110060454 1.094756 0.484739 -0.024899 1.197532 91.191388 23.882935 0.727895 3.778813
110060455 1.095933 0.484739 -0.020040 1.198517 90.958049 23.860165 0.715010 3.775576
110060456 1.097109 0.484739 -0.015180 1.199521 90.725098 23.837435 0.702151 3.772281
110060457 1.098285 0.484739 -0.010320 1.200545 90.492539 23.814746 0.689318 3.768928
110060458 1.099462 0.484739 -0.005461 1.201590 90.260381 23.792098 0.676513 3.765518
110060459 1.100638 0.484739 -0.000601 1.202654 90.028630 23.769490 0.663737 3.762051
110060460 1.101814 0.484739 0.004259 1.203738 89.797293 23.746922 0.672273 3.758529
110060461 1.102991 0.484739 0.009118 1.204842 89.566376 23.724395 0.683746 3.754951
110060462 1.104167 0.484739 0.013978 1.205965 89.335885 23.701909 0.695146 3.751318
110060463 1.105343 0.484739 0.018838 1.207108 89.105827 23.679462 0.706473 3.747630
110060464 1.106520 0.484739 0.023697 1.208271 88.876208 23.657055 0.717725 3.743888
110060465 1.107696 0.484739 0.028557 1.209453 88.647035 23.634689 0.728901 3.740092
110060466 1.108872 0.484739 0.033417 1.210655 88.418313 23.612362 0.740002 3.736244
110060467 1.110048 0.484739 0.038276 1.211877 88.190049 23.590075 0.751027 3.732343
110060468 1.111225 0.484739 0.043136 1.213117 87.962249 23.567827 0.761974 3.728390
110060469 1.112401 0.484739 0.047996 1.214377 87.734917 23.545619 0.772844 3.724385
110060470 1.113577 0.484739 0.052855 1.215656 87.508061 23.523451 0.783635 3.720330
110060471 1.114754 0.484739 0.057715 1.216955 87.281686 23.501322 0.794347 3.716224
110060472 1.115930 0.484739 0.062575 1.218272 87.055797 23.479232 0.804979 3.712069
110060473 1.117106 0.484739 0.067434 1.219609 86.830400 23.457181 0.815532 3.707864
110060474 1.118283 0.484739 0.072294 1.220965 86.605501 23.435169 0.826003 3.703610
110060475 1.119459 0.484739 0.077154 1.222339 86.381105 23.413196 0.836394 3.699309
110060476 1.120635 0.484739 0.082013 1.223733 86.157216 23.391262 0.846703 3.694959
110060477 1.121811 0.484739 0.086873 1.225145 85.933841 23.369367 0.856930 3.690563
110060478 1.122988 0.484739 0.091733 1.226576 85.710985 23.347511 0.867074 3.686120
110060479 1.124164 0.484739 0.096592 1.228026 85.488652 23.325693 0.877136 3.681631
110060480 1.125340 0.484739 0.101452 1.229494 85.266847 23.303913 0.887114 3.677096
110060481 1.126517 0.484739 0.106312 1.230981 85.045575 23.282172 0.897008 3.672517
110060482 1.127693 0.484739 0.111171 1.232486 84.824841 23.260469 0.906819 3.667894
110060483 1.128869 0.484739 0.116031 1.234010 84.604650 23.238805 0.916545 3.663227
110060484 1.130046 0.484739 0.120891 1.235552 84.385006 23.217178 0.926186 3.658517
110060485 1.131222 0.484739 0.125750 1.237113 84.165914 23.195589 0.935742 3.653764
110060486 1.132398 0.484739 0.130610 1.238692 83.947378 23.174039 0.945213 3.648970
110060487 1.133575 0.484739 0.135470 1.240288 83.729402 23.152526 0.954598 3.644134
110060488 1.134751 0.484739 0.140329 1.241903 83.511991 23.131051 0.963898 3.639257
110060489 1.135927 0.484739 0.145189 1.243536 83.295148 23.109613 0.973111 3.634341
110060490 1.137103 0.484739 0.150049 1.245187 83.078878 23.088213 0.982238 3.629384
110060491 1.138280 0.484739 0.154908 1.246856 82.863185 23.066851 0.991279 3.624389
110060492 1.139456 0.484739 0.159768 1.248542 82.648073 23.045525 1.000233 3.619355
110060493 1.140632 0.484739 0.164628 1.250247 82.433545 23.024237 1.009101 3.614283
110060494 1.141809 0.484739 0.169487 1.251968 82.219605 23.002986 1.017881 3.609174
110060495 1.142985 0.484739 0.174347 1.253708 82.006257 22.981773 1.026575 3.604028
110060496 1.144161 0.484739 0.179207 1.255465 81.793504 22.960596 1.035181 3.598846
110060497 1.145338 0.484739 0.184066 1.257239 81.581350 22.939456 1.043701 3.593628
110060498 1.146514 0.484739 0.188926 1.259031 81.369797 22.918353 1.052133 3.588375
110060499 1.147690 0.484739 0.193785 1.260840 81.158851 22.897286 1.060478 3.583088
110060500 1.148866 0.484739 0.198645 1.262666 80.948512 22.876257 1.068735 3.577768
110060501 1.019990 0.507839 -0.279455 1.173191 103.780354 26.468089 1.420035 3.868971
110060502 1.021167 0.507839 -0.274595 1.173066 103.537574 26.441750 1.407479 3.869299
110060503 1.022343 0.507839 -0.269735 1.172963 103.294744 26.415460 1.394875 3.869557
110060504 1.023519 0.507839 -0.264876 1.172882 103.051873 26.389218 1.382226 3.869744
110060505 1.024696 0.507839 -0.260016 1.172822 102.808970 26.363024 1.369531 3.869860
110060506 1.025872 0.507839 -0.255156 1.172783 102.566044 26.336879 1.356794 3.869906
110060507 1.027048 0.507839 -0.250297 1.172765 102.323103 26.310782 1.344014 3.869880
110060508 1.028225 0.507839 -0.245437 1.172768 102.080158 26.284733 1.331195 3.869783
110060509 1.029401 0.507839 -0.240577 1.172793 101.837215 26.258732 1.318336 3.869616
110060510 1.030577 0.507839 -0.235718 1.172840 101.594286 26.232778 1.305439 3.869377
110060511 1.031753 0.507839 -0.230858 1.172907 101.351377 26.206872 1.292506 3.869068
110060512 1.032930 0.507839 -0.225998 1.172996 101.108499 26.181014 1.279538 3.868688
110060513 1.034106 0.507839 -0.221139 1.173106 100.865659 26.155203 1.266536 3.868237
110060514 1.035282 0.507839 -0.216279 1.173238 100.622868 26.129439 1.253503 3.867715
110060515 1.036459 0.507839 -0.211419 1.173391 100.380133 26.103722 1.240439 3.867123
110060516 1.037635 0.507839 -0.206560 1.173565 100.137464 26.078053 1.227345 3.866460
110060517 1.038811 0.507839 -0.201700 1.173760 99.894869 26.052430 1.214224 3.865727
110060518 1.039988 0.507839 -0.196840 1.173977 99.652357 26.026854 1.201077 3.864923
110060519 1.041164 0.507839 -0.191981 1.174215 99.409937 26.001325 1.187904 3.864050
110060520 1.042340 0.507839 -0.187121 1.174474 99.167618 25.975842 1.174708 3.863106
110060521 1.043517 0.507839 -0.182261 1.174754 98.925409 25.950406 1.161490 3.862092
110060522 1.044693 0.507839 -0.177402 1.175055 98.683318 25.925016 1.148252 3.861009
110060523 1.045869 0.507839 -0.172542 1.175378 98.441353 25.899672 1.134994 3.859856
110060524 1.047045 0.507839 -0.167682 1.175722 98.199524 25.874375 1.121719 3.858634
110060525 1.048222 0.507839 -0.162823 1.176087 97.957840 25.849123 1.108428 3.857342
110060526 1.049398 0.507839 -0.157963 1.176473 97.716308 25.823917 1.095122 3.855982
110060527 1.050574 0.507839 -0.153103 1.176881 97.474938 25.798757 1.081802 3.854552
110060528 1.051751 0.507839 -0.148244 1.177309 97.233737 25.773643 1.068471 3.853054
110060529 1.052927 0.507839 -0.143384 1.177758 96.992715 25.748574 1.055130 3.851488
110060530 1.054103 0.507839 -0.138524 1.178229 96.751880 25.723550 1.041779 3.849854
110060531 1.055280 0.507839 -0.133665 1.178721 96.511240 25.698572 1.028421 3.848152
110060532 1.056456 0.507839 -0.128805 1.179233 96.270804 25.673639 1.015057 3.846382
110060533 1.057632 0.507839 -0.123945 1.179767 96.030579 25.648751 1.001689 3.844545
110060534 1.058808 0.507839 -0.119086 1.180321 95.790575 25.623908 0.988317 3.842641
110060535 1.059985 0.507839 -0.114226 1.180896 95.550800 25.599110 0.974944 3.840670
110060536 1.061161 0.507839 -0.109366 1.181493 95.311261 25.574357 0.961570 3.838633
110060537 1.062337 0.507839 -0.104507 1.182110 95.071968 25.549648 0.948197 3.836530
110060538 1.063514 0.507839 -0.099647 1.182748 94.832927 25.524983 0.934827 3.834361
110060539 1.064690 0.507839 -0.094787 1.183406 94.594147 25.500363 0.921461 3.832126
110060540 1.065866 0.507839 -0.089928 1.184086 94.355636 25.475788 0.908101 3.829827
110060541 1.067043 0.507839 -0.085068 1.184786 94.117402 25.451256 0.894747 3.827462
110060542 1.068219 0.507839 -0.080208 1.185507 93.879453 25.426769 0.881401 3.825034
110060543 1.069395 0.507839 -0.075349 1.186248 93.641797 25.402325 0.868065 3.822541
110060544 1.070572 0.507839 -0.070489 1.187010 93.404441 25.377926 0.854740 3.819985
110060545 1.071748 0.507839 -0.065629 1.187793 93.167392 25.353570 0.841427 3.817365
110060546 1.072924 0.507839 -0.060770 1.188596 92.930660 25.329257 0.828127 3.814683
110060547 1.074100 0.507839 -0.055910 1.189419 92.694251 25.304989 0.814843 3.811938
110060548 1.075277 0.507839 -0.051050 1.190263 92.458173 25.280763 0.801574 3.809131
110060549 1.076453 0.507839 -0.046191 1.191128 92.222432 25.256581 0.788324 3.806262
110060550 1.077629 0.507839 -0.041331 1.192013 91.987038 25.232442 0.775092 3.803333
110060551 1.078806 0.507839 -0.036471 1.192918 91.751996 25.208346 0.761881 3.800342
110060552 1.079982 0.507839 -0.031612 1.193843 91.517314 25.184294 0.748691 3.797291
110060553 1.081158 0.507839 -0.026752 1.194789 91.283000 25.160284 0.735523 3.794181
110060554 1.082335 0.507839 -0.021892 1.195754 91.049059 25.136316 0.722380 3.791010
110060555 1.083511 0.507839 -0.017033 1.196740 90.815500 25.112392 0.709262 3.787781
110060556 1.084687 0.507839 -0.012173 1.197746 90.582330 25.088510 0.696171 3.784494
110060557 1.085863 0.507839 -0.007314 1.198772 90.349554 25.064670 0.683107 3.781148
110060558 1.087040 0.507839 -0.002454 1.199818 90.117180 25.040873 0.670072 3.777745
110060559 1.088216 0.507839 0.002406 1.200883 89.885215 25.017118 0.669348 3.774285
110060560 1.089392 0.507839 0.007265 1.201969 89.653665 24.993405 0.681101 3.770768
110060561 1.090569 0.507839 0.012125 1.203074 89.422537 24.969735 0.692782 3.767195
110060562 1.091745 0.507839 0.016985 1.204200 89.191837 24.946106 0.704387 3.763567
110060563 1.092921 0.507839 0.021844 1.205344 88.961571 24.922519 0.715918 3.759883
110060564 1.094098 0.507839 0.026704 1.206509 88.731747 24.898973 0.727373 3.756145
110060565 1.095274 0.507839 0.031564 1.207693 88.502369 24.875470 0.738751 3.752353
110060566 1.096450 0.507839 0.036423 1.208896 88.273445 24.852007 0.750052 3.748507
110060567 1.097627 0.507839 0.041283 1.210119 88.044980 24.828587 0.761274 3.744609
110060568 1.098803 0.507839 0.046143 1.211362 87.816981 24.805207 0.772418 3.740658
110060569 1.099979 0.507839 0.051002 1.212624 87.589453 24.781869 0.783483 3.736655
110060570 1.101155 0.507839 0.055862 1.213905 87.362402 24.758572 0.794468 3.732601
110060571 1.102332 0.507839 0.060722 1.215205 87.135833 24.735316 0.805372 3.728496
110060572 1.103508 0.507839 0.065581 1.216524 86.909753 24.712100 0.816195 3.724341
110060573 1.104684 0.507839 0.070441 1.217863 86.684167 24.688926 0.826937 3.720136
110060574 1.105861 0.507839 0.075301 1.219221 86.459080 24.665792 0.837596 3.715881
110060575 1.107037 0.507839 0.080160 1.220597 86.234498 24.642699 0.848172 3.711579
110060576 1.108213 0.507839 0.085020 1.221993 86.010426 24.619646 0.858666 3.707228
110060577 1.109390 0.507839 0.089880 1.223407 85.786870 24.596634 0.869075 3.702830
110060578 1.110566 0.507839 0.094739 1.224840 85.563833 24.573662 0.879401 3.698384
110060579 1.111742 0.507839 0.099599 1.226292 85.341322 24.550731 0.889641 3.693893
110060580 1.112918 0.507839 0.104459 1.227762 85.119342 24.527839 0.899797 3.689356
110060581 1.114095 0.507839 0.109318 1.229251 84.897897 24.504988 0.909868 3.684773
110060582 1.115271 0.507839 0.114178 1.230759 84.676991 24.482176 0.919852 3.680146
110060583 1.116447 0.507839 0.119038 1.232285 84.456630 24.459404 0.929751 3.675475
110060584 1.117624 0.507839 0.123897 1.233829 84.236819 24.436672 0.939563 3.670760
110060585 1.118800 0.507839 0.128757 1.235392 84.017561 24.413980 0.949289 3.666003
110060586 1.119976 0.507839 0.133617 1.236973 83.798862 24.391327 0.958928 3.661203
110060587 1.121153 0.507839 0.138476 1.238572 83.580724 24.368713 0.968479 3.656362
110060588 1.122329 0.507839 0.143336 1.240189 83.363154 24.346139 0.977943 3.651479
110060589 1.123505 0.507839 0.148196 1.241824 83.146154 24.323604 0.987319 3.646556
110060590 1.124682 0.507839 0.153055 1.243477 82.929729 24.301108 0.996607 3.641593
110060591 1.125858 0.507839 0.157915 1.245148 82.713883 24.278652 1.005807 3.636590
110060592 1.127034 0.507839 0.162775 1.246837 82.498620 24.256234 1.014919 3.631549
110060593 1.128210 0.507839 0.167634 1.248544 82.283944 24.233855 1.023942 3.626469
110060594 1.129387 0.507839 0.172494 1.250268 82.069857 24.211515 1.032877 3.621352
110060595 1.130563 0.507839 0.177354 1.252010 81.856365 24.189214 1.041723 3.616198
110060596 1.131739 0.507839 0.182213 1.253769 81.643470 24.166951 1.050480 3.611007
110060597 1.132916 0.507839 0.187073 1.255546 81.431175 24.144726 1.059149 3.605781
110060598 1.134092 0.507839 0.191933 1.257340 81.219485 24.122540 1.067728 3.600519
110060599 1.135268 0.507839 0.196792 1.259151 81.008403 24.100393 1.076219 3.595222
110060600 1.136445 0.507839 0.201652 1.260980 80.797931 24.078283 1.084620 3.589892
110060601 1.007569 0.530939 -0.276448 1.171970 103.643672 27.787044 1.426208 3.875995
110060602 1.008745 0.530939 -0.271588 1.171846 103.400766 27.759482 1.413414 3.876364
110060603 1.009921 0.530939 -0.266728 1.171743 103.157810 27.731969 1.400572 3.876662
110060604 1.011097 0.530939 -0.261869 1.171661 102.914813 27.704507 1.387684 3.876889
110060605 1.012274 0.530939 -0.257009 1.171601 102.671783 27.677095 1.374750 3.877044
110060606 1.013450 0.530939 -0.252149 1.171562 102.428730 27.649733 1.361774 3.877129
110060607 1.014626 0.530939 -0.247290 1.171544 102.185663 27.622420 1.348755 3.877141
110060608 1.015803 0.530939 -0.242430 1.171548 101.942590 27.595158 1.335695 3.877083
110060609 1.016979 0.530939 -0.237570 1.171573 101.699520 27.567945 1.322597 3.876953
110060610 1.018155 0.530939 -0.232711 1.171619 101.456463 27.540781 1.309460 3.876752
110060611 1.019332 0.530939 -0.227851 1.171687 101.213426 27.513666 1.296287 3.876479
110060612 1.020508 0.530939 -0.222991 1.171776 100.970420 27.486601 1.283079 3.876135
110060613 1.021684 0.530939 -0.218132 1.171886 100.727453 27.459585 1.269838 3.875720
110060614 1.022860 0.530939 -0.213272 1.172018 100.484533 27.432618 1.256565 3.875234
110060615 1.024037 0.530939 -0.208412 1.172171 100.241670 27.405699 1.243261 3.874677
110060616 1.025213 0.530939 -0.203553 1.172345 99.998873 27.378829 1.229927 3.874049
110060617 1.026389 0.530939 -0.198693 1.172540 99.756150 27.352008 1.216566 3.873350
110060618 1.027566 0.530939 -0.193834 1.172757 99.513510 27.325235 1.203179 3.872580
110060619 1.028742 0.530939 -0.188974 1.172995 99.270963 27.298511 1.189767 3.871740
110060620 1.029918 0.530939 -0.184114 1.173255 99.028516 27.271835 1.176332 3.870829
110060621 1.031095 0.530939 -0.179255 1.173535 98.786179 27.245207 1.162875 3.869848
110060622 1.032271 0.530939 -0.174395 1.173837 98.543961 27.218627 1.149398 3.868796
110060623 1.033447 0.530939 -0.169535 1.174160 98.301869 27.192095 1.135902 3.867675
110060624 1.034624 0.530939 -0.164676 1.174504 98.059913 27.165610 1.122388 3.866483
110060625 1.035800 0.530939 -0.159816 1.174870 97.818102 27.139173 1.108859 3.865223
110060626 1.036976 0.530939 -0.154956 1.175256 97.576444 27.112784 1.095316 3.863892
110060627 1.038152 0.530939 -0.150097 1.175664 97.334947 27.086442 1.081759 3.862493
110060628 1.039329 0.530939 -0.145237 1.176093 97.093621 27.060147 1.068191 3.861024
110060629 1.040505 0.530939 -0.140377 1.176543 96.852474 27.033900 1.054613 3.859487
110060630 1.041681 0.530939 -0.135518 1.177014 96.611513 27.007699 1.041027 3.857881
110060631 1.042858 0.530939 -0.130658 1.177506 96.370749 26.981546 1.027434 3.856207
110060632 1.044034 0.530939 -0.125798 1.178019 96.130188 26.955439 1.013835 3.854465
110060633 1.045210 0.530939 -0.120939 1.178553 95.889840 26.929379 1.000232 3.852655
110060634 1.046387 0.530939 -0.116079 1.179108 95.649713 26.903365 0.986627 3.850777
110060635 1.047563 0.530939 -0.111219 1.179684 95.409815 26.877398 0.973021 3.848833
110060636 1.048739 0.530939 -0.106360 1.180281 95.170154 26.851478 0.959415 3.846822
110060637 1.049915 0.530939 -0.101500 1.180899 94.930739 26.825603 0.945811 3.844744
110060638 1.051092 0.530939 -0.096640 1.181537 94.691577 26.799775 0.932210 3.842600
110060639 1.052268 0.530939 -0.091781 1.182197 94.452677 26.773993 0.918613 3.840390
110060640 1.053444 0.530939 -0.086921 1.182877 94.214046 26.748257 0.905023 3.838114
110060641 1.054621 0.530939 -0.082061 1.183577 93.975693 26.722566 0.891441 3.835774
110060642 1.055797 0.530939 -0.077202 1.184299 93.737626 26.696921 0.877867 3.833368
110060643 1.056973 0.530939 -0.072342 1.185041 93.499852 26.671322 0.864304 3.830898
110060644 1.058150 0.530939 -0.067482 1.185804 93.262379 26.645768 0.850752 3.828364
110060645 1.059326 0.530939 -0.062623 1.186587 93.025214 26.620260 0.837214 3.825767
110060646 1.060502 0.530939 -0.057763 1.187391 92.788367 26.594796 0.823690 3.823106
110060647 1.061679 0.530939 -0.052903 1.188216 92.551843 26.569378 0.810182 3.820382
110060648 1.062855 0.530939 -0.048044 1.189061 92.315651 26.544005 0.796691 3.817596
110060649 1.064031 0.530939 -0.043184 1.189926 92.079797 26.518677 0.783219 3.814747
110060650 1.065207 0.530939 -0.038324 1.190812 91.844290 26.493393 0.769766 3.811838
110060651 1.066384 0.530939 -0.033465 1.191718 91.609137 26.468155 0.756335 3.808866
110060652 1.067560 0.530939 -0.028605 1.192644 91.374345 26.442961 0.742927 3.805835
110060653 1.068736 0.530939 -0.023745 1.193590 91.139921 26.417811 0.729542 3.802742
110060654 1.069913 0.530939 -0.018886 1.194557 90.905872 26.392706 0.716182 3.799590
110060655 1.071089 0.530939 -0.014026 1.195544 90.672206 26.367645 0.702849 3.796379
110060656 1.072265 0.530939 -0.009166 1.196551 90.438928 26.342628 0.689543 3.793109
110060657 1.073442 0.530939 -0.004307 1.197578 90.206047 26.317655 0.676266 3.789780
110060658 1.074618 0.530939 0.000553 1.198624 89.973569 26.292726 0.665898 3.786393
110060659 1.075794 0.530939 0.005413 1.199691 89.741500 26.267841 0.677918 3.782949
110060660 1.076970 0.530939 0.010272 1.200778 89.509847 26.242999 0.689864 3.779448
110060661 1.078147 0.530939 0.015132 1.201884 89.278617 26.218202 0.701736 3.775891
110060662 1.079323 0.530939 0.019992 1.203011 89.047817 26.193447 0.713532 3.772277
110060663 1.080499 0.530939 0.024851 1.204157 88.817452 26.168737 0.725251 3.768608
110060664 1.081676 0.530939 0.029711 1.205322 88.587529 26.144069 0.736893 3.764885
110060665 1.082852 0.530939 0.034571 1.206508 88.358055 26.119445 0.748457 3.761106
110060666 1.084028 0.530939 0.039430 1.207712 88.129035 26.094864 0.759943 3.757274
110060667 1.085205 0.530939 0.044290 1.208936 87.900475 26.070325 0.771349 3.753389
110060668 1.086381 0.530939 0.049150 1.210180 87.672382 26.045830 0.782675 3.749450
110060669 1.087557 0.530939 0.054009 1.211443 87.444761 26.021377 0.793920 3.745460
110060670 1.088734 0.530939 0.058869 1.212725 87.217619 25.996967 0.805085 3.741418
110060671 1.089910 0.530939 0.063729 1.214027 86.990960 25.972600 0.816167 3.737324
110060672 1.091086 0.530939 0.068588 1.215348 86.764791 25.948275 0.827166 3.733180
110060673 1.092262 0.530939 0.073448 1.216688 86.539117 25.923993 0.838083 3.728986
110060674 1.093439 0.530939 0.078308 1.218046 86.313944 25.899753 0.848916 3.724742
110060675 1.094615 0.530939 0.083167 1.219424 86.089277 25.875554 0.859664 3.720449
110060676 1.095791 0.530939 0.088027 1.220821 85.865121 25.851398 0.870328 3.716108
110060677 1.096968 0.530939 0.092887 1.222237 85.641482 25.827284 0.880907 3.711720
110060678 1.098144 0.530939 0.097746 1.223671 85.418364 25.803212 0.891401 3.707283
110060679 1.099320 0.530939 0.102606 1.225124 85.195773 25.779182 0.901808 3.702801
110060680 1.100497 0.530939 0.107465 1.226596 84.973714 25.755193 0.912129 3.698272
110060681 1.101673 0.530939 0.112325 1.228087 84.752191 25.731246 0.922363 3.693697
110060682 1.102849 0.530939 0.117185 1.229596 84.531209 25.707340 0.932510 3.689078
110060683 1.104025 0.530939 0.122044 1.231123 84.310774 25.683476 0.942569 3.684414
110060684 1.105202 0.530939 0.126904 1.232669 84.090889 25.659653 0.952540 3.679707
110060685 1.106378 0.530939 0.131764 1.234233 83.871559 25.635871 0.962423 3.674956
110060686 1.107554 0.530939 0.136623 1.235815 83.652788 25.612130 0.972218 3.670162
110060687 1.108731 0.530939 0.141483 1.237416 83.434581 25.588430 0.981924 3.665327
110060688 1.109907 0.530939 0.146343 1.239035 83.216943 25.564771 0.991541 3.660450
110060689 1.111083 0.530939 0.151202 1.240671 82.999876 25.541153 1.001068 3.655532
110060690 1.112260 0.530939 0.156062 1.242326 82.783386 25.517575 1.010506 3.650574
110060691 1.113436 0.530939 0.160922 1.243998 82.567476 25.494039 1.019855 3.645577
110060692 1.114612 0.530939 0.165781 1.245689 82.352150 25.470542 1.029114 3.640540
110060693 1.115789 0.530939 0.170641 1.247397 82.137412 25.447086 1.038282 3.635464
110060694 1.116965 0.530939 0.175501 1.249123 81.923266 25.423670 1.047361 3.630351
110060695 1.118141 0.530939 0.180360 1.250866 81.709715 25.400295 1.056349 3.625201
110060696 1.119317 0.530939 0.185220 1.252627 81.496763 25.376959 1.065247 3.620013
110060697 1.120494 0.530939 0.190080 1.254406 81.284413 25.353664 1.074055 3.614790
110060698 1.121670 0.530939 0.194939 1.256201 81.072669 25.330408 1.082772 3.609531
110060699 1.122846 0.530939 0.199799 1.258014 80.861533 25.307192 1.091399 3.604237
110060700 1.124023 0.530939 0.204659 1.259845 80.651010 25.284016 1.099935 3.598908
110060701 0.995147 0.554040 -0.273441 1.171344 103.499806 29.106510 1.430650 3.879013
110060702 0.996323 0.554040 -0.268581 1.171220 103.256902 29.077752 1.417637 3.879426
110060703 0.997499 0.554040 -0.263722 1.171116 103.013947 29.049046 1.404577 3.879767
110060704 0.998676 0.554040 -0.258862 1.171035 102.770951 29.020391 1.391469 3.880037
110060705 0.999852 0.554040 -0.254002 1.170974 102.527922 28.991788 1.378317 3.880236
110060706 1.001028 0.554040 -0.249143 1.170935 102.284870 28.963237 1.365122 3.880362
110060707 1.002204 0.554040 -0.244283 1.170918 102.041803 28.934737 1.351884 3.880417
110060708 1.003381 0.554040 -0.239423 1.170921 101.798730 28.906288 1.338605 3.880401
110060709 1.004557 0.554040 -0.234564 1.170946 101.555660 28.877890 1.325287 3.880313
110060710 1.005733 0.554040 -0.229704 1.170992 101.312602 28.849543 1.311931 3.880153
110060711 1.006910 0.554040 -0.224844 1.171060 101.069565 28.821247 1.298538 3.879921
110060712 1.008086 0.554040 -0.219985 1.171149 100.826558 28.793001 1.285111 3.879618
110060713 1.009262 0.554040 -0.215125 1.171260 100.583590 28.764806 1.271650 3.879244
110060714 1.010439 0.554040 -0.210265 1.171391 100.340669 28.736662 1.258157 3.878798
110060715 1.011615 0.554040 -0.205406 1.171544 100.097805 28.708568 1.244633 3.878281
110060716 1.012791 0.554040 -0.200546 1.171719 99.855007 28.680524 1.231081 3.877692
110060717 1.013967 0.554040 -0.195686 1.171914 99.612283 28.652530 1.217501 3.877032
110060718 1.015144 0.554040 -0.190827 1.172131 99.369642 28.624587 1.203894 3.876302
110060719 1.016320 0.554040 -0.185967 1.172369 99.127093 28.596693 1.190264 3.875500
110060720 1.017496 0.554040 -0.181107 1.172629 98.884645 28.568849 1.176610 3.874628
110060721 1.018673 0.554040 -0.176248 1.172910 98.642307 28.541054 1.162934 3.873684
110060722 1.019849 0.554040 -0.171388 1.173212 98.400087 28.513309 1.149239 3.872671
110060723 1.021025 0.554040 -0.166528 1.173535 98.157994 28.485613 1.135525 3.871587
110060724 1.022202 0.554040 -0.161669 1.173879 97.916037 28.457967 1.121794 3.870433
110060725 1.023378 0.554040 -0.156809 1.174245 97.674224 28.430370 1.108047 3.869209
110060726 1.024554 0.554040 -0.151949 1.174632 97.432565 28.402821 1.094287 3.867915
110060727 1.025731 0.554040 -0.147090 1.175040 97.191067 28.375322 1.080514 3.866551
110060728 1.026907 0.554040 -0.142230 1.175469 96.949740 28.347871 1.066730 3.865119
110060729 1.028083 0.554040 -0.137370 1.175919 96.708591 28.320469 1.052937 3.863617
110060730 1.029259 0.554040 -0.132511 1.176390 96.467630 28.293116 1.039135 3.862046
110060731 1.030436 0.554040 -0.127651 1.176883 96.226865 28.265811 1.025327 3.860407
110060732 1.031612 0.554040 -0.122791 1.177396 95.986304 28.238554 1.011514 3.858700
110060733 1.032788 0.554040 -0.117932 1.177930 95.745955 28.211346 0.997698 3.856924
110060734 1.033965 0.554040 -0.113072 1.178486 95.505828 28.184186 0.983880 3.855081
110060735 1.035141 0.554040 -0.108212 1.179062 95.265929 28.157073 0.970061 3.853170
110060736 1.036317 0.554040 -0.103353 1.179659 95.026269 28.130009 0.956243 3.851192
110060737 1.037494 0.554040 -0.098493 1.180277 94.786853 28.102992 0.942427 3.849147
110060738 1.038670 0.554040 -0.093634 1.180916 94.547692 28.076023 0.928616 3.847036
110060739 1.039846 0.554040 -0.088774 1.181576 94.308792 28.049101 0.914810 3.844858
110060740 1.041022 0.554040 -0.083914 1.182256 94.070163 28.022227 0.901010 3.842615
110060741 1.042199 0.554040 -0.079055 1.182957 93.831811 27.995400 0.887219 3.840306
110060742 1.043375 0.554040 -0.074195 1.183679 93.593745 27.968620 0.873438 3.837932
110060743 1.044551 0.554040 -0.069335 1.184422 93.355972 27.941888 0.859667 3.835493
110060744 1.045728 0.554040 -0.064476 1.185185 93.118501 27.915202 0.845909 3.832990
110060745 1.046904 0.554040 -0.059616 1.185969 92.881339 27.888563 0.832166 3.830423
110060746 1.048080 0.554040 -0.054756 1.186773 92.644494 27.861971 0.818437 3.827792
110060747 1.049257 0.554040 -0.049897 1.187598 92.407973 27.835425 0.804725 3.825098
110060748 1.050433 0.554040 -0.045037 1.188443 92.171783 27.808926 0.791032 3.822342
110060749 1.051609 0.554040 -0.040177 1.189309 91.935934 27.782473 0.777357 3.819523
110060750 1.052786 0.554040 -0.035318 1.190195 91.700431 27.756067 0.763704 3.816642
110060751 1.053962 0.554040 -0.030458 1.191102 91.465282 27.729707 0.750073 3.813699
110060752 1.055138 0.554040 -0.025598 1.192028 91.230494 27.703393 0.736465 3.810695
110060753 1.056314 0.554040 -0.020739 1.192975 90.996075 27.677124 0.722882 3.807631
110060754 1.057491 0.554040 -0.015879 1.193943 90.762032 27.650902 0.709325 3.804507
110060755 1.058667 0.554040 -0.011019 1.194930 90.528371 27.624725 0.695796 3.801323
110060756 1.059843 0.554040 -0.006160 1.195937 90.295099 27.598594 0.682295 3.798079
110060757 1.061020 0.554040 -0.001300 1.196965 90.062225 27.572509 0.668824 3.794777
110060758 1.062196 0.554040 0.003560 1.198012 89.829753 27.546469 0.674207 3.791417
110060759 1.063372 0.554040 0.008419 1.199079 89.597692 27.520474 0.686404 3.787999
110060760 1.064549 0.554040 0.013279 1.200167 89.366047 27.494524 0.698526 3.784524
110060761 1.065725 0.554040 0.018139 1.201274 89.134826 27.468620 0.710572 3.780992
110060762 1.066901 0.554040 0.022998 1.202401 88.904034 27.442760 0.722541 3.777403
110060763 1.068077 0.554040 0.027858 1.203547 88.673679 27.416945 0.734433 3.773759
110060764 1.069254 0.554040 0.032718 1.204713 88.443766 27.391175 0.746246 3.770060
110060765 1.070430 0.554040 0.037577 1.205899 88.214301 27.365450 0.757981 3.766306
110060766 1.071606 0.554040 0.042437 1.207104 87.985292 27.339770 0.769635 3.762498
110060767 1.072783 0.554040 0.047297 1.208329 87.756743 27.314133 0.781209 3.758636
110060768 1.073959 0.554040 0.052156 1.209574 87.528662 27.288541 0.792701 3.754721
110060769 1.075135 0.554040 0.057016 1.210837 87.301054 27.262994 0.804112 3.750753
110060770 1.076312 0.554040 0.061876 1.212120 87.073924 27.237490 0.815440 3.746734
110060771 1.077488 0.554040 0.066735 1.213422 86.847279 27.212031 0.826685 3.742663
110060772 1.078664 0.554040 0.071595 1.214744 86.621123 27.186615 0.837847 3.738541
110060773 1.079841 0.554040 0.076455 1.216084 86.395464 27.161243 0.848924 3.734368
110060774 1.081017 0.554040 0.081314 1.217444 86.170306 27.135915 0.859916 3.730146
110060775 1.082193 0.554040 0.086174 1.218822 85.945654 27.110631 0.870823 3.725875
110060776 1.083369 0.554040 0.091034 1.220220 85.721514 27.085390 0.881643 3.721555
110060777 1.084546 0.554040 0.095893 1.221636 85.497891 27.060193 0.892378 3.717186
110060778 1.085722 0.554040 0.100753 1.223071 85.274791 27.035038 0.903025 3.712771
110060779 1.086898 0.554040 0.105613 1.224525 85.052217 27.009927 0.913586 3.708308
110060780 1.088075 0.554040 0.110472 1.225998 84.830176 26.984859 0.924058 3.703799
110060781 1.089251 0.554040 0.115332 1.227489 84.608673 26.959835 0.934442 3.699244
110060782 1.090427 0.554040 0.120192 1.228999 84.387710 26.934853 0.944738 3.694644
110060783 1.091604 0.554040 0.125051 1.230527 84.167295 26.909914 0.954945 3.689999
110060784 1.092780 0.554040 0.129911 1.232073 83.947431 26.885017 0.965063 3.685310
110060785 1.093956 0.554040 0.134771 1.233638 83.728122 26.860163 0.975091 3.680577
110060786 1.095132 0.554040 0.139630 1.235221 83.509373 26.835352 0.985030 3.675802
110060787 1.096309 0.554040 0.144490 1.236823 83.291189 26.810583 0.994878 3.670984
110060788 1.097485 0.554040 0.149350 1.238442 83.073574 26.785856 1.004636 3.666125
110060789 1.098661 0.554040 0.154209 1.240080 82.856531 26.761172 1.014303 3.661225
110060790 1.099838 0.554040 0.159069 1.241735 82.640065 26.736529 1.023880 3.656284
110060791 1.101014 0.554040 0.163929 1.243408 82.424180 26.711929 1.033365 3.651303
110060792 1.102190 0.554040 0.168788 1.245100 82.208880 26.687371 1.042760 3.646282
110060793 1.103367 0.554040 0.173648 1.246808 81.994168 26.662854 1.052063 3.641223
110060794 1.104543 0.554040 0.178508 1.248535 81.780049 26.638379 1.061274 3.636126
110060795 1.105719 0.554040 0.183367 1.250279 81.566525 26.613946 1.070394 3.630991
110060796 1.106896 0.554040 0.188227 1.252041 81.353601 26.589554 1.079423 3.625819
110060797 1.108072 0.554040 0.193087 1.253820 81.141280 26.565204 1.088359 3.620611
110060798 1.109248 0.554040 0.197946 1.255617 80.929565 26.540895 1.097204 3.615366
110060799 1.110424 0.554040 0.202806 1.257431 80.718459 26.516627 1.105957 3.610087
110060800 1.111601 0.554040 0.207666 1.259262 80.507967 26.492400 1.114618 3.604773
