# pixelID   x   y   z   l2  two_theta   azimuthal   polar_width azimuthal_width
104010001 -1.062720 -0.748940 1.021137 1.653180 51.853066 -144.826162 1.628657 2.714970
104010002 -1.062720 -0.748940 1.016137 1.650097 51.989601 -144.826162 1.627415 2.720042
104010003 -1.062720 -0.748940 1.011137 1.647022 52.126646 -144.826162 1.626134 2.725117
104010004 -1.062720 -0.748940 1.006137 1.643958 52.264203 -144.826162 1.624814 2.730195
104010005 -1.062720 -0.748940 1.001137 1.640902 52.402273 -144.826162 1.623453 2.735277
104010006 -1.062720 -0.748940 0.996137 1.637856 52.540857 -144.826162 1.622052 2.740362
104010007 -1.062720 -0.748940 0.991137 1.634820 52.679957 -144.826162 1.620610 2.745449
104010008 -1.062720 -0.748940 0.986137 1.631794 52.819574 -144.826162 1.619127 2.750539
104010009 -1.062720 -0.748940 0.981137 1.628777 52.959709 -144.826162 1.617602 2.755632
104010010 -1.062720 -0.748940 0.976137 1.625770 53.100363 -144.826162 1.616036 2.760726
104010011 -1.062720 -0.748940 0.971137 1.622773 53.241538 -144.826162 1.614427 2.765823
104010012 -1.062720 -0.748940 0.966137 1.619786 53.383234 -144.826162 1.612776 2.770922
104010013 -1.062720 -0.748940 0.961137 1.616808 53.525452 -144.826162 1.611081 2.776023
104010014 -1.062720 -0.748940 0.956137 1.613841 53.668195 -144.826162 1.609343 2.781125
104010015 -1.062720 -0.748940 0.951137 1.610884 53.811463 -144.826162 1.607562 2.786228
104010016 -1.062720 -0.748940 0.946137 1.607937 53.955256 -144.826162 1.605736 2.791333
104010017 -1.062720 -0.748940 0.941137 1.605000 54.099577 -144.826162 1.603865 2.796439
104010018 -1.062720 -0.748940 0.936137 1.602073 54.244426 -144.826162 1.601950 2.801546
104010019 -1.062720 -0.748940 0.931137 1.599156 54.389805 -144.826162 1.599989 2.806653
104010020 -1.062720 -0.748940 0.926137 1.596250 54.535714 -144.826162 1.597982 2.811761
104010021 -1.062720 -0.748940 0.921137 1.593354 54.682154 -144.826162 1.595930 2.816869
104010022 -1.062720 -0.748940 0.916137 1.590469 54.829126 -144.826162 1.593831 2.821977
104010023 -1.062720 -0.748940 0.911137 1.587594 54.976631 -144.826162 1.591685 2.827085
104010024 -1.062720 -0.748940 0.906137 1.584730 55.124671 -144.826162 1.589491 2.832193
104010025 -1.062720 -0.748940 0.901137 1.581876 55.273246 -144.826162 1.587251 2.837300
104010026 -1.062720 -0.748940 0.896137 1.579033 55.422357 -144.826162 1.584962 2.842406
104010027 -1.062720 -0.748940 0.891137 1.576201 55.572004 -144.826162 1.582624 2.847511
104010028 -1.062720 -0.748940 0.886137 1.573380 55.722190 -144.826162 1.580238 2.852616
104010029 -1.062720 -0.748940 0.881137 1.570569 55.872914 -144.826162 1.577803 2.857718
104010030 -1.062720 -0.748940 0.876137 1.567769 56.024177 -144.826162 1.575318 2.862819
104010031 -1.062720 -0.748940 0.871137 1.564981 56.175981 -144.826162 1.572783 2.867919
104010032 -1.062720 -0.748940 0.866137 1.562203 56.328325 -144.826162 1.570198 2.873016
104010033 -1.062720 -0.748940 0.861137 1.559436 56.481211 -144.826162 1.567562 2.878111
104010034 -1.062720 -0.748940 0.856137 1.556681 56.634640 -144.826162 1.564875 2.883203
104010035 -1.062720 -0.748940 0.851137 1.553937 56.788611 -144.826162 1.562137 2.888293
104010036 -1.062720 -0.748940 0.846137 1.551204 56.943126 -144.826162 1.559347 2.893379
104010037 -1.062720 -0.748940 0.841137 1.548482 57.098186 -144.826162 1.556505 2.898463
104010038 -1.062720 -0.748940 0.836137 1.545772 57.253790 -144.826162 1.553610 2.903543
104010039 -1.062720 -0.748940 0.831137 1.543073 57.409940 -144.826162 1.550662 2.908619
104010040 -1.062720 -0.748940 0.826137 1.540385 57.566636 -144.826162 1.547661 2.913691
104010041 -1.062720 -0.748940 0.821137 1.537710 57.723878 -144.826162 1.544606 2.918759
104010042 -1.062720 -0.748940 0.816137 1.535045 57.881667 -144.826162 1.541497 2.923823
104010043 -1.062720 -0.748940 0.811137 1.532393 58.040004 -144.826162 1.538333 2.928881
104010044 -1.062720 -0.748940 0.806137 1.529752 58.198889 -144.826162 1.535115 2.933935
104010045 -1.062720 -0.748940 0.801137 1.527123 58.358322 -144.826162 1.531842 2.938984
104010046 -1.062720 -0.748940 0.796137 1.524506 58.518303 -144.826162 1.528513 2.944027
104010047 -1.062720 -0.748940 0.791137 1.521901 58.678834 -144.826162 1.525128 2.949064
104010048 -1.062720 -0.748940 0.786137 1.519308 58.839914 -144.826162 1.521687 2.954095
104010049 -1.062720 -0.748940 0.781137 1.516727 59.001543 -144.826162 1.518189 2.959120
104010050 -1.062720 -0.748940 0.776137 1.514158 59.163722 -144.826162 1.514635 2.964139
104010051 -1.062720 -0.748940 0.771137 1.511601 59.326451 -144.826162 1.511023 2.969150
104010052 -1.062720 -0.748940 0.766137 1.509056 59.489730 -144.826162 1.507354 2.974155
104010053 -1.062720 -0.748940 0.761137 1.506524 59.653559 -144.826162 1.503626 2.979152
104010054 -1.062720 -0.748940 0.756137 1.504004 59.817939 -144.826162 1.499840 2.984141
104010055 -1.062720 -0.748940 0.751137 1.501496 59.982869 -144.826162 1.495996 2.989122
104010056 -1.062720 -0.748940 0.746137 1.499001 60.148350 -144.826162 1.492092 2.994095
104010057 -1.062720 -0.748940 0.741137 1.496519 60.314381 -144.826162 1.488130 2.999060
104010058 -1.062720 -0.748940 0.736137 1.494049 60.480962 -144.826162 1.484107 3.004015
104010059 -1.062720 -0.748940 0.731137 1.491592 60.648093 -144.826162 1.480025 3.008962
104010060 -1.062720 -0.748940 0.726137 1.489147 60.815775 -144.826162 1.475882 3.013899
104010061 -1.062720 -0.748940 0.721137 1.486716 60.984007 -144.826162 1.471679 3.018826
104010062 -1.062720 -0.748940 0.716137 1.484297 61.152788 -144.826162 1.467415 3.023743
104010063 -1.062720 -0.748940 0.711137 1.481891 61.322119 -144.826162 1.463090 3.028650
104010064 -1.062720 -0.748940 0.706137 1.479498 61.491999 -144.826162 1.458703 3.033547
104010065 -1.062720 -0.748940 0.701137 1.477118 61.662428 -144.826162 1.454254 3.038432
104010066 -1.062720 -0.748940 0.696137 1.474751 61.833406 -144.826162 1.449743 3.043306
104010067 -1.062720 -0.748940 0.691137 1.472398 62.004931 -144.826162 1.445170 3.048168
104010068 -1.062720 -0.748940 0.686137 1.470057 62.177005 -144.826162 1.440534 3.053019
104010069 -1.062720 -0.748940 0.681137 1.467730 62.349625 -144.826162 1.435835 3.057857
104010070 -1.062720 -0.748940 0.676137 1.465417 62.522793 -144.826162 1.431073 3.062682
104010071 -1.062720 -0.748940 0.671137 1.463116 62.696506 -144.826162 1.426247 3.067495
104010072 -1.062720 -0.748940 0.666137 1.460830 62.870765 -144.826162 1.421358 3.072295
104010073 -1.062720 -0.748940 0.661137 1.458556 63.045568 -144.826162 1.416404 3.077081
104010074 -1.062720 -0.748940 0.656137 1.456297 63.220916 -144.826162 1.411386 3.081853
104010075 -1.062720 -0.748940 0.651137 1.454051 63.396807 -144.826162 1.406304 3.086611
104010076 -1.062720 -0.748940 0.646137 1.451819 63.573241 -144.826162 1.401157 3.091354
104010077 -1.062720 -0.748940 0.641137 1.449600 63.750216 -144.826162 1.395945 3.096082
104010078 -1.062720 -0.748940 0.636137 1.447396 63.927732 -144.826162 1.390668 3.100796
104010079 -1.062720 -0.748940 0.631137 1.445205 64.105788 -144.826162 1.385325 3.105493
104010080 -1.062720 -0.748940 0.626137 1.443029 64.284383 -144.826162 1.379917 3.110175
104010081 -1.062720 -0.748940 0.621137 1.440866 64.463515 -144.826162 1.374443 3.114841
104010082 -1.062720 -0.748940 0.616137 1.438718 64.643185 -144.826162 1.368902 3.119489
104010083 -1.062720 -0.748940 0.611137 1.436584 64.823389 -144.826162 1.363296 3.124121
104010084 -1.062720 -0.748940 0.606137 1.434464 65.004129 -144.826162 1.357623 3.128736
104010085 -1.062720 -0.748940 0.601137 1.432358 65.185401 -144.826162 1.351883 3.133333
104010086 -1.062720 -0.748940 0.596137 1.430267 65.367206 -144.826162 1.346077 3.137912
104010087 -1.062720 -0.748940 0.591137 1.428190 65.549541 -144.826162 1.340204 3.142473
104010088 -1.062720 -0.748940 0.586137 1.426128 65.732405 -144.826162 1.334263 3.147015
104010089 -1.062720 -0.748940 0.581137 1.424080 65.915797 -144.826162 1.328256 3.151538
104010090 -1.062720 -0.748940 0.576137 1.422047 66.099715 -144.826162 1.322181 3.156041
104010091 -1.062720 -0.748940 0.571137 1.420029 66.284158 -144.826162 1.316038 3.160525
104010092 -1.062720 -0.748940 0.566137 1.418025 66.469124 -144.826162 1.309828 3.164988
104010093 -1.062720 -0.748940 0.561137 1.416037 66.654612 -144.826162 1.303550 3.169431
104010094 -1.062720 -0.748940 0.556137 1.414063 66.840619 -144.826162 1.297205 3.173853
104010095 -1.062720 -0.748940 0.551137 1.412104 67.027145 -144.826162 1.290791 3.178254
104010096 -1.062720 -0.748940 0.546137 1.410160 67.214186 -144.826162 1.284309 3.182633
104010097 -1.062720 -0.748940 0.541137 1.408231 67.401742 -144.826162 1.277760 3.186990
104010098 -1.062720 -0.748940 0.536137 1.406317 67.589811 -144.826162 1.271142 3.191324
104010099 -1.062720 -0.748940 0.531137 1.404419 67.778390 -144.826162 1.264456 3.195636
104010100 -1.062720 -0.748940 0.526137 1.402535 67.967478 -144.826162 1.257701 3.199925
104010101 -1.074438 -0.725283 1.021137 1.650204 51.771862 -145.979280 1.617518 2.727763
104010102 -1.074438 -0.725283 1.016137 1.647115 51.908491 -145.979280 1.616312 2.732877
104010103 -1.074438 -0.725283 1.011137 1.644035 52.045633 -145.979280 1.615066 2.737995
104010104 -1.074438 -0.725283 1.006137 1.640965 52.183290 -145.979280 1.613782 2.743116
104010105 -1.074438 -0.725283 1.001137 1.637904 52.321461 -145.979280 1.612458 2.748240
104010106 -1.074438 -0.725283 0.996137 1.634852 52.460149 -145.979280 1.611093 2.753368
104010107 -1.074438 -0.725283 0.991137 1.631811 52.599355 -145.979280 1.609688 2.758498
104010108 -1.074438 -0.725283 0.986137 1.628779 52.739080 -145.979280 1.608243 2.763631
104010109 -1.074438 -0.725283 0.981137 1.625756 52.879326 -145.979280 1.606756 2.768767
104010110 -1.074438 -0.725283 0.976137 1.622744 53.020093 -145.979280 1.605227 2.773905
104010111 -1.074438 -0.725283 0.971137 1.619741 53.161383 -145.979280 1.603657 2.779046
104010112 -1.074438 -0.725283 0.966137 1.616748 53.303197 -145.979280 1.602044 2.784188
104010113 -1.074438 -0.725283 0.961137 1.613765 53.445536 -145.979280 1.600389 2.789332
104010114 -1.074438 -0.725283 0.956137 1.610792 53.588401 -145.979280 1.598690 2.794478
104010115 -1.074438 -0.725283 0.951137 1.607829 53.731793 -145.979280 1.596948 2.799626
104010116 -1.074438 -0.725283 0.946137 1.604877 53.875715 -145.979280 1.595162 2.804775
104010117 -1.074438 -0.725283 0.941137 1.601934 54.020165 -145.979280 1.593332 2.809925
104010118 -1.074438 -0.725283 0.936137 1.599002 54.165147 -145.979280 1.591457 2.815076
104010119 -1.074438 -0.725283 0.931137 1.596080 54.310660 -145.979280 1.589537 2.820228
104010120 -1.074438 -0.725283 0.926137 1.593168 54.456707 -145.979280 1.587572 2.825380
104010121 -1.074438 -0.725283 0.921137 1.590266 54.603287 -145.979280 1.585561 2.830533
104010122 -1.074438 -0.725283 0.916137 1.587375 54.750402 -145.979280 1.583504 2.835686
104010123 -1.074438 -0.725283 0.911137 1.584495 54.898053 -145.979280 1.581400 2.840838
104010124 -1.074438 -0.725283 0.906137 1.581625 55.046240 -145.979280 1.579249 2.845991
104010125 -1.074438 -0.725283 0.901137 1.578766 55.194966 -145.979280 1.577051 2.851143
104010126 -1.074438 -0.725283 0.896137 1.575917 55.344230 -145.979280 1.574806 2.856295
104010127 -1.074438 -0.725283 0.891137 1.573079 55.494033 -145.979280 1.572512 2.861445
104010128 -1.074438 -0.725283 0.886137 1.570252 55.644377 -145.979280 1.570170 2.866595
104010129 -1.074438 -0.725283 0.881137 1.567436 55.795263 -145.979280 1.567779 2.871743
104010130 -1.074438 -0.725283 0.876137 1.564631 55.946690 -145.979280 1.565338 2.876890
104010131 -1.074438 -0.725283 0.871137 1.561837 56.098661 -145.979280 1.562848 2.882035
104010132 -1.074438 -0.725283 0.866137 1.559053 56.251175 -145.979280 1.560308 2.887178
104010133 -1.074438 -0.725283 0.861137 1.556281 56.404233 -145.979280 1.557718 2.892319
104010134 -1.074438 -0.725283 0.856137 1.553520 56.557837 -145.979280 1.555077 2.897457
104010135 -1.074438 -0.725283 0.851137 1.550770 56.711986 -145.979280 1.552385 2.902592
104010136 -1.074438 -0.725283 0.846137 1.548032 56.866682 -145.979280 1.549641 2.907725
104010137 -1.074438 -0.725283 0.841137 1.545304 57.021926 -145.979280 1.546846 2.912855
104010138 -1.074438 -0.725283 0.836137 1.542588 57.177717 -145.979280 1.543998 2.917981
104010139 -1.074438 -0.725283 0.831137 1.539884 57.334056 -145.979280 1.541098 2.923103
104010140 -1.074438 -0.725283 0.826137 1.537191 57.490944 -145.979280 1.538144 2.928222
104010141 -1.074438 -0.725283 0.821137 1.534510 57.648382 -145.979280 1.535137 2.933337
104010142 -1.074438 -0.725283 0.816137 1.531840 57.806370 -145.979280 1.532077 2.938447
104010143 -1.074438 -0.725283 0.811137 1.529182 57.964908 -145.979280 1.528962 2.943552
104010144 -1.074438 -0.725283 0.806137 1.526535 58.123997 -145.979280 1.525793 2.948653
104010145 -1.074438 -0.725283 0.801137 1.523901 58.283638 -145.979280 1.522569 2.953748
104010146 -1.074438 -0.725283 0.796137 1.521278 58.443830 -145.979280 1.519289 2.958838
104010147 -1.074438 -0.725283 0.791137 1.518668 58.604574 -145.979280 1.515954 2.963922
104010148 -1.074438 -0.725283 0.786137 1.516069 58.765870 -145.979280 1.512564 2.969000
104010149 -1.074438 -0.725283 0.781137 1.513482 58.927719 -145.979280 1.509117 2.974072
104010150 -1.074438 -0.725283 0.776137 1.510908 59.090121 -145.979280 1.505613 2.979138
104010151 -1.074438 -0.725283 0.771137 1.508345 59.253076 -145.979280 1.502052 2.984196
104010152 -1.074438 -0.725283 0.766137 1.505795 59.416585 -145.979280 1.498434 2.989248
104010153 -1.074438 -0.725283 0.761137 1.503258 59.580646 -145.979280 1.494758 2.994292
104010154 -1.074438 -0.725283 0.756137 1.500732 59.745261 -145.979280 1.491025 2.999328
104010155 -1.074438 -0.725283 0.751137 1.498219 59.910430 -145.979280 1.487232 3.004357
104010156 -1.074438 -0.725283 0.746137 1.495719 60.076153 -145.979280 1.483382 3.009377
104010157 -1.074438 -0.725283 0.741137 1.493231 60.242429 -145.979280 1.479472 3.014389
104010158 -1.074438 -0.725283 0.736137 1.490755 60.409258 -145.979280 1.475502 3.019392
104010159 -1.074438 -0.725283 0.731137 1.488293 60.576642 -145.979280 1.471473 3.024386
104010160 -1.074438 -0.725283 0.726137 1.485843 60.744578 -145.979280 1.467385 3.029370
104010161 -1.074438 -0.725283 0.721137 1.483406 60.913068 -145.979280 1.463235 3.034345
104010162 -1.074438 -0.725283 0.716137 1.480981 61.082111 -145.979280 1.459025 3.039309
104010163 -1.074438 -0.725283 0.711137 1.478570 61.251707 -145.979280 1.454754 3.044264
104010164 -1.074438 -0.725283 0.706137 1.476172 61.421855 -145.979280 1.450422 3.049207
104010165 -1.074438 -0.725283 0.701137 1.473787 61.592556 -145.979280 1.446029 3.054140
104010166 -1.074438 -0.725283 0.696137 1.471414 61.763808 -145.979280 1.441573 3.059061
104010167 -1.074438 -0.725283 0.691137 1.469056 61.935612 -145.979280 1.437055 3.063971
104010168 -1.074438 -0.725283 0.686137 1.466710 62.107967 -145.979280 1.432475 3.068869
104010169 -1.074438 -0.725283 0.681137 1.464377 62.280873 -145.979280 1.427833 3.073754
104010170 -1.074438 -0.725283 0.676137 1.462058 62.454329 -145.979280 1.423127 3.078627
104010171 -1.074438 -0.725283 0.671137 1.459753 62.628334 -145.979280 1.418358 3.083488
104010172 -1.074438 -0.725283 0.666137 1.457461 62.802888 -145.979280 1.413525 3.088334
104010173 -1.074438 -0.725283 0.661137 1.455182 62.977991 -145.979280 1.408629 3.093168
104010174 -1.074438 -0.725283 0.656137 1.452918 63.153641 -145.979280 1.403668 3.097987
104010175 -1.074438 -0.725283 0.651137 1.450666 63.329838 -145.979280 1.398644 3.102792
104010176 -1.074438 -0.725283 0.646137 1.448429 63.506580 -145.979280 1.393554 3.107583
104010177 -1.074438 -0.725283 0.641137 1.446206 63.683868 -145.979280 1.388400 3.112358
104010178 -1.074438 -0.725283 0.636137 1.443996 63.861701 -145.979280 1.383181 3.117118
104010179 -1.074438 -0.725283 0.631137 1.441800 64.040076 -145.979280 1.377897 3.121863
104010180 -1.074438 -0.725283 0.626137 1.439618 64.218994 -145.979280 1.372548 3.126592
104010181 -1.074438 -0.725283 0.621137 1.437451 64.398454 -145.979280 1.367132 3.131304
104010182 -1.074438 -0.725283 0.616137 1.435297 64.578454 -145.979280 1.361651 3.136000
104010183 -1.074438 -0.725283 0.611137 1.433158 64.758992 -145.979280 1.356104 3.140679
104010184 -1.074438 -0.725283 0.606137 1.431033 64.940069 -145.979280 1.350491 3.145340
104010185 -1.074438 -0.725283 0.601137 1.428922 65.121683 -145.979280 1.344811 3.149984
104010186 -1.074438 -0.725283 0.596137 1.426826 65.303832 -145.979280 1.339065 3.154609
104010187 -1.074438 -0.725283 0.591137 1.424744 65.486515 -145.979280 1.333252 3.159216
104010188 -1.074438 -0.725283 0.586137 1.422677 65.669731 -145.979280 1.327372 3.163805
104010189 -1.074438 -0.725283 0.581137 1.420624 65.853478 -145.979280 1.321425 3.168374
104010190 -1.074438 -0.725283 0.576137 1.418586 66.037756 -145.979280 1.315411 3.172923
104010191 -1.074438 -0.725283 0.571137 1.416563 66.222561 -145.979280 1.309329 3.177453
104010192 -1.074438 -0.725283 0.566137 1.414555 66.407893 -145.979280 1.303180 3.181962
104010193 -1.074438 -0.725283 0.561137 1.412561 66.593751 -145.979280 1.296964 3.186451
104010194 -1.074438 -0.725283 0.556137 1.410582 66.780131 -145.979280 1.290680 3.190919
104010195 -1.074438 -0.725283 0.551137 1.408618 66.967034 -145.979280 1.284328 3.195365
104010196 -1.074438 -0.725283 0.546137 1.406670 67.154456 -145.979280 1.277908 3.199789
104010197 -1.074438 -0.725283 0.541137 1.404736 67.342396 -145.979280 1.271420 3.204192
104010198 -1.074438 -0.725283 0.536137 1.402817 67.530853 -145.979280 1.264865 3.208572
104010199 -1.074438 -0.725283 0.531137 1.400914 67.719823 -145.979280 1.258241 3.212928
104010200 -1.074438 -0.725283 0.526137 1.399026 67.909306 -145.979280 1.251549 3.217262
104010201 -1.086157 -0.701627 1.021137 1.647646 51.701747 -147.138682 1.604832 2.738836
104010202 -1.086157 -0.701627 1.016137 1.644552 51.838457 -147.138682 1.603659 2.743987
104010203 -1.086157 -0.701627 1.011137 1.641467 51.975682 -147.138682 1.602448 2.749141
104010204 -1.086157 -0.701627 1.006137 1.638392 52.113423 -147.138682 1.601198 2.754299
104010205 -1.086157 -0.701627 1.001137 1.635326 52.251682 -147.138682 1.599909 2.759461
104010206 -1.086157 -0.701627 0.996137 1.632270 52.390458 -147.138682 1.598580 2.764625
104010207 -1.086157 -0.701627 0.991137 1.629223 52.529755 -147.138682 1.597211 2.769793
104010208 -1.086157 -0.701627 0.986137 1.626187 52.669573 -147.138682 1.595801 2.774964
104010209 -1.086157 -0.701627 0.981137 1.623159 52.809913 -147.138682 1.594351 2.780137
104010210 -1.086157 -0.701627 0.976137 1.620142 52.950777 -147.138682 1.592859 2.785313
104010211 -1.086157 -0.701627 0.971137 1.617134 53.092165 -147.138682 1.591326 2.790491
104010212 -1.086157 -0.701627 0.966137 1.614137 53.234080 -147.138682 1.589750 2.795671
104010213 -1.086157 -0.701627 0.961137 1.611149 53.376521 -147.138682 1.588133 2.800854
104010214 -1.086157 -0.701627 0.956137 1.608171 53.519492 -147.138682 1.586473 2.806038
104010215 -1.086157 -0.701627 0.951137 1.605203 53.662991 -147.138682 1.584769 2.811223
104010216 -1.086157 -0.701627 0.946137 1.602246 53.807022 -147.138682 1.583022 2.816411
104010217 -1.086157 -0.701627 0.941137 1.599298 53.951584 -147.138682 1.581231 2.821599
104010218 -1.086157 -0.701627 0.936137 1.596361 54.096679 -147.138682 1.579396 2.826788
104010219 -1.086157 -0.701627 0.931137 1.593434 54.242308 -147.138682 1.577517 2.831979
104010220 -1.086157 -0.701627 0.926137 1.590518 54.388472 -147.138682 1.575592 2.837170
104010221 -1.086157 -0.701627 0.921137 1.587611 54.535172 -147.138682 1.573622 2.842361
104010222 -1.086157 -0.701627 0.916137 1.584716 54.682410 -147.138682 1.571606 2.847553
104010223 -1.086157 -0.701627 0.911137 1.581830 54.830185 -147.138682 1.569544 2.852745
104010224 -1.086157 -0.701627 0.906137 1.578956 54.978500 -147.138682 1.567436 2.857937
104010225 -1.086157 -0.701627 0.901137 1.576091 55.127354 -147.138682 1.565280 2.863128
104010226 -1.086157 -0.701627 0.896137 1.573238 55.276750 -147.138682 1.563077 2.868319
104010227 -1.086157 -0.701627 0.891137 1.570395 55.426687 -147.138682 1.560827 2.873509
104010228 -1.086157 -0.701627 0.886137 1.567563 55.577167 -147.138682 1.558528 2.878698
104010229 -1.086157 -0.701627 0.881137 1.564742 55.728191 -147.138682 1.556181 2.883885
104010230 -1.086157 -0.701627 0.876137 1.561932 55.879759 -147.138682 1.553786 2.889072
104010231 -1.086157 -0.701627 0.871137 1.559133 56.031873 -147.138682 1.551340 2.894256
104010232 -1.086157 -0.701627 0.866137 1.556345 56.184533 -147.138682 1.548846 2.899439
104010233 -1.086157 -0.701627 0.861137 1.553568 56.337739 -147.138682 1.546301 2.904620
104010234 -1.086157 -0.701627 0.856137 1.550802 56.491493 -147.138682 1.543706 2.909798
104010235 -1.086157 -0.701627 0.851137 1.548047 56.645796 -147.138682 1.541060 2.914974
104010236 -1.086157 -0.701627 0.846137 1.545304 56.800647 -147.138682 1.538363 2.920146
104010237 -1.086157 -0.701627 0.841137 1.542572 56.956048 -147.138682 1.535615 2.925316
104010238 -1.086157 -0.701627 0.836137 1.539851 57.112000 -147.138682 1.532815 2.930483
104010239 -1.086157 -0.701627 0.831137 1.537142 57.268502 -147.138682 1.529962 2.935645
104010240 -1.086157 -0.701627 0.826137 1.534444 57.425556 -147.138682 1.527057 2.940804
104010241 -1.086157 -0.701627 0.821137 1.531758 57.583162 -147.138682 1.524099 2.945959
104010242 -1.086157 -0.701627 0.816137 1.529083 57.741320 -147.138682 1.521087 2.951110
104010243 -1.086157 -0.701627 0.811137 1.526421 57.900031 -147.138682 1.518022 2.956256
104010244 -1.086157 -0.701627 0.806137 1.523769 58.059296 -147.138682 1.514902 2.961397
104010245 -1.086157 -0.701627 0.801137 1.521130 58.219115 -147.138682 1.511728 2.966533
104010246 -1.086157 -0.701627 0.796137 1.518503 58.379488 -147.138682 1.508500 2.971663
104010247 -1.086157 -0.701627 0.791137 1.515887 58.540416 -147.138682 1.505216 2.976788
104010248 -1.086157 -0.701627 0.786137 1.513284 58.701899 -147.138682 1.501876 2.981907
104010249 -1.086157 -0.701627 0.781137 1.510692 58.863937 -147.138682 1.498481 2.987020
104010250 -1.086157 -0.701627 0.776137 1.508113 59.026530 -147.138682 1.495029 2.992126
104010251 -1.086157 -0.701627 0.771137 1.505546 59.189680 -147.138682 1.491521 2.997226
104010252 -1.086157 -0.701627 0.766137 1.502991 59.353385 -147.138682 1.487956 3.002318
104010253 -1.086157 -0.701627 0.761137 1.500449 59.517647 -147.138682 1.484333 3.007404
104010254 -1.086157 -0.701627 0.756137 1.497918 59.682465 -147.138682 1.480653 3.012481
104010255 -1.086157 -0.701627 0.751137 1.495401 59.847839 -147.138682 1.476915 3.017551
104010256 -1.086157 -0.701627 0.746137 1.492895 60.013769 -147.138682 1.473119 3.022612
104010257 -1.086157 -0.701627 0.741137 1.490403 60.180257 -147.138682 1.469263 3.027665
104010258 -1.086157 -0.701627 0.736137 1.487923 60.347300 -147.138682 1.465349 3.032709
104010259 -1.086157 -0.701627 0.731137 1.485455 60.514900 -147.138682 1.461376 3.037744
104010260 -1.086157 -0.701627 0.726137 1.483001 60.683056 -147.138682 1.457343 3.042770
104010261 -1.086157 -0.701627 0.721137 1.480559 60.851768 -147.138682 1.453250 3.047786
104010262 -1.086157 -0.701627 0.716137 1.478130 61.021036 -147.138682 1.449096 3.052791
104010263 -1.086157 -0.701627 0.711137 1.475714 61.190860 -147.138682 1.444882 3.057787
104010264 -1.086157 -0.701627 0.706137 1.473311 61.361239 -147.138682 1.440607 3.062772
104010265 -1.086157 -0.701627 0.701137 1.470921 61.532174 -147.138682 1.436271 3.067746
104010266 -1.086157 -0.701627 0.696137 1.468545 61.703663 -147.138682 1.431874 3.072708
104010267 -1.086157 -0.701627 0.691137 1.466181 61.875707 -147.138682 1.427415 3.077659
104010268 -1.086157 -0.701627 0.686137 1.463831 62.048304 -147.138682 1.422893 3.082598
104010269 -1.086157 -0.701627 0.681137 1.461494 62.221456 -147.138682 1.418310 3.087525
104010270 -1.086157 -0.701627 0.676137 1.459170 62.395160 -147.138682 1.413663 3.092439
104010271 -1.086157 -0.701627 0.671137 1.456860 62.569417 -147.138682 1.408954 3.097340
104010272 -1.086157 -0.701627 0.666137 1.454563 62.744226 -147.138682 1.404181 3.102228
104010273 -1.086157 -0.701627 0.661137 1.452280 62.919586 -147.138682 1.399346 3.107103
104010274 -1.086157 -0.701627 0.656137 1.450011 63.095496 -147.138682 1.394446 3.111963
104010275 -1.086157 -0.701627 0.651137 1.447755 63.271956 -147.138682 1.389482 3.116809
104010276 -1.086157 -0.701627 0.646137 1.445514 63.448966 -147.138682 1.384455 3.121641
104010277 -1.086157 -0.701627 0.641137 1.443286 63.626523 -147.138682 1.379363 3.126458
104010278 -1.086157 -0.701627 0.636137 1.441071 63.804628 -147.138682 1.374206 3.131259
104010279 -1.086157 -0.701627 0.631137 1.438871 63.983280 -147.138682 1.368984 3.136044
104010280 -1.086157 -0.701627 0.626137 1.436685 64.162476 -147.138682 1.363697 3.140814
104010281 -1.086157 -0.701627 0.621137 1.434513 64.342217 -147.138682 1.358345 3.145567
104010282 -1.086157 -0.701627 0.616137 1.432355 64.522502 -147.138682 1.352928 3.150304
104010283 -1.086157 -0.701627 0.611137 1.430211 64.703329 -147.138682 1.347444 3.155023
104010284 -1.086157 -0.701627 0.606137 1.428082 64.884696 -147.138682 1.341895 3.159725
104010285 -1.086157 -0.701627 0.601137 1.425967 65.066604 -147.138682 1.336280 3.164409
104010286 -1.086157 -0.701627 0.596137 1.423866 65.249050 -147.138682 1.330598 3.169075
104010287 -1.086157 -0.701627 0.591137 1.421780 65.432034 -147.138682 1.324850 3.173723
104010288 -1.086157 -0.701627 0.586137 1.419709 65.615553 -147.138682 1.319036 3.178351
104010289 -1.086157 -0.701627 0.581137 1.417652 65.799607 -147.138682 1.313154 3.182961
104010290 -1.086157 -0.701627 0.576137 1.415610 65.984194 -147.138682 1.307206 3.187550
104010291 -1.086157 -0.701627 0.571137 1.413582 66.169312 -147.138682 1.301191 3.192120
104010292 -1.086157 -0.701627 0.566137 1.411569 66.354960 -147.138682 1.295109 3.196669
104010293 -1.086157 -0.701627 0.561137 1.409571 66.541136 -147.138682 1.288959 3.201198
104010294 -1.086157 -0.701627 0.556137 1.407588 66.727839 -147.138682 1.282742 3.205705
104010295 -1.086157 -0.701627 0.551137 1.405620 66.915067 -147.138682 1.276458 3.210191
104010296 -1.086157 -0.701627 0.546137 1.403667 67.102818 -147.138682 1.270106 3.214655
104010297 -1.086157 -0.701627 0.541137 1.401730 67.291089 -147.138682 1.263686 3.219097
104010298 -1.086157 -0.701627 0.536137 1.399807 67.479880 -147.138682 1.257199 3.223516
104010299 -1.086157 -0.701627 0.531137 1.397899 67.669189 -147.138682 1.250644 3.227912
104010300 -1.086157 -0.701627 0.526137 1.396007 67.859012 -147.138682 1.244021 3.232285
104010301 -1.097875 -0.677970 1.021137 1.645507 51.642912 -148.303461 1.590616 2.748143
104010302 -1.097875 -0.677970 1.016137 1.642409 51.779690 -148.303461 1.589476 2.753325
104010303 -1.097875 -0.677970 1.011137 1.639320 51.916984 -148.303461 1.588297 2.758511
104010304 -1.097875 -0.677970 1.006137 1.636241 52.054796 -148.303461 1.587080 2.763700
104010305 -1.097875 -0.677970 1.001137 1.633171 52.193126 -148.303461 1.585824 2.768893
104010306 -1.097875 -0.677970 0.996137 1.630111 52.331977 -148.303461 1.584529 2.774089
104010307 -1.097875 -0.677970 0.991137 1.627060 52.471349 -148.303461 1.583194 2.779288
104010308 -1.097875 -0.677970 0.986137 1.624019 52.611244 -148.303461 1.581819 2.784490
104010309 -1.097875 -0.677970 0.981137 1.620988 52.751662 -148.303461 1.580404 2.789695
104010310 -1.097875 -0.677970 0.976137 1.617967 52.892607 -148.303461 1.578948 2.794903
104010311 -1.097875 -0.677970 0.971137 1.614955 53.034077 -148.303461 1.577450 2.800113
104010312 -1.097875 -0.677970 0.966137 1.611953 53.176076 -148.303461 1.575911 2.805325
104010313 -1.097875 -0.677970 0.961137 1.608962 53.318603 -148.303461 1.574331 2.810539
104010314 -1.097875 -0.677970 0.956137 1.605980 53.461661 -148.303461 1.572707 2.815755
104010315 -1.097875 -0.677970 0.951137 1.603008 53.605250 -148.303461 1.571042 2.820973
104010316 -1.097875 -0.677970 0.946137 1.600046 53.749371 -148.303461 1.569333 2.826193
104010317 -1.097875 -0.677970 0.941137 1.597095 53.894026 -148.303461 1.567581 2.831414
104010318 -1.097875 -0.677970 0.936137 1.594154 54.039216 -148.303461 1.565785 2.836636
104010319 -1.097875 -0.677970 0.931137 1.591223 54.184942 -148.303461 1.563944 2.841858
104010320 -1.097875 -0.677970 0.926137 1.588302 54.331204 -148.303461 1.562059 2.847082
104010321 -1.097875 -0.677970 0.921137 1.585392 54.478004 -148.303461 1.560130 2.852306
104010322 -1.097875 -0.677970 0.916137 1.582492 54.625344 -148.303461 1.558154 2.857531
104010323 -1.097875 -0.677970 0.911137 1.579602 54.773223 -148.303461 1.556134 2.862756
104010324 -1.097875 -0.677970 0.906137 1.576724 54.921643 -148.303461 1.554067 2.867980
104010325 -1.097875 -0.677970 0.901137 1.573855 55.070606 -148.303461 1.551953 2.873205
104010326 -1.097875 -0.677970 0.896137 1.570998 55.220111 -148.303461 1.549793 2.878428
104010327 -1.097875 -0.677970 0.891137 1.568151 55.370160 -148.303461 1.547585 2.883652
104010328 -1.097875 -0.677970 0.886137 1.565315 55.520754 -148.303461 1.545330 2.888874
104010329 -1.097875 -0.677970 0.881137 1.562490 55.671893 -148.303461 1.543027 2.894095
104010330 -1.097875 -0.677970 0.876137 1.559676 55.823579 -148.303461 1.540675 2.899315
104010331 -1.097875 -0.677970 0.871137 1.556873 55.975812 -148.303461 1.538274 2.904533
104010332 -1.097875 -0.677970 0.866137 1.554081 56.128593 -148.303461 1.535825 2.909749
104010333 -1.097875 -0.677970 0.861137 1.551299 56.281923 -148.303461 1.533326 2.914963
104010334 -1.097875 -0.677970 0.856137 1.548530 56.435803 -148.303461 1.530777 2.920175
104010335 -1.097875 -0.677970 0.851137 1.545771 56.590233 -148.303461 1.528177 2.925385
104010336 -1.097875 -0.677970 0.846137 1.543023 56.745215 -148.303461 1.525527 2.930591
104010337 -1.097875 -0.677970 0.841137 1.540287 56.900748 -148.303461 1.522826 2.935795
104010338 -1.097875 -0.677970 0.836137 1.537562 57.056833 -148.303461 1.520074 2.940995
104010339 -1.097875 -0.677970 0.831137 1.534849 57.213472 -148.303461 1.517269 2.946192
104010340 -1.097875 -0.677970 0.826137 1.532147 57.370664 -148.303461 1.514413 2.951385
104010341 -1.097875 -0.677970 0.821137 1.529457 57.528410 -148.303461 1.511504 2.956574
104010342 -1.097875 -0.677970 0.816137 1.526779 57.686711 -148.303461 1.508542 2.961759
104010343 -1.097875 -0.677970 0.811137 1.524112 57.845567 -148.303461 1.505527 2.966939
104010344 -1.097875 -0.677970 0.806137 1.521457 58.004979 -148.303461 1.502458 2.972114
104010345 -1.097875 -0.677970 0.801137 1.518813 58.164947 -148.303461 1.499335 2.977284
104010346 -1.097875 -0.677970 0.796137 1.516182 58.325471 -148.303461 1.496158 2.982449
104010347 -1.097875 -0.677970 0.791137 1.513562 58.486552 -148.303461 1.492926 2.987609
104010348 -1.097875 -0.677970 0.786137 1.510955 58.648191 -148.303461 1.489639 2.992762
104010349 -1.097875 -0.677970 0.781137 1.508359 58.810387 -148.303461 1.486296 2.997909
104010350 -1.097875 -0.677970 0.776137 1.505776 58.973141 -148.303461 1.482898 3.003050
104010351 -1.097875 -0.677970 0.771137 1.503205 59.136453 -148.303461 1.479443 3.008184
104010352 -1.097875 -0.677970 0.766137 1.500646 59.300323 -148.303461 1.475932 3.013311
104010353 -1.097875 -0.677970 0.761137 1.498100 59.464752 -148.303461 1.472364 3.018431
104010354 -1.097875 -0.677970 0.756137 1.495566 59.629740 -148.303461 1.468739 3.023543
104010355 -1.097875 -0.677970 0.751137 1.493044 59.795286 -148.303461 1.465057 3.028647
104010356 -1.097875 -0.677970 0.746137 1.490535 59.961390 -148.303461 1.461316 3.033744
104010357 -1.097875 -0.677970 0.741137 1.488038 60.128054 -148.303461 1.457517 3.038831
104010358 -1.097875 -0.677970 0.736137 1.485554 60.295276 -148.303461 1.453660 3.043910
104010359 -1.097875 -0.677970 0.731137 1.483083 60.463057 -148.303461 1.449744 3.048980
104010360 -1.097875 -0.677970 0.726137 1.480624 60.631397 -148.303461 1.445769 3.054040
104010361 -1.097875 -0.677970 0.721137 1.478178 60.800295 -148.303461 1.441734 3.059091
104010362 -1.097875 -0.677970 0.716137 1.475746 60.969752 -148.303461 1.437640 3.064131
104010363 -1.097875 -0.677970 0.711137 1.473326 61.139767 -148.303461 1.433485 3.069162
104010364 -1.097875 -0.677970 0.706137 1.470919 61.310339 -148.303461 1.429270 3.074181
104010365 -1.097875 -0.677970 0.701137 1.468525 61.481470 -148.303461 1.424994 3.079190
104010366 -1.097875 -0.677970 0.696137 1.466145 61.653157 -148.303461 1.420657 3.084187
104010367 -1.097875 -0.677970 0.691137 1.463777 61.825402 -148.303461 1.416259 3.089173
104010368 -1.097875 -0.677970 0.686137 1.461423 61.998203 -148.303461 1.411799 3.094147
104010369 -1.097875 -0.677970 0.681137 1.459082 62.171559 -148.303461 1.407277 3.099108
104010370 -1.097875 -0.677970 0.676137 1.456755 62.345472 -148.303461 1.402693 3.104057
104010371 -1.097875 -0.677970 0.671137 1.454441 62.519939 -148.303461 1.398046 3.108993
104010372 -1.097875 -0.677970 0.666137 1.452140 62.694961 -148.303461 1.393337 3.113916
104010373 -1.097875 -0.677970 0.661137 1.449854 62.870537 -148.303461 1.388565 3.118825
104010374 -1.097875 -0.677970 0.656137 1.447580 63.046666 -148.303461 1.383730 3.123720
104010375 -1.097875 -0.677970 0.651137 1.445321 63.223347 -148.303461 1.378831 3.128601
104010376 -1.097875 -0.677970 0.646137 1.443075 63.400579 -148.303461 1.373868 3.133467
104010377 -1.097875 -0.677970 0.641137 1.440843 63.578363 -148.303461 1.368841 3.138319
104010378 -1.097875 -0.677970 0.636137 1.438626 63.756696 -148.303461 1.363751 3.143154
104010379 -1.097875 -0.677970 0.631137 1.436422 63.935578 -148.303461 1.358595 3.147975
104010380 -1.097875 -0.677970 0.626137 1.434232 64.115008 -148.303461 1.353375 3.152779
104010381 -1.097875 -0.677970 0.621137 1.432056 64.294986 -148.303461 1.348090 3.157566
104010382 -1.097875 -0.677970 0.616137 1.429894 64.475509 -148.303461 1.342741 3.162337
104010383 -1.097875 -0.677970 0.611137 1.427747 64.656577 -148.303461 1.337325 3.167091
104010384 -1.097875 -0.677970 0.606137 1.425614 64.838189 -148.303461 1.331845 3.171827
104010385 -1.097875 -0.677970 0.601137 1.423495 65.020343 -148.303461 1.326298 3.176546
104010386 -1.097875 -0.677970 0.596137 1.421391 65.203038 -148.303461 1.320686 3.181246
104010387 -1.097875 -0.677970 0.591137 1.419301 65.386273 -148.303461 1.315008 3.185928
104010388 -1.097875 -0.677970 0.586137 1.417226 65.570047 -148.303461 1.309264 3.190590
104010389 -1.097875 -0.677970 0.581137 1.415165 65.754358 -148.303461 1.303453 3.195234
104010390 -1.097875 -0.677970 0.576137 1.413120 65.939204 -148.303461 1.297576 3.199857
104010391 -1.097875 -0.677970 0.571137 1.411088 66.124584 -148.303461 1.291632 3.204461
104010392 -1.097875 -0.677970 0.566137 1.409072 66.310497 -148.303461 1.285622 3.209044
104010393 -1.097875 -0.677970 0.561137 1.407071 66.496941 -148.303461 1.279545 3.213606
104010394 -1.097875 -0.677970 0.556137 1.405084 66.683914 -148.303461 1.273401 3.218147
104010395 -1.097875 -0.677970 0.551137 1.403113 66.871414 -148.303461 1.267189 3.222666
104010396 -1.097875 -0.677970 0.546137 1.401156 67.059440 -148.303461 1.260911 3.227164
104010397 -1.097875 -0.677970 0.541137 1.399215 67.247990 -148.303461 1.254565 3.231639
104010398 -1.097875 -0.677970 0.536137 1.397289 67.437062 -148.303461 1.248152 3.236091
104010399 -1.097875 -0.677970 0.531137 1.395378 67.626653 -148.303461 1.241672 3.240520
104010400 -1.097875 -0.677970 0.526137 1.393482 67.816763 -148.303461 1.235124 3.244926
104010401 -1.109594 -0.654313 1.021137 1.643790 51.595521 -149.472688 1.574894 2.755648
104010402 -1.109594 -0.654313 1.016137 1.640688 51.732352 -149.472688 1.573785 2.760855
104010403 -1.109594 -0.654313 1.011137 1.637596 51.869701 -149.472688 1.572637 2.766065
104010404 -1.109594 -0.654313 1.006137 1.634514 52.007569 -149.472688 1.571452 2.771280
104010405 -1.109594 -0.654313 1.001137 1.631441 52.145957 -149.472688 1.570228 2.776498
104010406 -1.109594 -0.654313 0.996137 1.628377 52.284867 -149.472688 1.568965 2.781719
104010407 -1.109594 -0.654313 0.991137 1.625323 52.424299 -149.472688 1.567663 2.786944
104010408 -1.109594 -0.654313 0.986137 1.622279 52.564256 -149.472688 1.566321 2.792171
104010409 -1.109594 -0.654313 0.981137 1.619245 52.704738 -149.472688 1.564940 2.797402
104010410 -1.109594 -0.654313 0.976137 1.616220 52.845746 -149.472688 1.563518 2.802635
104010411 -1.109594 -0.654313 0.971137 1.613205 52.987283 -149.472688 1.562055 2.807871
104010412 -1.109594 -0.654313 0.966137 1.610200 53.129349 -149.472688 1.560551 2.813109
104010413 -1.109594 -0.654313 0.961137 1.607205 53.271945 -149.472688 1.559006 2.818349
104010414 -1.109594 -0.654313 0.956137 1.604220 53.415072 -149.472688 1.557419 2.823591
104010415 -1.109594 -0.654313 0.951137 1.601245 53.558733 -149.472688 1.555790 2.828835
104010416 -1.109594 -0.654313 0.946137 1.598280 53.702927 -149.472688 1.554118 2.834081
104010417 -1.109594 -0.654313 0.941137 1.595325 53.847656 -149.472688 1.552403 2.839328
104010418 -1.109594 -0.654313 0.936137 1.592381 53.992922 -149.472688 1.550645 2.844576
104010419 -1.109594 -0.654313 0.931137 1.589446 54.138725 -149.472688 1.548843 2.849825
104010420 -1.109594 -0.654313 0.926137 1.586522 54.285066 -149.472688 1.546997 2.855075
104010421 -1.109594 -0.654313 0.921137 1.583609 54.431946 -149.472688 1.545107 2.860326
104010422 -1.109594 -0.654313 0.916137 1.580706 54.579368 -149.472688 1.543172 2.865577
104010423 -1.109594 -0.654313 0.911137 1.577813 54.727330 -149.472688 1.541191 2.870828
104010424 -1.109594 -0.654313 0.906137 1.574931 54.875835 -149.472688 1.539165 2.876080
104010425 -1.109594 -0.654313 0.901137 1.572060 55.024884 -149.472688 1.537093 2.881331
104010426 -1.109594 -0.654313 0.896137 1.569199 55.174477 -149.472688 1.534975 2.886581
104010427 -1.109594 -0.654313 0.891137 1.566349 55.324616 -149.472688 1.532809 2.891831
104010428 -1.109594 -0.654313 0.886137 1.563510 55.475301 -149.472688 1.530597 2.897080
104010429 -1.109594 -0.654313 0.881137 1.560681 55.626533 -149.472688 1.528337 2.902328
104010430 -1.109594 -0.654313 0.876137 1.557864 55.778313 -149.472688 1.526029 2.907575
104010431 -1.109594 -0.654313 0.871137 1.555057 55.930642 -149.472688 1.523673 2.912820
104010432 -1.109594 -0.654313 0.866137 1.552262 56.083521 -149.472688 1.521269 2.918064
104010433 -1.109594 -0.654313 0.861137 1.549478 56.236950 -149.472688 1.518815 2.923305
104010434 -1.109594 -0.654313 0.856137 1.546704 56.390931 -149.472688 1.516312 2.928544
104010435 -1.109594 -0.654313 0.851137 1.543942 56.545463 -149.472688 1.513759 2.933781
104010436 -1.109594 -0.654313 0.846137 1.541192 56.700549 -149.472688 1.511156 2.939015
104010437 -1.109594 -0.654313 0.841137 1.538452 56.856188 -149.472688 1.508502 2.944246
104010438 -1.109594 -0.654313 0.836137 1.535724 57.012381 -149.472688 1.505798 2.949474
104010439 -1.109594 -0.654313 0.831137 1.533008 57.169128 -149.472688 1.503042 2.954698
104010440 -1.109594 -0.654313 0.826137 1.530303 57.326431 -149.472688 1.500235 2.959918
104010441 -1.109594 -0.654313 0.821137 1.527609 57.484290 -149.472688 1.497375 2.965135
104010442 -1.109594 -0.654313 0.816137 1.524927 57.642706 -149.472688 1.494463 2.970347
104010443 -1.109594 -0.654313 0.811137 1.522257 57.801678 -149.472688 1.491499 2.975555
104010444 -1.109594 -0.654313 0.806137 1.519599 57.961208 -149.472688 1.488481 2.980758
104010445 -1.109594 -0.654313 0.801137 1.516952 58.121296 -149.472688 1.485410 2.985956
104010446 -1.109594 -0.654313 0.796137 1.514318 58.281942 -149.472688 1.482285 2.991149
104010447 -1.109594 -0.654313 0.791137 1.511695 58.443146 -149.472688 1.479106 2.996336
104010448 -1.109594 -0.654313 0.786137 1.509084 58.604910 -149.472688 1.475872 3.001517
104010449 -1.109594 -0.654313 0.781137 1.506486 58.767233 -149.472688 1.472583 3.006692
104010450 -1.109594 -0.654313 0.776137 1.503899 58.930116 -149.472688 1.469239 3.011861
104010451 -1.109594 -0.654313 0.771137 1.501325 59.093559 -149.472688 1.465839 3.017023
104010452 -1.109594 -0.654313 0.766137 1.498763 59.257561 -149.472688 1.462384 3.022178
104010453 -1.109594 -0.654313 0.761137 1.496213 59.422124 -149.472688 1.458872 3.027326
104010454 -1.109594 -0.654313 0.756137 1.493676 59.587248 -149.472688 1.455303 3.032466
104010455 -1.109594 -0.654313 0.751137 1.491151 59.752932 -149.472688 1.451678 3.037599
104010456 -1.109594 -0.654313 0.746137 1.488638 59.919177 -149.472688 1.447995 3.042723
104010457 -1.109594 -0.654313 0.741137 1.486139 60.085982 -149.472688 1.444254 3.047838
104010458 -1.109594 -0.654313 0.736137 1.483651 60.253349 -149.472688 1.440456 3.052945
104010459 -1.109594 -0.654313 0.731137 1.481177 60.421275 -149.472688 1.436599 3.058043
104010460 -1.109594 -0.654313 0.726137 1.478715 60.589763 -149.472688 1.432683 3.063132
104010461 -1.109594 -0.654313 0.721137 1.476266 60.758811 -149.472688 1.428709 3.068210
104010462 -1.109594 -0.654313 0.716137 1.473830 60.928419 -149.472688 1.424675 3.073279
104010463 -1.109594 -0.654313 0.711137 1.471407 61.098587 -149.472688 1.420582 3.078338
104010464 -1.109594 -0.654313 0.706137 1.468997 61.269315 -149.472688 1.416429 3.083385
104010465 -1.109594 -0.654313 0.701137 1.466600 61.440603 -149.472688 1.412215 3.088422
104010466 -1.109594 -0.654313 0.696137 1.464217 61.612450 -149.472688 1.407941 3.093448
104010467 -1.109594 -0.654313 0.691137 1.461846 61.784855 -149.472688 1.403607 3.098462
104010468 -1.109594 -0.654313 0.686137 1.459489 61.957820 -149.472688 1.399211 3.103464
104010469 -1.109594 -0.654313 0.681137 1.457145 62.131342 -149.472688 1.394754 3.108453
104010470 -1.109594 -0.654313 0.676137 1.454814 62.305422 -149.472688 1.390235 3.113431
104010471 -1.109594 -0.654313 0.671137 1.452497 62.480059 -149.472688 1.385654 3.118395
104010472 -1.109594 -0.654313 0.666137 1.450194 62.655252 -149.472688 1.381011 3.123346
104010473 -1.109594 -0.654313 0.661137 1.447904 62.831001 -149.472688 1.376306 3.128283
104010474 -1.109594 -0.654313 0.656137 1.445628 63.007305 -149.472688 1.371538 3.133206
104010475 -1.109594 -0.654313 0.651137 1.443365 63.184164 -149.472688 1.366707 3.138115
104010476 -1.109594 -0.654313 0.646137 1.441116 63.361576 -149.472688 1.361813 3.143009
104010477 -1.109594 -0.654313 0.641137 1.438882 63.539541 -149.472688 1.356855 3.147888
104010478 -1.109594 -0.654313 0.636137 1.436661 63.718058 -149.472688 1.351834 3.152752
104010479 -1.109594 -0.654313 0.631137 1.434454 63.897126 -149.472688 1.346749 3.157600
104010480 -1.109594 -0.654313 0.626137 1.432261 64.076744 -149.472688 1.341600 3.162432
104010481 -1.109594 -0.654313 0.621137 1.430082 64.256912 -149.472688 1.336386 3.167248
104010482 -1.109594 -0.654313 0.616137 1.427918 64.437627 -149.472688 1.331108 3.172047
104010483 -1.109594 -0.654313 0.611137 1.425767 64.618889 -149.472688 1.325765 3.176828
104010484 -1.109594 -0.654313 0.606137 1.423631 64.800697 -149.472688 1.320357 3.181592
104010485 -1.109594 -0.654313 0.601137 1.421510 64.983049 -149.472688 1.314884 3.186339
104010486 -1.109594 -0.654313 0.596137 1.419402 65.165945 -149.472688 1.309346 3.191067
104010487 -1.109594 -0.654313 0.591137 1.417310 65.349383 -149.472688 1.303742 3.195776
104010488 -1.109594 -0.654313 0.586137 1.415232 65.533361 -149.472688 1.298073 3.200466
104010489 -1.109594 -0.654313 0.581137 1.413168 65.717879 -149.472688 1.292338 3.205137
104010490 -1.109594 -0.654313 0.576137 1.411119 65.902934 -149.472688 1.286537 3.209788
104010491 -1.109594 -0.654313 0.571137 1.409085 66.088526 -149.472688 1.280669 3.214419
104010492 -1.109594 -0.654313 0.566137 1.407066 66.274652 -149.472688 1.274736 3.219029
104010493 -1.109594 -0.654313 0.561137 1.405062 66.461311 -149.472688 1.268737 3.223619
104010494 -1.109594 -0.654313 0.556137 1.403072 66.648501 -149.472688 1.262670 3.228187
104010495 -1.109594 -0.654313 0.551137 1.401098 66.836221 -149.472688 1.256538 3.232733
104010496 -1.109594 -0.654313 0.546137 1.399139 67.024469 -149.472688 1.250339 3.237258
104010497 -1.109594 -0.654313 0.541137 1.397195 67.213242 -149.472688 1.244073 3.241760
104010498 -1.109594 -0.654313 0.536137 1.395266 67.402540 -149.472688 1.237740 3.246239
104010499 -1.109594 -0.654313 0.531137 1.393352 67.592360 -149.472688 1.231340 3.250695
104010500 -1.109594 -0.654313 0.526137 1.391454 67.782699 -149.472688 1.224874 3.255128
104010501 -1.121312 -0.630657 1.021137 1.642495 51.559703 -150.645408 1.557700 2.761318
104010502 -1.121312 -0.630657 1.016137 1.639391 51.696575 -150.645408 1.556619 2.766544
104010503 -1.121312 -0.630657 1.011137 1.636296 51.833966 -150.645408 1.555501 2.771774
104010504 -1.121312 -0.630657 1.006137 1.633211 51.971876 -150.645408 1.554346 2.777007
104010505 -1.121312 -0.630657 1.001137 1.630136 52.110308 -150.645408 1.553152 2.782244
104010506 -1.121312 -0.630657 0.996137 1.627070 52.249261 -150.645408 1.551920 2.787485
104010507 -1.121312 -0.630657 0.991137 1.624014 52.388739 -150.645408 1.550649 2.792729
104010508 -1.121312 -0.630657 0.986137 1.620967 52.528742 -150.645408 1.549339 2.797976
104010509 -1.121312 -0.630657 0.981137 1.617930 52.669272 -150.645408 1.547990 2.803226
104010510 -1.121312 -0.630657 0.976137 1.614903 52.810329 -150.645408 1.546601 2.808478
104010511 -1.121312 -0.630657 0.971137 1.611886 52.951915 -150.645408 1.545172 2.813733
104010512 -1.121312 -0.630657 0.966137 1.608878 53.094031 -150.645408 1.543702 2.818991
104010513 -1.121312 -0.630657 0.961137 1.605881 53.236678 -150.645408 1.542191 2.824251
104010514 -1.121312 -0.630657 0.956137 1.602893 53.379859 -150.645408 1.540639 2.829513
104010515 -1.121312 -0.630657 0.951137 1.599916 53.523573 -150.645408 1.539045 2.834776
104010516 -1.121312 -0.630657 0.946137 1.596948 53.667822 -150.645408 1.537409 2.840042
104010517 -1.121312 -0.630657 0.941137 1.593991 53.812607 -150.645408 1.535731 2.845308
104010518 -1.121312 -0.630657 0.936137 1.591044 53.957930 -150.645408 1.534010 2.850576
104010519 -1.121312 -0.630657 0.931137 1.588107 54.103791 -150.645408 1.532246 2.855846
104010520 -1.121312 -0.630657 0.926137 1.585181 54.250191 -150.645408 1.530438 2.861116
104010521 -1.121312 -0.630657 0.921137 1.582265 54.397132 -150.645408 1.528586 2.866386
104010522 -1.121312 -0.630657 0.916137 1.579359 54.544615 -150.645408 1.526690 2.871657
104010523 -1.121312 -0.630657 0.911137 1.576464 54.692640 -150.645408 1.524749 2.876929
104010524 -1.121312 -0.630657 0.906137 1.573579 54.841209 -150.645408 1.522763 2.882200
104010525 -1.121312 -0.630657 0.901137 1.570706 54.990323 -150.645408 1.520732 2.887472
104010526 -1.121312 -0.630657 0.896137 1.567842 55.139982 -150.645408 1.518655 2.892743
104010527 -1.121312 -0.630657 0.891137 1.564990 55.290188 -150.645408 1.516531 2.898013
104010528 -1.121312 -0.630657 0.886137 1.562148 55.440942 -150.645408 1.514361 2.903282
104010529 -1.121312 -0.630657 0.881137 1.559317 55.592244 -150.645408 1.512144 2.908551
104010530 -1.121312 -0.630657 0.876137 1.556497 55.744095 -150.645408 1.509880 2.913818
104010531 -1.121312 -0.630657 0.871137 1.553688 55.896496 -150.645408 1.507568 2.919084
104010532 -1.121312 -0.630657 0.866137 1.550891 56.049449 -150.645408 1.505208 2.924348
104010533 -1.121312 -0.630657 0.861137 1.548104 56.202953 -150.645408 1.502800 2.929610
104010534 -1.121312 -0.630657 0.856137 1.545328 56.357009 -150.645408 1.500343 2.934869
104010535 -1.121312 -0.630657 0.851137 1.542564 56.511619 -150.645408 1.497836 2.940127
104010536 -1.121312 -0.630657 0.846137 1.539810 56.666783 -150.645408 1.495280 2.945381
104010537 -1.121312 -0.630657 0.841137 1.537068 56.822502 -150.645408 1.492674 2.950633
104010538 -1.121312 -0.630657 0.836137 1.534338 56.978776 -150.645408 1.490018 2.955882
104010539 -1.121312 -0.630657 0.831137 1.531619 57.135606 -150.645408 1.487311 2.961127
104010540 -1.121312 -0.630657 0.826137 1.528912 57.292993 -150.645408 1.484553 2.966368
104010541 -1.121312 -0.630657 0.821137 1.526216 57.450937 -150.645408 1.481743 2.971606
104010542 -1.121312 -0.630657 0.816137 1.523531 57.609438 -150.645408 1.478882 2.976839
104010543 -1.121312 -0.630657 0.811137 1.520859 57.768498 -150.645408 1.475968 2.982068
104010544 -1.121312 -0.630657 0.806137 1.518198 57.928117 -150.645408 1.473002 2.987292
104010545 -1.121312 -0.630657 0.801137 1.515549 58.088295 -150.645408 1.469983 2.992511
104010546 -1.121312 -0.630657 0.796137 1.512912 58.249032 -150.645408 1.466911 2.997725
104010547 -1.121312 -0.630657 0.791137 1.510287 58.410330 -150.645408 1.463785 3.002933
104010548 -1.121312 -0.630657 0.786137 1.507674 58.572188 -150.645408 1.460606 3.008135
104010549 -1.121312 -0.630657 0.781137 1.505072 58.734607 -150.645408 1.457372 3.013332
104010550 -1.121312 -0.630657 0.776137 1.502484 58.897587 -150.645408 1.454083 3.018521
104010551 -1.121312 -0.630657 0.771137 1.499907 59.061128 -150.645408 1.450739 3.023705
104010552 -1.121312 -0.630657 0.766137 1.497342 59.225231 -150.645408 1.447340 3.028881
104010553 -1.121312 -0.630657 0.761137 1.494790 59.389895 -150.645408 1.443886 3.034050
104010554 -1.121312 -0.630657 0.756137 1.492250 59.555122 -150.645408 1.440375 3.039211
104010555 -1.121312 -0.630657 0.751137 1.489723 59.720910 -150.645408 1.436808 3.044365
104010556 -1.121312 -0.630657 0.746137 1.487208 59.887260 -150.645408 1.433184 3.049510
104010557 -1.121312 -0.630657 0.741137 1.484706 60.054173 -150.645408 1.429503 3.054647
104010558 -1.121312 -0.630657 0.736137 1.482217 60.221648 -150.645408 1.425765 3.059776
104010559 -1.121312 -0.630657 0.731137 1.479740 60.389684 -150.645408 1.421969 3.064895
104010560 -1.121312 -0.630657 0.726137 1.477276 60.558283 -150.645408 1.418115 3.070004
104010561 -1.121312 -0.630657 0.721137 1.474824 60.727444 -150.645408 1.414203 3.075105
104010562 -1.121312 -0.630657 0.716137 1.472386 60.897166 -150.645408 1.410232 3.080195
104010563 -1.121312 -0.630657 0.711137 1.469961 61.067450 -150.645408 1.406202 3.085275
104010564 -1.121312 -0.630657 0.706137 1.467548 61.238296 -150.645408 1.402113 3.090344
104010565 -1.121312 -0.630657 0.701137 1.465149 61.409702 -150.645408 1.397964 3.095402
104010566 -1.121312 -0.630657 0.696137 1.462763 61.581669 -150.645408 1.393756 3.100449
104010567 -1.121312 -0.630657 0.691137 1.460390 61.754197 -150.645408 1.389487 3.105484
104010568 -1.121312 -0.630657 0.686137 1.458030 61.927284 -150.645408 1.385158 3.110507
104010569 -1.121312 -0.630657 0.681137 1.455684 62.100931 -150.645408 1.380768 3.115518
104010570 -1.121312 -0.630657 0.676137 1.453351 62.275138 -150.645408 1.376317 3.120517
104010571 -1.121312 -0.630657 0.671137 1.451032 62.449902 -150.645408 1.371805 3.125502
104010572 -1.121312 -0.630657 0.666137 1.448726 62.625225 -150.645408 1.367231 3.130475
104010573 -1.121312 -0.630657 0.661137 1.446434 62.801105 -150.645408 1.362596 3.135433
104010574 -1.121312 -0.630657 0.656137 1.444155 62.977542 -150.645408 1.357898 3.140378
104010575 -1.121312 -0.630657 0.651137 1.441890 63.154534 -150.645408 1.353138 3.145308
104010576 -1.121312 -0.630657 0.646137 1.439639 63.332082 -150.645408 1.348316 3.150223
104010577 -1.121312 -0.630657 0.641137 1.437402 63.510185 -150.645408 1.343431 3.155124
104010578 -1.121312 -0.630657 0.636137 1.435179 63.688840 -150.645408 1.338483 3.160009
104010579 -1.121312 -0.630657 0.631137 1.432970 63.868049 -150.645408 1.333471 3.164878
104010580 -1.121312 -0.630657 0.626137 1.430774 64.047809 -150.645408 1.328396 3.169731
104010581 -1.121312 -0.630657 0.621137 1.428593 64.228119 -150.645408 1.323258 3.174568
104010582 -1.121312 -0.630657 0.616137 1.426427 64.408980 -150.645408 1.318055 3.179388
104010583 -1.121312 -0.630657 0.611137 1.424274 64.590388 -150.645408 1.312789 3.184191
104010584 -1.121312 -0.630657 0.606137 1.422136 64.772345 -150.645408 1.307458 3.188976
104010585 -1.121312 -0.630657 0.601137 1.420012 64.954847 -150.645408 1.302062 3.193743
104010586 -1.121312 -0.630657 0.596137 1.417902 65.137894 -150.645408 1.296602 3.198492
104010587 -1.121312 -0.630657 0.591137 1.415808 65.321485 -150.645408 1.291077 3.203222
104010588 -1.121312 -0.630657 0.586137 1.413727 65.505618 -150.645408 1.285488 3.207933
104010589 -1.121312 -0.630657 0.581137 1.411662 65.690291 -150.645408 1.279833 3.212625
104010590 -1.121312 -0.630657 0.576137 1.409611 65.875504 -150.645408 1.274112 3.217297
104010591 -1.121312 -0.630657 0.571137 1.407574 66.061255 -150.645408 1.268327 3.221949
104010592 -1.121312 -0.630657 0.566137 1.405553 66.247542 -150.645408 1.262476 3.226580
104010593 -1.121312 -0.630657 0.561137 1.403547 66.434364 -150.645408 1.256559 3.231190
104010594 -1.121312 -0.630657 0.556137 1.401555 66.621719 -150.645408 1.250576 3.235779
104010595 -1.121312 -0.630657 0.551137 1.399579 66.809604 -150.645408 1.244527 3.240346
104010596 -1.121312 -0.630657 0.546137 1.397617 66.998020 -150.645408 1.238413 3.244891
104010597 -1.121312 -0.630657 0.541137 1.395671 67.186962 -150.645408 1.232232 3.249414
104010598 -1.121312 -0.630657 0.536137 1.393740 67.376431 -150.645408 1.225985 3.253913
104010599 -1.121312 -0.630657 0.531137 1.391824 67.566423 -150.645408 1.219672 3.258389
104010600 -1.121312 -0.630657 0.526137 1.389924 67.756936 -150.645408 1.213293 3.262842
104010601 -1.133030 -0.607000 1.021137 1.641623 51.535561 -151.820652 1.539072 2.765130
104010602 -1.133030 -0.607000 1.016137 1.638518 51.672460 -151.820652 1.538018 2.770369
104010603 -1.133030 -0.607000 1.011137 1.635422 51.809878 -151.820652 1.536928 2.775611
104010604 -1.133030 -0.607000 1.006137 1.632335 51.947817 -151.820652 1.535801 2.780858
104010605 -1.133030 -0.607000 1.001137 1.629258 52.086277 -151.820652 1.534636 2.786108
104010606 -1.133030 -0.607000 0.996137 1.626190 52.225261 -151.820652 1.533433 2.791361
104010607 -1.133030 -0.607000 0.991137 1.623132 52.364769 -151.820652 1.532193 2.796618
104010608 -1.133030 -0.607000 0.986137 1.620084 52.504803 -151.820652 1.530913 2.801878
104010609 -1.133030 -0.607000 0.981137 1.617046 52.645364 -151.820652 1.529595 2.807141
104010610 -1.133030 -0.607000 0.976137 1.614017 52.786454 -151.820652 1.528237 2.812407
104010611 -1.133030 -0.607000 0.971137 1.610998 52.928073 -151.820652 1.526840 2.817675
104010612 -1.133030 -0.607000 0.966137 1.607989 53.070223 -151.820652 1.525403 2.822946
104010613 -1.133030 -0.607000 0.961137 1.604989 53.212906 -151.820652 1.523925 2.828219
104010614 -1.133030 -0.607000 0.956137 1.602000 53.356121 -151.820652 1.522407 2.833494
104010615 -1.133030 -0.607000 0.951137 1.599021 53.499872 -151.820652 1.520847 2.838771
104010616 -1.133030 -0.607000 0.946137 1.596052 53.644157 -151.820652 1.519246 2.844050
104010617 -1.133030 -0.607000 0.941137 1.593093 53.788980 -151.820652 1.517603 2.849330
104010618 -1.133030 -0.607000 0.936137 1.590144 53.934341 -151.820652 1.515918 2.854611
104010619 -1.133030 -0.607000 0.931137 1.587206 54.080241 -151.820652 1.514190 2.859894
104010620 -1.133030 -0.607000 0.926137 1.584278 54.226682 -151.820652 1.512420 2.865177
104010621 -1.133030 -0.607000 0.921137 1.581360 54.373663 -151.820652 1.510606 2.870462
104010622 -1.133030 -0.607000 0.916137 1.578453 54.521187 -151.820652 1.508748 2.875746
104010623 -1.133030 -0.607000 0.911137 1.575556 54.669255 -151.820652 1.506846 2.881031
104010624 -1.133030 -0.607000 0.906137 1.572670 54.817867 -151.820652 1.504900 2.886316
104010625 -1.133030 -0.607000 0.901137 1.569794 54.967024 -151.820652 1.502908 2.891601
104010626 -1.133030 -0.607000 0.896137 1.566929 55.116728 -151.820652 1.500872 2.896886
104010627 -1.133030 -0.607000 0.891137 1.564075 55.266979 -151.820652 1.498790 2.902170
104010628 -1.133030 -0.607000 0.886137 1.561232 55.417779 -151.820652 1.496662 2.907453
104010629 -1.133030 -0.607000 0.881137 1.558399 55.569128 -151.820652 1.494488 2.912736
104010630 -1.133030 -0.607000 0.876137 1.555578 55.721027 -151.820652 1.492266 2.918017
104010631 -1.133030 -0.607000 0.871137 1.552767 55.873477 -151.820652 1.489998 2.923296
104010632 -1.133030 -0.607000 0.866137 1.549968 56.026478 -151.820652 1.487683 2.928574
104010633 -1.133030 -0.607000 0.861137 1.547179 56.180033 -151.820652 1.485319 2.933850
104010634 -1.133030 -0.607000 0.856137 1.544402 56.334140 -151.820652 1.482908 2.939123
104010635 -1.133030 -0.607000 0.851137 1.541636 56.488802 -151.820652 1.480448 2.944395
104010636 -1.133030 -0.607000 0.846137 1.538881 56.644019 -151.820652 1.477938 2.949663
104010637 -1.133030 -0.607000 0.841137 1.536137 56.799791 -151.820652 1.475380 2.954929
104010638 -1.133030 -0.607000 0.836137 1.533405 56.956120 -151.820652 1.472772 2.960192
104010639 -1.133030 -0.607000 0.831137 1.530685 57.113005 -151.820652 1.470114 2.965451
104010640 -1.133030 -0.607000 0.826137 1.527975 57.270448 -151.820652 1.467405 2.970706
104010641 -1.133030 -0.607000 0.821137 1.525278 57.428449 -151.820652 1.464646 2.975958
104010642 -1.133030 -0.607000 0.816137 1.522592 57.587009 -151.820652 1.461835 2.981205
104010643 -1.133030 -0.607000 0.811137 1.519918 57.746128 -151.820652 1.458973 2.986448
104010644 -1.133030 -0.607000 0.806137 1.517255 57.905807 -151.820652 1.456060 2.991686
104010645 -1.133030 -0.607000 0.801137 1.514605 58.066045 -151.820652 1.453093 2.996920
104010646 -1.133030 -0.607000 0.796137 1.511966 58.226845 -151.820652 1.450075 3.002148
104010647 -1.133030 -0.607000 0.791137 1.509339 58.388205 -151.820652 1.447003 3.007370
104010648 -1.133030 -0.607000 0.786137 1.506724 58.550127 -151.820652 1.443879 3.012587
104010649 -1.133030 -0.607000 0.781137 1.504122 58.712610 -151.820652 1.440700 3.017797
104010650 -1.133030 -0.607000 0.776137 1.501531 58.875655 -151.820652 1.437468 3.023001
104010651 -1.133030 -0.607000 0.771137 1.498953 59.039263 -151.820652 1.434181 3.028199
104010652 -1.133030 -0.607000 0.766137 1.496386 59.203433 -151.820652 1.430840 3.033389
104010653 -1.133030 -0.607000 0.761137 1.493833 59.368165 -151.820652 1.427443 3.038573
104010654 -1.133030 -0.607000 0.756137 1.491291 59.533461 -151.820652 1.423992 3.043748
104010655 -1.133030 -0.607000 0.751137 1.488762 59.699319 -151.820652 1.420484 3.048916
104010656 -1.133030 -0.607000 0.746137 1.486246 59.865741 -151.820652 1.416921 3.054076
104010657 -1.133030 -0.607000 0.741137 1.483742 60.032725 -151.820652 1.413301 3.059228
104010658 -1.133030 -0.607000 0.736137 1.481251 60.200273 -151.820652 1.409625 3.064370
104010659 -1.133030 -0.607000 0.731137 1.478772 60.368384 -151.820652 1.405891 3.069504
104010660 -1.133030 -0.607000 0.726137 1.476307 60.537057 -151.820652 1.402101 3.074628
104010661 -1.133030 -0.607000 0.721137 1.473854 60.706294 -151.820652 1.398252 3.079742
104010662 -1.133030 -0.607000 0.716137 1.471414 60.876093 -151.820652 1.394346 3.084847
104010663 -1.133030 -0.607000 0.711137 1.468987 61.046455 -151.820652 1.390382 3.089941
104010664 -1.133030 -0.607000 0.706137 1.466573 61.217380 -151.820652 1.386359 3.095025
104010665 -1.133030 -0.607000 0.701137 1.464172 61.388866 -151.820652 1.382277 3.100097
104010666 -1.133030 -0.607000 0.696137 1.461784 61.560914 -151.820652 1.378136 3.105159
104010667 -1.133030 -0.607000 0.691137 1.459410 61.733524 -151.820652 1.373935 3.110208
104010668 -1.133030 -0.607000 0.686137 1.457049 61.906695 -151.820652 1.369675 3.115246
104010669 -1.133030 -0.607000 0.681137 1.454701 62.080426 -151.820652 1.365355 3.120272
104010670 -1.133030 -0.607000 0.676137 1.452366 62.254717 -151.820652 1.360975 3.125284
104010671 -1.133030 -0.607000 0.671137 1.450045 62.429568 -151.820652 1.356534 3.130284
104010672 -1.133030 -0.607000 0.666137 1.447738 62.604978 -151.820652 1.352032 3.135271
104010673 -1.133030 -0.607000 0.661137 1.445444 62.780946 -151.820652 1.347470 3.140244
104010674 -1.133030 -0.607000 0.656137 1.443164 62.957472 -151.820652 1.342845 3.145203
104010675 -1.133030 -0.607000 0.651137 1.440898 63.134555 -151.820652 1.338160 3.150147
104010676 -1.133030 -0.607000 0.646137 1.438645 63.312194 -151.820652 1.333412 3.155077
104010677 -1.133030 -0.607000 0.641137 1.436406 63.490389 -151.820652 1.328603 3.159992
104010678 -1.133030 -0.607000 0.636137 1.434182 63.669138 -151.820652 1.323731 3.164891
104010679 -1.133030 -0.607000 0.631137 1.431971 63.848441 -151.820652 1.318797 3.169775
104010680 -1.133030 -0.607000 0.626137 1.429774 64.028296 -151.820652 1.313800 3.174643
104010681 -1.133030 -0.607000 0.621137 1.427592 64.208703 -151.820652 1.308740 3.179494
104010682 -1.133030 -0.607000 0.616137 1.425423 64.389661 -151.820652 1.303617 3.184328
104010683 -1.133030 -0.607000 0.611137 1.423269 64.571169 -151.820652 1.298430 3.189145
104010684 -1.133030 -0.607000 0.606137 1.421129 64.753225 -151.820652 1.293180 3.193944
104010685 -1.133030 -0.607000 0.601137 1.419004 64.935828 -151.820652 1.287867 3.198725
104010686 -1.133030 -0.607000 0.596137 1.416893 65.118977 -151.820652 1.282489 3.203489
104010687 -1.133030 -0.607000 0.591137 1.414797 65.302671 -151.820652 1.277047 3.208233
104010688 -1.133030 -0.607000 0.586137 1.412715 65.486908 -151.820652 1.271541 3.212958
104010689 -1.133030 -0.607000 0.581137 1.410648 65.671687 -151.820652 1.265971 3.217664
104010690 -1.133030 -0.607000 0.576137 1.408595 65.857006 -151.820652 1.260336 3.222350
104010691 -1.133030 -0.607000 0.571137 1.406557 66.042865 -151.820652 1.254637 3.227016
104010692 -1.133030 -0.607000 0.566137 1.404535 66.229260 -151.820652 1.248873 3.231661
104010693 -1.133030 -0.607000 0.561137 1.402527 66.416192 -151.820652 1.243043 3.236285
104010694 -1.133030 -0.607000 0.556137 1.400534 66.603657 -151.820652 1.237149 3.240888
104010695 -1.133030 -0.607000 0.551137 1.398556 66.791654 -151.820652 1.231190 3.245469
104010696 -1.133030 -0.607000 0.546137 1.396593 66.980182 -151.820652 1.225165 3.250028
104010697 -1.133030 -0.607000 0.541137 1.394645 67.169239 -151.820652 1.219075 3.254564
104010698 -1.133030 -0.607000 0.536137 1.392713 67.358822 -151.820652 1.212920 3.259077
104010699 -1.133030 -0.607000 0.531137 1.390796 67.548930 -151.820652 1.206699 3.263567
104010700 -1.133030 -0.607000 0.526137 1.388894 67.739561 -151.820652 1.200412 3.268034
104010701 -1.144749 -0.583343 1.021137 1.641176 51.523160 -152.997437 1.519057 2.767068
104010702 -1.144749 -0.583343 1.016137 1.638070 51.660073 -152.997437 1.518029 2.772314
104010703 -1.144749 -0.583343 1.011137 1.634973 51.797505 -152.997437 1.516965 2.777563
104010704 -1.144749 -0.583343 1.006137 1.631886 51.935459 -152.997437 1.515865 2.782816
104010705 -1.144749 -0.583343 1.001137 1.628808 52.073934 -152.997437 1.514727 2.788073
104010706 -1.144749 -0.583343 0.996137 1.625739 52.212933 -152.997437 1.513552 2.793333
104010707 -1.144749 -0.583343 0.991137 1.622680 52.352457 -152.997437 1.512340 2.798596
104010708 -1.144749 -0.583343 0.986137 1.619631 52.492507 -152.997437 1.511090 2.803863
104010709 -1.144749 -0.583343 0.981137 1.616592 52.633084 -152.997437 1.509801 2.809132
104010710 -1.144749 -0.583343 0.976137 1.613562 52.774191 -152.997437 1.508473 2.814405
104010711 -1.144749 -0.583343 0.971137 1.610542 52.915827 -152.997437 1.507107 2.819680
104010712 -1.144749 -0.583343 0.966137 1.607532 53.057994 -152.997437 1.505701 2.824957
104010713 -1.144749 -0.583343 0.961137 1.604532 53.200695 -152.997437 1.504255 2.830237
104010714 -1.144749 -0.583343 0.956137 1.601542 53.343928 -152.997437 1.502769 2.835519
104010715 -1.144749 -0.583343 0.951137 1.598562 53.487697 -152.997437 1.501243 2.840803
104010716 -1.144749 -0.583343 0.946137 1.595592 53.632002 -152.997437 1.499676 2.846088
104010717 -1.144749 -0.583343 0.941137 1.592632 53.776844 -152.997437 1.498067 2.851375
104010718 -1.144749 -0.583343 0.936137 1.589683 53.922225 -152.997437 1.496417 2.856664
104010719 -1.144749 -0.583343 0.931137 1.586744 54.068145 -152.997437 1.494725 2.861953
104010720 -1.144749 -0.583343 0.926137 1.583815 54.214605 -152.997437 1.492990 2.867243
104010721 -1.144749 -0.583343 0.921137 1.580896 54.361608 -152.997437 1.491213 2.872535
104010722 -1.144749 -0.583343 0.916137 1.577988 54.509153 -152.997437 1.489393 2.877826
104010723 -1.144749 -0.583343 0.911137 1.575090 54.657242 -152.997437 1.487529 2.883118
104010724 -1.144749 -0.583343 0.906137 1.572203 54.805876 -152.997437 1.485621 2.888410
104010725 -1.144749 -0.583343 0.901137 1.569327 54.955056 -152.997437 1.483670 2.893702
104010726 -1.144749 -0.583343 0.896137 1.566461 55.104783 -152.997437 1.481673 2.898994
104010727 -1.144749 -0.583343 0.891137 1.563606 55.255057 -152.997437 1.479632 2.904285
104010728 -1.144749 -0.583343 0.886137 1.560762 55.405881 -152.997437 1.477545 2.909575
104010729 -1.144749 -0.583343 0.881137 1.557929 55.557254 -152.997437 1.475413 2.914864
104010730 -1.144749 -0.583343 0.876137 1.555106 55.709177 -152.997437 1.473235 2.920152
104010731 -1.144749 -0.583343 0.871137 1.552295 55.861652 -152.997437 1.471010 2.925439
104010732 -1.144749 -0.583343 0.866137 1.549494 56.014679 -152.997437 1.468738 2.930724
104010733 -1.144749 -0.583343 0.861137 1.546705 56.168259 -152.997437 1.466420 2.936007
104010734 -1.144749 -0.583343 0.856137 1.543927 56.322393 -152.997437 1.464054 2.941288
104010735 -1.144749 -0.583343 0.851137 1.541160 56.477082 -152.997437 1.461640 2.946566
104010736 -1.144749 -0.583343 0.846137 1.538404 56.632325 -152.997437 1.459177 2.951842
104010737 -1.144749 -0.583343 0.841137 1.535660 56.788125 -152.997437 1.456667 2.957115
104010738 -1.144749 -0.583343 0.836137 1.532927 56.944482 -152.997437 1.454107 2.962385
104010739 -1.144749 -0.583343 0.831137 1.530205 57.101396 -152.997437 1.451498 2.967651
104010740 -1.144749 -0.583343 0.826137 1.527495 57.258867 -152.997437 1.448839 2.972914
104010741 -1.144749 -0.583343 0.821137 1.524797 57.416898 -152.997437 1.446130 2.978172
104010742 -1.144749 -0.583343 0.816137 1.522110 57.575487 -152.997437 1.443370 2.983427
104010743 -1.144749 -0.583343 0.811137 1.519435 57.734636 -152.997437 1.440560 2.988677
104010744 -1.144749 -0.583343 0.806137 1.516771 57.894346 -152.997437 1.437699 2.993923
104010745 -1.144749 -0.583343 0.801137 1.514120 58.054616 -152.997437 1.434786 2.999163
104010746 -1.144749 -0.583343 0.796137 1.511480 58.215447 -152.997437 1.431822 3.004398
104010747 -1.144749 -0.583343 0.791137 1.508853 58.376839 -152.997437 1.428805 3.009628
104010748 -1.144749 -0.583343 0.786137 1.506237 58.538793 -152.997437 1.425736 3.014852
104010749 -1.144749 -0.583343 0.781137 1.503634 58.701310 -152.997437 1.422614 3.020070
104010750 -1.144749 -0.583343 0.776137 1.501042 58.864388 -152.997437 1.419439 3.025281
104010751 -1.144749 -0.583343 0.771137 1.498463 59.028030 -152.997437 1.416210 3.030486
104010752 -1.144749 -0.583343 0.766137 1.495896 59.192234 -152.997437 1.412927 3.035684
104010753 -1.144749 -0.583343 0.761137 1.493341 59.357002 -152.997437 1.409590 3.040875
104010754 -1.144749 -0.583343 0.756137 1.490799 59.522333 -152.997437 1.406198 3.046058
104010755 -1.144749 -0.583343 0.751137 1.488269 59.688227 -152.997437 1.402752 3.051233
104010756 -1.144749 -0.583343 0.746137 1.485752 59.854685 -152.997437 1.399250 3.056400
104010757 -1.144749 -0.583343 0.741137 1.483247 60.021707 -152.997437 1.395693 3.061559
104010758 -1.144749 -0.583343 0.736137 1.480755 60.189292 -152.997437 1.392080 3.066709
104010759 -1.144749 -0.583343 0.731137 1.478276 60.357441 -152.997437 1.388411 3.071850
104010760 -1.144749 -0.583343 0.726137 1.475810 60.526153 -152.997437 1.384685 3.076981
104010761 -1.144749 -0.583343 0.721137 1.473356 60.695429 -152.997437 1.380902 3.082103
104010762 -1.144749 -0.583343 0.716137 1.470915 60.865268 -152.997437 1.377062 3.087215
104010763 -1.144749 -0.583343 0.711137 1.468487 61.035670 -152.997437 1.373165 3.092317
104010764 -1.144749 -0.583343 0.706137 1.466072 61.206634 -152.997437 1.369210 3.097408
104010765 -1.144749 -0.583343 0.701137 1.463671 61.378162 -152.997437 1.365197 3.102488
104010766 -1.144749 -0.583343 0.696137 1.461282 61.550252 -152.997437 1.361126 3.107556
104010767 -1.144749 -0.583343 0.691137 1.458907 61.722903 -152.997437 1.356996 3.112613
104010768 -1.144749 -0.583343 0.686137 1.456545 61.896117 -152.997437 1.352807 3.117658
104010769 -1.144749 -0.583343 0.681137 1.454196 62.069891 -152.997437 1.348559 3.122691
104010770 -1.144749 -0.583343 0.676137 1.451861 62.244226 -152.997437 1.344252 3.127711
104010771 -1.144749 -0.583343 0.671137 1.449539 62.419121 -152.997437 1.339885 3.132719
104010772 -1.144749 -0.583343 0.666137 1.447231 62.594576 -152.997437 1.335458 3.137713
104010773 -1.144749 -0.583343 0.661137 1.444936 62.770589 -152.997437 1.330970 3.142693
104010774 -1.144749 -0.583343 0.656137 1.442655 62.947161 -152.997437 1.326423 3.147659
104010775 -1.144749 -0.583343 0.651137 1.440388 63.124290 -152.997437 1.321814 3.152611
104010776 -1.144749 -0.583343 0.646137 1.438135 63.301976 -152.997437 1.317145 3.157548
104010777 -1.144749 -0.583343 0.641137 1.435895 63.480218 -152.997437 1.312414 3.162471
104010778 -1.144749 -0.583343 0.636137 1.433670 63.659015 -152.997437 1.307622 3.167377
104010779 -1.144749 -0.583343 0.631137 1.431458 63.838367 -152.997437 1.302768 3.172268
104010780 -1.144749 -0.583343 0.626137 1.429261 64.018271 -152.997437 1.297852 3.177143
104010781 -1.144749 -0.583343 0.621137 1.427077 64.198728 -152.997437 1.292874 3.182001
104010782 -1.144749 -0.583343 0.616137 1.424908 64.379736 -152.997437 1.287834 3.186843
104010783 -1.144749 -0.583343 0.611137 1.422753 64.561295 -152.997437 1.282732 3.191667
104010784 -1.144749 -0.583343 0.606137 1.420613 64.743402 -152.997437 1.277567 3.196474
104010785 -1.144749 -0.583343 0.601137 1.418487 64.926057 -152.997437 1.272338 3.201262
104010786 -1.144749 -0.583343 0.596137 1.416375 65.109258 -152.997437 1.267047 3.206033
104010787 -1.144749 -0.583343 0.591137 1.414278 65.293005 -152.997437 1.261693 3.210784
104010788 -1.144749 -0.583343 0.586137 1.412195 65.477296 -152.997437 1.256275 3.215517
104010789 -1.144749 -0.583343 0.581137 1.410127 65.662129 -152.997437 1.250794 3.220230
104010790 -1.144749 -0.583343 0.576137 1.408074 65.847503 -152.997437 1.245249 3.224923
104010791 -1.144749 -0.583343 0.571137 1.406036 66.033416 -152.997437 1.239640 3.229596
104010792 -1.144749 -0.583343 0.566137 1.404012 66.219867 -152.997437 1.233967 3.234248
104010793 -1.144749 -0.583343 0.561137 1.402003 66.406855 -152.997437 1.228230 3.238880
104010794 -1.144749 -0.583343 0.556137 1.400010 66.594377 -152.997437 1.222429 3.243490
104010795 -1.144749 -0.583343 0.551137 1.398031 66.782432 -152.997437 1.216564 3.248078
104010796 -1.144749 -0.583343 0.546137 1.396067 66.971018 -152.997437 1.210634 3.252644
104010797 -1.144749 -0.583343 0.541137 1.394119 67.160133 -152.997437 1.204640 3.257187
104010798 -1.144749 -0.583343 0.536137 1.392186 67.349775 -152.997437 1.198581 3.261707
104010799 -1.144749 -0.583343 0.531137 1.390268 67.539943 -152.997437 1.192458 3.266204
104010800 -1.144749 -0.583343 0.526137 1.388366 67.730634 -152.997437 1.186270 3.270678
