# pixelID   x   y   z   l2  two_theta   azimuthal   polar_width azimuthal_width
113010001 0.714487 -0.627400 2.213767 2.409333 23.244412 -41.286770 1.209748 1.436457
113010002 0.713227 -0.627400 2.218606 2.413407 23.178434 -41.336911 1.209277 1.432967
113010003 0.711967 -0.627400 2.223444 2.417485 23.112695 -41.387151 1.208804 1.429484
113010004 0.710708 -0.627400 2.228283 2.421566 23.047193 -41.437492 1.208331 1.426008
113010005 0.709448 -0.627400 2.233122 2.425650 22.981928 -41.487933 1.207857 1.422538
113010006 0.708188 -0.627400 2.237960 2.429738 22.916898 -41.538475 1.207382 1.419074
113010007 0.706928 -0.627400 2.242799 2.433829 22.852103 -41.589118 1.206907 1.415617
113010008 0.705668 -0.627400 2.247638 2.437924 22.787541 -41.639862 1.206430 1.412166
113010009 0.704408 -0.627400 2.252476 2.442022 22.723212 -41.690707 1.205953 1.408721
113010010 0.703148 -0.627400 2.257315 2.446123 22.659114 -41.741654 1.205475 1.405283
113010011 0.701889 -0.627400 2.262154 2.450228 22.595248 -41.792702 1.204996 1.401851
113010012 0.700629 -0.627400 2.266992 2.454336 22.531611 -41.843853 1.204517 1.398426
113010013 0.699369 -0.627400 2.271831 2.458448 22.468203 -41.895105 1.204037 1.395007
113010014 0.698109 -0.627400 2.276670 2.462562 22.405023 -41.946460 1.203556 1.391594
113010015 0.696849 -0.627400 2.281508 2.466680 22.342071 -41.997918 1.203075 1.388187
113010016 0.695589 -0.627400 2.286347 2.470801 22.279344 -42.049478 1.202593 1.384787
113010017 0.694330 -0.627400 2.291186 2.474926 22.216843 -42.101142 1.202111 1.381392
113010018 0.693070 -0.627400 2.296024 2.479053 22.154566 -42.152909 1.201628 1.378004
113010019 0.691810 -0.627400 2.300863 2.483184 22.092512 -42.204779 1.201144 1.374623
113010020 0.690550 -0.627400 2.305702 2.487318 22.030681 -42.256753 1.200660 1.371247
113010021 0.689290 -0.627400 2.310541 2.491455 21.969072 -42.308831 1.200176 1.367878
113010022 0.688030 -0.627400 2.315379 2.495596 21.907684 -42.361014 1.199691 1.364514
113010023 0.686770 -0.627400 2.320218 2.499739 21.846515 -42.413301 1.199205 1.361157
113010024 0.685511 -0.627400 2.325057 2.503886 21.785566 -42.465692 1.198720 1.357806
113010025 0.684251 -0.627400 2.329895 2.508035 21.724834 -42.518189 1.198233 1.354461
113010026 0.682991 -0.627400 2.334734 2.512188 21.664320 -42.570790 1.197747 1.351122
113010027 0.681731 -0.627400 2.339573 2.516344 21.604022 -42.623497 1.197260 1.347789
113010028 0.680471 -0.627400 2.344411 2.520503 21.543940 -42.676310 1.196773 1.344462
113010029 0.679211 -0.627400 2.349250 2.524665 21.484072 -42.729228 1.196285 1.341141
113010030 0.677951 -0.627400 2.354089 2.528830 21.424418 -42.782252 1.195798 1.337826
113010031 0.676692 -0.627400 2.358927 2.532998 21.364977 -42.835383 1.195310 1.334517
113010032 0.675432 -0.627400 2.363766 2.537169 21.305749 -42.888620 1.194821 1.331213
113010033 0.674172 -0.627400 2.368605 2.541343 21.246731 -42.941964 1.194333 1.327916
113010034 0.672912 -0.627400 2.373443 2.545520 21.187924 -42.995414 1.193844 1.324625
113010035 0.671652 -0.627400 2.378282 2.549700 21.129326 -43.048972 1.193355 1.321339
113010036 0.670392 -0.627400 2.383121 2.553883 21.070938 -43.102637 1.192866 1.318060
113010037 0.669133 -0.627400 2.387959 2.558069 21.012757 -43.156410 1.192377 1.314786
113010038 0.667873 -0.627400 2.392798 2.562258 20.954783 -43.210291 1.191888 1.311518
113010039 0.666613 -0.627400 2.397637 2.566450 20.897015 -43.264280 1.191399 1.308255
113010040 0.665353 -0.627400 2.402475 2.570645 20.839453 -43.318377 1.190909 1.304999
113010041 0.664093 -0.627400 2.407314 2.574842 20.782095 -43.372583 1.190420 1.301748
113010042 0.662833 -0.627400 2.412153 2.579042 20.724941 -43.426898 1.189930 1.298503
113010043 0.661573 -0.627400 2.416991 2.583246 20.667990 -43.481321 1.189440 1.295264
113010044 0.660314 -0.627400 2.421830 2.587452 20.611242 -43.535854 1.188951 1.292030
113010045 0.659054 -0.627400 2.426669 2.591660 20.554694 -43.590496 1.188461 1.288802
113010046 0.657794 -0.627400 2.431507 2.595872 20.498347 -43.645248 1.187971 1.285580
113010047 0.656534 -0.627400 2.436346 2.600087 20.442200 -43.700110 1.187482 1.282363
113010048 0.655274 -0.627400 2.441185 2.604304 20.386252 -43.755082 1.186992 1.279152
113010049 0.654014 -0.627400 2.446023 2.608524 20.330502 -43.810165 1.186502 1.275946
113010050 0.652755 -0.627400 2.450862 2.612747 20.274950 -43.865358 1.186013 1.272746
113010051 0.651495 -0.627400 2.455701 2.616972 20.219594 -43.920662 1.185523 1.269552
113010052 0.650235 -0.627400 2.460539 2.621200 20.164434 -43.976077 1.185034 1.266363
113010053 0.648975 -0.627400 2.465378 2.625431 20.109469 -44.031603 1.184545 1.263180
113010054 0.647715 -0.627400 2.470217 2.629665 20.054699 -44.087241 1.184056 1.260002
113010055 0.646455 -0.627400 2.475055 2.633901 20.000122 -44.142991 1.183567 1.256829
113010056 0.645195 -0.627400 2.479894 2.638140 19.945737 -44.198853 1.183078 1.253662
113010057 0.643936 -0.627400 2.484733 2.642382 19.891545 -44.254826 1.182589 1.250500
113010058 0.642676 -0.627400 2.489572 2.646626 19.837544 -44.310913 1.182100 1.247344
113010059 0.641416 -0.627400 2.494410 2.650873 19.783734 -44.367112 1.181612 1.244193
113010060 0.640156 -0.627400 2.499249 2.655122 19.730113 -44.423424 1.181124 1.241047
113010061 0.638896 -0.627400 2.504088 2.659375 19.676681 -44.479849 1.180636 1.237907
113010062 0.637636 -0.627400 2.508926 2.663629 19.623438 -44.536388 1.180148 1.234772
113010063 0.636376 -0.627400 2.513765 2.667887 19.570382 -44.593040 1.179661 1.231642
113010064 0.635117 -0.627400 2.518604 2.672147 19.517513 -44.649806 1.179174 1.228517
113010065 0.633857 -0.627400 2.523442 2.676409 19.464830 -44.706686 1.178687 1.225398
113010066 0.632597 -0.627400 2.528281 2.680674 19.412332 -44.763681 1.178200 1.222284
113010067 0.631337 -0.627400 2.533120 2.684942 19.360019 -44.820790 1.177713 1.219175
113010068 0.630077 -0.627400 2.537958 2.689212 19.307890 -44.878014 1.177227 1.216072
113010069 0.628817 -0.627400 2.542797 2.693484 19.255944 -44.935353 1.176741 1.212973
113010070 0.627558 -0.627400 2.547636 2.697760 19.204180 -44.992807 1.176256 1.209880
113010071 0.626298 -0.627400 2.552474 2.702037 19.152598 -45.050377 1.175771 1.206791
113010072 0.625038 -0.627400 2.557313 2.706317 19.101198 -45.108062 1.175286 1.203708
113010073 0.623778 -0.627400 2.562152 2.710600 19.049977 -45.165863 1.174801 1.200630
113010074 0.622518 -0.627400 2.566990 2.714885 18.998936 -45.223781 1.174317 1.197557
113010075 0.621258 -0.627400 2.571829 2.719172 18.948074 -45.281815 1.173833 1.194489
113010076 0.619998 -0.627400 2.576668 2.723462 18.897391 -45.339965 1.173349 1.191426
113010077 0.618739 -0.627400 2.581506 2.727754 18.846885 -45.398233 1.172866 1.188368
113010078 0.617479 -0.627400 2.586345 2.732049 18.796556 -45.456617 1.172383 1.185314
113010079 0.616219 -0.627400 2.591184 2.736346 18.746403 -45.515119 1.171901 1.182266
113010080 0.614959 -0.627400 2.596022 2.740645 18.696425 -45.573738 1.171419 1.179223
113010081 0.613699 -0.627400 2.600861 2.744947 18.646622 -45.632476 1.170937 1.176185
113010082 0.612439 -0.627400 2.605700 2.749251 18.596994 -45.691331 1.170456 1.173151
113010083 0.611180 -0.627400 2.610538 2.753558 18.547539 -45.750305 1.169976 1.170122
113010084 0.609920 -0.627400 2.615377 2.757867 18.498257 -45.809397 1.169495 1.167098
113010085 0.608660 -0.627400 2.620216 2.762178 18.449146 -45.868607 1.169015 1.164079
113010086 0.607400 -0.627400 2.625054 2.766492 18.400208 -45.927937 1.168536 1.161065
113010087 0.606140 -0.627400 2.629893 2.770808 18.351440 -45.987386 1.168057 1.158056
113010088 0.604880 -0.627400 2.634732 2.775126 18.302842 -46.046955 1.167578 1.155051
113010089 0.603620 -0.627400 2.639570 2.779446 18.254414 -46.106643 1.167100 1.152051
113010090 0.602361 -0.627400 2.644409 2.783769 18.206155 -46.166451 1.166622 1.149056
113010091 0.601101 -0.627400 2.649248 2.788094 18.158064 -46.226379 1.166145 1.146065
113010092 0.599841 -0.627400 2.654086 2.792421 18.110141 -46.286427 1.165668 1.143079
113010093 0.598581 -0.627400 2.658925 2.796750 18.062384 -46.346596 1.165192 1.140098
113010094 0.597321 -0.627400 2.663764 2.801082 18.014794 -46.406886 1.164716 1.137121
113010095 0.596061 -0.627400 2.668603 2.805416 17.967369 -46.467297 1.164241 1.134149
113010096 0.594801 -0.627400 2.673441 2.809752 17.920110 -46.527829 1.163766 1.131181
113010097 0.593542 -0.627400 2.678280 2.814091 17.873015 -46.588482 1.163292 1.128218
113010098 0.592282 -0.627400 2.683119 2.818431 17.826083 -46.649258 1.162818 1.125260
113010099 0.591022 -0.627400 2.687957 2.822774 17.779315 -46.710155 1.162345 1.122306
113010100 0.589762 -0.627400 2.692796 2.827119 17.732710 -46.771174 1.161872 1.119357
113010101 0.714487 -0.601000 2.213767 2.402594 22.867336 -40.069300 1.188085 1.466119
113010102 0.713227 -0.601000 2.218606 2.406679 22.801431 -40.119120 1.187638 1.462596
113010103 0.711967 -0.601000 2.223444 2.410768 22.735764 -40.169042 1.187190 1.459080
113010104 0.710708 -0.601000 2.228283 2.414861 22.670336 -40.219068 1.186741 1.455570
113010105 0.709448 -0.601000 2.233122 2.418956 22.605144 -40.269198 1.186292 1.452067
113010106 0.708188 -0.601000 2.237960 2.423055 22.540189 -40.319431 1.185842 1.448571
113010107 0.706928 -0.601000 2.242799 2.427158 22.475468 -40.369768 1.185391 1.445081
113010108 0.705668 -0.601000 2.247638 2.431264 22.410982 -40.420210 1.184940 1.441598
113010109 0.704408 -0.601000 2.252476 2.435373 22.346729 -40.470756 1.184488 1.438121
113010110 0.703148 -0.601000 2.257315 2.439486 22.282708 -40.521406 1.184036 1.434650
113010111 0.701889 -0.601000 2.262154 2.443601 22.218918 -40.572162 1.183583 1.431186
113010112 0.700629 -0.601000 2.266992 2.447721 22.155359 -40.623023 1.183130 1.427729
113010113 0.699369 -0.601000 2.271831 2.451843 22.092030 -40.673989 1.182677 1.424277
113010114 0.698109 -0.601000 2.276670 2.455969 22.028928 -40.725062 1.182222 1.420833
113010115 0.696849 -0.601000 2.281508 2.460098 21.966055 -40.776240 1.181768 1.417394
113010116 0.695589 -0.601000 2.286347 2.464230 21.903407 -40.827524 1.181313 1.413962
113010117 0.694330 -0.601000 2.291186 2.468365 21.840986 -40.878915 1.180858 1.410536
113010118 0.693070 -0.601000 2.296024 2.472504 21.778790 -40.930412 1.180402 1.407117
113010119 0.691810 -0.601000 2.300863 2.476646 21.716817 -40.982017 1.179946 1.403704
113010120 0.690550 -0.601000 2.305702 2.480790 21.655067 -41.033729 1.179490 1.400297
113010121 0.689290 -0.601000 2.310541 2.484938 21.593540 -41.085548 1.179034 1.396896
113010122 0.688030 -0.601000 2.315379 2.489090 21.532233 -41.137475 1.178577 1.393502
113010123 0.686770 -0.601000 2.320218 2.493244 21.471147 -41.189510 1.178120 1.390114
113010124 0.685511 -0.601000 2.325057 2.497401 21.410281 -41.241653 1.177663 1.386732
113010125 0.684251 -0.601000 2.329895 2.501562 21.349633 -41.293905 1.177206 1.383356
113010126 0.682991 -0.601000 2.334734 2.505725 21.289202 -41.346265 1.176748 1.379987
113010127 0.681731 -0.601000 2.339573 2.509892 21.228988 -41.398735 1.176291 1.376623
113010128 0.680471 -0.601000 2.344411 2.514062 21.168990 -41.451313 1.175833 1.373266
113010129 0.679211 -0.601000 2.349250 2.518234 21.109208 -41.504001 1.175375 1.369914
113010130 0.677951 -0.601000 2.354089 2.522410 21.049639 -41.556799 1.174917 1.366569
113010131 0.676692 -0.601000 2.358927 2.526589 20.990284 -41.609707 1.174459 1.363230
113010132 0.675432 -0.601000 2.363766 2.530770 20.931141 -41.662725 1.174001 1.359896
113010133 0.674172 -0.601000 2.368605 2.534955 20.872209 -41.715854 1.173543 1.356569
113010134 0.672912 -0.601000 2.373443 2.539143 20.813488 -41.769093 1.173085 1.353248
113010135 0.671652 -0.601000 2.378282 2.543333 20.754978 -41.822443 1.172627 1.349932
113010136 0.670392 -0.601000 2.383121 2.547526 20.696676 -41.875905 1.172169 1.346623
113010137 0.669133 -0.601000 2.387959 2.551723 20.638582 -41.929478 1.171711 1.343320
113010138 0.667873 -0.601000 2.392798 2.555922 20.580696 -41.983163 1.171253 1.340022
113010139 0.666613 -0.601000 2.397637 2.560124 20.523016 -42.036960 1.170795 1.336730
113010140 0.665353 -0.601000 2.402475 2.564329 20.465542 -42.090869 1.170338 1.333444
113010141 0.664093 -0.601000 2.407314 2.568537 20.408273 -42.144891 1.169880 1.330164
113010142 0.662833 -0.601000 2.412153 2.572747 20.351208 -42.199025 1.169422 1.326890
113010143 0.661573 -0.601000 2.416991 2.576961 20.294346 -42.253273 1.168965 1.323621
113010144 0.660314 -0.601000 2.421830 2.581177 20.237687 -42.307634 1.168508 1.320359
113010145 0.659054 -0.601000 2.426669 2.585396 20.181229 -42.362108 1.168051 1.317101
113010146 0.657794 -0.601000 2.431507 2.589618 20.124972 -42.416697 1.167594 1.313850
113010147 0.656534 -0.601000 2.436346 2.593843 20.068915 -42.471399 1.167137 1.310604
113010148 0.655274 -0.601000 2.441185 2.598070 20.013057 -42.526216 1.166681 1.307364
113010149 0.654014 -0.601000 2.446023 2.602300 19.957397 -42.581147 1.166224 1.304130
113010150 0.652755 -0.601000 2.450862 2.606533 19.901935 -42.636194 1.165768 1.300901
113010151 0.651495 -0.601000 2.455701 2.610769 19.846670 -42.691355 1.165313 1.297678
113010152 0.650235 -0.601000 2.460539 2.615007 19.791602 -42.746632 1.164857 1.294461
113010153 0.648975 -0.601000 2.465378 2.619248 19.736728 -42.802024 1.164402 1.291249
113010154 0.647715 -0.601000 2.470217 2.623491 19.682049 -42.857532 1.163947 1.288042
113010155 0.646455 -0.601000 2.475055 2.627738 19.627563 -42.913157 1.163493 1.284841
113010156 0.645195 -0.601000 2.479894 2.631987 19.573271 -42.968897 1.163038 1.281646
113010157 0.643936 -0.601000 2.484733 2.636238 19.519170 -43.024755 1.162584 1.278456
113010158 0.642676 -0.601000 2.489572 2.640492 19.465262 -43.080729 1.162131 1.275271
113010159 0.641416 -0.601000 2.494410 2.644749 19.411543 -43.136821 1.161677 1.272092
113010160 0.640156 -0.601000 2.499249 2.649008 19.358015 -43.193030 1.161225 1.268918
113010161 0.638896 -0.601000 2.504088 2.653270 19.304676 -43.249357 1.160772 1.265750
113010162 0.637636 -0.601000 2.508926 2.657535 19.251525 -43.305802 1.160320 1.262587
113010163 0.636376 -0.601000 2.513765 2.661802 19.198562 -43.362365 1.159868 1.259429
113010164 0.635117 -0.601000 2.518604 2.666072 19.145786 -43.419046 1.159417 1.256277
113010165 0.633857 -0.601000 2.523442 2.670344 19.093196 -43.475846 1.158966 1.253130
113010166 0.632597 -0.601000 2.528281 2.674619 19.040792 -43.532766 1.158515 1.249988
113010167 0.631337 -0.601000 2.533120 2.678896 18.988572 -43.589804 1.158065 1.246851
113010168 0.630077 -0.601000 2.537958 2.683175 18.936536 -43.646962 1.157616 1.243720
113010169 0.628817 -0.601000 2.542797 2.687458 18.884684 -43.704240 1.157167 1.240593
113010170 0.627558 -0.601000 2.547636 2.691742 18.833014 -43.761638 1.156718 1.237472
113010171 0.626298 -0.601000 2.552474 2.696029 18.781526 -43.819157 1.156270 1.234356
113010172 0.625038 -0.601000 2.557313 2.700319 18.730220 -43.876796 1.155822 1.231246
113010173 0.623778 -0.601000 2.562152 2.704611 18.679093 -43.934555 1.155375 1.228140
113010174 0.622518 -0.601000 2.566990 2.708906 18.628147 -43.992436 1.154928 1.225039
113010175 0.621258 -0.601000 2.571829 2.713202 18.577379 -44.050439 1.154482 1.221944
113010176 0.619998 -0.601000 2.576668 2.717502 18.526790 -44.108563 1.154036 1.218853
113010177 0.618739 -0.601000 2.581506 2.721803 18.476378 -44.166808 1.153591 1.215768
113010178 0.617479 -0.601000 2.586345 2.726107 18.426143 -44.225176 1.153147 1.212687
113010179 0.616219 -0.601000 2.591184 2.730414 18.376085 -44.283667 1.152703 1.209612
113010180 0.614959 -0.601000 2.596022 2.734723 18.326202 -44.342280 1.152259 1.206541
113010181 0.613699 -0.601000 2.600861 2.739034 18.276494 -44.401016 1.151816 1.203475
113010182 0.612439 -0.601000 2.605700 2.743347 18.226960 -44.459876 1.151374 1.200415
113010183 0.611180 -0.601000 2.610538 2.747663 18.177600 -44.518859 1.150932 1.197359
113010184 0.609920 -0.601000 2.615377 2.751981 18.128413 -44.577965 1.150491 1.194308
113010185 0.608660 -0.601000 2.620216 2.756302 18.079398 -44.637196 1.150050 1.191262
113010186 0.607400 -0.601000 2.625054 2.760624 18.030554 -44.696551 1.149610 1.188220
113010187 0.606140 -0.601000 2.629893 2.764949 17.981881 -44.756030 1.149170 1.185184
113010188 0.604880 -0.601000 2.634732 2.769277 17.933379 -44.815634 1.148731 1.182152
113010189 0.603620 -0.601000 2.639570 2.773606 17.885046 -44.875364 1.148293 1.179125
113010190 0.602361 -0.601000 2.644409 2.777938 17.836882 -44.935219 1.147855 1.176102
113010191 0.601101 -0.601000 2.649248 2.782272 17.788886 -44.995199 1.147418 1.173085
113010192 0.599841 -0.601000 2.654086 2.786608 17.741058 -45.055305 1.146982 1.170072
113010193 0.598581 -0.601000 2.658925 2.790947 17.693396 -45.115537 1.146546 1.167063
113010194 0.597321 -0.601000 2.663764 2.795287 17.645902 -45.175896 1.146111 1.164059
113010195 0.596061 -0.601000 2.668603 2.799630 17.598572 -45.236381 1.145676 1.161060
113010196 0.594801 -0.601000 2.673441 2.803975 17.551408 -45.296994 1.145242 1.158066
113010197 0.593542 -0.601000 2.678280 2.808323 17.504408 -45.357733 1.144809 1.155076
113010198 0.592282 -0.601000 2.683119 2.812672 17.457573 -45.418600 1.144376 1.152090
113010199 0.591022 -0.601000 2.687957 2.817024 17.410900 -45.479595 1.143944 1.149110
113010200 0.589762 -0.601000 2.692796 2.821377 17.364390 -45.540717 1.143513 1.146133
113010201 0.714487 -0.574600 2.213767 2.396126 22.497817 -38.806702 1.164338 1.496030
113010202 0.713227 -0.574600 2.218606 2.400223 22.431975 -38.856094 1.163917 1.492477
113010203 0.711967 -0.574600 2.223444 2.404323 22.366372 -38.905591 1.163494 1.488930
113010204 0.710708 -0.574600 2.228283 2.408426 22.301008 -38.955195 1.163071 1.485391
113010205 0.709448 -0.574600 2.233122 2.412533 22.235882 -39.004905 1.162648 1.481858
113010206 0.708188 -0.574600 2.237960 2.416643 22.170992 -39.054722 1.162225 1.478332
113010207 0.706928 -0.574600 2.242799 2.420756 22.106338 -39.104646 1.161801 1.474812
113010208 0.705668 -0.574600 2.247638 2.424873 22.041918 -39.154677 1.161376 1.471299
113010209 0.704408 -0.574600 2.252476 2.428993 21.977732 -39.204816 1.160952 1.467793
113010210 0.703148 -0.574600 2.257315 2.433116 21.913779 -39.255062 1.160527 1.464293
113010211 0.701889 -0.574600 2.262154 2.437243 21.850057 -39.305417 1.160101 1.460800
113010212 0.700629 -0.574600 2.266992 2.441373 21.786566 -39.355880 1.159676 1.457314
113010213 0.699369 -0.574600 2.271831 2.445506 21.723306 -39.406452 1.159250 1.453834
113010214 0.698109 -0.574600 2.276670 2.449642 21.660274 -39.457132 1.158824 1.450360
113010215 0.696849 -0.574600 2.281508 2.453782 21.597470 -39.507922 1.158398 1.446893
113010216 0.695589 -0.574600 2.286347 2.457925 21.534893 -39.558821 1.157972 1.443433
113010217 0.694330 -0.574600 2.291186 2.462070 21.472542 -39.609829 1.157545 1.439978
113010218 0.693070 -0.574600 2.296024 2.466220 21.410416 -39.660948 1.157119 1.436531
113010219 0.691810 -0.574600 2.300863 2.470372 21.348515 -39.712177 1.156692 1.433089
113010220 0.690550 -0.574600 2.305702 2.474527 21.286836 -39.763517 1.156265 1.429654
113010221 0.689290 -0.574600 2.310541 2.478686 21.225381 -39.814967 1.155838 1.426226
113010222 0.688030 -0.574600 2.315379 2.482847 21.164147 -39.866528 1.155411 1.422804
113010223 0.686770 -0.574600 2.320218 2.487012 21.103133 -39.918201 1.154984 1.419388
113010224 0.685511 -0.574600 2.325057 2.491180 21.042340 -39.969986 1.154558 1.415978
113010225 0.684251 -0.574600 2.329895 2.495351 20.981765 -40.021882 1.154131 1.412575
113010226 0.682991 -0.574600 2.334734 2.499525 20.921408 -40.073890 1.153704 1.409177
113010227 0.681731 -0.574600 2.339573 2.503702 20.861268 -40.126011 1.153277 1.405786
113010228 0.680471 -0.574600 2.344411 2.507882 20.801345 -40.178245 1.152850 1.402402
113010229 0.679211 -0.574600 2.349250 2.512065 20.741636 -40.230592 1.152424 1.399023
113010230 0.677951 -0.574600 2.354089 2.516250 20.682142 -40.283052 1.151997 1.395651
113010231 0.676692 -0.574600 2.358927 2.520439 20.622862 -40.335626 1.151571 1.392284
113010232 0.675432 -0.574600 2.363766 2.524631 20.563794 -40.388313 1.151145 1.388924
113010233 0.674172 -0.574600 2.368605 2.528826 20.504939 -40.441115 1.150719 1.385570
113010234 0.672912 -0.574600 2.373443 2.533024 20.446294 -40.494031 1.150293 1.382222
113010235 0.671652 -0.574600 2.378282 2.537224 20.387859 -40.547062 1.149867 1.378880
113010236 0.670392 -0.574600 2.383121 2.541428 20.329634 -40.600208 1.149442 1.375544
113010237 0.669133 -0.574600 2.387959 2.545634 20.271617 -40.653469 1.149016 1.372214
113010238 0.667873 -0.574600 2.392798 2.549843 20.213807 -40.706846 1.148592 1.368890
113010239 0.666613 -0.574600 2.397637 2.554055 20.156205 -40.760338 1.148167 1.365572
113010240 0.665353 -0.574600 2.402475 2.558270 20.098808 -40.813947 1.147742 1.362260
113010241 0.664093 -0.574600 2.407314 2.562488 20.041616 -40.867672 1.147318 1.358954
113010242 0.662833 -0.574600 2.412153 2.566709 19.984629 -40.921514 1.146895 1.355653
113010243 0.661573 -0.574600 2.416991 2.570932 19.927845 -40.975472 1.146471 1.352359
113010244 0.660314 -0.574600 2.421830 2.575158 19.871263 -41.029549 1.146048 1.349070
113010245 0.659054 -0.574600 2.426669 2.579387 19.814884 -41.083742 1.145625 1.345787
113010246 0.657794 -0.574600 2.431507 2.583619 19.758705 -41.138054 1.145203 1.342510
113010247 0.656534 -0.574600 2.436346 2.587853 19.702726 -41.192483 1.144781 1.339239
113010248 0.655274 -0.574600 2.441185 2.592090 19.646947 -41.247031 1.144359 1.335973
113010249 0.654014 -0.574600 2.446023 2.596330 19.591367 -41.301698 1.143938 1.332713
113010250 0.652755 -0.574600 2.450862 2.600573 19.535984 -41.356483 1.143517 1.329459
113010251 0.651495 -0.574600 2.455701 2.604818 19.480798 -41.411388 1.143097 1.326211
113010252 0.650235 -0.574600 2.460539 2.609066 19.425809 -41.466413 1.142677 1.322968
113010253 0.648975 -0.574600 2.465378 2.613316 19.371015 -41.521557 1.142257 1.319730
113010254 0.647715 -0.574600 2.470217 2.617570 19.316415 -41.576822 1.141838 1.316499
113010255 0.646455 -0.574600 2.475055 2.621826 19.262009 -41.632207 1.141420 1.313273
113010256 0.645195 -0.574600 2.479894 2.626084 19.207797 -41.687712 1.141002 1.310052
113010257 0.643936 -0.574600 2.484733 2.630345 19.153777 -41.743339 1.140585 1.306837
113010258 0.642676 -0.574600 2.489572 2.634609 19.099948 -41.799087 1.140168 1.303627
113010259 0.641416 -0.574600 2.494410 2.638875 19.046310 -41.854957 1.139751 1.300423
113010260 0.640156 -0.574600 2.499249 2.643144 18.992862 -41.910948 1.139335 1.297225
113010261 0.638896 -0.574600 2.504088 2.647415 18.939603 -41.967062 1.138920 1.294031
113010262 0.637636 -0.574600 2.508926 2.651689 18.886533 -42.023298 1.138505 1.290844
113010263 0.636376 -0.574600 2.513765 2.655966 18.833651 -42.079657 1.138091 1.287661
113010264 0.635117 -0.574600 2.518604 2.660245 18.780955 -42.136139 1.137677 1.284484
113010265 0.633857 -0.574600 2.523442 2.664526 18.728446 -42.192745 1.137264 1.281312
113010266 0.632597 -0.574600 2.528281 2.668810 18.676123 -42.249474 1.136852 1.278146
113010267 0.631337 -0.574600 2.533120 2.673097 18.623984 -42.306327 1.136440 1.274985
113010268 0.630077 -0.574600 2.537958 2.677386 18.572029 -42.363304 1.136029 1.271829
113010269 0.628817 -0.574600 2.542797 2.681677 18.520258 -42.420405 1.135618 1.268678
113010270 0.627558 -0.574600 2.547636 2.685971 18.468669 -42.477632 1.135208 1.265533
113010271 0.626298 -0.574600 2.552474 2.690267 18.417262 -42.534984 1.134799 1.262393
113010272 0.625038 -0.574600 2.557313 2.694566 18.366037 -42.592461 1.134390 1.259258
113010273 0.623778 -0.574600 2.562152 2.698867 18.314992 -42.650064 1.133982 1.256128
113010274 0.622518 -0.574600 2.566990 2.703171 18.264126 -42.707792 1.133575 1.253003
113010275 0.621258 -0.574600 2.571829 2.707477 18.213440 -42.765648 1.133168 1.249883
113010276 0.619998 -0.574600 2.576668 2.711785 18.162932 -42.823629 1.132762 1.246769
113010277 0.618739 -0.574600 2.581506 2.716096 18.112602 -42.881738 1.132357 1.243659
113010278 0.617479 -0.574600 2.586345 2.720409 18.062449 -42.939974 1.131952 1.240554
113010279 0.616219 -0.574600 2.591184 2.724725 18.012472 -42.998337 1.131548 1.237455
113010280 0.614959 -0.574600 2.596022 2.729042 17.962670 -43.056828 1.131145 1.234360
113010281 0.613699 -0.574600 2.600861 2.733362 17.913044 -43.115448 1.130742 1.231271
113010282 0.612439 -0.574600 2.605700 2.737685 17.863592 -43.174195 1.130341 1.228186
113010283 0.611180 -0.574600 2.610538 2.742010 17.814313 -43.233071 1.129940 1.225106
113010284 0.609920 -0.574600 2.615377 2.746337 17.765207 -43.292077 1.129539 1.222031
113010285 0.608660 -0.574600 2.620216 2.750666 17.716274 -43.351211 1.129140 1.218961
113010286 0.607400 -0.574600 2.625054 2.754997 17.667511 -43.410475 1.128741 1.215896
113010287 0.606140 -0.574600 2.629893 2.759331 17.618920 -43.469870 1.128343 1.212836
113010288 0.604880 -0.574600 2.634732 2.763667 17.570499 -43.529394 1.127945 1.209780
113010289 0.603620 -0.574600 2.639570 2.768006 17.522248 -43.589048 1.127549 1.206729
113010290 0.602361 -0.574600 2.644409 2.772346 17.474165 -43.648834 1.127153 1.203683
113010291 0.601101 -0.574600 2.649248 2.776689 17.426251 -43.708750 1.126758 1.200642
113010292 0.599841 -0.574600 2.654086 2.781034 17.378504 -43.768798 1.126364 1.197605
113010293 0.598581 -0.574600 2.658925 2.785381 17.330924 -43.828978 1.125970 1.194573
113010294 0.597321 -0.574600 2.663764 2.789730 17.283511 -43.889290 1.125578 1.191545
113010295 0.596061 -0.574600 2.668603 2.794082 17.236263 -43.949734 1.125186 1.188523
113010296 0.594801 -0.574600 2.673441 2.798436 17.189180 -44.010310 1.124795 1.185505
113010297 0.593542 -0.574600 2.678280 2.802791 17.142262 -44.071019 1.124404 1.182491
113010298 0.592282 -0.574600 2.683119 2.807149 17.095507 -44.131862 1.124015 1.179482
113010299 0.591022 -0.574600 2.687957 2.811510 17.048916 -44.192838 1.123626 1.176477
113010300 0.589762 -0.574600 2.692796 2.815872 17.002487 -44.253948 1.123238 1.173477
113010301 0.714487 -0.548200 2.213767 2.389933 22.136566 -37.497717 1.138417 1.526114
113010302 0.713227 -0.548200 2.218606 2.394040 22.070778 -37.546563 1.138021 1.522534
113010303 0.711967 -0.548200 2.223444 2.398150 22.005231 -37.595518 1.137626 1.518961
113010304 0.710708 -0.548200 2.228283 2.402264 21.939923 -37.644582 1.137230 1.515395
113010305 0.709448 -0.548200 2.233122 2.406381 21.874853 -37.693755 1.136835 1.511835
113010306 0.708188 -0.548200 2.237960 2.410502 21.810019 -37.743038 1.136439 1.508283
113010307 0.706928 -0.548200 2.242799 2.414626 21.745422 -37.792430 1.136042 1.504737
113010308 0.705668 -0.548200 2.247638 2.418753 21.681059 -37.841933 1.135646 1.501198
113010309 0.704408 -0.548200 2.252476 2.422883 21.616931 -37.891546 1.135250 1.497666
113010310 0.703148 -0.548200 2.257315 2.427017 21.553036 -37.941269 1.134853 1.494140
113010311 0.701889 -0.548200 2.262154 2.431154 21.489373 -37.991104 1.134457 1.490621
113010312 0.700629 -0.548200 2.266992 2.435294 21.425941 -38.041049 1.134060 1.487109
113010313 0.699369 -0.548200 2.271831 2.439438 21.362739 -38.091106 1.133663 1.483603
113010314 0.698109 -0.548200 2.276670 2.443584 21.299767 -38.141275 1.133267 1.480104
113010315 0.696849 -0.548200 2.281508 2.447734 21.237022 -38.191557 1.132870 1.476612
113010316 0.695589 -0.548200 2.286347 2.451887 21.174506 -38.241950 1.132474 1.473126
113010317 0.694330 -0.548200 2.291186 2.456043 21.112215 -38.292456 1.132077 1.469647
113010318 0.693070 -0.548200 2.296024 2.460203 21.050150 -38.343076 1.131681 1.466175
113010319 0.691810 -0.548200 2.300863 2.464365 20.988310 -38.393808 1.131285 1.462708
113010320 0.690550 -0.548200 2.305702 2.468531 20.926694 -38.444655 1.130888 1.459249
113010321 0.689290 -0.548200 2.310541 2.472699 20.865300 -38.495615 1.130492 1.455796
113010322 0.688030 -0.548200 2.315379 2.476871 20.804128 -38.546689 1.130097 1.452349
113010323 0.686770 -0.548200 2.320218 2.481046 20.743177 -38.597878 1.129701 1.448908
113010324 0.685511 -0.548200 2.325057 2.485224 20.682445 -38.649182 1.129306 1.445474
113010325 0.684251 -0.548200 2.329895 2.489404 20.621933 -38.700601 1.128910 1.442047
113010326 0.682991 -0.548200 2.334734 2.493588 20.561640 -38.752136 1.128515 1.438626
113010327 0.681731 -0.548200 2.339573 2.497775 20.501563 -38.803786 1.128121 1.435211
113010328 0.680471 -0.548200 2.344411 2.501965 20.441703 -38.855552 1.127726 1.431802
113010329 0.679211 -0.548200 2.349250 2.506158 20.382059 -38.907435 1.127332 1.428400
113010330 0.677951 -0.548200 2.354089 2.510353 20.322629 -38.959434 1.126938 1.425004
113010331 0.676692 -0.548200 2.358927 2.514552 20.263413 -39.011551 1.126545 1.421614
113010332 0.675432 -0.548200 2.363766 2.518754 20.204409 -39.063784 1.126152 1.418230
113010333 0.674172 -0.548200 2.368605 2.522958 20.145618 -39.116135 1.125759 1.414853
113010334 0.672912 -0.548200 2.373443 2.527166 20.087038 -39.168605 1.125367 1.411481
113010335 0.671652 -0.548200 2.378282 2.531376 20.028669 -39.221192 1.124975 1.408116
113010336 0.670392 -0.548200 2.383121 2.535589 19.970508 -39.273898 1.124583 1.404757
113010337 0.669133 -0.548200 2.387959 2.539805 19.912557 -39.326723 1.124192 1.401404
113010338 0.667873 -0.548200 2.392798 2.544024 19.854813 -39.379666 1.123802 1.398057
113010339 0.666613 -0.548200 2.397637 2.548246 19.797276 -39.432730 1.123411 1.394716
113010340 0.665353 -0.548200 2.402475 2.552471 19.739945 -39.485913 1.123022 1.391381
113010341 0.664093 -0.548200 2.407314 2.556698 19.682819 -39.539216 1.122632 1.388052
113010342 0.662833 -0.548200 2.412153 2.560928 19.625898 -39.592640 1.122244 1.384729
113010343 0.661573 -0.548200 2.416991 2.565161 19.569180 -39.646184 1.121855 1.381412
113010344 0.660314 -0.548200 2.421830 2.569396 19.512665 -39.699850 1.121468 1.378101
113010345 0.659054 -0.548200 2.426669 2.573635 19.456352 -39.753637 1.121081 1.374796
113010346 0.657794 -0.548200 2.431507 2.577876 19.400240 -39.807545 1.120694 1.371497
113010347 0.656534 -0.548200 2.436346 2.582120 19.344328 -39.861576 1.120308 1.368203
113010348 0.655274 -0.548200 2.441185 2.586366 19.288616 -39.915728 1.119923 1.364915
113010349 0.654014 -0.548200 2.446023 2.590615 19.233103 -39.970004 1.119538 1.361633
113010350 0.652755 -0.548200 2.450862 2.594867 19.177787 -40.024402 1.119153 1.358357
113010351 0.651495 -0.548200 2.455701 2.599122 19.122668 -40.078924 1.118770 1.355087
113010352 0.650235 -0.548200 2.460539 2.603379 19.067746 -40.133569 1.118387 1.351822
113010353 0.648975 -0.548200 2.465378 2.607639 19.013019 -40.188339 1.118005 1.348563
113010354 0.647715 -0.548200 2.470217 2.611901 18.958487 -40.243232 1.117623 1.345310
113010355 0.646455 -0.548200 2.475055 2.616167 18.904149 -40.298250 1.117242 1.342062
113010356 0.645195 -0.548200 2.479894 2.620434 18.850004 -40.353393 1.116861 1.338820
113010357 0.643936 -0.548200 2.484733 2.624704 18.796051 -40.408661 1.116482 1.335583
113010358 0.642676 -0.548200 2.489572 2.628977 18.742290 -40.464055 1.116103 1.332352
113010359 0.641416 -0.548200 2.494410 2.633253 18.688720 -40.519574 1.115725 1.329127
113010360 0.640156 -0.548200 2.499249 2.637531 18.635339 -40.575220 1.115347 1.325907
113010361 0.638896 -0.548200 2.504088 2.641811 18.582148 -40.630992 1.114970 1.322692
113010362 0.637636 -0.548200 2.508926 2.646094 18.529146 -40.686891 1.114594 1.319483
113010363 0.636376 -0.548200 2.513765 2.650380 18.476331 -40.742917 1.114219 1.316280
113010364 0.635117 -0.548200 2.518604 2.654668 18.423704 -40.799071 1.113844 1.313082
113010365 0.633857 -0.548200 2.523442 2.658958 18.371263 -40.855352 1.113471 1.309889
113010366 0.632597 -0.548200 2.528281 2.663251 18.319007 -40.911762 1.113098 1.306702
113010367 0.631337 -0.548200 2.533120 2.667547 18.266936 -40.968300 1.112725 1.303520
113010368 0.630077 -0.548200 2.537958 2.671844 18.215049 -41.024966 1.112354 1.300343
113010369 0.628817 -0.548200 2.542797 2.676145 18.163346 -41.081762 1.111983 1.297171
113010370 0.627558 -0.548200 2.547636 2.680448 18.111825 -41.138688 1.111613 1.294005
113010371 0.626298 -0.548200 2.552474 2.684753 18.060487 -41.195743 1.111244 1.290844
113010372 0.625038 -0.548200 2.557313 2.689060 18.009329 -41.252928 1.110876 1.287689
113010373 0.623778 -0.548200 2.562152 2.693370 17.958352 -41.310244 1.110509 1.284538
113010374 0.622518 -0.548200 2.566990 2.697683 17.907554 -41.367690 1.110142 1.281393
113010375 0.621258 -0.548200 2.571829 2.701997 17.856936 -41.425268 1.109777 1.278253
113010376 0.619998 -0.548200 2.576668 2.706314 17.806496 -41.482977 1.109412 1.275117
113010377 0.618739 -0.548200 2.581506 2.710634 17.756234 -41.540818 1.109048 1.271987
113010378 0.617479 -0.548200 2.586345 2.714956 17.706148 -41.598791 1.108685 1.268862
113010379 0.616219 -0.548200 2.591184 2.719280 17.656239 -41.656896 1.108322 1.265742
113010380 0.614959 -0.548200 2.596022 2.723606 17.606505 -41.715135 1.107961 1.262628
113010381 0.613699 -0.548200 2.600861 2.727935 17.556947 -41.773506 1.107601 1.259518
113010382 0.612439 -0.548200 2.605700 2.732266 17.507562 -41.832011 1.107241 1.256413
113010383 0.611180 -0.548200 2.610538 2.736599 17.458351 -41.890649 1.106882 1.253313
113010384 0.609920 -0.548200 2.615377 2.740935 17.409313 -41.949422 1.106524 1.250218
113010385 0.608660 -0.548200 2.620216 2.745272 17.360447 -42.008329 1.106168 1.247127
113010386 0.607400 -0.548200 2.625054 2.749612 17.311752 -42.067371 1.105812 1.244042
113010387 0.606140 -0.548200 2.629893 2.753955 17.263228 -42.126548 1.105456 1.240961
113010388 0.604880 -0.548200 2.634732 2.758299 17.214875 -42.185860 1.105102 1.237886
113010389 0.603620 -0.548200 2.639570 2.762646 17.166691 -42.245309 1.104749 1.234815
113010390 0.602361 -0.548200 2.644409 2.766995 17.118675 -42.304893 1.104397 1.231749
113010391 0.601101 -0.548200 2.649248 2.771346 17.070828 -42.364614 1.104045 1.228687
113010392 0.599841 -0.548200 2.654086 2.775699 17.023149 -42.424472 1.103695 1.225630
113010393 0.598581 -0.548200 2.658925 2.780055 16.975636 -42.484467 1.103345 1.222578
113010394 0.597321 -0.548200 2.663764 2.784413 16.928289 -42.544599 1.102997 1.219531
113010395 0.596061 -0.548200 2.668603 2.788772 16.881109 -42.604870 1.102649 1.216488
113010396 0.594801 -0.548200 2.673441 2.793134 16.834093 -42.665278 1.102303 1.213450
113010397 0.593542 -0.548200 2.678280 2.797499 16.787241 -42.725825 1.101957 1.210417
113010398 0.592282 -0.548200 2.683119 2.801865 16.740553 -42.786511 1.101612 1.207388
113010399 0.591022 -0.548200 2.687957 2.806233 16.694028 -42.847336 1.101268 1.204363
113010400 0.589762 -0.548200 2.692796 2.810604 16.647666 -42.908301 1.100926 1.201344
113010401 0.714487 -0.521800 2.213767 2.384016 21.784326 -36.141182 1.110232 1.556285
113010402 0.713227 -0.521800 2.218606 2.388133 21.718585 -36.189356 1.109864 1.552682
113010403 0.711967 -0.521800 2.223444 2.392254 21.653083 -36.237641 1.109497 1.549086
113010404 0.710708 -0.521800 2.228283 2.396378 21.587821 -36.286038 1.109129 1.545497
113010405 0.709448 -0.521800 2.233122 2.400505 21.522798 -36.334545 1.108762 1.541914
113010406 0.708188 -0.521800 2.237960 2.404636 21.458011 -36.383165 1.108394 1.538339
113010407 0.706928 -0.521800 2.242799 2.408769 21.393461 -36.431897 1.108027 1.534770
113010408 0.705668 -0.521800 2.247638 2.412907 21.329146 -36.480742 1.107659 1.531209
113010409 0.704408 -0.521800 2.252476 2.417047 21.265066 -36.529699 1.107292 1.527654
113010410 0.703148 -0.521800 2.257315 2.421191 21.201219 -36.578770 1.106925 1.524106
113010411 0.701889 -0.521800 2.262154 2.425338 21.137605 -36.627954 1.106558 1.520565
113010412 0.700629 -0.521800 2.266992 2.429488 21.074222 -36.677252 1.106191 1.517031
113010413 0.699369 -0.521800 2.271831 2.433641 21.011069 -36.726664 1.105825 1.513503
113010414 0.698109 -0.521800 2.276670 2.437798 20.948146 -36.776191 1.105458 1.509982
113010415 0.696849 -0.521800 2.281508 2.441957 20.885452 -36.825832 1.105092 1.506468
113010416 0.695589 -0.521800 2.286347 2.446120 20.822985 -36.875589 1.104726 1.502961
113010417 0.694330 -0.521800 2.291186 2.450286 20.760745 -36.925461 1.104361 1.499460
113010418 0.693070 -0.521800 2.296024 2.454455 20.698730 -36.975449 1.103996 1.495966
113010419 0.691810 -0.521800 2.300863 2.458627 20.636941 -37.025553 1.103631 1.492479
113010420 0.690550 -0.521800 2.305702 2.462802 20.575375 -37.075774 1.103266 1.488998
113010421 0.689290 -0.521800 2.310541 2.466981 20.514033 -37.126111 1.102902 1.485524
113010422 0.688030 -0.521800 2.315379 2.471162 20.452912 -37.176565 1.102538 1.482056
113010423 0.686770 -0.521800 2.320218 2.475346 20.392012 -37.227137 1.102175 1.478595
113010424 0.685511 -0.521800 2.325057 2.479534 20.331333 -37.277827 1.101811 1.475140
113010425 0.684251 -0.521800 2.329895 2.483724 20.270873 -37.328635 1.101449 1.471692
113010426 0.682991 -0.521800 2.334734 2.487918 20.210632 -37.379561 1.101087 1.468251
113010427 0.681731 -0.521800 2.339573 2.492114 20.150607 -37.430606 1.100725 1.464815
113010428 0.680471 -0.521800 2.344411 2.496313 20.090800 -37.481770 1.100364 1.461387
113010429 0.679211 -0.521800 2.349250 2.500516 20.031208 -37.533053 1.100003 1.457964
113010430 0.677951 -0.521800 2.354089 2.504721 19.971831 -37.584456 1.099643 1.454548
113010431 0.676692 -0.521800 2.358927 2.508929 19.912668 -37.635980 1.099283 1.451138
113010432 0.675432 -0.521800 2.363766 2.513140 19.853718 -37.687624 1.098924 1.447735
113010433 0.674172 -0.521800 2.368605 2.517354 19.794980 -37.739388 1.098566 1.444338
113010434 0.672912 -0.521800 2.373443 2.521571 19.736454 -37.791274 1.098208 1.440947
113010435 0.671652 -0.521800 2.378282 2.525790 19.678137 -37.843281 1.097850 1.437562
113010436 0.670392 -0.521800 2.383121 2.530013 19.620031 -37.895410 1.097494 1.434183
113010437 0.669133 -0.521800 2.387959 2.534238 19.562133 -37.947661 1.097138 1.430811
113010438 0.667873 -0.521800 2.392798 2.538466 19.504443 -38.000035 1.096782 1.427445
113010439 0.666613 -0.521800 2.397637 2.542697 19.446960 -38.052531 1.096427 1.424085
113010440 0.665353 -0.521800 2.402475 2.546931 19.389683 -38.105151 1.096073 1.420731
113010441 0.664093 -0.521800 2.407314 2.551168 19.332612 -38.157894 1.095720 1.417383
113010442 0.662833 -0.521800 2.412153 2.555407 19.275744 -38.210761 1.095367 1.414041
113010443 0.661573 -0.521800 2.416991 2.559649 19.219081 -38.263753 1.095015 1.410705
113010444 0.660314 -0.521800 2.421830 2.563894 19.162620 -38.316869 1.094664 1.407376
113010445 0.659054 -0.521800 2.426669 2.568141 19.106362 -38.370109 1.094313 1.404052
113010446 0.657794 -0.521800 2.431507 2.572391 19.050304 -38.423476 1.093963 1.400734
113010447 0.656534 -0.521800 2.436346 2.576644 18.994447 -38.476967 1.093614 1.397422
113010448 0.655274 -0.521800 2.441185 2.580900 18.938789 -38.530585 1.093266 1.394116
113010449 0.654014 -0.521800 2.446023 2.585158 18.883331 -38.584329 1.092918 1.390816
113010450 0.652755 -0.521800 2.450862 2.589419 18.828070 -38.638200 1.092572 1.387521
113010451 0.651495 -0.521800 2.455701 2.593682 18.773006 -38.692197 1.092226 1.384233
113010452 0.650235 -0.521800 2.460539 2.597948 18.718138 -38.746322 1.091881 1.380950
113010453 0.648975 -0.521800 2.465378 2.602217 18.663466 -38.800575 1.091537 1.377673
113010454 0.647715 -0.521800 2.470217 2.606488 18.608989 -38.854956 1.091193 1.374402
113010455 0.646455 -0.521800 2.475055 2.610762 18.554705 -38.909465 1.090851 1.371136
113010456 0.645195 -0.521800 2.479894 2.615039 18.500615 -38.964103 1.090509 1.367876
113010457 0.643936 -0.521800 2.484733 2.619318 18.446717 -39.018870 1.090168 1.364622
113010458 0.642676 -0.521800 2.489572 2.623599 18.393010 -39.073767 1.089828 1.361374
113010459 0.641416 -0.521800 2.494410 2.627884 18.339495 -39.128794 1.089489 1.358131
113010460 0.640156 -0.521800 2.499249 2.632170 18.286169 -39.183951 1.089151 1.354893
113010461 0.638896 -0.521800 2.504088 2.636459 18.233033 -39.239238 1.088814 1.351662
113010462 0.637636 -0.521800 2.508926 2.640751 18.180086 -39.294657 1.088477 1.348435
113010463 0.636376 -0.521800 2.513765 2.645045 18.127326 -39.350206 1.088142 1.345215
113010464 0.635117 -0.521800 2.518604 2.649342 18.074753 -39.405888 1.087808 1.341999
113010465 0.633857 -0.521800 2.523442 2.653641 18.022366 -39.461701 1.087474 1.338789
113010466 0.632597 -0.521800 2.528281 2.657943 17.970165 -39.517647 1.087142 1.335585
113010467 0.631337 -0.521800 2.533120 2.662247 17.918149 -39.573726 1.086810 1.332386
113010468 0.630077 -0.521800 2.537958 2.666553 17.866317 -39.629937 1.086479 1.329192
113010469 0.628817 -0.521800 2.542797 2.670862 17.814668 -39.686283 1.086150 1.326004
113010470 0.627558 -0.521800 2.547636 2.675173 17.763201 -39.742762 1.085821 1.322821
113010471 0.626298 -0.521800 2.552474 2.679487 17.711917 -39.799375 1.085493 1.319643
113010472 0.625038 -0.521800 2.557313 2.683803 17.660813 -39.856123 1.085167 1.316471
113010473 0.623778 -0.521800 2.562152 2.688121 17.609890 -39.913006 1.084841 1.313304
113010474 0.622518 -0.521800 2.566990 2.692442 17.559147 -39.970024 1.084516 1.310142
113010475 0.621258 -0.521800 2.571829 2.696765 17.508583 -40.027178 1.084193 1.306985
113010476 0.619998 -0.521800 2.576668 2.701090 17.458197 -40.084468 1.083870 1.303833
113010477 0.618739 -0.521800 2.581506 2.705418 17.407988 -40.141895 1.083549 1.300687
113010478 0.617479 -0.521800 2.586345 2.709748 17.357957 -40.199458 1.083228 1.297545
113010479 0.616219 -0.521800 2.591184 2.714081 17.308101 -40.257159 1.082909 1.294409
113010480 0.614959 -0.521800 2.596022 2.718415 17.258421 -40.314997 1.082590 1.291278
113010481 0.613699 -0.521800 2.600861 2.722752 17.208916 -40.372973 1.082273 1.288151
113010482 0.612439 -0.521800 2.605700 2.727092 17.159585 -40.431087 1.081957 1.285030
113010483 0.611180 -0.521800 2.610538 2.731433 17.110427 -40.489340 1.081641 1.281914
113010484 0.609920 -0.521800 2.615377 2.735777 17.061442 -40.547732 1.081327 1.278802
113010485 0.608660 -0.521800 2.620216 2.740123 17.012629 -40.606264 1.081014 1.275696
113010486 0.607400 -0.521800 2.625054 2.744471 16.963988 -40.664935 1.080702 1.272595
113010487 0.606140 -0.521800 2.629893 2.748821 16.915517 -40.723747 1.080391 1.269498
113010488 0.604880 -0.521800 2.634732 2.753174 16.867216 -40.782699 1.080081 1.266406
113010489 0.603620 -0.521800 2.639570 2.757529 16.819085 -40.841792 1.079773 1.263319
113010490 0.602361 -0.521800 2.644409 2.761886 16.771122 -40.901027 1.079465 1.260237
113010491 0.601101 -0.521800 2.649248 2.766245 16.723327 -40.960403 1.079159 1.257160
113010492 0.599841 -0.521800 2.654086 2.770606 16.675700 -41.019922 1.078853 1.254087
113010493 0.598581 -0.521800 2.658925 2.774970 16.628240 -41.079582 1.078549 1.251019
113010494 0.597321 -0.521800 2.663764 2.779335 16.580945 -41.139386 1.078246 1.247956
113010495 0.596061 -0.521800 2.668603 2.783703 16.533816 -41.199333 1.077943 1.244897
113010496 0.594801 -0.521800 2.673441 2.788073 16.486852 -41.259424 1.077643 1.241843
113010497 0.593542 -0.521800 2.678280 2.792445 16.440052 -41.319658 1.077343 1.238794
113010498 0.592282 -0.521800 2.683119 2.796819 16.393416 -41.380037 1.077044 1.235749
113010499 0.591022 -0.521800 2.687957 2.801195 16.346943 -41.440561 1.076746 1.232709
113010500 0.589762 -0.521800 2.692796 2.805574 16.300631 -41.501230 1.076450 1.229673
113010501 0.714487 -0.495400 2.213767 2.378377 21.441870 -34.736066 1.079701 1.586447
113010502 0.713227 -0.495400 2.218606 2.382504 21.376165 -34.783429 1.079362 1.582824
113010503 0.711967 -0.495400 2.223444 2.386634 21.310700 -34.830906 1.079023 1.579208
113010504 0.710708 -0.495400 2.228283 2.390768 21.245474 -34.878495 1.078684 1.575599
113010505 0.709448 -0.495400 2.233122 2.394905 21.180488 -34.926199 1.078345 1.571997
113010506 0.708188 -0.495400 2.237960 2.399045 21.115738 -34.974016 1.078006 1.568403
113010507 0.706928 -0.495400 2.242799 2.403189 21.051226 -35.021948 1.077668 1.564815
113010508 0.705668 -0.495400 2.247638 2.407335 20.986949 -35.069995 1.077330 1.561235
113010509 0.704408 -0.495400 2.252476 2.411485 20.922907 -35.118156 1.076993 1.557661
113010510 0.703148 -0.495400 2.257315 2.415639 20.859098 -35.166433 1.076655 1.554095
113010511 0.701889 -0.495400 2.262154 2.419795 20.795522 -35.214826 1.076318 1.550535
113010512 0.700629 -0.495400 2.266992 2.423955 20.732178 -35.263335 1.075982 1.546982
113010513 0.699369 -0.495400 2.271831 2.428118 20.669064 -35.311960 1.075646 1.543437
113010514 0.698109 -0.495400 2.276670 2.432283 20.606180 -35.360702 1.075310 1.539898
113010515 0.696849 -0.495400 2.281508 2.436453 20.543525 -35.409561 1.074975 1.536366
113010516 0.695589 -0.495400 2.286347 2.440625 20.481098 -35.458538 1.074641 1.532841
113010517 0.694330 -0.495400 2.291186 2.444800 20.418898 -35.507632 1.074306 1.529322
113010518 0.693070 -0.495400 2.296024 2.448978 20.356924 -35.556845 1.073973 1.525811
113010519 0.691810 -0.495400 2.300863 2.453160 20.295174 -35.606176 1.073640 1.522306
113010520 0.690550 -0.495400 2.305702 2.457344 20.233649 -35.655627 1.073307 1.518808
113010521 0.689290 -0.495400 2.310541 2.461532 20.172347 -35.705196 1.072975 1.515316
113010522 0.688030 -0.495400 2.315379 2.465723 20.111267 -35.754885 1.072644 1.511832
113010523 0.686770 -0.495400 2.320218 2.469916 20.050408 -35.804694 1.072313 1.508354
113010524 0.685511 -0.495400 2.325057 2.474113 19.989769 -35.854624 1.071983 1.504882
113010525 0.684251 -0.495400 2.329895 2.478312 19.929350 -35.904674 1.071653 1.501417
113010526 0.682991 -0.495400 2.334734 2.482515 19.869150 -35.954845 1.071324 1.497959
113010527 0.681731 -0.495400 2.339573 2.486720 19.809167 -36.005138 1.070996 1.494507
113010528 0.680471 -0.495400 2.344411 2.490929 19.749401 -36.055552 1.070669 1.491062
113010529 0.679211 -0.495400 2.349250 2.495140 19.689850 -36.106089 1.070342 1.487623
113010530 0.677951 -0.495400 2.354089 2.499354 19.630515 -36.156748 1.070016 1.484191
113010531 0.676692 -0.495400 2.358927 2.503572 19.571393 -36.207530 1.069690 1.480765
113010532 0.675432 -0.495400 2.363766 2.507792 19.512485 -36.258435 1.069366 1.477346
113010533 0.674172 -0.495400 2.368605 2.512014 19.453789 -36.309464 1.069042 1.473933
113010534 0.672912 -0.495400 2.373443 2.516240 19.395304 -36.360617 1.068719 1.470526
113010535 0.671652 -0.495400 2.378282 2.520469 19.337030 -36.411894 1.068397 1.467126
113010536 0.670392 -0.495400 2.383121 2.524700 19.278965 -36.463296 1.068075 1.463732
113010537 0.669133 -0.495400 2.387959 2.528934 19.221109 -36.514823 1.067755 1.460344
113010538 0.667873 -0.495400 2.392798 2.533171 19.163461 -36.566476 1.067435 1.456963
113010539 0.666613 -0.495400 2.397637 2.537411 19.106020 -36.618255 1.067116 1.453588
113010540 0.665353 -0.495400 2.402475 2.541654 19.048786 -36.670159 1.066798 1.450219
113010541 0.664093 -0.495400 2.407314 2.545899 18.991756 -36.722191 1.066481 1.446856
113010542 0.662833 -0.495400 2.412153 2.550147 18.934931 -36.774349 1.066165 1.443499
113010543 0.661573 -0.495400 2.416991 2.554398 18.878310 -36.826634 1.065850 1.440148
113010544 0.660314 -0.495400 2.421830 2.558651 18.821891 -36.879048 1.065535 1.436804
113010545 0.659054 -0.495400 2.426669 2.562907 18.765675 -36.931589 1.065222 1.433466
113010546 0.657794 -0.495400 2.431507 2.567166 18.709660 -36.984259 1.064909 1.430133
113010547 0.656534 -0.495400 2.436346 2.571428 18.653845 -37.037058 1.064597 1.426807
113010548 0.655274 -0.495400 2.441185 2.575692 18.598229 -37.089987 1.064287 1.423486
113010549 0.654014 -0.495400 2.446023 2.579959 18.542812 -37.143045 1.063977 1.420172
113010550 0.652755 -0.495400 2.450862 2.584228 18.487593 -37.196232 1.063669 1.416863
113010551 0.651495 -0.495400 2.455701 2.588500 18.432571 -37.249551 1.063361 1.413561
113010552 0.650235 -0.495400 2.460539 2.592775 18.377746 -37.303000 1.063054 1.410264
113010553 0.648975 -0.495400 2.465378 2.597052 18.323116 -37.356580 1.062749 1.406973
113010554 0.647715 -0.495400 2.470217 2.601332 18.268680 -37.410292 1.062444 1.403688
113010555 0.646455 -0.495400 2.475055 2.605614 18.214438 -37.464136 1.062140 1.400409
113010556 0.645195 -0.495400 2.479894 2.609899 18.160390 -37.518113 1.061838 1.397136
113010557 0.643936 -0.495400 2.484733 2.614187 18.106534 -37.572222 1.061536 1.393868
113010558 0.642676 -0.495400 2.489572 2.618477 18.052869 -37.626464 1.061236 1.390606
113010559 0.641416 -0.495400 2.494410 2.622769 17.999395 -37.680840 1.060937 1.387349
113010560 0.640156 -0.495400 2.499249 2.627064 17.946111 -37.735350 1.060639 1.384099
113010561 0.638896 -0.495400 2.504088 2.631362 17.893016 -37.789994 1.060341 1.380854
113010562 0.637636 -0.495400 2.508926 2.635662 17.840110 -37.844773 1.060045 1.377614
113010563 0.636376 -0.495400 2.513765 2.639964 17.787391 -37.899687 1.059751 1.374380
113010564 0.635117 -0.495400 2.518604 2.644269 17.734860 -37.954737 1.059457 1.371152
113010565 0.633857 -0.495400 2.523442 2.648576 17.682514 -38.009922 1.059164 1.367929
113010566 0.632597 -0.495400 2.528281 2.652886 17.630354 -38.065244 1.058873 1.364712
113010567 0.631337 -0.495400 2.533120 2.657198 17.578379 -38.120703 1.058582 1.361500
113010568 0.630077 -0.495400 2.537958 2.661513 17.526587 -38.176299 1.058293 1.358294
113010569 0.628817 -0.495400 2.542797 2.665830 17.474979 -38.232032 1.058005 1.355093
113010570 0.627558 -0.495400 2.547636 2.670149 17.423553 -38.287904 1.057718 1.351897
113010571 0.626298 -0.495400 2.552474 2.674471 17.372309 -38.343913 1.057432 1.348707
113010572 0.625038 -0.495400 2.557313 2.678795 17.321246 -38.400062 1.057148 1.345522
113010573 0.623778 -0.495400 2.562152 2.683122 17.270363 -38.456350 1.056865 1.342342
113010574 0.622518 -0.495400 2.566990 2.687450 17.219660 -38.512777 1.056582 1.339168
113010575 0.621258 -0.495400 2.571829 2.691781 17.169136 -38.569344 1.056302 1.335998
113010576 0.619998 -0.495400 2.576668 2.696115 17.118789 -38.626052 1.056022 1.332835
113010577 0.618739 -0.495400 2.581506 2.700451 17.068620 -38.682901 1.055743 1.329676
113010578 0.617479 -0.495400 2.586345 2.704789 17.018628 -38.739891 1.055466 1.326522
113010579 0.616219 -0.495400 2.591184 2.709129 16.968812 -38.797022 1.055190 1.323374
113010580 0.614959 -0.495400 2.596022 2.713472 16.919172 -38.854296 1.054915 1.320230
113010581 0.613699 -0.495400 2.600861 2.717816 16.869705 -38.911712 1.054641 1.317092
113010582 0.612439 -0.495400 2.605700 2.722164 16.820413 -38.969271 1.054369 1.313959
113010583 0.611180 -0.495400 2.610538 2.726513 16.771294 -39.026973 1.054098 1.310831
113010584 0.609920 -0.495400 2.615377 2.730864 16.722348 -39.084819 1.053828 1.307708
113010585 0.608660 -0.495400 2.620216 2.735218 16.673574 -39.142809 1.053559 1.304589
113010586 0.607400 -0.495400 2.625054 2.739574 16.624970 -39.200944 1.053292 1.301476
113010587 0.606140 -0.495400 2.629893 2.743932 16.576538 -39.259224 1.053026 1.298368
113010588 0.604880 -0.495400 2.634732 2.748293 16.528275 -39.317649 1.052761 1.295264
113010589 0.603620 -0.495400 2.639570 2.752655 16.480181 -39.376220 1.052498 1.292166
113010590 0.602361 -0.495400 2.644409 2.757020 16.432256 -39.434938 1.052235 1.289072
113010591 0.601101 -0.495400 2.649248 2.761387 16.384499 -39.493802 1.051974 1.285983
113010592 0.599841 -0.495400 2.654086 2.765756 16.336909 -39.552813 1.051715 1.282899
113010593 0.598581 -0.495400 2.658925 2.770127 16.289485 -39.611972 1.051456 1.279819
113010594 0.597321 -0.495400 2.663764 2.774500 16.242228 -39.671278 1.051199 1.276744
113010595 0.596061 -0.495400 2.668603 2.778876 16.195136 -39.730733 1.050943 1.273674
113010596 0.594801 -0.495400 2.673441 2.783253 16.148208 -39.790337 1.050689 1.270609
113010597 0.593542 -0.495400 2.678280 2.787633 16.101444 -39.850091 1.050435 1.267548
113010598 0.592282 -0.495400 2.683119 2.792014 16.054844 -39.909994 1.050183 1.264492
113010599 0.591022 -0.495400 2.687957 2.796398 16.008407 -39.970047 1.049933 1.261441
113010600 0.589762 -0.495400 2.692796 2.800784 15.962131 -40.030250 1.049683 1.258394
113010601 0.714487 -0.469000 2.213767 2.373019 21.109995 -33.281493 1.046748 1.616486
113010602 0.713227 -0.469000 2.218606 2.377155 21.044316 -33.327897 1.046437 1.612847
113010603 0.711967 -0.469000 2.223444 2.381294 20.978878 -33.374416 1.046126 1.609216
113010604 0.710708 -0.469000 2.228283 2.385437 20.913680 -33.421049 1.045815 1.605591
113010605 0.709448 -0.469000 2.233122 2.389584 20.848721 -33.467798 1.045505 1.601974
113010606 0.708188 -0.469000 2.237960 2.393733 20.783999 -33.514663 1.045196 1.598364
113010607 0.706928 -0.469000 2.242799 2.397886 20.719514 -33.561644 1.044887 1.594762
113010608 0.705668 -0.469000 2.247638 2.402042 20.655265 -33.608741 1.044578 1.591166
113010609 0.704408 -0.469000 2.252476 2.406201 20.591251 -33.655955 1.044271 1.587578
113010610 0.703148 -0.469000 2.257315 2.410363 20.527470 -33.703286 1.043963 1.583996
113010611 0.701889 -0.469000 2.262154 2.414529 20.463923 -33.750735 1.043657 1.580422
113010612 0.700629 -0.469000 2.266992 2.418697 20.400607 -33.798301 1.043351 1.576855
113010613 0.699369 -0.469000 2.271831 2.422869 20.337522 -33.845986 1.043045 1.573295
113010614 0.698109 -0.469000 2.276670 2.427044 20.274667 -33.893790 1.042740 1.569742
113010615 0.696849 -0.469000 2.281508 2.431222 20.212041 -33.941712 1.042436 1.566196
113010616 0.695589 -0.469000 2.286347 2.435403 20.149643 -33.989754 1.042133 1.562657
113010617 0.694330 -0.469000 2.291186 2.439587 20.087472 -34.037916 1.041830 1.559125
113010618 0.693070 -0.469000 2.296024 2.443775 20.025527 -34.086198 1.041528 1.555600
113010619 0.691810 -0.469000 2.300863 2.447965 19.963807 -34.134600 1.041227 1.552081
113010620 0.690550 -0.469000 2.305702 2.452158 19.902311 -34.183124 1.040926 1.548570
113010621 0.689290 -0.469000 2.310541 2.456355 19.841039 -34.231768 1.040627 1.545065
113010622 0.688030 -0.469000 2.315379 2.460554 19.779988 -34.280535 1.040328 1.541567
113010623 0.686770 -0.469000 2.320218 2.464757 19.719159 -34.329423 1.040029 1.538076
113010624 0.685511 -0.469000 2.325057 2.468962 19.658551 -34.378434 1.039732 1.534592
113010625 0.684251 -0.469000 2.329895 2.473170 19.598162 -34.427568 1.039436 1.531114
113010626 0.682991 -0.469000 2.334734 2.477382 19.537991 -34.476825 1.039140 1.527644
113010627 0.681731 -0.469000 2.339573 2.481596 19.478038 -34.526206 1.038846 1.524179
113010628 0.680471 -0.469000 2.344411 2.485813 19.418302 -34.575711 1.038552 1.520722
113010629 0.679211 -0.469000 2.349250 2.490033 19.358782 -34.625340 1.038259 1.517271
113010630 0.677951 -0.469000 2.354089 2.494256 19.299476 -34.675094 1.037967 1.513827
113010631 0.676692 -0.469000 2.358927 2.498482 19.240385 -34.724973 1.037676 1.510389
113010632 0.675432 -0.469000 2.363766 2.502710 19.181507 -34.774978 1.037386 1.506958
113010633 0.674172 -0.469000 2.368605 2.506942 19.122841 -34.825109 1.037097 1.503533
113010634 0.672912 -0.469000 2.373443 2.511176 19.064386 -34.875366 1.036809 1.500115
113010635 0.671652 -0.469000 2.378282 2.515413 19.006142 -34.925750 1.036522 1.496703
113010636 0.670392 -0.469000 2.383121 2.519653 18.948108 -34.976262 1.036236 1.493297
113010637 0.669133 -0.469000 2.387959 2.523896 18.890282 -35.026900 1.035951 1.489898
113010638 0.667873 -0.469000 2.392798 2.528141 18.832664 -35.077667 1.035666 1.486506
113010639 0.666613 -0.469000 2.397637 2.532389 18.775253 -35.128563 1.035384 1.483120
113010640 0.665353 -0.469000 2.402475 2.536640 18.718048 -35.179587 1.035102 1.479740
113010641 0.664093 -0.469000 2.407314 2.540894 18.661049 -35.230741 1.034821 1.476366
113010642 0.662833 -0.469000 2.412153 2.545150 18.604254 -35.282024 1.034541 1.472998
113010643 0.661573 -0.469000 2.416991 2.549409 18.547662 -35.333437 1.034262 1.469637
113010644 0.660314 -0.469000 2.421830 2.553671 18.491274 -35.384981 1.033985 1.466282
113010645 0.659054 -0.469000 2.426669 2.557935 18.435087 -35.436656 1.033708 1.462933
113010646 0.657794 -0.469000 2.431507 2.562203 18.379101 -35.488461 1.033433 1.459591
113010647 0.656534 -0.469000 2.436346 2.566472 18.323316 -35.540399 1.033159 1.456254
113010648 0.655274 -0.469000 2.441185 2.570745 18.267730 -35.592469 1.032886 1.452924
113010649 0.654014 -0.469000 2.446023 2.575020 18.212342 -35.644671 1.032614 1.449599
113010650 0.652755 -0.469000 2.450862 2.579297 18.157153 -35.697007 1.032344 1.446281
113010651 0.651495 -0.469000 2.455701 2.583577 18.102160 -35.749476 1.032074 1.442968
113010652 0.650235 -0.469000 2.460539 2.587860 18.047364 -35.802078 1.031806 1.439662
113010653 0.648975 -0.469000 2.465378 2.592146 17.992763 -35.854815 1.031539 1.436362
113010654 0.647715 -0.469000 2.470217 2.596434 17.938356 -35.907687 1.031273 1.433067
113010655 0.646455 -0.469000 2.475055 2.600724 17.884143 -35.960693 1.031009 1.429778
113010656 0.645195 -0.469000 2.479894 2.605017 17.830124 -36.013836 1.030745 1.426496
113010657 0.643936 -0.469000 2.484733 2.609312 17.776296 -36.067114 1.030483 1.423219
113010658 0.642676 -0.469000 2.489572 2.613610 17.722660 -36.120528 1.030222 1.419947
113010659 0.641416 -0.469000 2.494410 2.617911 17.669214 -36.174080 1.029963 1.416682
113010660 0.640156 -0.469000 2.499249 2.622214 17.615958 -36.227768 1.029705 1.413422
113010661 0.638896 -0.469000 2.504088 2.626519 17.562892 -36.281595 1.029448 1.410168
113010662 0.637636 -0.469000 2.508926 2.630827 17.510013 -36.335559 1.029192 1.406920
113010663 0.636376 -0.469000 2.513765 2.635138 17.457323 -36.389662 1.028938 1.403677
113010664 0.635117 -0.469000 2.518604 2.639450 17.404819 -36.443904 1.028685 1.400440
113010665 0.633857 -0.469000 2.523442 2.643766 17.352501 -36.498285 1.028433 1.397209
113010666 0.632597 -0.469000 2.528281 2.648083 17.300368 -36.552807 1.028182 1.393983
113010667 0.631337 -0.469000 2.533120 2.652403 17.248419 -36.607468 1.027933 1.390763
113010668 0.630077 -0.469000 2.537958 2.656726 17.196655 -36.662271 1.027685 1.387548
113010669 0.628817 -0.469000 2.542797 2.661050 17.145074 -36.717214 1.027439 1.384339
113010670 0.627558 -0.469000 2.547636 2.665377 17.093674 -36.772299 1.027194 1.381135
113010671 0.626298 -0.469000 2.552474 2.669707 17.042457 -36.827527 1.026950 1.377937
113010672 0.625038 -0.469000 2.557313 2.674039 16.991420 -36.882897 1.026708 1.374744
113010673 0.623778 -0.469000 2.562152 2.678373 16.940563 -36.938410 1.026467 1.371556
113010674 0.622518 -0.469000 2.566990 2.682709 16.889886 -36.994066 1.026227 1.368374
113010675 0.621258 -0.469000 2.571829 2.687048 16.839387 -37.049866 1.025989 1.365197
113010676 0.619998 -0.469000 2.576668 2.691389 16.789067 -37.105811 1.025752 1.362025
113010677 0.618739 -0.469000 2.581506 2.695732 16.738923 -37.161900 1.025517 1.358859
113010678 0.617479 -0.469000 2.586345 2.700078 16.688956 -37.218134 1.025283 1.355697
113010679 0.616219 -0.469000 2.591184 2.704426 16.639165 -37.274515 1.025050 1.352541
113010680 0.614959 -0.469000 2.596022 2.708776 16.589549 -37.331041 1.024819 1.349391
113010681 0.613699 -0.469000 2.600861 2.713128 16.540107 -37.387714 1.024589 1.346245
113010682 0.612439 -0.469000 2.605700 2.717483 16.490840 -37.444535 1.024361 1.343104
113010683 0.611180 -0.469000 2.610538 2.721840 16.441745 -37.501502 1.024134 1.339969
113010684 0.609920 -0.469000 2.615377 2.726199 16.392822 -37.558618 1.023908 1.336838
113010685 0.608660 -0.469000 2.620216 2.730560 16.344071 -37.615882 1.023684 1.333713
113010686 0.607400 -0.469000 2.625054 2.734923 16.295492 -37.673295 1.023462 1.330592
113010687 0.606140 -0.469000 2.629893 2.739289 16.247082 -37.730858 1.023241 1.327477
113010688 0.604880 -0.469000 2.634732 2.743657 16.198842 -37.788570 1.023021 1.324366
113010689 0.603620 -0.469000 2.639570 2.748027 16.150771 -37.846433 1.022803 1.321261
113010690 0.602361 -0.469000 2.644409 2.752399 16.102869 -37.904447 1.022586 1.318160
113010691 0.601101 -0.469000 2.649248 2.756773 16.055134 -37.962611 1.022370 1.315064
113010692 0.599841 -0.469000 2.654086 2.761149 16.007566 -38.020928 1.022156 1.311973
113010693 0.598581 -0.469000 2.658925 2.765528 15.960164 -38.079397 1.021944 1.308887
113010694 0.597321 -0.469000 2.663764 2.769908 15.912928 -38.138018 1.021733 1.305805
113010695 0.596061 -0.469000 2.668603 2.774291 15.865857 -38.196793 1.021524 1.302728
113010696 0.594801 -0.469000 2.673441 2.778676 15.818951 -38.255721 1.021316 1.299656
113010697 0.593542 -0.469000 2.678280 2.783062 15.772208 -38.314804 1.021109 1.296589
113010698 0.592282 -0.469000 2.683119 2.787451 15.725628 -38.374041 1.020904 1.293526
113010699 0.591022 -0.469000 2.687957 2.791842 15.679211 -38.433433 1.020701 1.290468
113010700 0.589762 -0.469000 2.692796 2.796235 15.632956 -38.492981 1.020499 1.287415
113010701 0.714487 -0.442600 2.213767 2.367942 20.789524 -31.776780 1.011303 1.646281
113010702 0.713227 -0.442600 2.218606 2.372087 20.723862 -31.822066 1.011019 1.642630
113010703 0.711967 -0.442600 2.223444 2.376236 20.658442 -31.867468 1.010737 1.638986
113010704 0.710708 -0.442600 2.228283 2.380388 20.593261 -31.912985 1.010454 1.635350
113010705 0.709448 -0.442600 2.233122 2.384543 20.528319 -31.958619 1.010173 1.631722
113010706 0.708188 -0.442600 2.237960 2.388701 20.463615 -32.004370 1.009892 1.628100
113010707 0.706928 -0.442600 2.242799 2.392862 20.399148 -32.050238 1.009612 1.624486
113010708 0.705668 -0.442600 2.247638 2.397027 20.334917 -32.096224 1.009333 1.620880
113010709 0.704408 -0.442600 2.252476 2.401195 20.270921 -32.142328 1.009054 1.617280
113010710 0.703148 -0.442600 2.257315 2.405366 20.207159 -32.188550 1.008776 1.613688
113010711 0.701889 -0.442600 2.262154 2.409540 20.143630 -32.234891 1.008499 1.610103
113010712 0.700629 -0.442600 2.266992 2.413717 20.080333 -32.281351 1.008223 1.606526
113010713 0.699369 -0.442600 2.271831 2.417897 20.017266 -32.327930 1.007948 1.602956
113010714 0.698109 -0.442600 2.276670 2.422081 19.954430 -32.374630 1.007673 1.599392
113010715 0.696849 -0.442600 2.281508 2.426268 19.891822 -32.421450 1.007400 1.595836
113010716 0.695589 -0.442600 2.286347 2.430457 19.829443 -32.468391 1.007127 1.592287
113010717 0.694330 -0.442600 2.291186 2.434650 19.767291 -32.515453 1.006855 1.588745
113010718 0.693070 -0.442600 2.296024 2.438846 19.705365 -32.562636 1.006584 1.585211
113010719 0.691810 -0.442600 2.300863 2.443045 19.643664 -32.609942 1.006315 1.581683
113010720 0.690550 -0.442600 2.305702 2.447246 19.582187 -32.657370 1.006046 1.578162
113010721 0.689290 -0.442600 2.310541 2.451451 19.520933 -32.704921 1.005778 1.574648
113010722 0.688030 -0.442600 2.315379 2.455659 19.459902 -32.752595 1.005511 1.571141
113010723 0.686770 -0.442600 2.320218 2.459870 19.399092 -32.800392 1.005245 1.567642
113010724 0.685511 -0.442600 2.325057 2.464083 19.338502 -32.848314 1.004980 1.564149
113010725 0.684251 -0.442600 2.329895 2.468300 19.278132 -32.896361 1.004716 1.560662
113010726 0.682991 -0.442600 2.334734 2.472520 19.217980 -32.944532 1.004454 1.557183
113010727 0.681731 -0.442600 2.339573 2.476742 19.158046 -32.992828 1.004192 1.553711
113010728 0.680471 -0.442600 2.344411 2.480968 19.098329 -33.041250 1.003931 1.550245
113010729 0.679211 -0.442600 2.349250 2.485196 19.038827 -33.089799 1.003672 1.546786
113010730 0.677951 -0.442600 2.354089 2.489427 18.979541 -33.138474 1.003414 1.543333
113010731 0.676692 -0.442600 2.358927 2.493661 18.920468 -33.187276 1.003156 1.539888
113010732 0.675432 -0.442600 2.363766 2.497898 18.861609 -33.236205 1.002900 1.536449
113010733 0.674172 -0.442600 2.368605 2.502137 18.802961 -33.285262 1.002645 1.533017
113010734 0.672912 -0.442600 2.373443 2.506380 18.744525 -33.334448 1.002392 1.529591
113010735 0.671652 -0.442600 2.378282 2.510625 18.686300 -33.383762 1.002139 1.526172
113010736 0.670392 -0.442600 2.383121 2.514873 18.628284 -33.433205 1.001888 1.522759
113010737 0.669133 -0.442600 2.387959 2.519123 18.570476 -33.482779 1.001638 1.519353
113010738 0.667873 -0.442600 2.392798 2.523377 18.512877 -33.532482 1.001389 1.515954
113010739 0.666613 -0.442600 2.397637 2.527633 18.455484 -33.582315 1.001141 1.512561
113010740 0.665353 -0.442600 2.402475 2.531892 18.398297 -33.632279 1.000895 1.509174
113010741 0.664093 -0.442600 2.407314 2.536154 18.341316 -33.682375 1.000650 1.505794
113010742 0.662833 -0.442600 2.412153 2.540418 18.284539 -33.732603 1.000406 1.502420
113010743 0.661573 -0.442600 2.416991 2.544685 18.227965 -33.782963 1.000164 1.499053
113010744 0.660314 -0.442600 2.421830 2.548955 18.171594 -33.833455 0.999922 1.495691
113010745 0.659054 -0.442600 2.426669 2.553227 18.115425 -33.884081 0.999683 1.492336
113010746 0.657794 -0.442600 2.431507 2.557502 18.059456 -33.934840 0.999444 1.488988
113010747 0.656534 -0.442600 2.436346 2.561779 18.003688 -33.985733 0.999207 1.485645
113010748 0.655274 -0.442600 2.441185 2.566060 17.948119 -34.036761 0.998971 1.482309
113010749 0.654014 -0.442600 2.446023 2.570342 17.892749 -34.087923 0.998736 1.478979
113010750 0.652755 -0.442600 2.450862 2.574628 17.837576 -34.139221 0.998503 1.475655
113010751 0.651495 -0.442600 2.455701 2.578916 17.782600 -34.190655 0.998271 1.472337
113010752 0.650235 -0.442600 2.460539 2.583206 17.727820 -34.242225 0.998041 1.469026
113010753 0.648975 -0.442600 2.465378 2.587499 17.673235 -34.293932 0.997812 1.465720
113010754 0.647715 -0.442600 2.470217 2.591795 17.618845 -34.345776 0.997585 1.462420
113010755 0.646455 -0.442600 2.475055 2.596093 17.564648 -34.397757 0.997358 1.459127
113010756 0.645195 -0.442600 2.479894 2.600394 17.510644 -34.449877 0.997134 1.455839
113010757 0.643936 -0.442600 2.484733 2.604697 17.456832 -34.502135 0.996910 1.452557
113010758 0.642676 -0.442600 2.489572 2.609002 17.403211 -34.554533 0.996689 1.449281
113010759 0.641416 -0.442600 2.494410 2.613310 17.349781 -34.607070 0.996468 1.446011
113010760 0.640156 -0.442600 2.499249 2.617621 17.296540 -34.659747 0.996249 1.442747
113010761 0.638896 -0.442600 2.504088 2.621934 17.243488 -34.712564 0.996032 1.439489
113010762 0.637636 -0.442600 2.508926 2.626249 17.190625 -34.765523 0.995816 1.436236
113010763 0.636376 -0.442600 2.513765 2.630567 17.137948 -34.818622 0.995601 1.432989
113010764 0.635117 -0.442600 2.518604 2.634887 17.085458 -34.871864 0.995388 1.429748
113010765 0.633857 -0.442600 2.523442 2.639210 17.033154 -34.925248 0.995177 1.426513
113010766 0.632597 -0.442600 2.528281 2.643535 16.981035 -34.978775 0.994967 1.423283
113010767 0.631337 -0.442600 2.533120 2.647863 16.929101 -35.032445 0.994758 1.420059
113010768 0.630077 -0.442600 2.537958 2.652192 16.877349 -35.086259 0.994552 1.416841
113010769 0.628817 -0.442600 2.542797 2.656524 16.825781 -35.140218 0.994346 1.413628
113010770 0.627558 -0.442600 2.547636 2.660859 16.774395 -35.194321 0.994142 1.410420
113010771 0.626298 -0.442600 2.552474 2.665196 16.723190 -35.248569 0.993940 1.407219
113010772 0.625038 -0.442600 2.557313 2.669535 16.672165 -35.302963 0.993739 1.404022
113010773 0.623778 -0.442600 2.562152 2.673876 16.621321 -35.357503 0.993540 1.400831
113010774 0.622518 -0.442600 2.566990 2.678220 16.570655 -35.412191 0.993342 1.397646
113010775 0.621258 -0.442600 2.571829 2.682566 16.520168 -35.467025 0.993146 1.394466
113010776 0.619998 -0.442600 2.576668 2.686914 16.469859 -35.522007 0.992952 1.391291
113010777 0.618739 -0.442600 2.581506 2.691265 16.419727 -35.577137 0.992759 1.388122
113010778 0.617479 -0.442600 2.586345 2.695618 16.369771 -35.632416 0.992567 1.384957
113010779 0.616219 -0.442600 2.591184 2.699973 16.319990 -35.687844 0.992378 1.381799
113010780 0.614959 -0.442600 2.596022 2.704330 16.270384 -35.743422 0.992190 1.378645
113010781 0.613699 -0.442600 2.600861 2.708690 16.220953 -35.799150 0.992003 1.375497
113010782 0.612439 -0.442600 2.605700 2.713051 16.171695 -35.855029 0.991818 1.372354
113010783 0.611180 -0.442600 2.610538 2.717415 16.122609 -35.911059 0.991635 1.369216
113010784 0.609920 -0.442600 2.615377 2.721781 16.073696 -35.967241 0.991453 1.366083
113010785 0.608660 -0.442600 2.620216 2.726150 16.024954 -36.023575 0.991273 1.362955
113010786 0.607400 -0.442600 2.625054 2.730520 15.976383 -36.080062 0.991095 1.359832
113010787 0.606140 -0.442600 2.629893 2.734893 15.927982 -36.136702 0.990918 1.356714
113010788 0.604880 -0.442600 2.634732 2.739268 15.879750 -36.193496 0.990743 1.353602
113010789 0.603620 -0.442600 2.639570 2.743644 15.831687 -36.250444 0.990569 1.350494
113010790 0.602361 -0.442600 2.644409 2.748023 15.783792 -36.307547 0.990397 1.347391
113010791 0.601101 -0.442600 2.649248 2.752405 15.736064 -36.364805 0.990227 1.344293
113010792 0.599841 -0.442600 2.654086 2.756788 15.688503 -36.422219 0.990058 1.341200
113010793 0.598581 -0.442600 2.658925 2.761173 15.641108 -36.479790 0.989891 1.338112
113010794 0.597321 -0.442600 2.663764 2.765561 15.593879 -36.537517 0.989726 1.335029
113010795 0.596061 -0.442600 2.668603 2.769950 15.546814 -36.595402 0.989562 1.331950
113010796 0.594801 -0.442600 2.673441 2.774342 15.499913 -36.653445 0.989400 1.328876
113010797 0.593542 -0.442600 2.678280 2.778735 15.453176 -36.711646 0.989240 1.325807
113010798 0.592282 -0.442600 2.683119 2.783131 15.406601 -36.770006 0.989082 1.322743
113010799 0.591022 -0.442600 2.687957 2.787529 15.360189 -36.828526 0.988925 1.319683
113010800 0.589762 -0.442600 2.692796 2.791928 15.313938 -36.887205 0.988769 1.316628
