# pixelID   x   y   z   l2  two_theta   azimuthal   polar_width azimuthal_width
108010001 0.213989 -0.413400 -1.226291 1.311671 159.213215 -62.632500 2.967133 1.784173
108010002 0.218989 -0.413400 -1.226291 1.312496 159.118548 -62.088660 2.950913 1.811155
108010003 0.223989 -0.413400 -1.226291 1.313339 159.022300 -61.550235 2.934511 1.837638
108010004 0.228989 -0.413400 -1.226291 1.314201 158.924504 -61.017238 2.917940 1.863621
108010005 0.233989 -0.413400 -1.226291 1.315082 158.825192 -60.489677 2.901209 1.889109
108010006 0.238989 -0.413400 -1.226291 1.315980 158.724396 -59.967559 2.884331 1.914102
108010007 0.243989 -0.413400 -1.226291 1.316898 158.622148 -59.450884 2.867315 1.938603
108010008 0.248989 -0.413400 -1.226291 1.317833 158.518480 -58.939650 2.850173 1.962616
108010009 0.253989 -0.413400 -1.226291 1.318787 158.413424 -58.433853 2.832914 1.986144
108010010 0.258989 -0.413400 -1.226291 1.319759 158.307011 -57.933484 2.815548 2.009190
108010011 0.263989 -0.413400 -1.226291 1.320749 158.199272 -57.438530 2.798085 2.031759
108010012 0.268989 -0.413400 -1.226291 1.321758 158.090240 -56.948977 2.780534 2.053853
108010013 0.273989 -0.413400 -1.226291 1.322784 157.979943 -56.464808 2.762904 2.075479
108010014 0.278989 -0.413400 -1.226291 1.323829 157.868415 -55.986002 2.745205 2.096639
108010015 0.283989 -0.413400 -1.226291 1.324892 157.755684 -55.512536 2.727444 2.117339
108010016 0.288989 -0.413400 -1.226291 1.325973 157.641780 -55.044385 2.709631 2.137584
108010017 0.293989 -0.413400 -1.226291 1.327071 157.526735 -54.581521 2.691772 2.157378
108010018 0.298989 -0.413400 -1.226291 1.328188 157.410576 -54.123916 2.673876 2.176728
108010019 0.303989 -0.413400 -1.226291 1.329322 157.293334 -53.671536 2.655951 2.195637
108010020 0.308989 -0.413400 -1.226291 1.330475 157.175037 -53.224349 2.638003 2.214112
108010021 0.313989 -0.413400 -1.226291 1.331645 157.055714 -52.782319 2.620039 2.232157
108010022 0.318989 -0.413400 -1.226291 1.332833 156.935393 -52.345409 2.602067 2.249779
108010023 0.323989 -0.413400 -1.226291 1.334038 156.814102 -51.913581 2.584092 2.266984
108010024 0.328989 -0.413400 -1.226291 1.335261 156.691869 -51.486795 2.566122 2.283776
108010025 0.333989 -0.413400 -1.226291 1.336502 156.568720 -51.065009 2.548161 2.300162
108010026 0.338989 -0.413400 -1.226291 1.337760 156.444683 -50.648181 2.530215 2.316147
108010027 0.343989 -0.413400 -1.226291 1.339036 156.319783 -50.236268 2.512291 2.331738
108010028 0.348989 -0.413400 -1.226291 1.340329 156.194048 -49.829225 2.494393 2.346940
108010029 0.353989 -0.413400 -1.226291 1.341640 156.067503 -49.427006 2.476526 2.361760
108010030 0.358989 -0.413400 -1.226291 1.342967 155.940172 -49.029565 2.458695 2.376202
108010031 0.363989 -0.413400 -1.226291 1.344313 155.812082 -48.636855 2.440905 2.390273
108010032 0.368989 -0.413400 -1.226291 1.345675 155.683256 -48.248828 2.423161 2.403980
108010033 0.373989 -0.413400 -1.226291 1.347055 155.553720 -47.865437 2.405465 2.417327
108010034 0.378989 -0.413400 -1.226291 1.348451 155.423496 -47.486631 2.387823 2.430320
108010035 0.383989 -0.413400 -1.226291 1.349865 155.292608 -47.112362 2.370239 2.442967
108010036 0.388989 -0.413400 -1.226291 1.351296 155.161079 -46.742581 2.352714 2.455272
108010037 0.393989 -0.413400 -1.226291 1.352744 155.028933 -46.377237 2.335254 2.467240
108010038 0.398989 -0.413400 -1.226291 1.354209 154.896190 -46.016280 2.317862 2.478879
108010039 0.403989 -0.413400 -1.226291 1.355690 154.762874 -45.659660 2.300540 2.490194
108010040 0.408989 -0.413400 -1.226291 1.357188 154.629006 -45.307325 2.283291 2.501190
108010041 0.413989 -0.413400 -1.226291 1.358704 154.494607 -44.959226 2.266119 2.511873
108010042 0.418989 -0.413400 -1.226291 1.360235 154.359698 -44.615312 2.249025 2.522248
108010043 0.423989 -0.413400 -1.226291 1.361784 154.224300 -44.275532 2.232013 2.532321
108010044 0.428989 -0.413400 -1.226291 1.363349 154.088432 -43.939836 2.215084 2.542098
108010045 0.433989 -0.413400 -1.226291 1.364930 153.952114 -43.608172 2.198241 2.551584
108010046 0.438989 -0.413400 -1.226291 1.366528 153.815366 -43.280491 2.181486 2.560784
108010047 0.443989 -0.413400 -1.226291 1.368143 153.678206 -42.956743 2.164820 2.569704
108010048 0.448989 -0.413400 -1.226291 1.369774 153.540654 -42.636876 2.148246 2.578348
108010049 0.453989 -0.413400 -1.226291 1.371421 153.402728 -42.320842 2.131765 2.586722
108010050 0.458989 -0.413400 -1.226291 1.373084 153.264446 -42.008591 2.115379 2.594831
108010051 0.463989 -0.413400 -1.226291 1.374763 153.125825 -41.700073 2.099089 2.602680
108010052 0.468989 -0.413400 -1.226291 1.376459 152.986883 -41.395240 2.082896 2.610274
108010053 0.473989 -0.413400 -1.226291 1.378171 152.847637 -41.094042 2.066802 2.617618
108010054 0.478989 -0.413400 -1.226291 1.379898 152.708104 -40.796433 2.050808 2.624716
108010055 0.483989 -0.413400 -1.226291 1.381642 152.568299 -40.502363 2.034915 2.631573
108010056 0.488989 -0.413400 -1.226291 1.383401 152.428240 -40.211784 2.019124 2.638194
108010057 0.493989 -0.413400 -1.226291 1.385176 152.287941 -39.924651 2.003436 2.644584
108010058 0.498989 -0.413400 -1.226291 1.386967 152.147418 -39.640916 1.987851 2.650746
108010059 0.503989 -0.413400 -1.226291 1.388774 152.006687 -39.360533 1.972370 2.656686
108010060 0.508989 -0.413400 -1.226291 1.390596 151.865761 -39.083456 1.956994 2.662408
108010061 0.213989 -0.387000 -1.226291 1.303591 160.169810 -61.059924 2.966555 1.876598
108010062 0.218989 -0.387000 -1.226291 1.304421 160.068948 -60.496105 2.948861 1.904217
108010063 0.223989 -0.387000 -1.226291 1.305270 159.966459 -59.938496 2.931000 1.931276
108010064 0.228989 -0.387000 -1.226291 1.306137 159.862378 -59.387099 2.912983 1.957776
108010065 0.233989 -0.387000 -1.226291 1.307023 159.756743 -58.841910 2.894824 1.983722
108010066 0.238989 -0.387000 -1.226291 1.307927 159.649588 -58.302923 2.876534 2.009118
108010067 0.243989 -0.387000 -1.226291 1.308850 159.540949 -57.770126 2.858126 2.033968
108010068 0.248989 -0.387000 -1.226291 1.309791 159.430863 -57.243504 2.839611 2.058277
108010069 0.253989 -0.387000 -1.226291 1.310751 159.319363 -56.723037 2.821000 2.082050
108010070 0.258989 -0.387000 -1.226291 1.311729 159.206486 -56.208703 2.802304 2.105292
108010071 0.263989 -0.387000 -1.226291 1.312725 159.092265 -55.700475 2.783533 2.128009
108010072 0.268989 -0.387000 -1.226291 1.313740 158.976736 -55.198324 2.764698 2.150207
108010073 0.273989 -0.387000 -1.226291 1.314773 158.859931 -54.702216 2.745809 2.171892
108010074 0.278989 -0.387000 -1.226291 1.315824 158.741886 -54.212118 2.726875 2.193069
108010075 0.283989 -0.387000 -1.226291 1.316893 158.622632 -53.727990 2.707904 2.213746
108010076 0.288989 -0.387000 -1.226291 1.317980 158.502202 -53.249792 2.688907 2.233929
108010077 0.293989 -0.387000 -1.226291 1.319086 158.380630 -52.777481 2.669890 2.253624
108010078 0.298989 -0.387000 -1.226291 1.320209 158.257947 -52.311012 2.650863 2.272838
108010079 0.303989 -0.387000 -1.226291 1.321351 158.134185 -51.850338 2.631833 2.291579
108010080 0.308989 -0.387000 -1.226291 1.322510 158.009376 -51.395411 2.612807 2.309852
108010081 0.313989 -0.387000 -1.226291 1.323687 157.883549 -50.946179 2.593793 2.327665
108010082 0.318989 -0.387000 -1.226291 1.324882 157.756735 -50.502590 2.574798 2.345026
108010083 0.323989 -0.387000 -1.226291 1.326095 157.628964 -50.064592 2.555827 2.361941
108010084 0.328989 -0.387000 -1.226291 1.327325 157.500266 -49.632129 2.536888 2.378417
108010085 0.333989 -0.387000 -1.226291 1.328573 157.370670 -49.205145 2.517985 2.394461
108010086 0.338989 -0.387000 -1.226291 1.329839 157.240204 -48.783584 2.499126 2.410082
108010087 0.343989 -0.387000 -1.226291 1.331122 157.108897 -48.367387 2.480314 2.425285
108010088 0.348989 -0.387000 -1.226291 1.332423 156.976776 -47.956496 2.461556 2.440078
108010089 0.353989 -0.387000 -1.226291 1.333741 156.843868 -47.550852 2.442856 2.454468
108010090 0.358989 -0.387000 -1.226291 1.335077 156.710200 -47.150394 2.424218 2.468462
108010091 0.363989 -0.387000 -1.226291 1.336430 156.575798 -46.755063 2.405648 2.482068
108010092 0.368989 -0.387000 -1.226291 1.337801 156.440689 -46.364796 2.387149 2.495291
108010093 0.373989 -0.387000 -1.226291 1.339188 156.304898 -45.979534 2.368724 2.508140
108010094 0.378989 -0.387000 -1.226291 1.340593 156.168450 -45.599214 2.350379 2.520621
108010095 0.383989 -0.387000 -1.226291 1.342015 156.031369 -45.223775 2.332116 2.532741
108010096 0.388989 -0.387000 -1.226291 1.343455 155.893679 -44.853156 2.313938 2.544507
108010097 0.393989 -0.387000 -1.226291 1.344911 155.755404 -44.487294 2.295849 2.555925
108010098 0.398989 -0.387000 -1.226291 1.346384 155.616568 -44.126127 2.277851 2.567003
108010099 0.403989 -0.387000 -1.226291 1.347874 155.477193 -43.769595 2.259948 2.577746
108010100 0.408989 -0.387000 -1.226291 1.349381 155.337301 -43.417635 2.242141 2.588161
108010101 0.413989 -0.387000 -1.226291 1.350905 155.196914 -43.070186 2.224433 2.598254
108010102 0.418989 -0.387000 -1.226291 1.352446 155.056055 -42.727187 2.206826 2.608033
108010103 0.423989 -0.387000 -1.226291 1.354003 154.914743 -42.388578 2.189323 2.617502
108010104 0.428989 -0.387000 -1.226291 1.355577 154.773001 -42.054297 2.171924 2.626669
108010105 0.433989 -0.387000 -1.226291 1.357168 154.630847 -41.724284 2.154633 2.635539
108010106 0.438989 -0.387000 -1.226291 1.358775 154.488302 -41.398481 2.137450 2.644118
108010107 0.443989 -0.387000 -1.226291 1.360399 154.345386 -41.076827 2.120377 2.652412
108010108 0.448989 -0.387000 -1.226291 1.362039 154.202117 -40.759263 2.103415 2.660427
108010109 0.453989 -0.387000 -1.226291 1.363695 154.058515 -40.445732 2.086566 2.668169
108010110 0.458989 -0.387000 -1.226291 1.365368 153.914596 -40.136175 2.069830 2.675643
108010111 0.463989 -0.387000 -1.226291 1.367057 153.770381 -39.830535 2.053209 2.682854
108010112 0.468989 -0.387000 -1.226291 1.368762 153.625886 -39.528754 2.036704 2.689808
108010113 0.473989 -0.387000 -1.226291 1.370483 153.481128 -39.230778 2.020314 2.696511
108010114 0.478989 -0.387000 -1.226291 1.372220 153.336124 -38.936550 2.004042 2.702967
108010115 0.483989 -0.387000 -1.226291 1.373974 153.190891 -38.646016 1.987888 2.709181
108010116 0.488989 -0.387000 -1.226291 1.375743 153.045446 -38.359120 1.971852 2.715159
108010117 0.493989 -0.387000 -1.226291 1.377528 152.899803 -38.075808 1.955935 2.720906
108010118 0.498989 -0.387000 -1.226291 1.379329 152.753978 -37.796029 1.940136 2.726426
108010119 0.503989 -0.387000 -1.226291 1.381145 152.607987 -37.519729 1.924457 2.731724
108010120 0.508989 -0.387000 -1.226291 1.382978 152.461844 -37.246856 1.908898 2.736805
108010121 0.213989 -0.360600 -1.226291 1.295999 161.122585 -59.314077 2.956691 1.976782
108010122 0.218989 -0.360600 -1.226291 1.296834 161.014997 -58.730106 2.937373 2.004919
108010123 0.223989 -0.360600 -1.226291 1.297687 160.905741 -58.153275 2.917909 2.032427
108010124 0.228989 -0.360600 -1.226291 1.298560 160.794859 -57.583570 2.898313 2.059310
108010125 0.233989 -0.360600 -1.226291 1.299451 160.682391 -57.020969 2.878599 2.085576
108010126 0.238989 -0.360600 -1.226291 1.300360 160.568377 -56.465446 2.858780 2.111230
108010127 0.243989 -0.360600 -1.226291 1.301289 160.452856 -55.916973 2.838871 2.136280
108010128 0.248989 -0.360600 -1.226291 1.302235 160.335869 -55.375513 2.818882 2.160731
108010129 0.253989 -0.360600 -1.226291 1.303201 160.217454 -54.841029 2.798827 2.184592
108010130 0.258989 -0.360600 -1.226291 1.304184 160.097649 -54.313476 2.778718 2.207870
108010131 0.263989 -0.360600 -1.226291 1.305186 159.976494 -53.792810 2.758564 2.230573
108010132 0.268989 -0.360600 -1.226291 1.306207 159.854025 -53.278981 2.738378 2.252708
108010133 0.273989 -0.360600 -1.226291 1.307246 159.730280 -52.771935 2.718170 2.274285
108010134 0.278989 -0.360600 -1.226291 1.308303 159.605295 -52.271617 2.697949 2.295311
108010135 0.283989 -0.360600 -1.226291 1.309378 159.479107 -51.777970 2.677724 2.315795
108010136 0.288989 -0.360600 -1.226291 1.310472 159.351751 -51.290931 2.657506 2.335745
108010137 0.293989 -0.360600 -1.226291 1.311583 159.223263 -50.810439 2.637302 2.355170
108010138 0.298989 -0.360600 -1.226291 1.312713 159.093676 -50.336429 2.617120 2.374078
108010139 0.303989 -0.360600 -1.226291 1.313861 158.963026 -49.868833 2.596970 2.392479
108010140 0.308989 -0.360600 -1.226291 1.315027 158.831346 -49.407584 2.576857 2.410381
108010141 0.313989 -0.360600 -1.226291 1.316211 158.698669 -48.952611 2.556789 2.427794
108010142 0.318989 -0.360600 -1.226291 1.317412 158.565026 -48.503844 2.536773 2.444725
108010143 0.323989 -0.360600 -1.226291 1.318632 158.430451 -48.061211 2.516815 2.461183
108010144 0.328989 -0.360600 -1.226291 1.319869 158.294974 -47.624639 2.496921 2.477178
108010145 0.333989 -0.360600 -1.226291 1.321125 158.158627 -47.194052 2.477097 2.492718
108010146 0.338989 -0.360600 -1.226291 1.322397 158.021439 -46.769378 2.457348 2.507811
108010147 0.343989 -0.360600 -1.226291 1.323688 157.883440 -46.350540 2.437679 2.522467
108010148 0.348989 -0.360600 -1.226291 1.324996 157.744660 -45.937463 2.418095 2.536693
108010149 0.353989 -0.360600 -1.226291 1.326322 157.605127 -45.530072 2.398600 2.550499
108010150 0.358989 -0.360600 -1.226291 1.327665 157.464869 -45.128288 2.379199 2.563893
108010151 0.363989 -0.360600 -1.226291 1.329026 157.323914 -44.732038 2.359895 2.576882
108010152 0.368989 -0.360600 -1.226291 1.330404 157.182289 -44.341243 2.340692 2.589476
108010153 0.373989 -0.360600 -1.226291 1.331799 157.040020 -43.955828 2.321593 2.601682
108010154 0.378989 -0.360600 -1.226291 1.333212 156.897133 -43.575717 2.302602 2.613509
108010155 0.383989 -0.360600 -1.226291 1.334642 156.753653 -43.200834 2.283721 2.624963
108010156 0.388989 -0.360600 -1.226291 1.336089 156.609607 -42.831102 2.264954 2.636054
108010157 0.393989 -0.360600 -1.226291 1.337553 156.465017 -42.466448 2.246302 2.646788
108010158 0.398989 -0.360600 -1.226291 1.339035 156.319908 -42.106795 2.227769 2.657173
108010159 0.403989 -0.360600 -1.226291 1.340533 156.174304 -41.752069 2.209355 2.667217
108010160 0.408989 -0.360600 -1.226291 1.342048 156.028227 -41.402197 2.191064 2.676927
108010161 0.413989 -0.360600 -1.226291 1.343580 155.881701 -41.057105 2.172897 2.686310
108010162 0.418989 -0.360600 -1.226291 1.345129 155.734746 -40.716720 2.154855 2.695373
108010163 0.423989 -0.360600 -1.226291 1.346695 155.587384 -40.380970 2.136941 2.704123
108010164 0.428989 -0.360600 -1.226291 1.348278 155.439637 -40.049784 2.119154 2.712566
108010165 0.433989 -0.360600 -1.226291 1.349877 155.291525 -39.723091 2.101497 2.720711
108010166 0.438989 -0.360600 -1.226291 1.351493 155.143069 -39.400821 2.083971 2.728562
108010167 0.443989 -0.360600 -1.226291 1.353125 154.994288 -39.082905 2.066576 2.736127
108010168 0.448989 -0.360600 -1.226291 1.354774 154.845201 -38.769274 2.049313 2.743412
108010169 0.453989 -0.360600 -1.226291 1.356439 154.695827 -38.459861 2.032184 2.750423
108010170 0.458989 -0.360600 -1.226291 1.358121 154.546186 -38.154598 2.015187 2.757166
108010171 0.463989 -0.360600 -1.226291 1.359819 154.396294 -37.853420 1.998325 2.763646
108010172 0.468989 -0.360600 -1.226291 1.361533 154.246171 -37.556262 1.981596 2.769871
108010173 0.473989 -0.360600 -1.226291 1.363263 154.095832 -37.263060 1.965003 2.775845
108010174 0.478989 -0.360600 -1.226291 1.365010 153.945295 -36.973749 1.948544 2.781574
108010175 0.483989 -0.360600 -1.226291 1.366772 153.794576 -36.688269 1.932220 2.787064
108010176 0.488989 -0.360600 -1.226291 1.368551 153.643692 -36.406555 1.916031 2.792320
108010177 0.493989 -0.360600 -1.226291 1.370345 153.492658 -36.128550 1.899976 2.797346
108010178 0.498989 -0.360600 -1.226291 1.372156 153.341490 -35.854191 1.884057 2.802149
108010179 0.503989 -0.360600 -1.226291 1.373982 153.190203 -35.583421 1.868271 2.806734
108010180 0.508989 -0.360600 -1.226291 1.375824 153.038812 -35.316180 1.852620 2.811104
108010181 0.213989 -0.334200 -1.226291 1.288903 162.067959 -57.368499 2.935696 2.085427
108010182 0.218989 -0.334200 -1.226291 1.289742 161.953065 -56.764669 2.914599 2.113908
108010183 0.223989 -0.334200 -1.226291 1.290601 161.836473 -56.169065 2.893388 2.141685
108010184 0.228989 -0.334200 -1.226291 1.291478 161.718231 -55.581646 2.872080 2.168766
108010185 0.233989 -0.334200 -1.226291 1.292374 161.598383 -55.002365 2.850690 2.195159
108010186 0.238989 -0.334200 -1.226291 1.293288 161.476975 -54.431171 2.829233 2.220876
108010187 0.243989 -0.334200 -1.226291 1.294221 161.354049 -53.868006 2.807723 2.245924
108010188 0.248989 -0.334200 -1.226291 1.295173 161.229651 -53.312809 2.786173 2.270314
108010189 0.253989 -0.334200 -1.226291 1.296144 161.103822 -52.765514 2.764596 2.294057
108010190 0.258989 -0.334200 -1.226291 1.297133 160.976606 -52.226051 2.743005 2.317162
108010191 0.263989 -0.334200 -1.226291 1.298141 160.848044 -51.694347 2.721411 2.339641
108010192 0.268989 -0.334200 -1.226291 1.299167 160.718177 -51.170326 2.699826 2.361504
108010193 0.273989 -0.334200 -1.226291 1.300211 160.587046 -50.653907 2.678260 2.382761
108010194 0.278989 -0.334200 -1.226291 1.301274 160.454691 -50.145009 2.656722 2.403424
108010195 0.283989 -0.334200 -1.226291 1.302355 160.321150 -49.643546 2.635224 2.423504
108010196 0.288989 -0.334200 -1.226291 1.303454 160.186463 -49.149434 2.613772 2.443012
108010197 0.293989 -0.334200 -1.226291 1.304572 160.050667 -48.662582 2.592377 2.461958
108010198 0.298989 -0.334200 -1.226291 1.305708 159.913799 -48.182901 2.571046 2.480354
108010199 0.303989 -0.334200 -1.226291 1.306862 159.775896 -47.710300 2.549787 2.498211
108010200 0.308989 -0.334200 -1.226291 1.308034 159.636993 -47.244685 2.528606 2.515539
108010201 0.313989 -0.334200 -1.226291 1.309224 159.497126 -46.785963 2.507511 2.532349
108010202 0.318989 -0.334200 -1.226291 1.310432 159.356329 -46.334040 2.486507 2.548652
108010203 0.323989 -0.334200 -1.226291 1.311658 159.214635 -45.888821 2.465601 2.564459
108010204 0.328989 -0.334200 -1.226291 1.312902 159.072079 -45.450209 2.444798 2.579781
108010205 0.333989 -0.334200 -1.226291 1.314164 158.928692 -45.018110 2.424103 2.594627
108010206 0.338989 -0.334200 -1.226291 1.315444 158.784505 -44.592427 2.403520 2.609008
108010207 0.343989 -0.334200 -1.226291 1.316741 158.639551 -44.173065 2.383055 2.622934
108010208 0.348989 -0.334200 -1.226291 1.318056 158.493860 -43.759928 2.362711 2.636416
108010209 0.353989 -0.334200 -1.226291 1.319389 158.347461 -43.352920 2.342491 2.649463
108010210 0.358989 -0.334200 -1.226291 1.320739 158.200383 -42.951945 2.322400 2.662085
108010211 0.363989 -0.334200 -1.226291 1.322107 158.052655 -42.556910 2.302441 2.674292
108010212 0.368989 -0.334200 -1.226291 1.323492 157.904306 -42.167720 2.282616 2.686092
108010213 0.373989 -0.334200 -1.226291 1.324895 157.755362 -41.784281 2.262928 2.697496
108010214 0.378989 -0.334200 -1.226291 1.326315 157.605850 -41.406501 2.243380 2.708512
108010215 0.383989 -0.334200 -1.226291 1.327752 157.455796 -41.034286 2.223973 2.719150
108010216 0.388989 -0.334200 -1.226291 1.329207 157.305226 -40.667547 2.204710 2.729417
108010217 0.393989 -0.334200 -1.226291 1.330679 157.154164 -40.306191 2.185593 2.739324
108010218 0.398989 -0.334200 -1.226291 1.332168 157.002636 -39.950131 2.166622 2.748877
108010219 0.403989 -0.334200 -1.226291 1.333674 156.850665 -39.599276 2.147800 2.758086
108010220 0.408989 -0.334200 -1.226291 1.335197 156.698274 -39.253540 2.129127 2.766958
108010221 0.413989 -0.334200 -1.226291 1.336737 156.545486 -38.912835 2.110605 2.775502
108010222 0.418989 -0.334200 -1.226291 1.338294 156.392324 -38.577077 2.092234 2.783725
108010223 0.423989 -0.334200 -1.226291 1.339868 156.238809 -38.246181 2.074015 2.791635
108010224 0.428989 -0.334200 -1.226291 1.341458 156.084962 -37.920064 2.055948 2.799239
108010225 0.433989 -0.334200 -1.226291 1.343066 155.930804 -37.598644 2.038035 2.806544
108010226 0.438989 -0.334200 -1.226291 1.344690 155.776356 -37.281839 2.020275 2.813558
108010227 0.443989 -0.334200 -1.226291 1.346330 155.621637 -36.969570 2.002669 2.820287
108010228 0.448989 -0.334200 -1.226291 1.347987 155.466667 -36.661758 1.985217 2.826739
108010229 0.453989 -0.334200 -1.226291 1.349661 155.311464 -36.358327 1.967918 2.832919
108010230 0.458989 -0.334200 -1.226291 1.351351 155.156046 -36.059200 1.950773 2.838835
108010231 0.463989 -0.334200 -1.226291 1.353057 155.000433 -35.764301 1.933781 2.844493
108010232 0.468989 -0.334200 -1.226291 1.354780 154.844641 -35.473557 1.916943 2.849898
108010233 0.473989 -0.334200 -1.226291 1.356519 154.688688 -35.186897 1.900257 2.855057
108010234 0.478989 -0.334200 -1.226291 1.358274 154.532590 -34.904247 1.883723 2.859976
108010235 0.483989 -0.334200 -1.226291 1.360046 154.376364 -34.625539 1.867342 2.864661
108010236 0.488989 -0.334200 -1.226291 1.361833 154.220026 -34.350702 1.851111 2.869116
108010237 0.493989 -0.334200 -1.226291 1.363636 154.063590 -34.079670 1.835031 2.873348
108010238 0.498989 -0.334200 -1.226291 1.365455 153.907073 -33.812377 1.819102 2.877362
108010239 0.503989 -0.334200 -1.226291 1.367291 153.750489 -33.548755 1.803321 2.881163
108010240 0.508989 -0.334200 -1.226291 1.369141 153.593853 -33.288742 1.787689 2.884756
108010241 0.213989 -0.307800 -1.226291 1.282311 163.001653 -55.192191 2.901303 2.203193
108010242 0.218989 -0.307800 -1.226291 1.283155 162.878824 -54.569496 2.878278 2.231775
108010243 0.223989 -0.307800 -1.226291 1.284017 162.754285 -53.956285 2.855188 2.259571
108010244 0.228989 -0.307800 -1.226291 1.284899 162.628087 -53.352478 2.832050 2.286595
108010245 0.233989 -0.307800 -1.226291 1.285800 162.500279 -52.757993 2.808880 2.312859
108010246 0.238989 -0.307800 -1.226291 1.286719 162.370912 -52.172740 2.785694 2.338376
108010247 0.243989 -0.307800 -1.226291 1.287657 162.240034 -51.596625 2.762507 2.363160
108010248 0.248989 -0.307800 -1.226291 1.288614 162.107693 -51.029549 2.739332 2.387225
108010249 0.253989 -0.307800 -1.226291 1.289589 161.973937 -50.471411 2.716183 2.410584
108010250 0.258989 -0.307800 -1.226291 1.290583 161.838811 -49.922103 2.693073 2.433252
108010251 0.263989 -0.307800 -1.226291 1.291596 161.702361 -49.381516 2.670012 2.455242
108010252 0.268989 -0.307800 -1.226291 1.292627 161.564633 -48.849539 2.647013 2.476569
108010253 0.273989 -0.307800 -1.226291 1.293677 161.425668 -48.326057 2.624086 2.497246
108010254 0.278989 -0.307800 -1.226291 1.294745 161.285511 -47.810953 2.601240 2.517288
108010255 0.283989 -0.307800 -1.226291 1.295832 161.144204 -47.304109 2.578484 2.536707
108010256 0.288989 -0.307800 -1.226291 1.296937 161.001787 -46.805405 2.555827 2.555519
108010257 0.293989 -0.307800 -1.226291 1.298060 160.858301 -46.314722 2.533277 2.573737
108010258 0.298989 -0.307800 -1.226291 1.299201 160.713786 -45.831936 2.510840 2.591374
108010259 0.303989 -0.307800 -1.226291 1.300361 160.568280 -45.356925 2.488525 2.608444
108010260 0.308989 -0.307800 -1.226291 1.301539 160.421820 -44.889568 2.466337 2.624960
108010261 0.313989 -0.307800 -1.226291 1.302735 160.274444 -44.429742 2.444282 2.640936
108010262 0.318989 -0.307800 -1.226291 1.303949 160.126188 -43.977322 2.422365 2.656383
108010263 0.323989 -0.307800 -1.226291 1.305181 159.977087 -43.532188 2.400592 2.671315
108010264 0.328989 -0.307800 -1.226291 1.306432 159.827176 -43.094218 2.378966 2.685745
108010265 0.333989 -0.307800 -1.226291 1.307700 159.676489 -42.663288 2.357492 2.699684
108010266 0.338989 -0.307800 -1.226291 1.308986 159.525057 -42.239279 2.336174 2.713145
108010267 0.343989 -0.307800 -1.226291 1.310289 159.372915 -41.822071 2.315014 2.726139
108010268 0.348989 -0.307800 -1.226291 1.311611 159.220092 -41.411544 2.294017 2.738678
108010269 0.353989 -0.307800 -1.226291 1.312950 159.066619 -41.007580 2.273184 2.750774
108010270 0.358989 -0.307800 -1.226291 1.314307 158.912528 -40.610063 2.252518 2.762437
108010271 0.363989 -0.307800 -1.226291 1.315681 158.757846 -40.218877 2.232021 2.773678
108010272 0.368989 -0.307800 -1.226291 1.317074 158.602602 -39.833907 2.211696 2.784509
108010273 0.373989 -0.307800 -1.226291 1.318483 158.446824 -39.455040 2.191543 2.794940
108010274 0.378989 -0.307800 -1.226291 1.319910 158.290539 -39.082164 2.171564 2.804980
108010275 0.383989 -0.307800 -1.226291 1.321354 158.133775 -38.715171 2.151760 2.814639
108010276 0.388989 -0.307800 -1.226291 1.322816 157.976555 -38.353949 2.132132 2.823928
108010277 0.393989 -0.307800 -1.226291 1.324295 157.818907 -37.998394 2.112681 2.832856
108010278 0.398989 -0.307800 -1.226291 1.325791 157.660853 -37.648399 2.093407 2.841432
108010279 0.403989 -0.307800 -1.226291 1.327304 157.502419 -37.303860 2.074311 2.849665
108010280 0.408989 -0.307800 -1.226291 1.328835 157.343628 -36.964674 2.055392 2.857564
108010281 0.413989 -0.307800 -1.226291 1.330382 157.184502 -36.630743 2.036652 2.865138
108010282 0.418989 -0.307800 -1.226291 1.331947 157.025064 -36.301966 2.018089 2.872394
108010283 0.423989 -0.307800 -1.226291 1.333528 156.865335 -35.978245 1.999705 2.879342
108010284 0.428989 -0.307800 -1.226291 1.335126 156.705336 -35.659487 1.981497 2.885988
108010285 0.433989 -0.307800 -1.226291 1.336741 156.545089 -35.345596 1.963467 2.892341
108010286 0.438989 -0.307800 -1.226291 1.338373 156.384613 -35.036481 1.945612 2.898409
108010287 0.443989 -0.307800 -1.226291 1.340021 156.223927 -34.732050 1.927934 2.904198
108010288 0.448989 -0.307800 -1.226291 1.341686 156.063051 -34.432216 1.910431 2.909715
108010289 0.453989 -0.307800 -1.226291 1.343367 155.902004 -34.136890 1.893101 2.914969
108010290 0.458989 -0.307800 -1.226291 1.345065 155.740802 -33.845987 1.875945 2.919965
108010291 0.463989 -0.307800 -1.226291 1.346780 155.579466 -33.559424 1.858962 2.924710
108010292 0.468989 -0.307800 -1.226291 1.348510 155.418010 -33.277117 1.842150 2.929210
108010293 0.473989 -0.307800 -1.226291 1.350257 155.256452 -32.998986 1.825508 2.933472
108010294 0.478989 -0.307800 -1.226291 1.352021 155.094809 -32.724952 1.809035 2.937502
108010295 0.483989 -0.307800 -1.226291 1.353800 154.933097 -32.454938 1.792730 2.941305
108010296 0.488989 -0.307800 -1.226291 1.355596 154.771330 -32.188867 1.776592 2.944889
108010297 0.493989 -0.307800 -1.226291 1.357407 154.609524 -31.926664 1.760620 2.948257
108010298 0.498989 -0.307800 -1.226291 1.359235 154.447694 -31.668258 1.744811 2.951415
108010299 0.503989 -0.307800 -1.226291 1.361078 154.285854 -31.413575 1.729166 2.954370
108010300 0.508989 -0.307800 -1.226291 1.362938 154.124018 -31.162547 1.713682 2.957126
108010301 0.213989 -0.281400 -1.226291 1.276231 163.918528 -52.749063 2.850727 2.330614
108010302 0.218989 -0.281400 -1.226291 1.277079 163.787099 -52.109525 2.825652 2.358964
108010303 0.223989 -0.281400 -1.226291 1.277946 163.653967 -51.480909 2.800579 2.386444
108010304 0.228989 -0.281400 -1.226291 1.278832 163.519187 -50.863083 2.775526 2.413072
108010305 0.233989 -0.281400 -1.226291 1.279737 163.382816 -50.255911 2.750509 2.438867
108010306 0.238989 -0.281400 -1.226291 1.280660 163.244909 -49.659255 2.725544 2.463846
108010307 0.243989 -0.281400 -1.226291 1.281603 163.105518 -49.072969 2.700646 2.488028
108010308 0.248989 -0.281400 -1.226291 1.282564 162.964696 -48.496904 2.675829 2.511432
108010309 0.253989 -0.281400 -1.226291 1.283544 162.822494 -47.930909 2.651106 2.534074
108010310 0.258989 -0.281400 -1.226291 1.284543 162.678962 -47.374831 2.626488 2.555975
108010311 0.263989 -0.281400 -1.226291 1.285560 162.534150 -46.828512 2.601986 2.577150
108010312 0.268989 -0.281400 -1.226291 1.286596 162.388104 -46.291794 2.577612 2.597620
108010313 0.273989 -0.281400 -1.226291 1.287651 162.240873 -45.764519 2.553374 2.617400
108010314 0.278989 -0.281400 -1.226291 1.288724 162.092501 -45.246527 2.529281 2.636509
108010315 0.283989 -0.281400 -1.226291 1.289816 161.943033 -44.737656 2.505341 2.654964
108010316 0.288989 -0.281400 -1.226291 1.290926 161.792512 -44.237747 2.481561 2.672782
108010317 0.293989 -0.281400 -1.226291 1.292054 161.640982 -43.746639 2.457949 2.689979
108010318 0.298989 -0.281400 -1.226291 1.293201 161.488483 -43.264171 2.434509 2.706572
108010319 0.303989 -0.281400 -1.226291 1.294366 161.335056 -42.790185 2.411247 2.722578
108010320 0.308989 -0.281400 -1.226291 1.295550 161.180740 -42.324521 2.388169 2.738011
108010321 0.313989 -0.281400 -1.226291 1.296751 161.025573 -41.867023 2.365278 2.752887
108010322 0.318989 -0.281400 -1.226291 1.297971 160.869594 -41.417534 2.342579 2.767222
108010323 0.323989 -0.281400 -1.226291 1.299209 160.712837 -40.975900 2.320075 2.781030
108010324 0.328989 -0.281400 -1.226291 1.300465 160.555340 -40.541968 2.297768 2.794326
108010325 0.333989 -0.281400 -1.226291 1.301739 160.397136 -40.115586 2.275663 2.807123
108010326 0.338989 -0.281400 -1.226291 1.303030 160.238258 -39.696606 2.253760 2.819437
108010327 0.343989 -0.281400 -1.226291 1.304340 160.078741 -39.284879 2.232062 2.831279
108010328 0.348989 -0.281400 -1.226291 1.305668 159.918615 -38.880260 2.210570 2.842663
108010329 0.353989 -0.281400 -1.226291 1.307013 159.757913 -38.482607 2.189285 2.853602
108010330 0.358989 -0.281400 -1.226291 1.308376 159.596663 -38.091778 2.168209 2.864108
108010331 0.363989 -0.281400 -1.226291 1.309757 159.434895 -37.707635 2.147342 2.874194
108010332 0.368989 -0.281400 -1.226291 1.311155 159.272639 -37.330041 2.126685 2.883871
108010333 0.373989 -0.281400 -1.226291 1.312571 159.109922 -36.958862 2.106237 2.893150
108010334 0.378989 -0.281400 -1.226291 1.314004 158.946771 -36.593966 2.085999 2.902043
108010335 0.383989 -0.281400 -1.226291 1.315455 158.783213 -36.235224 2.065971 2.910560
108010336 0.388989 -0.281400 -1.226291 1.316923 158.619272 -35.882509 2.046152 2.918713
108010337 0.393989 -0.281400 -1.226291 1.318409 158.454976 -35.535697 2.026542 2.926510
108010338 0.398989 -0.281400 -1.226291 1.319912 158.290347 -35.194665 2.007140 2.933963
108010339 0.403989 -0.281400 -1.226291 1.321432 158.125409 -34.859293 1.987945 2.941080
108010340 0.408989 -0.281400 -1.226291 1.322969 157.960185 -34.529465 1.968956 2.947872
108010341 0.413989 -0.281400 -1.226291 1.324523 157.794699 -34.205065 1.950172 2.954347
108010342 0.418989 -0.281400 -1.226291 1.326095 157.628971 -33.885981 1.931593 2.960513
108010343 0.423989 -0.281400 -1.226291 1.327683 157.463023 -33.572102 1.913216 2.966381
108010344 0.428989 -0.281400 -1.226291 1.329288 157.296875 -33.263320 1.895040 2.971957
108010345 0.433989 -0.281400 -1.226291 1.330910 157.130549 -32.959530 1.877064 2.977250
108010346 0.438989 -0.281400 -1.226291 1.332549 156.964062 -32.660628 1.859287 2.982268
108010347 0.443989 -0.281400 -1.226291 1.334204 156.797435 -32.366514 1.841706 2.987018
108010348 0.448989 -0.281400 -1.226291 1.335876 156.630685 -32.077087 1.824320 2.991508
108010349 0.453989 -0.281400 -1.226291 1.337565 156.463831 -31.792252 1.807128 2.995745
108010350 0.458989 -0.281400 -1.226291 1.339271 156.296891 -31.511914 1.790127 2.999735
108010351 0.463989 -0.281400 -1.226291 1.340992 156.129880 -31.235980 1.773317 3.003486
108010352 0.468989 -0.281400 -1.226291 1.342731 155.962817 -30.964360 1.756694 3.007004
108010353 0.473989 -0.281400 -1.226291 1.344485 155.795717 -30.696965 1.740257 3.010296
108010354 0.478989 -0.281400 -1.226291 1.346256 155.628595 -30.433709 1.724005 3.013367
108010355 0.483989 -0.281400 -1.226291 1.348043 155.461468 -30.174508 1.707935 3.016223
108010356 0.488989 -0.281400 -1.226291 1.349846 155.294349 -29.919278 1.692045 3.018871
108010357 0.493989 -0.281400 -1.226291 1.351666 155.127254 -29.667939 1.676334 3.021316
108010358 0.498989 -0.281400 -1.226291 1.353501 154.960196 -29.420413 1.660800 3.023563
108010359 0.503989 -0.281400 -1.226291 1.355352 154.793189 -29.176621 1.645440 3.025617
108010360 0.508989 -0.281400 -1.226291 1.357219 154.626246 -28.936490 1.630253 3.027485
108010361 0.213989 -0.255000 -1.226291 1.270671 164.812408 -49.997575 2.780558 2.467962
108010362 0.218989 -0.255000 -1.226291 1.271523 164.671687 -49.344689 2.753367 2.495636
108010363 0.223989 -0.255000 -1.226291 1.272393 164.529298 -48.704334 2.726268 2.522358
108010364 0.228989 -0.255000 -1.226291 1.273283 164.385303 -48.076310 2.699278 2.548152
108010365 0.233989 -0.255000 -1.226291 1.274192 164.239761 -47.460410 2.672415 2.573044
108010366 0.238989 -0.255000 -1.226291 1.275119 164.092734 -46.856425 2.645691 2.597056
108010367 0.243989 -0.255000 -1.226291 1.276066 163.944278 -46.264143 2.619122 2.620213
108010368 0.248989 -0.255000 -1.226291 1.277032 163.794449 -45.683349 2.592720 2.642539
108010369 0.253989 -0.255000 -1.226291 1.278016 163.643303 -45.113829 2.566496 2.664056
108010370 0.258989 -0.255000 -1.226291 1.279019 163.490893 -44.555366 2.540460 2.684789
108010371 0.263989 -0.255000 -1.226291 1.280041 163.337271 -44.007746 2.514623 2.704759
108010372 0.268989 -0.255000 -1.226291 1.281081 163.182487 -43.470752 2.488991 2.723990
108010373 0.273989 -0.255000 -1.226291 1.282140 163.026591 -42.944170 2.463573 2.742502
108010374 0.278989 -0.255000 -1.226291 1.283218 162.869631 -42.427786 2.438375 2.760316
108010375 0.283989 -0.255000 -1.226291 1.284314 162.711653 -41.921389 2.413404 2.777455
108010376 0.288989 -0.255000 -1.226291 1.285429 162.552702 -41.424767 2.388663 2.793937
108010377 0.293989 -0.255000 -1.226291 1.286563 162.392822 -40.937715 2.364159 2.809783
108010378 0.298989 -0.255000 -1.226291 1.287714 162.232056 -40.460025 2.339895 2.825012
108010379 0.303989 -0.255000 -1.226291 1.288885 162.070446 -39.991495 2.315873 2.839643
108010380 0.308989 -0.255000 -1.226291 1.290073 161.908031 -39.531925 2.292098 2.853694
108010381 0.313989 -0.255000 -1.226291 1.291280 161.744852 -39.081118 2.268570 2.867183
108010382 0.318989 -0.255000 -1.226291 1.292505 161.580945 -38.638879 2.245292 2.880128
108010383 0.323989 -0.255000 -1.226291 1.293748 161.416347 -38.205019 2.222266 2.892544
108010384 0.328989 -0.255000 -1.226291 1.295009 161.251096 -37.779349 2.199491 2.904448
108010385 0.333989 -0.255000 -1.226291 1.296288 161.085224 -37.361685 2.176969 2.915856
108010386 0.338989 -0.255000 -1.226291 1.297585 160.918767 -36.951848 2.154699 2.926784
108010387 0.343989 -0.255000 -1.226291 1.298900 160.751757 -36.549659 2.132683 2.937246
108010388 0.348989 -0.255000 -1.226291 1.300234 160.584225 -36.154945 2.110918 2.947256
108010389 0.353989 -0.255000 -1.226291 1.301584 160.416203 -35.767536 2.089406 2.956828
108010390 0.358989 -0.255000 -1.226291 1.302953 160.247720 -35.387266 2.068144 2.965977
108010391 0.363989 -0.255000 -1.226291 1.304340 160.078807 -35.013972 2.047132 2.974714
108010392 0.368989 -0.255000 -1.226291 1.305744 159.909490 -34.647493 2.026368 2.983053
108010393 0.373989 -0.255000 -1.226291 1.307166 159.739797 -34.287676 2.005851 2.991006
108010394 0.378989 -0.255000 -1.226291 1.308605 159.569755 -33.934366 1.985579 2.998584
108010395 0.383989 -0.255000 -1.226291 1.310062 159.399391 -33.587416 1.965551 3.005799
108010396 0.388989 -0.255000 -1.226291 1.311536 159.228728 -33.246680 1.945765 3.012663
108010397 0.393989 -0.255000 -1.226291 1.313028 159.057791 -32.912015 1.926218 3.019185
108010398 0.398989 -0.255000 -1.226291 1.314536 158.886605 -32.583284 1.906909 3.025376
108010399 0.403989 -0.255000 -1.226291 1.316063 158.715191 -32.260351 1.887834 3.031246
108010400 0.408989 -0.255000 -1.226291 1.317606 158.543573 -31.943084 1.868993 3.036806
108010401 0.413989 -0.255000 -1.226291 1.319167 158.371771 -31.631354 1.850382 3.042063
108010402 0.418989 -0.255000 -1.226291 1.320744 158.199807 -31.325035 1.832000 3.047027
108010403 0.423989 -0.255000 -1.226291 1.322339 158.027702 -31.024005 1.813843 3.051708
108010404 0.428989 -0.255000 -1.226291 1.323951 157.855475 -30.728144 1.795909 3.056113
108010405 0.433989 -0.255000 -1.226291 1.325579 157.683145 -30.437335 1.778195 3.060250
108010406 0.438989 -0.255000 -1.226291 1.327225 157.510731 -30.151465 1.760699 3.064128
108010407 0.443989 -0.255000 -1.226291 1.328887 157.338251 -29.870424 1.743419 3.067754
108010408 0.448989 -0.255000 -1.226291 1.330566 157.165723 -29.594101 1.726352 3.071135
108010409 0.453989 -0.255000 -1.226291 1.332261 156.993163 -29.322394 1.709494 3.074279
108010410 0.458989 -0.255000 -1.226291 1.333973 156.820590 -29.055198 1.692843 3.077192
108010411 0.463989 -0.255000 -1.226291 1.335702 156.648018 -28.792413 1.676398 3.079882
108010412 0.468989 -0.255000 -1.226291 1.337447 156.475463 -28.533943 1.660154 3.082355
108010413 0.473989 -0.255000 -1.226291 1.339209 156.302942 -28.279692 1.644110 3.084616
108010414 0.478989 -0.255000 -1.226291 1.340986 156.130467 -28.029566 1.628262 3.086672
108010415 0.483989 -0.255000 -1.226291 1.342780 155.958054 -27.783477 1.612608 3.088529
108010416 0.488989 -0.255000 -1.226291 1.344591 155.785717 -27.541335 1.597146 3.090193
108010417 0.493989 -0.255000 -1.226291 1.346417 155.613470 -27.303056 1.581872 3.091669
108010418 0.498989 -0.255000 -1.226291 1.348260 155.441324 -27.068555 1.566785 3.092962
108010419 0.503989 -0.255000 -1.226291 1.350118 155.269294 -26.837751 1.551881 3.094077
108010420 0.508989 -0.255000 -1.226291 1.351992 155.097392 -26.610565 1.537158 3.095020
108010421 0.213989 -0.228600 -1.226291 1.265637 165.675854 -46.890821 2.686667 2.615029
108010422 0.218989 -0.228600 -1.226291 1.266492 165.525155 -46.230140 2.657395 2.641455
108010423 0.223989 -0.228600 -1.226291 1.267367 165.372858 -45.583738 2.628334 2.666856
108010424 0.228989 -0.228600 -1.226291 1.268260 165.219032 -44.951318 2.599497 2.691266
108010425 0.233989 -0.228600 -1.226291 1.269172 165.063741 -44.332579 2.570899 2.714714
108010426 0.238989 -0.228600 -1.226291 1.270103 164.907049 -43.727223 2.542552 2.737233
108010427 0.243989 -0.228600 -1.226291 1.271054 164.749016 -43.134950 2.514466 2.758853
108010428 0.248989 -0.228600 -1.226291 1.272023 164.589703 -42.555464 2.486652 2.779604
108010429 0.253989 -0.228600 -1.226291 1.273011 164.429166 -41.988469 2.459117 2.799514
108010430 0.258989 -0.228600 -1.226291 1.274018 164.267463 -41.433674 2.431868 2.818612
108010431 0.263989 -0.228600 -1.226291 1.275044 164.104646 -40.890789 2.404913 2.836925
108010432 0.268989 -0.228600 -1.226291 1.276089 163.940769 -40.359531 2.378255 2.854480
108010433 0.273989 -0.228600 -1.226291 1.277152 163.775882 -39.839617 2.351899 2.871303
108010434 0.278989 -0.228600 -1.226291 1.278234 163.610033 -39.330770 2.325849 2.887418
108010435 0.283989 -0.228600 -1.226291 1.279334 163.443272 -38.832720 2.300107 2.902851
108010436 0.288989 -0.228600 -1.226291 1.280454 163.275642 -38.345199 2.274676 2.917624
108010437 0.293989 -0.228600 -1.226291 1.281591 163.107190 -37.867946 2.249556 2.931760
108010438 0.298989 -0.228600 -1.226291 1.282748 162.937958 -37.400702 2.224748 2.945281
108010439 0.303989 -0.228600 -1.226291 1.283922 162.767987 -36.943217 2.200252 2.958209
108010440 0.308989 -0.228600 -1.226291 1.285115 162.597319 -36.495245 2.176068 2.970563
108010441 0.313989 -0.228600 -1.226291 1.286327 162.425991 -36.056545 2.152197 2.982364
108010442 0.318989 -0.228600 -1.226291 1.287556 162.254042 -35.626882 2.128635 2.993631
108010443 0.323989 -0.228600 -1.226291 1.288804 162.081509 -35.206027 2.105382 3.004381
108010444 0.328989 -0.228600 -1.226291 1.290070 161.908426 -34.793756 2.082437 3.014634
108010445 0.333989 -0.228600 -1.226291 1.291354 161.734828 -34.389849 2.059796 3.024405
108010446 0.338989 -0.228600 -1.226291 1.292656 161.560747 -33.994095 2.037458 3.033711
108010447 0.343989 -0.228600 -1.226291 1.293977 161.386216 -33.606284 2.015421 3.042568
108010448 0.348989 -0.228600 -1.226291 1.295315 161.211267 -33.226216 1.993681 3.050992
108010449 0.353989 -0.228600 -1.226291 1.296671 161.035928 -32.853693 1.972235 3.058996
108010450 0.358989 -0.228600 -1.226291 1.298045 160.860228 -32.488522 1.951081 3.066595
108010451 0.363989 -0.228600 -1.226291 1.299436 160.684197 -32.130518 1.930215 3.073804
108010452 0.368989 -0.228600 -1.226291 1.300846 160.507861 -31.779498 1.909634 3.080634
108010453 0.373989 -0.228600 -1.226291 1.302273 160.331246 -31.435286 1.889334 3.087098
108010454 0.378989 -0.228600 -1.226291 1.303718 160.154378 -31.097710 1.869313 3.093209
108010455 0.383989 -0.228600 -1.226291 1.305180 159.977282 -30.766602 1.849566 3.098978
108010456 0.388989 -0.228600 -1.226291 1.306660 159.799982 -30.441800 1.830089 3.104417
108010457 0.393989 -0.228600 -1.226291 1.308157 159.622500 -30.123145 1.810880 3.109536
108010458 0.398989 -0.228600 -1.226291 1.309671 159.444860 -29.810484 1.791934 3.114346
108010459 0.403989 -0.228600 -1.226291 1.311203 159.267082 -29.503667 1.773248 3.118856
108010460 0.408989 -0.228600 -1.226291 1.312752 159.089189 -29.202550 1.754817 3.123077
108010461 0.413989 -0.228600 -1.226291 1.314319 158.911199 -28.906990 1.736639 3.127018
108010462 0.418989 -0.228600 -1.226291 1.315902 158.733134 -28.616852 1.718709 3.130687
108010463 0.423989 -0.228600 -1.226291 1.317503 158.555013 -28.332001 1.701023 3.134094
108010464 0.428989 -0.228600 -1.226291 1.319120 158.376853 -28.052308 1.683579 3.137247
108010465 0.433989 -0.228600 -1.226291 1.320755 158.198673 -27.777647 1.666371 3.140153
108010466 0.438989 -0.228600 -1.226291 1.322406 158.020491 -27.507896 1.649397 3.142821
108010467 0.443989 -0.228600 -1.226291 1.324074 157.842323 -27.242936 1.632653 3.145257
108010468 0.448989 -0.228600 -1.226291 1.325759 157.664185 -26.982651 1.616135 3.147470
108010469 0.453989 -0.228600 -1.226291 1.327461 157.486095 -26.726930 1.599839 3.149465
108010470 0.458989 -0.228600 -1.226291 1.329179 157.308066 -26.475663 1.583762 3.151250
108010471 0.463989 -0.228600 -1.226291 1.330914 157.130114 -26.228744 1.567901 3.152832
108010472 0.468989 -0.228600 -1.226291 1.332666 156.952254 -25.986071 1.552252 3.154215
108010473 0.473989 -0.228600 -1.226291 1.334433 156.774500 -25.747543 1.536811 3.155407
108010474 0.478989 -0.228600 -1.226291 1.336218 156.596864 -25.513063 1.521575 3.156412
108010475 0.483989 -0.228600 -1.226291 1.338018 156.419361 -25.282536 1.506541 3.157238
108010476 0.488989 -0.228600 -1.226291 1.339835 156.242004 -25.055871 1.491706 3.157888
108010477 0.493989 -0.228600 -1.226291 1.341668 156.064804 -24.832979 1.477066 3.158368
108010478 0.498989 -0.228600 -1.226291 1.343517 155.887774 -24.613771 1.462617 3.158684
108010479 0.503989 -0.228600 -1.226291 1.345382 155.710925 -24.398165 1.448358 3.158839
108010480 0.508989 -0.228600 -1.226291 1.347263 155.534270 -24.186078 1.434284 3.158840
