# pixelID   x   y   z   l2  two_theta   azimuthal   polar_width azimuthal_width
109020001 0.679849 -0.199400 -0.994214 1.220826 144.525919 -16.346444 1.081567 3.612113
109020002 0.683300 -0.199400 -0.990596 1.219812 144.300589 -16.268249 1.076355 3.616321
109020003 0.686752 -0.199400 -0.986979 1.218817 144.074837 -16.190779 1.071152 3.620460
109020004 0.690203 -0.199400 -0.983361 1.217843 143.848672 -16.114023 1.065960 3.624530
109020005 0.693655 -0.199400 -0.979744 1.216888 143.622099 -16.037973 1.060776 3.628530
109020006 0.697107 -0.199400 -0.976126 1.215953 143.395126 -15.962618 1.055601 3.632461
109020007 0.700558 -0.199400 -0.972509 1.215037 143.167760 -15.887950 1.050436 3.636321
109020008 0.704010 -0.199400 -0.968891 1.214142 142.940009 -15.813960 1.045278 3.640112
109020009 0.707462 -0.199400 -0.965274 1.213266 142.711880 -15.740638 1.040130 3.643832
109020010 0.710913 -0.199400 -0.961656 1.212411 142.483381 -15.667976 1.034989 3.647481
109020011 0.714365 -0.199400 -0.958039 1.211576 142.254519 -15.595965 1.029856 3.651060
109020012 0.717816 -0.199400 -0.954421 1.210760 142.025301 -15.524597 1.024732 3.654568
109020013 0.721268 -0.199400 -0.950804 1.209965 141.795735 -15.453864 1.019615 3.658005
109020014 0.724720 -0.199400 -0.947186 1.209190 141.565829 -15.383756 1.014505 3.661371
109020015 0.728171 -0.199400 -0.943569 1.208435 141.335590 -15.314266 1.009403 3.664666
109020016 0.731623 -0.199400 -0.939951 1.207701 141.105027 -15.245387 1.004309 3.667889
109020017 0.735074 -0.199400 -0.936334 1.206986 140.874147 -15.177110 0.999221 3.671041
109020018 0.738526 -0.199400 -0.932716 1.206292 140.642957 -15.109428 0.994141 3.674121
109020019 0.741978 -0.199400 -0.929099 1.205618 140.411467 -15.042332 0.989068 3.677129
109020020 0.745429 -0.199400 -0.925481 1.204965 140.179683 -14.975817 0.984001 3.680064
109020021 0.748881 -0.199400 -0.921864 1.204332 139.947614 -14.909873 0.978941 3.682928
109020022 0.752333 -0.199400 -0.918246 1.203720 139.715268 -14.844495 0.973889 3.685719
109020023 0.755784 -0.199400 -0.914629 1.203127 139.482653 -14.779676 0.968842 3.688438
109020024 0.759236 -0.199400 -0.911011 1.202556 139.249776 -14.715407 0.963803 3.691084
109020025 0.762687 -0.199400 -0.907394 1.202005 139.016647 -14.651682 0.958770 3.693658
109020026 0.766139 -0.199400 -0.903776 1.201474 138.783274 -14.588496 0.953743 3.696159
109020027 0.769591 -0.199400 -0.900159 1.200964 138.549663 -14.525840 0.948723 3.698587
109020028 0.773042 -0.199400 -0.896541 1.200475 138.315825 -14.463708 0.943709 3.700942
109020029 0.776494 -0.199400 -0.892924 1.200007 138.081767 -14.402095 0.938702 3.703223
109020030 0.779945 -0.199400 -0.889306 1.199559 137.847497 -14.340993 0.933701 3.705432
109020031 0.783397 -0.199400 -0.885689 1.199131 137.613024 -14.280397 0.928707 3.707568
109020032 0.786849 -0.199400 -0.882071 1.198725 137.378356 -14.220301 0.923719 3.709630
109020033 0.790300 -0.199400 -0.878454 1.198339 137.143502 -14.160698 0.918737 3.711618
109020034 0.793752 -0.199400 -0.874836 1.197974 136.908470 -14.101582 0.913762 3.713533
109020035 0.797204 -0.199400 -0.871219 1.197629 136.673268 -14.042948 0.908793 3.715375
109020036 0.800655 -0.199400 -0.867601 1.197306 136.437906 -13.984789 0.903830 3.717143
109020037 0.804107 -0.199400 -0.863984 1.197003 136.202391 -13.927101 0.898874 3.718838
109020038 0.807558 -0.199400 -0.860366 1.196721 135.966733 -13.869878 0.893924 3.720459
109020039 0.811010 -0.199400 -0.856749 1.196460 135.730939 -13.813114 0.888981 3.722006
109020040 0.814462 -0.199400 -0.853131 1.196219 135.495018 -13.756804 0.884045 3.723480
109020041 0.817913 -0.199400 -0.849514 1.196000 135.258979 -13.700942 0.879115 3.724880
109020042 0.821365 -0.199400 -0.845896 1.195801 135.022831 -13.645523 0.874192 3.726206
109020043 0.824816 -0.199400 -0.842279 1.195624 134.786581 -13.590543 0.869276 3.727459
109020044 0.828268 -0.199400 -0.838661 1.195467 134.550240 -13.535995 0.864366 3.728638
109020045 0.831720 -0.199400 -0.835044 1.195331 134.313814 -13.481876 0.859463 3.729744
109020046 0.835171 -0.199400 -0.831426 1.195216 134.077314 -13.428180 0.854567 3.730776
109020047 0.838623 -0.199400 -0.827809 1.195122 133.840747 -13.374902 0.849679 3.731734
109020048 0.842075 -0.199400 -0.824191 1.195048 133.604123 -13.322037 0.844797 3.732619
109020049 0.845526 -0.199400 -0.820574 1.194996 133.367450 -13.269581 0.839923 3.733431
109020050 0.848978 -0.199400 -0.816956 1.194965 133.130736 -13.217530 0.835056 3.734169
109020051 0.852429 -0.199400 -0.813339 1.194954 132.893991 -13.165878 0.830196 3.734834
109020052 0.855881 -0.199400 -0.809721 1.194965 132.657222 -13.114621 0.825344 3.735425
109020053 0.859333 -0.199400 -0.806104 1.194996 132.420439 -13.063755 0.820500 3.735944
109020054 0.862784 -0.199400 -0.802486 1.195048 132.183651 -13.013275 0.815663 3.736390
109020055 0.866236 -0.199400 -0.798869 1.195122 131.946865 -12.963177 0.810835 3.736763
109020056 0.869687 -0.199400 -0.795251 1.195216 131.710091 -12.913456 0.806014 3.737063
109020057 0.873139 -0.199400 -0.791633 1.195331 131.473337 -12.864109 0.801201 3.737290
109020058 0.876591 -0.199400 -0.788016 1.195467 131.236612 -12.815132 0.796397 3.737445
109020059 0.880042 -0.199400 -0.784398 1.195624 130.999924 -12.766520 0.791601 3.737528
109020060 0.883494 -0.199400 -0.780781 1.195801 130.763282 -12.718269 0.786813 3.737538
109020061 0.886946 -0.199400 -0.777163 1.196000 130.526695 -12.670376 0.782034 3.737477
109020062 0.890397 -0.199400 -0.773546 1.196219 130.290171 -12.622836 0.777264 3.737344
109020063 0.893849 -0.199400 -0.769928 1.196460 130.053718 -12.575646 0.772503 3.737139
109020064 0.897300 -0.199400 -0.766311 1.196721 129.817346 -12.528802 0.767751 3.736862
109020065 0.900752 -0.199400 -0.762693 1.197003 129.581062 -12.482300 0.763009 3.736515
109020066 0.904204 -0.199400 -0.759076 1.197306 129.344874 -12.436137 0.758275 3.736096
109020067 0.907655 -0.199400 -0.755458 1.197629 129.108793 -12.390308 0.753551 3.735606
109020068 0.911107 -0.199400 -0.751841 1.197974 128.872825 -12.344811 0.748837 3.735046
109020069 0.914558 -0.199400 -0.748223 1.198339 128.636980 -12.299641 0.744133 3.734416
109020070 0.918010 -0.199400 -0.744606 1.198725 128.401265 -12.254796 0.739439 3.733715
109020071 0.921462 -0.199400 -0.740988 1.199131 128.165688 -12.210272 0.734755 3.732944
109020072 0.924913 -0.199400 -0.737371 1.199559 127.930259 -12.166065 0.730081 3.732104
109020073 0.928365 -0.199400 -0.733753 1.200007 127.694985 -12.122172 0.725418 3.731195
109020074 0.931817 -0.199400 -0.730136 1.200475 127.459875 -12.078590 0.720765 3.730216
109020075 0.935268 -0.199400 -0.726518 1.200965 127.224937 -12.035316 0.716123 3.729169
109020076 0.938720 -0.199400 -0.722901 1.201474 126.990178 -11.992346 0.711493 3.728053
109020077 0.942171 -0.199400 -0.719283 1.202005 126.755607 -11.949678 0.706873 3.726870
109020078 0.945623 -0.199400 -0.715666 1.202556 126.521231 -11.907308 0.702265 3.725618
109020079 0.949075 -0.199400 -0.712048 1.203128 126.287060 -11.865233 0.697668 3.724299
109020080 0.952526 -0.199400 -0.708431 1.203720 126.053100 -11.823450 0.693083 3.722912
109020081 0.955978 -0.199400 -0.704813 1.204332 125.819360 -11.781956 0.688510 3.721459
109020082 0.959430 -0.199400 -0.701196 1.204965 125.585848 -11.740748 0.683949 3.719939
109020083 0.962881 -0.199400 -0.697578 1.205618 125.352570 -11.699823 0.679400 3.718353
109020084 0.966333 -0.199400 -0.693961 1.206292 125.119536 -11.659179 0.674863 3.716701
109020085 0.969784 -0.199400 -0.690343 1.206986 124.886752 -11.618813 0.670339 3.714984
109020086 0.973236 -0.199400 -0.686726 1.207701 124.654227 -11.578721 0.665828 3.713201
109020087 0.976688 -0.199400 -0.683108 1.208435 124.421967 -11.538901 0.661329 3.711354
109020088 0.980139 -0.199400 -0.679491 1.209190 124.189980 -11.499350 0.656844 3.709443
109020089 0.983591 -0.199400 -0.675873 1.209965 123.958275 -11.460066 0.652372 3.707468
109020090 0.987042 -0.199400 -0.672256 1.210761 123.726857 -11.421046 0.647913 3.705429
109020091 0.990494 -0.199400 -0.668638 1.211576 123.495735 -11.382287 0.643468 3.703327
109020092 0.993946 -0.199400 -0.665021 1.212411 123.264915 -11.343787 0.639036 3.701163
109020093 0.997397 -0.199400 -0.661403 1.213267 123.034406 -11.305544 0.634618 3.698936
109020094 1.000849 -0.199400 -0.657786 1.214142 122.804213 -11.267553 0.630215 3.696647
109020095 1.004301 -0.199400 -0.654168 1.215037 122.574345 -11.229814 0.625826 3.694297
109020096 1.007752 -0.199400 -0.650551 1.215953 122.344808 -11.192324 0.621451 3.691886
109020097 1.011204 -0.199400 -0.646933 1.216888 122.115608 -11.155080 0.617090 3.689414
109020098 1.014655 -0.199400 -0.643316 1.217843 121.886754 -11.118080 0.612745 3.686883
109020099 1.018107 -0.199400 -0.639698 1.218817 121.658251 -11.081322 0.608414 3.684292
109020100 1.021559 -0.199400 -0.636081 1.219812 121.430107 -11.044803 0.604098 3.681641
109020101 0.679849 -0.173000 -0.994214 1.216793 144.793298 -14.276951 0.982906 3.653836
109020102 0.683300 -0.173000 -0.990596 1.215775 144.566185 -14.207759 0.978293 3.657805
109020103 0.686752 -0.173000 -0.986979 1.214777 144.338657 -14.139222 0.973690 3.661708
109020104 0.690203 -0.173000 -0.983361 1.213799 144.110720 -14.071329 0.969095 3.665543
109020105 0.693655 -0.173000 -0.979744 1.212841 143.882381 -14.004072 0.964510 3.669312
109020106 0.697107 -0.173000 -0.976126 1.211903 143.653648 -13.937443 0.959933 3.673013
109020107 0.700558 -0.173000 -0.972509 1.210985 143.424527 -13.871432 0.955364 3.676647
109020108 0.704010 -0.173000 -0.968891 1.210086 143.195026 -13.806031 0.950804 3.680212
109020109 0.707462 -0.173000 -0.965274 1.209208 142.965153 -13.741233 0.946251 3.683710
109020110 0.710913 -0.173000 -0.961656 1.208350 142.734914 -13.677028 0.941706 3.687139
109020111 0.714365 -0.173000 -0.958039 1.207512 142.504317 -13.613409 0.937169 3.690500
109020112 0.717816 -0.173000 -0.954421 1.206694 142.273370 -13.550368 0.932640 3.693792
109020113 0.721268 -0.173000 -0.950804 1.205896 142.042081 -13.487898 0.928117 3.697015
109020114 0.724720 -0.173000 -0.947186 1.205118 141.810456 -13.425990 0.923602 3.700169
109020115 0.728171 -0.173000 -0.943569 1.204361 141.578503 -13.364638 0.919093 3.703254
109020116 0.731623 -0.173000 -0.939951 1.203623 141.346231 -13.303834 0.914591 3.706269
109020117 0.735074 -0.173000 -0.936334 1.202907 141.113647 -13.243570 0.910096 3.709215
109020118 0.738526 -0.173000 -0.932716 1.202210 140.880759 -13.183841 0.905607 3.712090
109020119 0.741978 -0.173000 -0.929099 1.201534 140.647574 -13.124639 0.901125 3.714895
109020120 0.745429 -0.173000 -0.925481 1.200879 140.414102 -13.065956 0.896649 3.717630
109020121 0.748881 -0.173000 -0.921864 1.200243 140.180348 -13.007788 0.892179 3.720295
109020122 0.752333 -0.173000 -0.918246 1.199629 139.946323 -12.950126 0.887715 3.722889
109020123 0.755784 -0.173000 -0.914629 1.199035 139.712033 -12.892964 0.883257 3.725412
109020124 0.759236 -0.173000 -0.911011 1.198461 139.477487 -12.836296 0.878804 3.727864
109020125 0.762687 -0.173000 -0.907394 1.197908 139.242694 -12.780116 0.874358 3.730245
109020126 0.766139 -0.173000 -0.903776 1.197376 139.007660 -12.724418 0.869917 3.732555
109020127 0.769591 -0.173000 -0.900159 1.196864 138.772395 -12.669195 0.865482 3.734793
109020128 0.773042 -0.173000 -0.896541 1.196373 138.536906 -12.614441 0.861053 3.736960
109020129 0.776494 -0.173000 -0.892924 1.195903 138.301202 -12.560151 0.856629 3.739055
109020130 0.779945 -0.173000 -0.889306 1.195454 138.065292 -12.506319 0.852210 3.741079
109020131 0.783397 -0.173000 -0.885689 1.195025 137.829183 -12.452940 0.847798 3.743030
109020132 0.786849 -0.173000 -0.882071 1.194617 137.592885 -12.400006 0.843390 3.744910
109020133 0.790300 -0.173000 -0.878454 1.194230 137.356404 -12.347515 0.838988 3.746717
109020134 0.793752 -0.173000 -0.874836 1.193863 137.119751 -12.295458 0.834591 3.748452
109020135 0.797204 -0.173000 -0.871219 1.193518 136.882934 -12.243832 0.830200 3.750115
109020136 0.800655 -0.173000 -0.867601 1.193193 136.645960 -12.192632 0.825814 3.751706
109020137 0.804107 -0.173000 -0.863984 1.192889 136.408838 -12.141851 0.821434 3.753224
109020138 0.807558 -0.173000 -0.860366 1.192606 136.171578 -12.091486 0.817059 3.754670
109020139 0.811010 -0.173000 -0.856749 1.192344 135.934187 -12.041530 0.812689 3.756043
109020140 0.814462 -0.173000 -0.853131 1.192103 135.696675 -11.991979 0.808325 3.757344
109020141 0.817913 -0.173000 -0.849514 1.191883 135.459049 -11.942829 0.803966 3.758572
109020142 0.821365 -0.173000 -0.845896 1.191683 135.221319 -11.894074 0.799613 3.759728
109020143 0.824816 -0.173000 -0.842279 1.191505 134.983493 -11.845710 0.795266 3.760811
109020144 0.828268 -0.173000 -0.838661 1.191348 134.745579 -11.797732 0.790924 3.761821
109020145 0.831720 -0.173000 -0.835044 1.191211 134.507587 -11.750135 0.786587 3.762759
109020146 0.835171 -0.173000 -0.831426 1.191096 134.269525 -11.702916 0.782257 3.763624
109020147 0.838623 -0.173000 -0.827809 1.191001 134.031402 -11.656070 0.777932 3.764417
109020148 0.842075 -0.173000 -0.824191 1.190928 133.793226 -11.609592 0.773613 3.765137
109020149 0.845526 -0.173000 -0.820574 1.190875 133.555007 -11.563478 0.769300 3.765785
109020150 0.848978 -0.173000 -0.816956 1.190844 133.316752 -11.517724 0.764992 3.766360
109020151 0.852429 -0.173000 -0.813339 1.190834 133.078471 -11.472326 0.760691 3.766862
109020152 0.855881 -0.173000 -0.809721 1.190844 132.840171 -11.427280 0.756396 3.767293
109020153 0.859333 -0.173000 -0.806104 1.190875 132.601863 -11.382581 0.752107 3.767651
109020154 0.862784 -0.173000 -0.802486 1.190928 132.363554 -11.338226 0.747825 3.767937
109020155 0.866236 -0.173000 -0.798869 1.191001 132.125254 -11.294211 0.743549 3.768151
109020156 0.869687 -0.173000 -0.795251 1.191096 131.886970 -11.250533 0.739279 3.768293
109020157 0.873139 -0.173000 -0.791633 1.191211 131.648712 -11.207186 0.735016 3.768363
109020158 0.876591 -0.173000 -0.788016 1.191348 131.410489 -11.164168 0.730760 3.768361
109020159 0.880042 -0.173000 -0.784398 1.191505 131.172308 -11.121474 0.726510 3.768288
109020160 0.883494 -0.173000 -0.780781 1.191683 130.934178 -11.079102 0.722268 3.768143
109020161 0.886946 -0.173000 -0.777163 1.191883 130.696109 -11.037048 0.718032 3.767927
109020162 0.890397 -0.173000 -0.773546 1.192103 130.458108 -10.995307 0.713804 3.767640
109020163 0.893849 -0.173000 -0.769928 1.192344 130.220184 -10.953878 0.709583 3.767282
109020164 0.897300 -0.173000 -0.766311 1.192606 129.982346 -10.912755 0.705369 3.766853
109020165 0.900752 -0.173000 -0.762693 1.192889 129.744603 -10.871937 0.701163 3.766353
109020166 0.904204 -0.173000 -0.759076 1.193193 129.506962 -10.831419 0.696964 3.765783
109020167 0.907655 -0.173000 -0.755458 1.193518 129.269432 -10.791198 0.692773 3.765143
109020168 0.911107 -0.173000 -0.751841 1.193863 129.032022 -10.751272 0.688590 3.764432
109020169 0.914558 -0.173000 -0.748223 1.194230 128.794740 -10.711636 0.684416 3.763652
109020170 0.918010 -0.173000 -0.744606 1.194617 128.557594 -10.672289 0.680249 3.762803
109020171 0.921462 -0.173000 -0.740988 1.195025 128.320593 -10.633225 0.676091 3.761884
109020172 0.924913 -0.173000 -0.737371 1.195454 128.083746 -10.594444 0.671941 3.760896
109020173 0.928365 -0.173000 -0.733753 1.195903 127.847059 -10.555941 0.667800 3.759840
109020174 0.931817 -0.173000 -0.730136 1.196374 127.610542 -10.517714 0.663667 3.758714
109020175 0.935268 -0.173000 -0.726518 1.196864 127.374203 -10.479760 0.659543 3.757521
109020176 0.938720 -0.173000 -0.722901 1.197376 127.138049 -10.442076 0.655429 3.756260
109020177 0.942171 -0.173000 -0.719283 1.197908 126.902090 -10.404658 0.651323 3.754931
109020178 0.945623 -0.173000 -0.715666 1.198461 126.666332 -10.367505 0.647227 3.753534
109020179 0.949075 -0.173000 -0.712048 1.199035 126.430785 -10.330614 0.643141 3.752071
109020180 0.952526 -0.173000 -0.708431 1.199629 126.195455 -10.293981 0.639064 3.750541
109020181 0.955978 -0.173000 -0.704813 1.200244 125.960352 -10.257605 0.634997 3.748945
109020182 0.959430 -0.173000 -0.701196 1.200879 125.725482 -10.221482 0.630939 3.747282
109020183 0.962881 -0.173000 -0.697578 1.201534 125.490854 -10.185609 0.626892 3.745554
109020184 0.966333 -0.173000 -0.693961 1.202210 125.256475 -10.149985 0.622855 3.743760
109020185 0.969784 -0.173000 -0.690343 1.202907 125.022353 -10.114607 0.618829 3.741902
109020186 0.973236 -0.173000 -0.686726 1.203624 124.788496 -10.079472 0.614813 3.739979
109020187 0.976688 -0.173000 -0.683108 1.204361 124.554912 -10.044578 0.610808 3.737991
109020188 0.980139 -0.173000 -0.679491 1.205118 124.321607 -10.009922 0.606813 3.735940
109020189 0.983591 -0.173000 -0.675873 1.205896 124.088589 -9.975502 0.602830 3.733825
109020190 0.987042 -0.173000 -0.672256 1.206694 123.855866 -9.941315 0.598858 3.731648
109020191 0.990494 -0.173000 -0.668638 1.207512 123.623445 -9.907360 0.594897 3.729407
109020192 0.993946 -0.173000 -0.665021 1.208350 123.391334 -9.873634 0.590947 3.727105
109020193 0.997397 -0.173000 -0.661403 1.209208 123.159539 -9.840134 0.587010 3.724740
109020194 1.000849 -0.173000 -0.657786 1.210087 122.928068 -9.806858 0.583084 3.722314
109020195 1.004301 -0.173000 -0.654168 1.210985 122.696928 -9.773805 0.579170 3.719827
109020196 1.007752 -0.173000 -0.650551 1.211903 122.466125 -9.740971 0.575267 3.717280
109020197 1.011204 -0.173000 -0.646933 1.212842 122.235668 -9.708356 0.571378 3.714672
109020198 1.014655 -0.173000 -0.643316 1.213800 122.005562 -9.675955 0.567500 3.712005
109020199 1.018107 -0.173000 -0.639698 1.214778 121.775815 -9.643769 0.563635 3.709278
109020200 1.021559 -0.173000 -0.636081 1.215775 121.546433 -9.611794 0.559783 3.706493
109020201 0.679849 -0.146600 -0.994214 1.213321 145.026337 -12.168719 0.879059 3.689774
109020202 0.683300 -0.146600 -0.990596 1.212300 144.797653 -12.109069 0.875101 3.693527
109020203 0.686752 -0.146600 -0.986979 1.211300 144.568559 -12.049992 0.871151 3.697215
109020204 0.690203 -0.146600 -0.983361 1.210319 144.339061 -11.991480 0.867210 3.700839
109020205 0.693655 -0.146600 -0.979744 1.209358 144.109166 -11.933525 0.863276 3.704398
109020206 0.697107 -0.146600 -0.976126 1.208417 143.878883 -11.876120 0.859350 3.707892
109020207 0.700558 -0.146600 -0.972509 1.207496 143.648217 -11.819257 0.855431 3.711321
109020208 0.704010 -0.146600 -0.968891 1.206595 143.417175 -11.762928 0.851520 3.714684
109020209 0.707462 -0.146600 -0.965274 1.205714 143.185767 -11.707126 0.847615 3.717982
109020210 0.710913 -0.146600 -0.961656 1.204853 142.953997 -11.651843 0.843718 3.721213
109020211 0.714365 -0.146600 -0.958039 1.204013 142.721875 -11.597073 0.839826 3.724377
109020212 0.717816 -0.146600 -0.954421 1.203192 142.489408 -11.542809 0.835941 3.727475
109020213 0.721268 -0.146600 -0.950804 1.202392 142.256602 -11.489043 0.832062 3.730506
109020214 0.724720 -0.146600 -0.947186 1.201612 142.023466 -11.435770 0.828190 3.733470
109020215 0.728171 -0.146600 -0.943569 1.200853 141.790008 -11.382981 0.824323 3.736366
109020216 0.731623 -0.146600 -0.939951 1.200113 141.556234 -11.330671 0.820461 3.739195
109020217 0.735074 -0.146600 -0.936334 1.199394 141.322153 -11.278834 0.816605 3.741956
109020218 0.738526 -0.146600 -0.932716 1.198696 141.087773 -11.227463 0.812755 3.744648
109020219 0.741978 -0.146600 -0.929099 1.198018 140.853101 -11.176551 0.808909 3.747272
109020220 0.745429 -0.146600 -0.925481 1.197360 140.618145 -11.126094 0.805069 3.749828
109020221 0.748881 -0.146600 -0.921864 1.196723 140.382914 -11.076084 0.801234 3.752315
109020222 0.752333 -0.146600 -0.918246 1.196107 140.147414 -11.026517 0.797404 3.754732
109020223 0.755784 -0.146600 -0.914629 1.195511 139.911655 -10.977385 0.793578 3.757081
109020224 0.759236 -0.146600 -0.911011 1.194936 139.675645 -10.928684 0.789757 3.759360
109020225 0.762687 -0.146600 -0.907394 1.194381 139.439391 -10.880409 0.785941 3.761569
109020226 0.766139 -0.146600 -0.903776 1.193848 139.202901 -10.832552 0.782129 3.763709
109020227 0.769591 -0.146600 -0.900159 1.193334 138.966185 -10.785110 0.778321 3.765779
109020228 0.773042 -0.146600 -0.896541 1.192842 138.729249 -10.738077 0.774518 3.767778
109020229 0.776494 -0.146600 -0.892924 1.192370 138.492103 -10.691448 0.770719 3.769708
109020230 0.779945 -0.146600 -0.889306 1.191919 138.254755 -10.645217 0.766925 3.771566
109020231 0.783397 -0.146600 -0.885689 1.191489 138.017213 -10.599380 0.763134 3.773355
109020232 0.786849 -0.146600 -0.882071 1.191080 137.779486 -10.553931 0.759348 3.775072
109020233 0.790300 -0.146600 -0.878454 1.190692 137.541581 -10.508866 0.755565 3.776719
109020234 0.793752 -0.146600 -0.874836 1.190324 137.303508 -10.464180 0.751787 3.778295
109020235 0.797204 -0.146600 -0.871219 1.189978 137.065275 -10.419868 0.748013 3.779799
109020236 0.800655 -0.146600 -0.867601 1.189652 136.826890 -10.375926 0.744243 3.781233
109020237 0.804107 -0.146600 -0.863984 1.189347 136.588362 -10.332349 0.740476 3.782595
109020238 0.807558 -0.146600 -0.860366 1.189063 136.349700 -10.289132 0.736714 3.783886
109020239 0.811010 -0.146600 -0.856749 1.188801 136.110912 -10.246272 0.732956 3.785106
109020240 0.814462 -0.146600 -0.853131 1.188559 135.872006 -10.203763 0.729202 3.786254
109020241 0.817913 -0.146600 -0.849514 1.188338 135.632992 -10.161602 0.725451 3.787330
109020242 0.821365 -0.146600 -0.845896 1.188138 135.393878 -10.119784 0.721705 3.788335
109020243 0.824816 -0.146600 -0.842279 1.187959 135.154672 -10.078306 0.717963 3.789268
109020244 0.828268 -0.146600 -0.838661 1.187801 134.915384 -10.037163 0.714225 3.790130
109020245 0.831720 -0.146600 -0.835044 1.187665 134.676022 -9.996350 0.710491 3.790920
109020246 0.835171 -0.146600 -0.831426 1.187549 134.436594 -9.955865 0.706761 3.791639
109020247 0.838623 -0.146600 -0.827809 1.187454 134.197110 -9.915704 0.703035 3.792285
109020248 0.842075 -0.146600 -0.824191 1.187380 133.957578 -9.875862 0.699313 3.792860
109020249 0.845526 -0.146600 -0.820574 1.187328 133.718007 -9.836336 0.695596 3.793364
109020250 0.848978 -0.146600 -0.816956 1.187296 133.478405 -9.797121 0.691883 3.793795
109020251 0.852429 -0.146600 -0.813339 1.187286 133.238781 -9.758215 0.688174 3.794156
109020252 0.855881 -0.146600 -0.809721 1.187296 132.999144 -9.719614 0.684470 3.794444
109020253 0.859333 -0.146600 -0.806104 1.187328 132.759503 -9.681315 0.680770 3.794661
109020254 0.862784 -0.146600 -0.802486 1.187380 132.519866 -9.643313 0.677075 3.794807
109020255 0.866236 -0.146600 -0.798869 1.187454 132.280243 -9.605605 0.673385 3.794882
109020256 0.869687 -0.146600 -0.795251 1.187549 132.040641 -9.568189 0.669699 3.794885
109020257 0.873139 -0.146600 -0.791633 1.187665 131.801069 -9.531060 0.666018 3.794817
109020258 0.876591 -0.146600 -0.788016 1.187801 131.561536 -9.494215 0.662341 3.794678
109020259 0.880042 -0.146600 -0.784398 1.187959 131.322052 -9.457652 0.658670 3.794468
109020260 0.883494 -0.146600 -0.780781 1.188138 131.082623 -9.421367 0.655004 3.794188
109020261 0.886946 -0.146600 -0.777163 1.188338 130.843260 -9.385356 0.651343 3.793837
109020262 0.890397 -0.146600 -0.773546 1.188559 130.603970 -9.349618 0.647687 3.793415
109020263 0.893849 -0.146600 -0.769928 1.188801 130.364763 -9.314148 0.644037 3.792923
109020264 0.897300 -0.146600 -0.766311 1.189064 130.125646 -9.278944 0.640392 3.792360
109020265 0.900752 -0.146600 -0.762693 1.189347 129.886628 -9.244003 0.636752 3.791728
109020266 0.904204 -0.146600 -0.759076 1.189652 129.647719 -9.209321 0.633118 3.791026
109020267 0.907655 -0.146600 -0.755458 1.189978 129.408926 -9.174897 0.629490 3.790254
109020268 0.911107 -0.146600 -0.751841 1.190324 129.170257 -9.140727 0.625868 3.789413
109020269 0.914558 -0.146600 -0.748223 1.190692 128.931722 -9.106808 0.622251 3.788503
109020270 0.918010 -0.146600 -0.744606 1.191080 128.693328 -9.073138 0.618641 3.787523
109020271 0.921462 -0.146600 -0.740988 1.191489 128.455085 -9.039714 0.615037 3.786475
109020272 0.924913 -0.146600 -0.737371 1.191920 128.217000 -9.006534 0.611440 3.785359
109020273 0.928365 -0.146600 -0.733753 1.192370 127.979081 -8.973594 0.607849 3.784174
109020274 0.931817 -0.146600 -0.730136 1.192842 127.741337 -8.940892 0.604264 3.782921
109020275 0.935268 -0.146600 -0.726518 1.193334 127.503777 -8.908426 0.600686 3.781601
109020276 0.938720 -0.146600 -0.722901 1.193848 127.266407 -8.876192 0.597115 3.780212
109020277 0.942171 -0.146600 -0.719283 1.194381 127.029237 -8.844190 0.593551 3.778757
109020278 0.945623 -0.146600 -0.715666 1.194936 126.792275 -8.812415 0.589994 3.777235
109020279 0.949075 -0.146600 -0.712048 1.195511 126.555528 -8.780866 0.586444 3.775647
109020280 0.952526 -0.146600 -0.708431 1.196107 126.319005 -8.749541 0.582902 3.773992
109020281 0.955978 -0.146600 -0.704813 1.196724 126.082713 -8.718436 0.579367 3.772271
109020282 0.959430 -0.146600 -0.701196 1.197360 125.846660 -8.687550 0.575840 3.770485
109020283 0.962881 -0.146600 -0.697578 1.198018 125.610855 -8.656881 0.572321 3.768633
109020284 0.966333 -0.146600 -0.693961 1.198696 125.375305 -8.626426 0.568809 3.766717
109020285 0.969784 -0.146600 -0.690343 1.199395 125.140018 -8.596182 0.565305 3.764736
109020286 0.973236 -0.146600 -0.686726 1.200113 124.905000 -8.566149 0.561810 3.762690
109020287 0.976688 -0.146600 -0.683108 1.200853 124.670261 -8.536323 0.558323 3.760581
109020288 0.980139 -0.146600 -0.679491 1.201612 124.435808 -8.506702 0.554844 3.758409
109020289 0.983591 -0.146600 -0.675873 1.202392 124.201648 -8.477285 0.551374 3.756173
109020290 0.987042 -0.146600 -0.672256 1.203193 123.967788 -8.448069 0.547913 3.753875
109020291 0.990494 -0.146600 -0.668638 1.204013 123.734236 -8.419052 0.544460 3.751515
109020292 0.993946 -0.146600 -0.665021 1.204854 123.501000 -8.390233 0.541017 3.749092
109020293 0.997397 -0.146600 -0.661403 1.205714 123.268086 -8.361609 0.537582 3.746609
109020294 1.000849 -0.146600 -0.657786 1.206595 123.035501 -8.333178 0.534157 3.744064
109020295 1.004301 -0.146600 -0.654168 1.207496 122.803254 -8.304938 0.530741 3.741458
109020296 1.007752 -0.146600 -0.650551 1.208417 122.571350 -8.276888 0.527335 3.738793
109020297 1.011204 -0.146600 -0.646933 1.209358 122.339798 -8.249025 0.523938 3.736068
109020298 1.014655 -0.146600 -0.643316 1.210319 122.108603 -8.221348 0.520552 3.733283
109020299 1.018107 -0.146600 -0.639698 1.211300 121.877772 -8.193855 0.517175 3.730440
109020300 1.021559 -0.146600 -0.636081 1.212300 121.647313 -8.166544 0.513808 3.727538
109020301 0.679849 -0.120200 -0.994214 1.210414 145.223471 -10.026509 0.770571 3.719463
109020302 0.683300 -0.120200 -0.990596 1.209392 144.993444 -9.976881 0.767319 3.723028
109020303 0.686752 -0.120200 -0.986979 1.208389 144.763012 -9.927737 0.764074 3.726531
109020304 0.690203 -0.120200 -0.983361 1.207406 144.532181 -9.879071 0.760835 3.729972
109020305 0.693655 -0.120200 -0.979744 1.206442 144.300959 -9.830874 0.757603 3.733350
109020306 0.697107 -0.120200 -0.976126 1.205499 144.069351 -9.783141 0.754376 3.736666
109020307 0.700558 -0.120200 -0.972509 1.204576 143.837367 -9.735864 0.751156 3.739918
109020308 0.704010 -0.120200 -0.968891 1.203673 143.605011 -9.689038 0.747941 3.743106
109020309 0.707462 -0.120200 -0.965274 1.202790 143.372293 -9.642657 0.744731 3.746231
109020310 0.710913 -0.120200 -0.961656 1.201927 143.139218 -9.596712 0.741526 3.749291
109020311 0.714365 -0.120200 -0.958039 1.201084 142.905795 -9.551200 0.738327 3.752287
109020312 0.717816 -0.120200 -0.954421 1.200262 142.672032 -9.506113 0.735132 3.755217
109020313 0.721268 -0.120200 -0.950804 1.199460 142.437934 -9.461446 0.731942 3.758083
109020314 0.724720 -0.120200 -0.947186 1.198678 142.203510 -9.417193 0.728756 3.760883
109020315 0.728171 -0.120200 -0.943569 1.197916 141.968768 -9.373349 0.725574 3.763618
109020316 0.731623 -0.120200 -0.939951 1.197175 141.733716 -9.329907 0.722396 3.766287
109020317 0.735074 -0.120200 -0.936334 1.196454 141.498360 -9.286863 0.719222 3.768889
109020318 0.738526 -0.120200 -0.932716 1.195754 141.262709 -9.244210 0.716052 3.771425
109020319 0.741978 -0.120200 -0.929099 1.195075 141.026770 -9.201944 0.712886 3.773894
109020320 0.745429 -0.120200 -0.925481 1.194415 140.790552 -9.160060 0.709723 3.776296
109020321 0.748881 -0.120200 -0.921864 1.193777 140.554062 -9.118552 0.706563 3.778630
109020322 0.752333 -0.120200 -0.918246 1.193159 140.317309 -9.077415 0.703407 3.780897
109020323 0.755784 -0.120200 -0.914629 1.192562 140.080300 -9.036644 0.700254 3.783096
109020324 0.759236 -0.120200 -0.911011 1.191985 139.843043 -8.996236 0.697104 3.785228
109020325 0.762687 -0.120200 -0.907394 1.191429 139.605547 -8.956184 0.693956 3.787291
109020326 0.766139 -0.120200 -0.903776 1.190894 139.367819 -8.916484 0.690812 3.789285
109020327 0.769591 -0.120200 -0.900159 1.190380 139.129869 -8.877132 0.687670 3.791211
109020328 0.773042 -0.120200 -0.896541 1.189886 138.891703 -8.838123 0.684532 3.793068
109020329 0.776494 -0.120200 -0.892924 1.189413 138.653331 -8.799452 0.681395 3.794856
109020330 0.779945 -0.120200 -0.889306 1.188961 138.414761 -8.761116 0.678261 3.796575
109020331 0.783397 -0.120200 -0.885689 1.188530 138.176001 -8.723110 0.675130 3.798224
109020332 0.786849 -0.120200 -0.882071 1.188120 137.937059 -8.685430 0.672001 3.799804
109020333 0.790300 -0.120200 -0.878454 1.187730 137.697944 -8.648071 0.668875 3.801314
109020334 0.793752 -0.120200 -0.874836 1.187362 137.458665 -8.611030 0.665751 3.802755
109020335 0.797204 -0.120200 -0.871219 1.187014 137.219229 -8.574303 0.662629 3.804125
109020336 0.800655 -0.120200 -0.867601 1.186688 136.979646 -8.537885 0.659509 3.805425
109020337 0.804107 -0.120200 -0.863984 1.186382 136.739924 -8.501773 0.656392 3.806655
109020338 0.807558 -0.120200 -0.860366 1.186098 136.500071 -8.465963 0.653277 3.807815
109020339 0.811010 -0.120200 -0.856749 1.185834 136.260097 -8.430451 0.650164 3.808904
109020340 0.814462 -0.120200 -0.853131 1.185592 136.020009 -8.395234 0.647053 3.809923
109020341 0.817913 -0.120200 -0.849514 1.185371 135.779816 -8.360307 0.643945 3.810871
109020342 0.821365 -0.120200 -0.845896 1.185170 135.539528 -8.325668 0.640839 3.811749
109020343 0.824816 -0.120200 -0.842279 1.184991 135.299151 -8.291313 0.637735 3.812555
109020344 0.828268 -0.120200 -0.838661 1.184833 135.058697 -8.257239 0.634633 3.813292
109020345 0.831720 -0.120200 -0.835044 1.184696 134.818172 -8.223441 0.631533 3.813957
109020346 0.835171 -0.120200 -0.831426 1.184579 134.577586 -8.189917 0.628436 3.814551
109020347 0.838623 -0.120200 -0.827809 1.184484 134.336947 -8.156663 0.625341 3.815075
109020348 0.842075 -0.120200 -0.824191 1.184411 134.096265 -8.123677 0.622248 3.815527
109020349 0.845526 -0.120200 -0.820574 1.184358 133.855547 -8.090954 0.619157 3.815909
109020350 0.848978 -0.120200 -0.816956 1.184326 133.614803 -8.058492 0.616069 3.816220
109020351 0.852429 -0.120200 -0.813339 1.184316 133.374041 -8.026288 0.612983 3.816460
109020352 0.855881 -0.120200 -0.809721 1.184326 133.133270 -7.994339 0.609900 3.816630
109020353 0.859333 -0.120200 -0.806104 1.184358 132.892499 -7.962641 0.606819 3.816728
109020354 0.862784 -0.120200 -0.802486 1.184411 132.651737 -7.931193 0.603741 3.816756
109020355 0.866236 -0.120200 -0.798869 1.184484 132.410991 -7.899990 0.600665 3.816714
109020356 0.869687 -0.120200 -0.795251 1.184579 132.170272 -7.869030 0.597592 3.816600
109020357 0.873139 -0.120200 -0.791633 1.184696 131.929587 -7.838310 0.594522 3.816417
109020358 0.876591 -0.120200 -0.788016 1.184833 131.688946 -7.807828 0.591454 3.816162
109020359 0.880042 -0.120200 -0.784398 1.184991 131.448356 -7.777580 0.588389 3.815838
109020360 0.883494 -0.120200 -0.780781 1.185170 131.207828 -7.747565 0.585327 3.815443
109020361 0.886946 -0.120200 -0.777163 1.185371 130.967368 -7.717778 0.582269 3.814979
109020362 0.890397 -0.120200 -0.773546 1.185592 130.726987 -7.688219 0.579213 3.814444
109020363 0.893849 -0.120200 -0.769928 1.185835 130.486692 -7.658884 0.576160 3.813840
109020364 0.897300 -0.120200 -0.766311 1.186098 130.246492 -7.629770 0.573111 3.813166
109020365 0.900752 -0.120200 -0.762693 1.186383 130.006396 -7.600876 0.570065 3.812422
109020366 0.904204 -0.120200 -0.759076 1.186688 129.766412 -7.572199 0.567022 3.811610
109020367 0.907655 -0.120200 -0.755458 1.187015 129.526549 -7.543735 0.563983 3.810728
109020368 0.911107 -0.120200 -0.751841 1.187362 129.286815 -7.515484 0.560948 3.809777
109020369 0.914558 -0.120200 -0.748223 1.187730 129.047219 -7.487443 0.557916 3.808758
109020370 0.918010 -0.120200 -0.744606 1.188120 128.807769 -7.459608 0.554888 3.807670
109020371 0.921462 -0.120200 -0.740988 1.188530 128.568473 -7.431979 0.551864 3.806514
109020372 0.924913 -0.120200 -0.737371 1.188961 128.329341 -7.404552 0.548844 3.805290
109020373 0.928365 -0.120200 -0.733753 1.189413 128.090380 -7.377327 0.545828 3.803998
109020374 0.931817 -0.120200 -0.730136 1.189886 127.851598 -7.350299 0.542816 3.802638
109020375 0.935268 -0.120200 -0.726518 1.190380 127.613004 -7.323468 0.539808 3.801211
109020376 0.938720 -0.120200 -0.722901 1.190894 127.374606 -7.296830 0.536805 3.799718
109020377 0.942171 -0.120200 -0.719283 1.191429 127.136412 -7.270385 0.533807 3.798157
109020378 0.945623 -0.120200 -0.715666 1.191985 126.898430 -7.244130 0.530813 3.796530
109020379 0.949075 -0.120200 -0.712048 1.192562 126.660668 -7.218063 0.527824 3.794837
109020380 0.952526 -0.120200 -0.708431 1.193159 126.423135 -7.192182 0.524840 3.793078
109020381 0.955978 -0.120200 -0.704813 1.193777 126.185838 -7.166484 0.521860 3.791254
109020382 0.959430 -0.120200 -0.701196 1.194416 125.948785 -7.140969 0.518886 3.789365
109020383 0.962881 -0.120200 -0.697578 1.195075 125.711984 -7.115634 0.515917 3.787410
109020384 0.966333 -0.120200 -0.693961 1.195754 125.475444 -7.090477 0.512953 3.785391
109020385 0.969784 -0.120200 -0.690343 1.196455 125.239170 -7.065496 0.509995 3.783308
109020386 0.973236 -0.120200 -0.686726 1.197175 125.003172 -7.040690 0.507043 3.781161
109020387 0.976688 -0.120200 -0.683108 1.197916 124.767457 -7.016057 0.504096 3.778951
109020388 0.980139 -0.120200 -0.679491 1.198678 124.532033 -6.991594 0.501155 3.776677
109020389 0.983591 -0.120200 -0.675873 1.199460 124.296907 -6.967301 0.498220 3.774341
109020390 0.987042 -0.120200 -0.672256 1.200262 124.062086 -6.943175 0.495290 3.771943
109020391 0.990494 -0.120200 -0.668638 1.201084 123.827578 -6.919215 0.492368 3.769483
109020392 0.993946 -0.120200 -0.665021 1.201927 123.593391 -6.895418 0.489451 3.766961
109020393 0.997397 -0.120200 -0.661403 1.202790 123.359531 -6.871785 0.486541 3.764378
109020394 1.000849 -0.120200 -0.657786 1.203673 123.126005 -6.848311 0.483637 3.761735
109020395 1.004301 -0.120200 -0.654168 1.204576 122.892822 -6.824997 0.480740 3.759031
109020396 1.007752 -0.120200 -0.650551 1.205499 122.659988 -6.801841 0.477850 3.756267
109020397 1.011204 -0.120200 -0.646933 1.206443 122.427510 -6.778840 0.474967 3.753444
109020398 1.014655 -0.120200 -0.643316 1.207406 122.195394 -6.755993 0.472090 3.750562
109020399 1.018107 -0.120200 -0.639698 1.208389 121.963649 -6.733300 0.469221 3.747622
109020400 1.021559 -0.120200 -0.636081 1.209392 121.732280 -6.710757 0.466360 3.744624
109020401 0.679849 -0.093800 -0.994214 1.208078 145.383337 -7.855611 0.658078 3.742496
109020402 0.683300 -0.093800 -0.990596 1.207054 145.152213 -7.816421 0.655577 3.745908
109020403 0.686752 -0.093800 -0.986979 1.206049 144.920687 -7.777617 0.653081 3.749261
109020404 0.690203 -0.093800 -0.983361 1.205064 144.688767 -7.739195 0.650589 3.752552
109020405 0.693655 -0.093800 -0.979744 1.204099 144.456459 -7.701148 0.648101 3.755783
109020406 0.697107 -0.093800 -0.976126 1.203154 144.223770 -7.663471 0.645617 3.758953
109020407 0.700558 -0.093800 -0.972509 1.202229 143.990707 -7.626159 0.643137 3.762062
109020408 0.704010 -0.093800 -0.968891 1.201324 143.757279 -7.589207 0.640660 3.765108
109020409 0.707462 -0.093800 -0.965274 1.200439 143.523490 -7.552608 0.638186 3.768093
109020410 0.710913 -0.093800 -0.961656 1.199574 143.289350 -7.516359 0.635715 3.771015
109020411 0.714365 -0.093800 -0.958039 1.198730 143.054865 -7.480455 0.633247 3.773874
109020412 0.717816 -0.093800 -0.954421 1.197906 142.820043 -7.444889 0.630782 3.776669
109020413 0.721268 -0.093800 -0.950804 1.197102 142.584891 -7.409659 0.628319 3.779401
109020414 0.724720 -0.093800 -0.947186 1.196319 142.349417 -7.374758 0.625858 3.782070
109020415 0.728171 -0.093800 -0.943569 1.195556 142.113628 -7.340183 0.623400 3.784674
109020416 0.731623 -0.093800 -0.939951 1.194813 141.877532 -7.305929 0.620944 3.787213
109020417 0.735074 -0.093800 -0.936334 1.194091 141.641136 -7.271991 0.618489 3.789688
109020418 0.738526 -0.093800 -0.932716 1.193390 141.404449 -7.238366 0.616036 3.792097
109020419 0.741978 -0.093800 -0.929099 1.192709 141.167477 -7.205048 0.613585 3.794441
109020420 0.745429 -0.093800 -0.925481 1.192048 140.930230 -7.172034 0.611135 3.796719
109020421 0.748881 -0.093800 -0.921864 1.191408 140.692715 -7.139320 0.608687 3.798931
109020422 0.752333 -0.093800 -0.918246 1.190789 140.454939 -7.106902 0.606240 3.801077
109020423 0.755784 -0.093800 -0.914629 1.190191 140.216911 -7.074774 0.603794 3.803156
109020424 0.759236 -0.093800 -0.911011 1.189613 139.978639 -7.042935 0.601349 3.805169
109020425 0.762687 -0.093800 -0.907394 1.189056 139.740131 -7.011379 0.598905 3.807114
109020426 0.766139 -0.093800 -0.903776 1.188520 139.501395 -6.980104 0.596462 3.808992
109020427 0.769591 -0.093800 -0.900159 1.188004 139.262439 -6.949105 0.594019 3.810803
109020428 0.773042 -0.093800 -0.896541 1.187509 139.023272 -6.918379 0.591577 3.812546
109020429 0.776494 -0.093800 -0.892924 1.187036 138.783902 -6.887922 0.589136 3.814221
109020430 0.779945 -0.093800 -0.889306 1.186583 138.544336 -6.857731 0.586695 3.815827
109020431 0.783397 -0.093800 -0.885689 1.186151 138.304585 -6.827802 0.584255 3.817366
109020432 0.786849 -0.093800 -0.882071 1.185740 138.064655 -6.798131 0.581815 3.818836
109020433 0.790300 -0.093800 -0.878454 1.185350 137.824555 -6.768717 0.579376 3.820237
109020434 0.793752 -0.093800 -0.874836 1.184981 137.584294 -6.739554 0.576937 3.821569
109020435 0.797204 -0.093800 -0.871219 1.184632 137.343880 -6.710641 0.574498 3.822832
109020436 0.800655 -0.093800 -0.867601 1.184305 137.103322 -6.681974 0.572059 3.824026
109020437 0.804107 -0.093800 -0.863984 1.183999 136.862628 -6.653549 0.569621 3.825150
109020438 0.807558 -0.093800 -0.860366 1.183714 136.621807 -6.625364 0.567182 3.826205
109020439 0.811010 -0.093800 -0.856749 1.183450 136.380867 -6.597416 0.564744 3.827191
109020440 0.814462 -0.093800 -0.853131 1.183207 136.139818 -6.569702 0.562306 3.828107
109020441 0.817913 -0.093800 -0.849514 1.182985 135.898667 -6.542219 0.559868 3.828953
109020442 0.821365 -0.093800 -0.845896 1.182784 135.657423 -6.514963 0.557430 3.829729
109020443 0.824816 -0.093800 -0.842279 1.182605 135.416095 -6.487933 0.554992 3.830435
109020444 0.828268 -0.093800 -0.838661 1.182446 135.174692 -6.461125 0.552555 3.831071
109020445 0.831720 -0.093800 -0.835044 1.182309 134.933222 -6.434537 0.550117 3.831637
109020446 0.835171 -0.093800 -0.831426 1.182192 134.691694 -6.408166 0.547680 3.832133
109020447 0.838623 -0.093800 -0.827809 1.182097 134.450118 -6.382009 0.545242 3.832559
109020448 0.842075 -0.093800 -0.824191 1.182023 134.208500 -6.356064 0.542805 3.832915
109020449 0.845526 -0.093800 -0.820574 1.181970 133.966851 -6.330328 0.540368 3.833200
109020450 0.848978 -0.093800 -0.816956 1.181939 133.725179 -6.304799 0.537931 3.833416
109020451 0.852429 -0.093800 -0.813339 1.181928 133.483492 -6.279474 0.535494 3.833561
109020452 0.855881 -0.093800 -0.809721 1.181939 133.241800 -6.254352 0.533058 3.833636
109020453 0.859333 -0.093800 -0.806104 1.181970 133.000111 -6.229428 0.530621 3.833640
109020454 0.862784 -0.093800 -0.802486 1.182023 132.758434 -6.204702 0.528185 3.833575
109020455 0.866236 -0.093800 -0.798869 1.182097 132.516778 -6.180170 0.525750 3.833440
109020456 0.869687 -0.093800 -0.795251 1.182192 132.275151 -6.155831 0.523314 3.833234
109020457 0.873139 -0.093800 -0.791633 1.182309 132.033562 -6.131682 0.520879 3.832959
109020458 0.876591 -0.093800 -0.788016 1.182446 131.792020 -6.107721 0.518445 3.832614
109020459 0.880042 -0.093800 -0.784398 1.182605 131.550534 -6.083946 0.516011 3.832199
109020460 0.883494 -0.093800 -0.780781 1.182784 131.309112 -6.060354 0.513578 3.831714
109020461 0.886946 -0.093800 -0.777163 1.182985 131.067762 -6.036945 0.511145 3.831160
109020462 0.890397 -0.093800 -0.773546 1.183207 130.826494 -6.013714 0.508713 3.830536
109020463 0.893849 -0.093800 -0.769928 1.183450 130.585317 -5.990661 0.506282 3.829844
109020464 0.897300 -0.093800 -0.766311 1.183714 130.344238 -5.967784 0.503851 3.829082
109020465 0.900752 -0.093800 -0.762693 1.183999 130.103266 -5.945080 0.501422 3.828251
109020466 0.904204 -0.093800 -0.759076 1.184305 129.862410 -5.922547 0.498993 3.827351
109020467 0.907655 -0.093800 -0.755458 1.184632 129.621679 -5.900184 0.496566 3.826382
109020468 0.911107 -0.093800 -0.751841 1.184981 129.381081 -5.877989 0.494140 3.825345
109020469 0.914558 -0.093800 -0.748223 1.185350 129.140624 -5.855960 0.491714 3.824240
109020470 0.918010 -0.093800 -0.744606 1.185740 128.900317 -5.834094 0.489291 3.823067
109020471 0.921462 -0.093800 -0.740988 1.186151 128.660168 -5.812390 0.486868 3.821826
109020472 0.924913 -0.093800 -0.737371 1.186583 128.420186 -5.790847 0.484447 3.820517
109020473 0.928365 -0.093800 -0.733753 1.187036 128.180379 -5.769463 0.482028 3.819141
109020474 0.931817 -0.093800 -0.730136 1.187510 127.940755 -5.748235 0.479610 3.817697
109020475 0.935268 -0.093800 -0.726518 1.188004 127.701322 -5.727162 0.477194 3.816187
109020476 0.938720 -0.093800 -0.722901 1.188520 127.462090 -5.706243 0.474779 3.814610
109020477 0.942171 -0.093800 -0.719283 1.189056 127.223065 -5.685476 0.472367 3.812967
109020478 0.945623 -0.093800 -0.715666 1.189613 126.984256 -5.664858 0.469957 3.811258
109020479 0.949075 -0.093800 -0.712048 1.190191 126.745672 -5.644390 0.467548 3.809483
109020480 0.952526 -0.093800 -0.708431 1.190789 126.507320 -5.624068 0.465142 3.807643
109020481 0.955978 -0.093800 -0.704813 1.191408 126.269208 -5.603891 0.462738 3.805737
109020482 0.959430 -0.093800 -0.701196 1.192048 126.031344 -5.583858 0.460337 3.803766
109020483 0.962881 -0.093800 -0.697578 1.192709 125.793736 -5.563968 0.457938 3.801731
109020484 0.966333 -0.093800 -0.693961 1.193390 125.556392 -5.544218 0.455542 3.799632
109020485 0.969784 -0.093800 -0.690343 1.194091 125.319320 -5.524608 0.453148 3.797469
109020486 0.973236 -0.093800 -0.686726 1.194813 125.082527 -5.505135 0.450757 3.795243
109020487 0.976688 -0.093800 -0.683108 1.195556 124.846021 -5.485799 0.448370 3.792953
109020488 0.980139 -0.093800 -0.679491 1.196319 124.609809 -5.466597 0.445985 3.790601
109020489 0.983591 -0.093800 -0.675873 1.197102 124.373900 -5.447530 0.443603 3.788186
109020490 0.987042 -0.093800 -0.672256 1.197906 124.138300 -5.428594 0.441225 3.785709
109020491 0.990494 -0.093800 -0.668638 1.198730 123.903017 -5.409789 0.438850 3.783171
109020492 0.993946 -0.093800 -0.665021 1.199575 123.668059 -5.391114 0.436478 3.780571
109020493 0.997397 -0.093800 -0.661403 1.200439 123.433433 -5.372567 0.434110 3.777911
109020494 1.000849 -0.093800 -0.657786 1.201324 123.199145 -5.354146 0.431745 3.775190
109020495 1.004301 -0.093800 -0.654168 1.202229 122.965204 -5.335851 0.429385 3.772409
109020496 1.007752 -0.093800 -0.650551 1.203154 122.731615 -5.317681 0.427028 3.769569
109020497 1.011204 -0.093800 -0.646933 1.204099 122.498387 -5.299633 0.424675 3.766670
109020498 1.014655 -0.093800 -0.643316 1.205064 122.265526 -5.281707 0.422327 3.763712
109020499 1.018107 -0.093800 -0.639698 1.206049 122.033039 -5.263901 0.419982 3.760696
109020500 1.021559 -0.093800 -0.636081 1.207054 121.800933 -5.246215 0.417642 3.757622
109020501 0.679849 -0.067400 -0.994214 1.206316 145.504806 -5.661787 0.542299 3.758536
109020502 0.683300 -0.067400 -0.990596 1.205290 145.272841 -5.633371 0.540587 3.761835
109020503 0.686752 -0.067400 -0.986979 1.204283 145.040479 -5.605239 0.538876 3.765075
109020504 0.690203 -0.067400 -0.983361 1.203297 144.807725 -5.577385 0.537167 3.768257
109020505 0.693655 -0.067400 -0.979744 1.202330 144.574587 -5.549805 0.535460 3.771379
109020506 0.697107 -0.067400 -0.976126 1.201384 144.341072 -5.522497 0.533753 3.774442
109020507 0.700558 -0.067400 -0.972509 1.200457 144.107186 -5.495455 0.532048 3.777445
109020508 0.704010 -0.067400 -0.968891 1.199551 143.872937 -5.468675 0.530343 3.780387
109020509 0.707462 -0.067400 -0.965274 1.198665 143.638332 -5.442155 0.528639 3.783269
109020510 0.710913 -0.067400 -0.961656 1.197799 143.403377 -5.415890 0.526935 3.786089
109020511 0.714365 -0.067400 -0.958039 1.196954 143.168081 -5.389876 0.525232 3.788847
109020512 0.717816 -0.067400 -0.954421 1.196128 142.932451 -5.364110 0.523529 3.791544
109020513 0.721268 -0.067400 -0.950804 1.195323 142.696494 -5.338589 0.521826 3.794178
109020514 0.724720 -0.067400 -0.947186 1.194539 142.460217 -5.313309 0.520122 3.796749
109020515 0.728171 -0.067400 -0.943569 1.193775 142.223629 -5.288266 0.518419 3.799258
109020516 0.731623 -0.067400 -0.939951 1.193031 141.986736 -5.263458 0.516714 3.801702
109020517 0.735074 -0.067400 -0.936334 1.192308 141.749547 -5.238881 0.515010 3.804084
109020518 0.738526 -0.067400 -0.932716 1.191605 141.512069 -5.214531 0.513304 3.806401
109020519 0.741978 -0.067400 -0.929099 1.190923 141.274309 -5.190407 0.511598 3.808653
109020520 0.745429 -0.067400 -0.925481 1.190262 141.036277 -5.166504 0.509891 3.810841
109020521 0.748881 -0.067400 -0.921864 1.189621 140.797979 -5.142819 0.508183 3.812964
109020522 0.752333 -0.067400 -0.918246 1.189001 140.559423 -5.119350 0.506474 3.815022
109020523 0.755784 -0.067400 -0.914629 1.188401 140.320618 -5.096094 0.504763 3.817014
109020524 0.759236 -0.067400 -0.911011 1.187823 140.081572 -5.073047 0.503052 3.818940
109020525 0.762687 -0.067400 -0.907394 1.187265 139.842292 -5.050208 0.501339 3.820800
109020526 0.766139 -0.067400 -0.903776 1.186728 139.602787 -5.027572 0.499624 3.822593
109020527 0.769591 -0.067400 -0.900159 1.186212 139.363065 -5.005138 0.497908 3.824320
109020528 0.773042 -0.067400 -0.896541 1.185716 139.123134 -4.982903 0.496190 3.825980
109020529 0.776494 -0.067400 -0.892924 1.185242 138.883003 -4.960864 0.494470 3.827573
109020530 0.779945 -0.067400 -0.889306 1.184788 138.642679 -4.939019 0.492749 3.829098
109020531 0.783397 -0.067400 -0.885689 1.184356 138.402172 -4.917365 0.491026 3.830556
109020532 0.786849 -0.067400 -0.882071 1.183944 138.161489 -4.895899 0.489301 3.831946
109020533 0.790300 -0.067400 -0.878454 1.183553 137.920638 -4.874620 0.487574 3.833268
109020534 0.793752 -0.067400 -0.874836 1.183183 137.679629 -4.853524 0.485845 3.834522
109020535 0.797204 -0.067400 -0.871219 1.182835 137.438470 -4.832610 0.484114 3.835708
109020536 0.800655 -0.067400 -0.867601 1.182507 137.197169 -4.811874 0.482381 3.836825
109020537 0.804107 -0.067400 -0.863984 1.182201 136.955735 -4.791316 0.480646 3.837873
109020538 0.807558 -0.067400 -0.860366 1.181915 136.714177 -4.770932 0.478908 3.838853
109020539 0.811010 -0.067400 -0.856749 1.181651 136.472502 -4.750720 0.477169 3.839764
109020540 0.814462 -0.067400 -0.853131 1.181407 136.230720 -4.730679 0.475427 3.840605
109020541 0.817913 -0.067400 -0.849514 1.181185 135.988839 -4.710805 0.473683 3.841378
109020542 0.821365 -0.067400 -0.845896 1.180984 135.746868 -4.691097 0.471937 3.842081
109020543 0.824816 -0.067400 -0.842279 1.180804 135.504816 -4.671554 0.470188 3.842715
109020544 0.828268 -0.067400 -0.838661 1.180645 135.262691 -4.652172 0.468437 3.843279
109020545 0.831720 -0.067400 -0.835044 1.180508 135.020501 -4.632949 0.466684 3.843774
109020546 0.835171 -0.067400 -0.831426 1.180391 134.778257 -4.613885 0.464929 3.844200
109020547 0.838623 -0.067400 -0.827809 1.180296 134.535966 -4.594977 0.463172 3.844555
109020548 0.842075 -0.067400 -0.824191 1.180222 134.293637 -4.576222 0.461412 3.844841
109020549 0.845526 -0.067400 -0.820574 1.180169 134.051279 -4.557620 0.459650 3.845058
109020550 0.848978 -0.067400 -0.816956 1.180137 133.808900 -4.539168 0.457885 3.845204
109020551 0.852429 -0.067400 -0.813339 1.180126 133.566510 -4.520865 0.456119 3.845281
109020552 0.855881 -0.067400 -0.809721 1.180137 133.324117 -4.502708 0.454350 3.845289
109020553 0.859333 -0.067400 -0.806104 1.180169 133.081730 -4.484696 0.452579 3.845226
109020554 0.862784 -0.067400 -0.802486 1.180222 132.839357 -4.466828 0.450806 3.845094
109020555 0.866236 -0.067400 -0.798869 1.180296 132.597008 -4.449101 0.449031 3.844893
109020556 0.869687 -0.067400 -0.795251 1.180391 132.354690 -4.431514 0.447254 3.844621
109020557 0.873139 -0.067400 -0.791633 1.180508 132.112414 -4.414065 0.445475 3.844280
109020558 0.876591 -0.067400 -0.788016 1.180645 131.870187 -4.396752 0.443693 3.843870
109020559 0.880042 -0.067400 -0.784398 1.180804 131.628018 -4.379575 0.441910 3.843391
109020560 0.883494 -0.067400 -0.780781 1.180984 131.385917 -4.362531 0.440125 3.842842
109020561 0.886946 -0.067400 -0.777163 1.181185 131.143891 -4.345619 0.438337 3.842224
109020562 0.890397 -0.067400 -0.773546 1.181407 130.901949 -4.328838 0.436548 3.841537
109020563 0.893849 -0.067400 -0.769928 1.181651 130.660100 -4.312185 0.434758 3.840781
109020564 0.897300 -0.067400 -0.766311 1.181915 130.418352 -4.295660 0.432965 3.839956
109020565 0.900752 -0.067400 -0.762693 1.182201 130.176715 -4.279260 0.431171 3.839063
109020566 0.904204 -0.067400 -0.759076 1.182507 129.935197 -4.262985 0.429375 3.838101
109020567 0.907655 -0.067400 -0.755458 1.182835 129.693805 -4.246834 0.427577 3.837071
109020568 0.911107 -0.067400 -0.751841 1.183184 129.452550 -4.230804 0.425778 3.835973
109020569 0.914558 -0.067400 -0.748223 1.183553 129.211438 -4.214894 0.423978 3.834806
109020570 0.918010 -0.067400 -0.744606 1.183944 128.970480 -4.199103 0.422176 3.833572
109020571 0.921462 -0.067400 -0.740988 1.184356 128.729682 -4.183430 0.420373 3.832271
109020572 0.924913 -0.067400 -0.737371 1.184788 128.489054 -4.167873 0.418568 3.830902
109020573 0.928365 -0.067400 -0.733753 1.185242 128.248604 -4.152432 0.416763 3.829466
109020574 0.931817 -0.067400 -0.730136 1.185716 128.008340 -4.137104 0.414956 3.827963
109020575 0.935268 -0.067400 -0.726518 1.186212 127.768271 -4.121888 0.413149 3.826394
109020576 0.938720 -0.067400 -0.722901 1.186728 127.528404 -4.106784 0.411340 3.824758
109020577 0.942171 -0.067400 -0.719283 1.187265 127.288749 -4.091791 0.409531 3.823056
109020578 0.945623 -0.067400 -0.715666 1.187823 127.049312 -4.076906 0.407720 3.821289
109020579 0.949075 -0.067400 -0.712048 1.188402 126.810102 -4.062128 0.405909 3.819456
109020580 0.952526 -0.067400 -0.708431 1.189001 126.571128 -4.047458 0.404098 3.817557
109020581 0.955978 -0.067400 -0.704813 1.189621 126.332397 -4.032892 0.402286 3.815594
109020582 0.959430 -0.067400 -0.701196 1.190262 126.093917 -4.018431 0.400473 3.813566
109020583 0.962881 -0.067400 -0.697578 1.190923 125.855696 -4.004074 0.398660 3.811474
109020584 0.966333 -0.067400 -0.693961 1.191605 125.617741 -3.989818 0.396847 3.809318
109020585 0.969784 -0.067400 -0.690343 1.192308 125.380062 -3.975663 0.395034 3.807098
109020586 0.973236 -0.067400 -0.686726 1.193031 125.142665 -3.961608 0.393220 3.804816
109020587 0.976688 -0.067400 -0.683108 1.193775 124.905558 -3.947652 0.391407 3.802470
109020588 0.980139 -0.067400 -0.679491 1.194539 124.668749 -3.933794 0.389593 3.800061
109020589 0.983591 -0.067400 -0.675873 1.195324 124.432245 -3.920033 0.387780 3.797591
109020590 0.987042 -0.067400 -0.672256 1.196129 124.196054 -3.906367 0.385967 3.795059
109020591 0.990494 -0.067400 -0.668638 1.196954 123.960183 -3.892796 0.384155 3.792465
109020592 0.993946 -0.067400 -0.665021 1.197799 123.724639 -3.879319 0.382343 3.789811
109020593 0.997397 -0.067400 -0.661403 1.198665 123.489431 -3.865935 0.380531 3.787095
109020594 1.000849 -0.067400 -0.657786 1.199551 123.254564 -3.852643 0.378721 3.784320
109020595 1.004301 -0.067400 -0.654168 1.200458 123.020047 -3.839442 0.376911 3.781485
109020596 1.007752 -0.067400 -0.650551 1.201384 122.785886 -3.826331 0.375102 3.778591
109020597 1.011204 -0.067400 -0.646933 1.202330 122.552088 -3.813309 0.373293 3.775638
109020598 1.014655 -0.067400 -0.643316 1.203297 122.318661 -3.800375 0.371486 3.772626
109020599 1.018107 -0.067400 -0.639698 1.204283 122.085611 -3.787528 0.369680 3.769556
109020600 1.021559 -0.067400 -0.636081 1.205290 121.852946 -3.774768 0.367876 3.766429
109020601 0.679849 -0.041000 -0.994214 1.205129 145.587000 -3.451188 0.424022 3.767326
109020602 0.683300 -0.041000 -0.990596 1.204102 145.354465 -3.433796 0.423126 3.770556
109020603 0.686752 -0.041000 -0.986979 1.203094 145.121534 -3.416579 0.422229 3.773728
109020604 0.690203 -0.041000 -0.983361 1.202107 144.888214 -3.399533 0.421331 3.776842
109020605 0.693655 -0.041000 -0.979744 1.201140 144.654512 -3.382657 0.420430 3.779899
109020606 0.697107 -0.041000 -0.976126 1.200192 144.420434 -3.365947 0.419528 3.782896
109020607 0.700558 -0.041000 -0.972509 1.199265 144.185989 -3.349401 0.418624 3.785834
109020608 0.704010 -0.041000 -0.968891 1.198358 143.951182 -3.333016 0.417717 3.788713
109020609 0.707462 -0.041000 -0.965274 1.197471 143.716022 -3.316791 0.416808 3.791532
109020610 0.710913 -0.041000 -0.961656 1.196604 143.480514 -3.300723 0.415897 3.794290
109020611 0.714365 -0.041000 -0.958039 1.195758 143.244667 -3.284810 0.414983 3.796988
109020612 0.717816 -0.041000 -0.954421 1.194931 143.008488 -3.269050 0.414067 3.799624
109020613 0.721268 -0.041000 -0.950804 1.194126 142.771984 -3.253439 0.413147 3.802199
109020614 0.724720 -0.041000 -0.947186 1.193340 142.535163 -3.237977 0.412225 3.804712
109020615 0.728171 -0.041000 -0.943569 1.192575 142.298031 -3.222661 0.411300 3.807163
109020616 0.731623 -0.041000 -0.939951 1.191831 142.060598 -3.207489 0.410371 3.809551
109020617 0.735074 -0.041000 -0.936334 1.191107 141.822870 -3.192459 0.409439 3.811876
109020618 0.738526 -0.041000 -0.932716 1.190404 141.584855 -3.177570 0.408504 3.814137
109020619 0.741978 -0.041000 -0.929099 1.189721 141.346560 -3.162818 0.407566 3.816335
109020620 0.745429 -0.041000 -0.925481 1.189059 141.107995 -3.148202 0.406623 3.818469
109020621 0.748881 -0.041000 -0.921864 1.188418 140.869166 -3.133721 0.405678 3.820538
109020622 0.752333 -0.041000 -0.918246 1.187797 140.630081 -3.119373 0.404728 3.822543
109020623 0.755784 -0.041000 -0.914629 1.187197 140.390749 -3.105155 0.403774 3.824483
109020624 0.759236 -0.041000 -0.911011 1.186618 140.151177 -3.091065 0.402817 3.826357
109020625 0.762687 -0.041000 -0.907394 1.186059 139.911374 -3.077103 0.401856 3.828166
109020626 0.766139 -0.041000 -0.903776 1.185522 139.671347 -3.063267 0.400891 3.829909
109020627 0.769591 -0.041000 -0.900159 1.185005 139.431105 -3.049554 0.399921 3.831586
109020628 0.773042 -0.041000 -0.896541 1.184509 139.190656 -3.035964 0.398947 3.833197
109020629 0.776494 -0.041000 -0.892924 1.184034 138.950009 -3.022493 0.397969 3.834741
109020630 0.779945 -0.041000 -0.889306 1.183580 138.709171 -3.009142 0.396987 3.836219
109020631 0.783397 -0.041000 -0.885689 1.183147 138.468151 -2.995908 0.396001 3.837629
109020632 0.786849 -0.041000 -0.882071 1.182735 138.226957 -2.982790 0.395010 3.838972
109020633 0.790300 -0.041000 -0.878454 1.182344 137.985598 -2.969786 0.394014 3.840247
109020634 0.793752 -0.041000 -0.874836 1.181974 137.744082 -2.956895 0.393014 3.841455
109020635 0.797204 -0.041000 -0.871219 1.181624 137.502417 -2.944115 0.392010 3.842595
109020636 0.800655 -0.041000 -0.867601 1.181296 137.260613 -2.931445 0.391001 3.843667
109020637 0.804107 -0.041000 -0.863984 1.180990 137.018677 -2.918884 0.389987 3.844670
109020638 0.807558 -0.041000 -0.860366 1.180704 136.776618 -2.906430 0.388969 3.845606
109020639 0.811010 -0.041000 -0.856749 1.180439 136.534445 -2.894081 0.387946 3.846472
109020640 0.814462 -0.041000 -0.853131 1.180195 136.292167 -2.881837 0.386918 3.847271
109020641 0.817913 -0.041000 -0.849514 1.179973 136.049792 -2.869696 0.385886 3.848000
109020642 0.821365 -0.041000 -0.845896 1.179772 135.807328 -2.857657 0.384848 3.848660
109020643 0.824816 -0.041000 -0.842279 1.179592 135.564784 -2.845718 0.383806 3.849252
109020644 0.828268 -0.041000 -0.838661 1.179433 135.322170 -2.833878 0.382760 3.849774
109020645 0.831720 -0.041000 -0.835044 1.179295 135.079493 -2.822137 0.381708 3.850228
109020646 0.835171 -0.041000 -0.831426 1.179178 134.836763 -2.810492 0.380652 3.850612
109020647 0.838623 -0.041000 -0.827809 1.179083 134.593988 -2.798943 0.379591 3.850927
109020648 0.842075 -0.041000 -0.824191 1.179009 134.351177 -2.787489 0.378525 3.851172
109020649 0.845526 -0.041000 -0.820574 1.178956 134.108339 -2.776127 0.377454 3.851348
109020650 0.848978 -0.041000 -0.816956 1.178924 133.865482 -2.764858 0.376379 3.851455
109020651 0.852429 -0.041000 -0.813339 1.178913 133.622615 -2.753680 0.375298 3.851492
109020652 0.855881 -0.041000 -0.809721 1.178924 133.379747 -2.742592 0.374213 3.851460
109020653 0.859333 -0.041000 -0.806104 1.178956 133.136887 -2.731593 0.373123 3.851359
109020654 0.862784 -0.041000 -0.802486 1.179009 132.894043 -2.720681 0.372029 3.851188
109020655 0.866236 -0.041000 -0.798869 1.179083 132.651224 -2.709857 0.370929 3.850948
109020656 0.869687 -0.041000 -0.795251 1.179178 132.408439 -2.699118 0.369825 3.850639
109020657 0.873139 -0.041000 -0.791633 1.179295 132.165697 -2.688464 0.368717 3.850260
109020658 0.876591 -0.041000 -0.788016 1.179433 131.923007 -2.677893 0.367603 3.849812
109020659 0.880042 -0.041000 -0.784398 1.179592 131.680376 -2.667405 0.366485 3.849296
109020660 0.883494 -0.041000 -0.780781 1.179772 131.437814 -2.656999 0.365363 3.848710
109020661 0.886946 -0.041000 -0.777163 1.179973 131.195330 -2.646674 0.364236 3.848055
109020662 0.890397 -0.041000 -0.773546 1.180196 130.952932 -2.636429 0.363104 3.847331
109020663 0.893849 -0.041000 -0.769928 1.180439 130.710628 -2.626262 0.361968 3.846539
109020664 0.897300 -0.041000 -0.766311 1.180704 130.468428 -2.616174 0.360827 3.845678
109020665 0.900752 -0.041000 -0.762693 1.180990 130.226340 -2.606163 0.359682 3.844749
109020666 0.904204 -0.041000 -0.759076 1.181297 129.984373 -2.596228 0.358533 3.843751
109020667 0.907655 -0.041000 -0.755458 1.181625 129.742535 -2.586369 0.357379 3.842686
109020668 0.911107 -0.041000 -0.751841 1.181974 129.500834 -2.576584 0.356221 3.841552
109020669 0.914558 -0.041000 -0.748223 1.182344 129.259280 -2.566873 0.355059 3.840351
109020670 0.918010 -0.041000 -0.744606 1.182735 129.017881 -2.557234 0.353892 3.839082
109020671 0.921462 -0.041000 -0.740988 1.183147 128.776644 -2.547668 0.352722 3.837746
109020672 0.924913 -0.041000 -0.737371 1.183580 128.535579 -2.538173 0.351547 3.836343
109020673 0.928365 -0.041000 -0.733753 1.184034 128.294694 -2.528748 0.350369 3.834872
109020674 0.931817 -0.041000 -0.730136 1.184509 128.053997 -2.519394 0.349186 3.833336
109020675 0.935268 -0.041000 -0.726518 1.185005 127.813496 -2.510108 0.348000 3.831732
109020676 0.938720 -0.041000 -0.722901 1.185522 127.573201 -2.500890 0.346809 3.830063
109020677 0.942171 -0.041000 -0.719283 1.186059 127.333118 -2.491740 0.345616 3.828327
109020678 0.945623 -0.041000 -0.715666 1.186618 127.093256 -2.482656 0.344418 3.826526
109020679 0.949075 -0.041000 -0.712048 1.187197 126.853623 -2.473638 0.343217 3.824660
109020680 0.952526 -0.041000 -0.708431 1.187797 126.614228 -2.464686 0.342012 3.822729
109020681 0.955978 -0.041000 -0.704813 1.188418 126.375078 -2.455798 0.340804 3.820733
109020682 0.959430 -0.041000 -0.701196 1.189059 126.136181 -2.446973 0.339592 3.818672
109020683 0.962881 -0.041000 -0.697578 1.189721 125.897545 -2.438212 0.338377 3.816547
109020684 0.966333 -0.041000 -0.693961 1.190404 125.659178 -2.429514 0.337159 3.814359
109020685 0.969784 -0.041000 -0.690343 1.191107 125.421088 -2.420877 0.335937 3.812107
109020686 0.973236 -0.041000 -0.686726 1.191831 125.183282 -2.412302 0.334713 3.809792
109020687 0.976688 -0.041000 -0.683108 1.192576 124.945769 -2.403787 0.333485 3.807414
109020688 0.980139 -0.041000 -0.679491 1.193341 124.708555 -2.395331 0.332255 3.804974
109020689 0.983591 -0.041000 -0.675873 1.194126 124.471649 -2.386935 0.331022 3.802472
109020690 0.987042 -0.041000 -0.672256 1.194932 124.235058 -2.378598 0.329786 3.799908
109020691 0.990494 -0.041000 -0.668638 1.195758 123.998789 -2.370319 0.328547 3.797283
109020692 0.993946 -0.041000 -0.665021 1.196604 123.762849 -2.362097 0.327306 3.794597
109020693 0.997397 -0.041000 -0.661403 1.197471 123.527247 -2.353932 0.326062 3.791851
109020694 1.000849 -0.041000 -0.657786 1.198358 123.291989 -2.345823 0.324815 3.789045
109020695 1.004301 -0.041000 -0.654168 1.199265 123.057083 -2.337770 0.323567 3.786179
109020696 1.007752 -0.041000 -0.650551 1.200192 122.822534 -2.329771 0.322316 3.783254
109020697 1.011204 -0.041000 -0.646933 1.201140 122.588352 -2.321828 0.321063 3.780270
109020698 1.014655 -0.041000 -0.643316 1.202107 122.354542 -2.313938 0.319808 3.777228
109020699 1.018107 -0.041000 -0.639698 1.203095 122.121111 -2.306102 0.318550 3.774128
109020700 1.021559 -0.041000 -0.636081 1.204102 121.888067 -2.298318 0.317291 3.770970
109020701 0.679849 -0.014600 -0.994214 1.204520 145.629320 -1.230259 0.304087 3.768702
109020702 0.683300 -0.014600 -0.990596 1.203492 145.396490 -1.224046 0.304027 3.771909
109020703 0.686752 -0.014600 -0.986979 1.202484 145.163265 -1.217896 0.303961 3.775059
109020704 0.690203 -0.014600 -0.983361 1.201496 144.929653 -1.211807 0.303890 3.778152
109020705 0.693655 -0.014600 -0.979744 1.200528 144.695660 -1.205779 0.303815 3.781186
109020706 0.697107 -0.014600 -0.976126 1.199581 144.461292 -1.199811 0.303734 3.784163
109020707 0.700558 -0.014600 -0.972509 1.198653 144.226558 -1.193901 0.303647 3.787080
109020708 0.704010 -0.014600 -0.968891 1.197745 143.991463 -1.188049 0.303556 3.789939
109020709 0.707462 -0.014600 -0.965274 1.196858 143.756016 -1.182255 0.303459 3.792738
109020710 0.710913 -0.014600 -0.961656 1.195991 143.520223 -1.176516 0.303356 3.795477
109020711 0.714365 -0.014600 -0.958039 1.195144 143.284092 -1.170833 0.303248 3.798155
109020712 0.717816 -0.014600 -0.954421 1.194317 143.047629 -1.165205 0.303133 3.800773
109020713 0.721268 -0.014600 -0.950804 1.193511 142.810843 -1.159630 0.303013 3.803329
109020714 0.724720 -0.014600 -0.947186 1.192725 142.573741 -1.154109 0.302887 3.805824
109020715 0.728171 -0.014600 -0.943569 1.191960 142.336329 -1.148640 0.302755 3.808257
109020716 0.731623 -0.014600 -0.939951 1.191215 142.098617 -1.143222 0.302617 3.810627
109020717 0.735074 -0.014600 -0.936334 1.190491 141.860611 -1.137855 0.302473 3.812935
109020718 0.738526 -0.014600 -0.932716 1.189787 141.622319 -1.132539 0.302323 3.815180
109020719 0.741978 -0.014600 -0.929099 1.189104 141.383748 -1.127272 0.302166 3.817361
109020720 0.745429 -0.014600 -0.925481 1.188442 141.144908 -1.122053 0.302003 3.819479
109020721 0.748881 -0.014600 -0.921864 1.187800 140.905805 -1.116883 0.301833 3.821532
109020722 0.752333 -0.014600 -0.918246 1.187179 140.666447 -1.111760 0.301657 3.823522
109020723 0.755784 -0.014600 -0.914629 1.186578 140.426843 -1.106684 0.301474 3.825446
109020724 0.759236 -0.014600 -0.911011 1.185999 140.187000 -1.101654 0.301285 3.827306
109020725 0.762687 -0.014600 -0.907394 1.185440 139.946927 -1.096670 0.301089 3.829100
109020726 0.766139 -0.014600 -0.903776 1.184902 139.706632 -1.091730 0.300886 3.830828
109020727 0.769591 -0.014600 -0.900159 1.184385 139.466122 -1.086835 0.300676 3.832491
109020728 0.773042 -0.014600 -0.896541 1.183889 139.225406 -1.081983 0.300460 3.834088
109020729 0.776494 -0.014600 -0.892924 1.183414 138.984492 -1.077175 0.300236 3.835618
109020730 0.779945 -0.014600 -0.889306 1.182960 138.743389 -1.072409 0.300006 3.837082
109020731 0.783397 -0.014600 -0.885689 1.182526 138.502104 -1.067685 0.299768 3.838478
109020732 0.786849 -0.014600 -0.882071 1.182114 138.260647 -1.063003 0.299524 3.839808
109020733 0.790300 -0.014600 -0.878454 1.181723 138.019026 -1.058361 0.299272 3.841071
109020734 0.793752 -0.014600 -0.874836 1.181352 137.777248 -1.053760 0.299013 3.842266
109020735 0.797204 -0.014600 -0.871219 1.181003 137.535323 -1.049199 0.298747 3.843393
109020736 0.800655 -0.014600 -0.867601 1.180675 137.293259 -1.044677 0.298474 3.844452
109020737 0.804107 -0.014600 -0.863984 1.180368 137.051065 -1.040193 0.298194 3.845444
109020738 0.807558 -0.014600 -0.860366 1.180082 136.808748 -1.035748 0.297906 3.846367
109020739 0.811010 -0.014600 -0.856749 1.179817 136.566319 -1.031341 0.297611 3.847222
109020740 0.814462 -0.014600 -0.853131 1.179573 136.323785 -1.026971 0.297308 3.848009
109020741 0.817913 -0.014600 -0.849514 1.179351 136.081154 -1.022638 0.296999 3.848726
109020742 0.821365 -0.014600 -0.845896 1.179150 135.838436 -1.018342 0.296682 3.849376
109020743 0.824816 -0.014600 -0.842279 1.178969 135.595640 -1.014081 0.296357 3.849956
109020744 0.828268 -0.014600 -0.838661 1.178810 135.352773 -1.009856 0.296026 3.850467
109020745 0.831720 -0.014600 -0.835044 1.178672 135.109846 -1.005666 0.295686 3.850910
109020746 0.835171 -0.014600 -0.831426 1.178556 134.866865 -1.001511 0.295340 3.851283
109020747 0.838623 -0.014600 -0.827809 1.178460 134.623841 -0.997390 0.294986 3.851587
109020748 0.842075 -0.014600 -0.824191 1.178386 134.380781 -0.993302 0.294624 3.851823
109020749 0.845526 -0.014600 -0.820574 1.178333 134.137695 -0.989248 0.294255 3.851988
109020750 0.848978 -0.014600 -0.816956 1.178301 133.894592 -0.985227 0.293879 3.852085
109020751 0.852429 -0.014600 -0.813339 1.178291 133.651479 -0.981239 0.293495 3.852112
109020752 0.855881 -0.014600 -0.809721 1.178301 133.408367 -0.977282 0.293103 3.852070
109020753 0.859333 -0.014600 -0.806104 1.178333 133.165263 -0.973358 0.292705 3.851959
109020754 0.862784 -0.014600 -0.802486 1.178386 132.922176 -0.969464 0.292298 3.851779
109020755 0.866236 -0.014600 -0.798869 1.178460 132.679116 -0.965602 0.291885 3.851529
109020756 0.869687 -0.014600 -0.795251 1.178556 132.436090 -0.961771 0.291464 3.851210
109020757 0.873139 -0.014600 -0.791633 1.178672 132.193108 -0.957969 0.291035 3.850822
109020758 0.876591 -0.014600 -0.788016 1.178810 131.950179 -0.954198 0.290600 3.850365
109020759 0.880042 -0.014600 -0.784398 1.178969 131.707310 -0.950456 0.290157 3.849839
109020760 0.883494 -0.014600 -0.780781 1.179150 131.464511 -0.946744 0.289706 3.849244
109020761 0.886946 -0.014600 -0.777163 1.179351 131.221791 -0.943060 0.289248 3.848580
109020762 0.890397 -0.014600 -0.773546 1.179574 130.979158 -0.939405 0.288783 3.847848
109020763 0.893849 -0.014600 -0.769928 1.179817 130.736620 -0.935778 0.288311 3.847047
109020764 0.897300 -0.014600 -0.766311 1.180082 130.494187 -0.932179 0.287831 3.846177
109020765 0.900752 -0.014600 -0.762693 1.180368 130.251867 -0.928608 0.287345 3.845239
109020766 0.904204 -0.014600 -0.759076 1.180675 130.009669 -0.925063 0.286851 3.844233
109020767 0.907655 -0.014600 -0.755458 1.181003 129.767601 -0.921546 0.286349 3.843159
109020768 0.911107 -0.014600 -0.751841 1.181352 129.525671 -0.918056 0.285841 3.842017
109020769 0.914558 -0.014600 -0.748223 1.181723 129.283889 -0.914591 0.285326 3.840808
109020770 0.918010 -0.014600 -0.744606 1.182114 129.042262 -0.911153 0.284804 3.839531
109020771 0.921462 -0.014600 -0.740988 1.182526 128.800799 -0.907741 0.284274 3.838186
109020772 0.924913 -0.014600 -0.737371 1.182960 128.559509 -0.904354 0.283738 3.836775
109020773 0.928365 -0.014600 -0.733753 1.183414 128.318400 -0.900992 0.283195 3.835297
109020774 0.931817 -0.014600 -0.730136 1.183889 128.077480 -0.897655 0.282645 3.833752
109020775 0.935268 -0.014600 -0.726518 1.184385 127.836758 -0.894343 0.282088 3.832141
109020776 0.938720 -0.014600 -0.722901 1.184902 127.596241 -0.891055 0.281525 3.830464
109020777 0.942171 -0.014600 -0.719283 1.185440 127.355938 -0.887791 0.280954 3.828721
109020778 0.945623 -0.014600 -0.715666 1.185999 127.115858 -0.884551 0.280377 3.826912
109020779 0.949075 -0.014600 -0.712048 1.186579 126.876007 -0.881335 0.279794 3.825038
109020780 0.952526 -0.014600 -0.708431 1.187179 126.636395 -0.878142 0.279204 3.823099
109020781 0.955978 -0.014600 -0.704813 1.187800 126.397029 -0.874971 0.278607 3.821095
109020782 0.959430 -0.014600 -0.701196 1.188442 126.157918 -0.871824 0.278005 3.819027
109020783 0.962881 -0.014600 -0.697578 1.189104 125.919068 -0.868699 0.277395 3.816895
109020784 0.966333 -0.014600 -0.693961 1.189787 125.680489 -0.865597 0.276780 3.814699
109020785 0.969784 -0.014600 -0.690343 1.190491 125.442187 -0.862517 0.276158 3.812440
109020786 0.973236 -0.014600 -0.686726 1.191215 125.204171 -0.859458 0.275530 3.810118
109020787 0.976688 -0.014600 -0.683108 1.191960 124.966449 -0.856421 0.274896 3.807733
109020788 0.980139 -0.014600 -0.679491 1.192725 124.729027 -0.853406 0.274256 3.805286
109020789 0.983591 -0.014600 -0.675873 1.193511 124.491914 -0.850412 0.273610 3.802776
109020790 0.987042 -0.014600 -0.672256 1.194317 124.255116 -0.847438 0.272958 3.800205
109020791 0.990494 -0.014600 -0.668638 1.195144 124.018642 -0.844485 0.272300 3.797573
109020792 0.993946 -0.014600 -0.665021 1.195991 123.782499 -0.841553 0.271637 3.794880
109020793 0.997397 -0.014600 -0.661403 1.196858 123.546694 -0.838641 0.270968 3.792127
109020794 1.000849 -0.014600 -0.657786 1.197745 123.311235 -0.835750 0.270293 3.789314
109020795 1.004301 -0.014600 -0.654168 1.198653 123.076128 -0.832878 0.269613 3.786441
109020796 1.007752 -0.014600 -0.650551 1.199581 122.841380 -0.830025 0.268927 3.783509
109020797 1.011204 -0.014600 -0.646933 1.200529 122.607000 -0.827193 0.268236 3.780518
109020798 1.014655 -0.014600 -0.643316 1.201496 122.372993 -0.824379 0.267540 3.777469
109020799 1.018107 -0.014600 -0.639698 1.202484 122.139366 -0.821585 0.266838 3.774363
109020800 1.021559 -0.014600 -0.636081 1.203492 121.906127 -0.818809 0.266132 3.771198
