# pixelID   x   y   z   l2  two_theta   azimuthal   polar_width azimuthal_width
102010001 -0.588502 -0.627400 2.697635 2.831466 17.686265 -133.167682 1.161400 1.116412
102010002 -0.589762 -0.627400 2.692796 2.827119 17.732709 -133.228824 1.161872 1.119356
102010003 -0.591022 -0.627400 2.687957 2.822774 17.779314 -133.289843 1.162345 1.122306
102010004 -0.592282 -0.627400 2.683119 2.818431 17.826082 -133.350740 1.162818 1.125260
102010005 -0.593542 -0.627400 2.678280 2.814091 17.873014 -133.411516 1.163292 1.128218
102010006 -0.594801 -0.627400 2.673441 2.809752 17.920109 -133.472169 1.163766 1.131181
102010007 -0.596061 -0.627400 2.668603 2.805416 17.967368 -133.532701 1.164241 1.134149
102010008 -0.597321 -0.627400 2.663764 2.801082 18.014793 -133.593112 1.164716 1.137121
102010009 -0.598581 -0.627400 2.658925 2.796750 18.062383 -133.653402 1.165192 1.140098
102010010 -0.599841 -0.627400 2.654087 2.792421 18.110140 -133.713571 1.165668 1.143079
102010011 -0.601101 -0.627400 2.649248 2.788094 18.158063 -133.773619 1.166145 1.146065
102010012 -0.602361 -0.627400 2.644409 2.783769 18.206154 -133.833547 1.166622 1.149056
102010013 -0.603620 -0.627400 2.639570 2.779446 18.254413 -133.893355 1.167100 1.152051
102010014 -0.604880 -0.627400 2.634732 2.775126 18.302842 -133.953043 1.167578 1.155051
102010015 -0.606140 -0.627400 2.629893 2.770808 18.351439 -134.012612 1.168057 1.158056
102010016 -0.607400 -0.627400 2.625054 2.766492 18.400207 -134.072061 1.168536 1.161065
102010017 -0.608660 -0.627400 2.620216 2.762178 18.449146 -134.131390 1.169015 1.164079
102010018 -0.609920 -0.627400 2.615377 2.757867 18.498256 -134.190601 1.169495 1.167098
102010019 -0.611179 -0.627400 2.610538 2.753558 18.547538 -134.249693 1.169976 1.170122
102010020 -0.612439 -0.627400 2.605700 2.749252 18.596993 -134.308667 1.170456 1.173151
102010021 -0.613699 -0.627400 2.600861 2.744947 18.646622 -134.367522 1.170938 1.176184
102010022 -0.614959 -0.627400 2.596022 2.740645 18.696424 -134.426259 1.171419 1.179223
102010023 -0.616219 -0.627400 2.591184 2.736346 18.746402 -134.484879 1.171901 1.182266
102010024 -0.617479 -0.627400 2.586345 2.732049 18.796555 -134.543381 1.172384 1.185314
102010025 -0.618739 -0.627400 2.581506 2.727754 18.846884 -134.601765 1.172866 1.188368
102010026 -0.619998 -0.627400 2.576668 2.723462 18.897390 -134.660033 1.173349 1.191426
102010027 -0.621258 -0.627400 2.571829 2.719172 18.948074 -134.718183 1.173833 1.194489
102010028 -0.622518 -0.627400 2.566990 2.714885 18.998935 -134.776217 1.174317 1.197557
102010029 -0.623778 -0.627400 2.562152 2.710600 19.049976 -134.834135 1.174801 1.200630
102010030 -0.625038 -0.627400 2.557313 2.706317 19.101197 -134.891936 1.175286 1.203708
102010031 -0.626298 -0.627400 2.552474 2.702037 19.152597 -134.949621 1.175771 1.206791
102010032 -0.627558 -0.627400 2.547636 2.697760 19.204179 -135.007191 1.176256 1.209880
102010033 -0.628817 -0.627400 2.542797 2.693484 19.255943 -135.064645 1.176741 1.212973
102010034 -0.630077 -0.627400 2.537958 2.689212 19.307889 -135.121984 1.177227 1.216072
102010035 -0.631337 -0.627400 2.533120 2.684942 19.360018 -135.179208 1.177713 1.219175
102010036 -0.632597 -0.627400 2.528281 2.680674 19.412331 -135.236317 1.178200 1.222284
102010037 -0.633857 -0.627400 2.523442 2.676409 19.464829 -135.293312 1.178687 1.225398
102010038 -0.635117 -0.627400 2.518604 2.672147 19.517512 -135.350192 1.179174 1.228517
102010039 -0.636376 -0.627400 2.513765 2.667887 19.570381 -135.406958 1.179661 1.231642
102010040 -0.637636 -0.627400 2.508926 2.663629 19.623437 -135.463610 1.180148 1.234772
102010041 -0.638896 -0.627400 2.504088 2.659375 19.676680 -135.520149 1.180636 1.237907
102010042 -0.640156 -0.627400 2.499249 2.655123 19.730112 -135.576574 1.181124 1.241047
102010043 -0.641416 -0.627400 2.494410 2.650873 19.783733 -135.632886 1.181612 1.244193
102010044 -0.642676 -0.627400 2.489572 2.646626 19.837543 -135.689085 1.182101 1.247344
102010045 -0.643936 -0.627400 2.484733 2.642382 19.891544 -135.745171 1.182589 1.250500
102010046 -0.645195 -0.627400 2.479894 2.638140 19.945736 -135.801145 1.183078 1.253662
102010047 -0.646455 -0.627400 2.475056 2.633901 20.000121 -135.857007 1.183567 1.256829
102010048 -0.647715 -0.627400 2.470217 2.629665 20.054698 -135.912757 1.184056 1.260001
102010049 -0.648975 -0.627400 2.465378 2.625431 20.109468 -135.968395 1.184545 1.263179
102010050 -0.650235 -0.627400 2.460539 2.621200 20.164433 -136.023921 1.185034 1.266363
102010051 -0.651495 -0.627400 2.455701 2.616972 20.219593 -136.079336 1.185523 1.269552
102010052 -0.652754 -0.627400 2.450862 2.612747 20.274949 -136.134640 1.186013 1.272746
102010053 -0.654014 -0.627400 2.446023 2.608524 20.330501 -136.189833 1.186502 1.275946
102010054 -0.655274 -0.627400 2.441185 2.604304 20.386251 -136.244916 1.186992 1.279152
102010055 -0.656534 -0.627400 2.436346 2.600087 20.442199 -136.299888 1.187482 1.282363
102010056 -0.657794 -0.627400 2.431507 2.595872 20.498346 -136.354750 1.187971 1.285580
102010057 -0.659054 -0.627400 2.426669 2.591660 20.554693 -136.409502 1.188461 1.288802
102010058 -0.660314 -0.627400 2.421830 2.587452 20.611241 -136.464144 1.188951 1.292030
102010059 -0.661573 -0.627400 2.416991 2.583246 20.667989 -136.518677 1.189440 1.295264
102010060 -0.662833 -0.627400 2.412153 2.579042 20.724940 -136.573100 1.189930 1.298503
102010061 -0.664093 -0.627400 2.407314 2.574842 20.782094 -136.627415 1.190420 1.301748
102010062 -0.665353 -0.627400 2.402475 2.570645 20.839452 -136.681621 1.190909 1.304999
102010063 -0.666613 -0.627400 2.397637 2.566450 20.897014 -136.735718 1.191399 1.308255
102010064 -0.667873 -0.627400 2.392798 2.562258 20.954782 -136.789707 1.191888 1.311518
102010065 -0.669133 -0.627400 2.387959 2.558069 21.012756 -136.843588 1.192377 1.314786
102010066 -0.670392 -0.627400 2.383121 2.553883 21.070936 -136.897361 1.192866 1.318060
102010067 -0.671652 -0.627400 2.378282 2.549701 21.129325 -136.951026 1.193355 1.321339
102010068 -0.672912 -0.627400 2.373443 2.545521 21.187923 -137.004584 1.193844 1.324625
102010069 -0.674172 -0.627400 2.368605 2.541343 21.246730 -137.058035 1.194333 1.327916
102010070 -0.675432 -0.627400 2.363766 2.537169 21.305748 -137.111378 1.194821 1.331213
102010071 -0.676692 -0.627400 2.358927 2.532998 21.364976 -137.164615 1.195310 1.334516
102010072 -0.677951 -0.627400 2.354089 2.528830 21.424417 -137.217746 1.195798 1.337826
102010073 -0.679211 -0.627400 2.349250 2.524665 21.484071 -137.270770 1.196285 1.341141
102010074 -0.680471 -0.627400 2.344411 2.520503 21.543939 -137.323689 1.196773 1.344462
102010075 -0.681731 -0.627400 2.339573 2.516344 21.604021 -137.376501 1.197260 1.347789
102010076 -0.682991 -0.627400 2.334734 2.512188 21.664319 -137.429208 1.197747 1.351122
102010077 -0.684251 -0.627400 2.329895 2.508035 21.724833 -137.481809 1.198233 1.354461
102010078 -0.685511 -0.627400 2.325057 2.503886 21.785564 -137.534306 1.198720 1.357806
102010079 -0.686770 -0.627400 2.320218 2.499739 21.846514 -137.586697 1.199205 1.361157
102010080 -0.688030 -0.627400 2.315379 2.495596 21.907683 -137.638984 1.199691 1.364514
102010081 -0.689290 -0.627400 2.310541 2.491455 21.969071 -137.691167 1.200176 1.367877
102010082 -0.690550 -0.627400 2.305702 2.487318 22.030680 -137.743245 1.200660 1.371247
102010083 -0.691810 -0.627400 2.300863 2.483184 22.092511 -137.795219 1.201144 1.374623
102010084 -0.693070 -0.627400 2.296025 2.479053 22.154565 -137.847089 1.201628 1.378004
102010085 -0.694329 -0.627400 2.291186 2.474926 22.216842 -137.898856 1.202111 1.381392
102010086 -0.695589 -0.627400 2.286347 2.470801 22.279343 -137.950520 1.202593 1.384787
102010087 -0.696849 -0.627400 2.281508 2.466680 22.342070 -138.002080 1.203075 1.388187
102010088 -0.698109 -0.627400 2.276670 2.462562 22.405022 -138.053538 1.203556 1.391594
102010089 -0.699369 -0.627400 2.271831 2.458448 22.468202 -138.104893 1.204037 1.395006
102010090 -0.700629 -0.627400 2.266992 2.454336 22.531610 -138.156146 1.204517 1.398426
102010091 -0.701889 -0.627400 2.262154 2.450228 22.595247 -138.207296 1.204996 1.401851
102010092 -0.703148 -0.627400 2.257315 2.446123 22.659113 -138.258344 1.205475 1.405283
102010093 -0.704408 -0.627400 2.252476 2.442022 22.723211 -138.309291 1.205953 1.408721
102010094 -0.705668 -0.627400 2.247638 2.437924 22.787540 -138.360136 1.206430 1.412166
102010095 -0.706928 -0.627400 2.242799 2.433829 22.852102 -138.410880 1.206907 1.415617
102010096 -0.708188 -0.627400 2.237960 2.429738 22.916897 -138.461523 1.207382 1.419074
102010097 -0.709448 -0.627400 2.233122 2.425650 22.981927 -138.512065 1.207857 1.422538
102010098 -0.710708 -0.627400 2.228283 2.421566 23.047192 -138.562506 1.208331 1.426008
102010099 -0.711967 -0.627400 2.223444 2.417485 23.112694 -138.612847 1.208804 1.429484
102010100 -0.713227 -0.627400 2.218606 2.413407 23.178433 -138.663088 1.209277 1.432967
102010101 -0.588502 -0.601000 2.697635 2.825733 17.318040 -134.398030 1.143083 1.143161
102010102 -0.589762 -0.601000 2.692796 2.821377 17.364389 -134.459281 1.143513 1.146133
102010103 -0.591022 -0.601000 2.687957 2.817024 17.410899 -134.520403 1.143944 1.149109
102010104 -0.592282 -0.601000 2.683119 2.812672 17.457572 -134.581398 1.144376 1.152090
102010105 -0.593542 -0.601000 2.678280 2.808323 17.504408 -134.642265 1.144809 1.155076
102010106 -0.594801 -0.601000 2.673441 2.803975 17.551407 -134.703004 1.145242 1.158066
102010107 -0.596061 -0.601000 2.668603 2.799630 17.598571 -134.763616 1.145676 1.161060
102010108 -0.597321 -0.601000 2.663764 2.795287 17.645901 -134.824102 1.146111 1.164059
102010109 -0.598581 -0.601000 2.658925 2.790947 17.693396 -134.884461 1.146546 1.167063
102010110 -0.599841 -0.601000 2.654087 2.786608 17.741057 -134.944693 1.146982 1.170071
102010111 -0.601101 -0.601000 2.649248 2.782272 17.788885 -135.004799 1.147418 1.173084
102010112 -0.602361 -0.601000 2.644409 2.777938 17.836881 -135.064779 1.147855 1.176102
102010113 -0.603620 -0.601000 2.639570 2.773606 17.885045 -135.124634 1.148293 1.179125
102010114 -0.604880 -0.601000 2.634732 2.769277 17.933378 -135.184363 1.148731 1.182152
102010115 -0.606140 -0.601000 2.629893 2.764949 17.981880 -135.243968 1.149170 1.185183
102010116 -0.607400 -0.601000 2.625054 2.760624 18.030553 -135.303447 1.149610 1.188220
102010117 -0.608660 -0.601000 2.620216 2.756302 18.079397 -135.362802 1.150050 1.191261
102010118 -0.609920 -0.601000 2.615377 2.751981 18.128412 -135.422033 1.150491 1.194308
102010119 -0.611179 -0.601000 2.610538 2.747663 18.177599 -135.481139 1.150932 1.197359
102010120 -0.612439 -0.601000 2.605700 2.743347 18.226959 -135.540122 1.151374 1.200415
102010121 -0.613699 -0.601000 2.600861 2.739034 18.276493 -135.598982 1.151816 1.203475
102010122 -0.614959 -0.601000 2.596022 2.734723 18.326201 -135.657718 1.152259 1.206541
102010123 -0.616219 -0.601000 2.591184 2.730414 18.376084 -135.716331 1.152703 1.209612
102010124 -0.617479 -0.601000 2.586345 2.726107 18.426142 -135.774821 1.153147 1.212687
102010125 -0.618739 -0.601000 2.581506 2.721803 18.476377 -135.833189 1.153591 1.215768
102010126 -0.619998 -0.601000 2.576668 2.717502 18.526789 -135.891435 1.154036 1.218853
102010127 -0.621258 -0.601000 2.571829 2.713202 18.577378 -135.949559 1.154482 1.221944
102010128 -0.622518 -0.601000 2.566990 2.708906 18.628146 -136.007562 1.154928 1.225039
102010129 -0.623778 -0.601000 2.562152 2.704611 18.679092 -136.065442 1.155375 1.228140
102010130 -0.625038 -0.601000 2.557313 2.700319 18.730219 -136.123202 1.155822 1.231246
102010131 -0.626298 -0.601000 2.552474 2.696029 18.781525 -136.180841 1.156270 1.234356
102010132 -0.627558 -0.601000 2.547636 2.691742 18.833013 -136.238360 1.156718 1.237472
102010133 -0.628817 -0.601000 2.542797 2.687458 18.884683 -136.295758 1.157167 1.240593
102010134 -0.630077 -0.601000 2.537958 2.683175 18.936536 -136.353036 1.157616 1.243720
102010135 -0.631337 -0.601000 2.533120 2.678896 18.988571 -136.410194 1.158065 1.246851
102010136 -0.632597 -0.601000 2.528281 2.674619 19.040791 -136.467232 1.158516 1.249988
102010137 -0.633857 -0.601000 2.523442 2.670344 19.093195 -136.524152 1.158966 1.253129
102010138 -0.635117 -0.601000 2.518604 2.666072 19.145785 -136.580952 1.159417 1.256277
102010139 -0.636376 -0.601000 2.513765 2.661802 19.198561 -136.637633 1.159868 1.259429
102010140 -0.637636 -0.601000 2.508926 2.657535 19.251524 -136.694196 1.160320 1.262587
102010141 -0.638896 -0.601000 2.504088 2.653270 19.304675 -136.750641 1.160772 1.265750
102010142 -0.640156 -0.601000 2.499249 2.649008 19.358014 -136.806968 1.161225 1.268918
102010143 -0.641416 -0.601000 2.494410 2.644749 19.411542 -136.863177 1.161677 1.272092
102010144 -0.642676 -0.601000 2.489572 2.640492 19.465261 -136.919269 1.162131 1.275271
102010145 -0.643936 -0.601000 2.484733 2.636238 19.519169 -136.975243 1.162584 1.278456
102010146 -0.645195 -0.601000 2.479894 2.631987 19.573270 -137.031101 1.163038 1.281646
102010147 -0.646455 -0.601000 2.475056 2.627738 19.627562 -137.086841 1.163493 1.284841
102010148 -0.647715 -0.601000 2.470217 2.623491 19.682048 -137.142466 1.163947 1.288042
102010149 -0.648975 -0.601000 2.465378 2.619248 19.736727 -137.197974 1.164402 1.291249
102010150 -0.650235 -0.601000 2.460539 2.615007 19.791601 -137.253366 1.164857 1.294461
102010151 -0.651495 -0.601000 2.455701 2.610769 19.846669 -137.308643 1.165313 1.297678
102010152 -0.652754 -0.601000 2.450862 2.606533 19.901934 -137.363804 1.165768 1.300901
102010153 -0.654014 -0.601000 2.446023 2.602300 19.957396 -137.418851 1.166224 1.304130
102010154 -0.655274 -0.601000 2.441185 2.598070 20.013056 -137.473782 1.166681 1.307364
102010155 -0.656534 -0.601000 2.436346 2.593843 20.068914 -137.528599 1.167137 1.310604
102010156 -0.657794 -0.601000 2.431507 2.589618 20.124971 -137.583301 1.167594 1.313850
102010157 -0.659054 -0.601000 2.426669 2.585396 20.181228 -137.637890 1.168051 1.317101
102010158 -0.660314 -0.601000 2.421830 2.581177 20.237686 -137.692364 1.168508 1.320358
102010159 -0.661573 -0.601000 2.416991 2.576961 20.294345 -137.746725 1.168965 1.323621
102010160 -0.662833 -0.601000 2.412153 2.572748 20.351207 -137.800973 1.169422 1.326890
102010161 -0.664093 -0.601000 2.407314 2.568537 20.408272 -137.855107 1.169880 1.330164
102010162 -0.665353 -0.601000 2.402475 2.564329 20.465541 -137.909129 1.170338 1.333444
102010163 -0.666613 -0.601000 2.397637 2.560124 20.523015 -137.963038 1.170795 1.336730
102010164 -0.667873 -0.601000 2.392798 2.555922 20.580695 -138.016835 1.171253 1.340022
102010165 -0.669133 -0.601000 2.387959 2.551723 20.638581 -138.070520 1.171711 1.343319
102010166 -0.670392 -0.601000 2.383121 2.547526 20.696675 -138.124093 1.172169 1.346623
102010167 -0.671652 -0.601000 2.378282 2.543333 20.754977 -138.177555 1.172627 1.349932
102010168 -0.672912 -0.601000 2.373443 2.539143 20.813487 -138.230905 1.173085 1.353248
102010169 -0.674172 -0.601000 2.368605 2.534955 20.872208 -138.284144 1.173543 1.356569
102010170 -0.675432 -0.601000 2.363766 2.530770 20.931139 -138.337273 1.174001 1.359896
102010171 -0.676692 -0.601000 2.358927 2.526589 20.990282 -138.390291 1.174459 1.363230
102010172 -0.677951 -0.601000 2.354089 2.522410 21.049638 -138.443199 1.174917 1.366569
102010173 -0.679211 -0.601000 2.349250 2.518234 21.109207 -138.495997 1.175375 1.369914
102010174 -0.680471 -0.601000 2.344411 2.514062 21.168989 -138.548685 1.175833 1.373265
102010175 -0.681731 -0.601000 2.339573 2.509892 21.228987 -138.601263 1.176291 1.376623
102010176 -0.682991 -0.601000 2.334734 2.505725 21.289201 -138.653733 1.176748 1.379986
102010177 -0.684251 -0.601000 2.329895 2.501562 21.349631 -138.706093 1.177206 1.383356
102010178 -0.685511 -0.601000 2.325057 2.497401 21.410280 -138.758345 1.177663 1.386732
102010179 -0.686770 -0.601000 2.320218 2.493244 21.471146 -138.810488 1.178120 1.390114
102010180 -0.688030 -0.601000 2.315379 2.489090 21.532232 -138.862523 1.178577 1.393502
102010181 -0.689290 -0.601000 2.310541 2.484939 21.593539 -138.914450 1.179034 1.396896
102010182 -0.690550 -0.601000 2.305702 2.480790 21.655066 -138.966269 1.179490 1.400297
102010183 -0.691810 -0.601000 2.300863 2.476646 21.716816 -139.017981 1.179946 1.403704
102010184 -0.693070 -0.601000 2.296025 2.472504 21.778789 -139.069586 1.180402 1.407117
102010185 -0.694329 -0.601000 2.291186 2.468365 21.840985 -139.121083 1.180858 1.410536
102010186 -0.695589 -0.601000 2.286347 2.464230 21.903406 -139.172474 1.181313 1.413962
102010187 -0.696849 -0.601000 2.281508 2.460098 21.966053 -139.223758 1.181768 1.417394
102010188 -0.698109 -0.601000 2.276670 2.455969 22.028927 -139.274937 1.182222 1.420833
102010189 -0.699369 -0.601000 2.271831 2.451843 22.092028 -139.326009 1.182677 1.424277
102010190 -0.700629 -0.601000 2.266992 2.447721 22.155358 -139.376975 1.183130 1.427729
102010191 -0.701889 -0.601000 2.262154 2.443602 22.218917 -139.427836 1.183583 1.431186
102010192 -0.703148 -0.601000 2.257315 2.439486 22.282707 -139.478592 1.184036 1.434650
102010193 -0.704408 -0.601000 2.252476 2.435373 22.346728 -139.529243 1.184488 1.438121
102010194 -0.705668 -0.601000 2.247638 2.431264 22.410981 -139.579789 1.184940 1.441598
102010195 -0.706928 -0.601000 2.242799 2.427158 22.475467 -139.630230 1.185391 1.445081
102010196 -0.708188 -0.601000 2.237960 2.423055 22.540187 -139.680567 1.185842 1.448571
102010197 -0.709448 -0.601000 2.233122 2.418956 22.605143 -139.730800 1.186292 1.452067
102010198 -0.710708 -0.601000 2.228283 2.414861 22.670335 -139.780930 1.186741 1.455570
102010199 -0.711967 -0.601000 2.223444 2.410768 22.735763 -139.830956 1.187190 1.459080
102010200 -0.713227 -0.601000 2.218606 2.406679 22.801430 -139.880879 1.187638 1.462596
102010201 -0.588502 -0.574600 2.697635 2.820236 16.956219 -135.684806 1.122851 1.170482
102010202 -0.589762 -0.574600 2.692796 2.815872 17.002486 -135.746050 1.123238 1.173477
102010203 -0.591022 -0.574600 2.687957 2.811510 17.048915 -135.807160 1.123626 1.176477
102010204 -0.592282 -0.574600 2.683119 2.807149 17.095507 -135.868136 1.124015 1.179482
102010205 -0.593542 -0.574600 2.678280 2.802791 17.142261 -135.928978 1.124404 1.182491
102010206 -0.594801 -0.574600 2.673441 2.798436 17.189179 -135.989688 1.124795 1.185504
102010207 -0.596061 -0.574600 2.668603 2.794082 17.236262 -136.050264 1.125186 1.188523
102010208 -0.597321 -0.574600 2.663764 2.789730 17.283510 -136.110708 1.125578 1.191545
102010209 -0.598581 -0.574600 2.658925 2.785381 17.330924 -136.171020 1.125970 1.194573
102010210 -0.599841 -0.574600 2.654087 2.781034 17.378503 -136.231199 1.126364 1.197605
102010211 -0.601101 -0.574600 2.649248 2.776689 17.426250 -136.291247 1.126758 1.200641
102010212 -0.602361 -0.574600 2.644409 2.772346 17.474164 -136.351164 1.127153 1.203683
102010213 -0.603620 -0.574600 2.639570 2.768006 17.522247 -136.410949 1.127549 1.206729
102010214 -0.604880 -0.574600 2.634732 2.763667 17.570498 -136.470604 1.127945 1.209780
102010215 -0.606140 -0.574600 2.629893 2.759331 17.618919 -136.530128 1.128343 1.212835
102010216 -0.607400 -0.574600 2.625054 2.754997 17.667511 -136.589522 1.128741 1.215896
102010217 -0.608660 -0.574600 2.620216 2.750666 17.716273 -136.648787 1.129140 1.218961
102010218 -0.609920 -0.574600 2.615377 2.746337 17.765206 -136.707921 1.129539 1.222031
102010219 -0.611179 -0.574600 2.610538 2.742010 17.814312 -136.766926 1.129940 1.225106
102010220 -0.612439 -0.574600 2.605700 2.737685 17.863591 -136.825803 1.130341 1.228186
102010221 -0.613699 -0.574600 2.600861 2.733362 17.913043 -136.884550 1.130742 1.231271
102010222 -0.614959 -0.574600 2.596022 2.729042 17.962669 -136.943170 1.131145 1.234360
102010223 -0.616219 -0.574600 2.591184 2.724725 18.012471 -137.001661 1.131548 1.237455
102010224 -0.617479 -0.574600 2.586345 2.720409 18.062448 -137.060024 1.131952 1.240554
102010225 -0.618739 -0.574600 2.581506 2.716096 18.112601 -137.118260 1.132357 1.243659
102010226 -0.619998 -0.574600 2.576668 2.711785 18.162931 -137.176368 1.132762 1.246769
102010227 -0.621258 -0.574600 2.571829 2.707477 18.213439 -137.234350 1.133168 1.249883
102010228 -0.622518 -0.574600 2.566990 2.703171 18.264125 -137.292205 1.133575 1.253003
102010229 -0.623778 -0.574600 2.562152 2.698867 18.314991 -137.349934 1.133982 1.256128
102010230 -0.625038 -0.574600 2.557313 2.694566 18.366036 -137.407537 1.134390 1.259258
102010231 -0.626298 -0.574600 2.552474 2.690267 18.417261 -137.465014 1.134799 1.262393
102010232 -0.627558 -0.574600 2.547636 2.685971 18.468668 -137.522366 1.135208 1.265533
102010233 -0.628817 -0.574600 2.542797 2.681677 18.520257 -137.579592 1.135618 1.268678
102010234 -0.630077 -0.574600 2.537958 2.677386 18.572028 -137.636694 1.136029 1.271829
102010235 -0.631337 -0.574600 2.533120 2.673097 18.623983 -137.693671 1.136440 1.274985
102010236 -0.632597 -0.574600 2.528281 2.668810 18.676122 -137.750524 1.136852 1.278146
102010237 -0.633857 -0.574600 2.523442 2.664526 18.728445 -137.807253 1.137264 1.281312
102010238 -0.635117 -0.574600 2.518604 2.660245 18.780954 -137.863859 1.137677 1.284484
102010239 -0.636376 -0.574600 2.513765 2.655966 18.833650 -137.920341 1.138091 1.287661
102010240 -0.637636 -0.574600 2.508926 2.651689 18.886532 -137.976700 1.138505 1.290844
102010241 -0.638896 -0.574600 2.504088 2.647415 18.939602 -138.032936 1.138920 1.294031
102010242 -0.640156 -0.574600 2.499249 2.643144 18.992861 -138.089050 1.139335 1.297225
102010243 -0.641416 -0.574600 2.494410 2.638875 19.046309 -138.145041 1.139751 1.300423
102010244 -0.642676 -0.574600 2.489572 2.634609 19.099947 -138.200911 1.140168 1.303627
102010245 -0.643936 -0.574600 2.484733 2.630345 19.153776 -138.256659 1.140585 1.306837
102010246 -0.645195 -0.574600 2.479894 2.626084 19.207796 -138.312286 1.141002 1.310052
102010247 -0.646455 -0.574600 2.475056 2.621826 19.262008 -138.367791 1.141420 1.313272
102010248 -0.647715 -0.574600 2.470217 2.617570 19.316414 -138.423176 1.141839 1.316499
102010249 -0.648975 -0.574600 2.465378 2.613317 19.371014 -138.478441 1.142258 1.319730
102010250 -0.650235 -0.574600 2.460539 2.609066 19.425808 -138.533585 1.142677 1.322968
102010251 -0.651495 -0.574600 2.455701 2.604818 19.480797 -138.588610 1.143097 1.326210
102010252 -0.652754 -0.574600 2.450862 2.600573 19.535983 -138.643515 1.143517 1.329459
102010253 -0.654014 -0.574600 2.446023 2.596330 19.591366 -138.698300 1.143938 1.332713
102010254 -0.655274 -0.574600 2.441185 2.592090 19.646946 -138.752967 1.144359 1.335973
102010255 -0.656534 -0.574600 2.436346 2.587853 19.702725 -138.807515 1.144781 1.339239
102010256 -0.657794 -0.574600 2.431507 2.583619 19.758704 -138.861944 1.145203 1.342510
102010257 -0.659054 -0.574600 2.426669 2.579387 19.814883 -138.916256 1.145625 1.345787
102010258 -0.660314 -0.574600 2.421830 2.575158 19.871262 -138.970450 1.146048 1.349070
102010259 -0.661573 -0.574600 2.416991 2.570932 19.927844 -139.024526 1.146471 1.352359
102010260 -0.662833 -0.574600 2.412153 2.566709 19.984628 -139.078484 1.146895 1.355653
102010261 -0.664093 -0.574600 2.407314 2.562488 20.041615 -139.132326 1.147318 1.358954
102010262 -0.665353 -0.574600 2.402475 2.558270 20.098807 -139.186051 1.147743 1.362260
102010263 -0.666613 -0.574600 2.397637 2.554056 20.156203 -139.239660 1.148167 1.365572
102010264 -0.667873 -0.574600 2.392798 2.549843 20.213806 -139.293152 1.148592 1.368890
102010265 -0.669133 -0.574600 2.387959 2.545634 20.271616 -139.346529 1.149017 1.372214
102010266 -0.670392 -0.574600 2.383121 2.541428 20.329633 -139.399790 1.149442 1.375544
102010267 -0.671652 -0.574600 2.378282 2.537224 20.387858 -139.452936 1.149867 1.378880
102010268 -0.672912 -0.574600 2.373443 2.533024 20.446293 -139.505967 1.150293 1.382222
102010269 -0.674172 -0.574600 2.368605 2.528826 20.504938 -139.558883 1.150719 1.385570
102010270 -0.675432 -0.574600 2.363766 2.524631 20.563793 -139.611685 1.151145 1.388924
102010271 -0.676692 -0.574600 2.358927 2.520439 20.622861 -139.664372 1.151571 1.392284
102010272 -0.677951 -0.574600 2.354089 2.516251 20.682141 -139.716946 1.151997 1.395651
102010273 -0.679211 -0.574600 2.349250 2.512065 20.741635 -139.769406 1.152424 1.399023
102010274 -0.680471 -0.574600 2.344411 2.507882 20.801343 -139.821753 1.152850 1.402402
102010275 -0.681731 -0.574600 2.339573 2.503702 20.861267 -139.873987 1.153277 1.405786
102010276 -0.682991 -0.574600 2.334734 2.499525 20.921407 -139.926108 1.153704 1.409177
102010277 -0.684251 -0.574600 2.329895 2.495351 20.981764 -139.978116 1.154131 1.412575
102010278 -0.685511 -0.574600 2.325057 2.491180 21.042339 -140.030013 1.154558 1.415978
102010279 -0.686770 -0.574600 2.320218 2.487012 21.103132 -140.081797 1.154984 1.419388
102010280 -0.688030 -0.574600 2.315379 2.482848 21.164146 -140.133470 1.155411 1.422804
102010281 -0.689290 -0.574600 2.310541 2.478686 21.225380 -140.185031 1.155838 1.426226
102010282 -0.690550 -0.574600 2.305702 2.474527 21.286835 -140.236482 1.156265 1.429654
102010283 -0.691810 -0.574600 2.300863 2.470372 21.348513 -140.287821 1.156692 1.433089
102010284 -0.693070 -0.574600 2.296025 2.466220 21.410415 -140.339050 1.157119 1.436531
102010285 -0.694329 -0.574600 2.291186 2.462071 21.472541 -140.390169 1.157545 1.439978
102010286 -0.695589 -0.574600 2.286347 2.457925 21.534891 -140.441178 1.157972 1.443432
102010287 -0.696849 -0.574600 2.281508 2.453782 21.597468 -140.492077 1.158398 1.446893
102010288 -0.698109 -0.574600 2.276670 2.449642 21.660272 -140.542866 1.158824 1.450360
102010289 -0.699369 -0.574600 2.271831 2.445506 21.723304 -140.593547 1.159250 1.453834
102010290 -0.700629 -0.574600 2.266992 2.441373 21.786565 -140.644118 1.159676 1.457314
102010291 -0.701889 -0.574600 2.262154 2.437243 21.850056 -140.694581 1.160101 1.460800
102010292 -0.703148 -0.574600 2.257315 2.433116 21.913778 -140.744936 1.160527 1.464293
102010293 -0.704408 -0.574600 2.252476 2.428993 21.977731 -140.795182 1.160952 1.467793
102010294 -0.705668 -0.574600 2.247638 2.424873 22.041917 -140.845321 1.161376 1.471299
102010295 -0.706928 -0.574600 2.242799 2.420756 22.106337 -140.895352 1.161801 1.474812
102010296 -0.708188 -0.574600 2.237960 2.416643 22.170991 -140.945276 1.162225 1.478332
102010297 -0.709448 -0.574600 2.233122 2.412533 22.235881 -140.995093 1.162648 1.481858
102010298 -0.710708 -0.574600 2.228283 2.408426 22.301007 -141.044803 1.163072 1.485391
102010299 -0.711967 -0.574600 2.223444 2.404323 22.366371 -141.094407 1.163494 1.488930
102010300 -0.713227 -0.574600 2.218606 2.400223 22.431973 -141.143904 1.163917 1.492477
102010301 -0.588502 -0.548200 2.697635 2.814976 16.601464 -137.030593 1.100584 1.198328
102010302 -0.589762 -0.548200 2.692796 2.810604 16.647665 -137.091697 1.100926 1.201344
102010303 -0.591022 -0.548200 2.687957 2.806233 16.694027 -137.152662 1.101269 1.204363
102010304 -0.592282 -0.548200 2.683119 2.801865 16.740552 -137.213487 1.101612 1.207388
102010305 -0.593542 -0.548200 2.678280 2.797499 16.787240 -137.274173 1.101957 1.210417
102010306 -0.594801 -0.548200 2.673441 2.793134 16.834092 -137.334720 1.102303 1.213450
102010307 -0.596061 -0.548200 2.668603 2.788772 16.881108 -137.395128 1.102649 1.216488
102010308 -0.597321 -0.548200 2.663764 2.784413 16.928289 -137.455398 1.102997 1.219531
102010309 -0.598581 -0.548200 2.658925 2.780055 16.975635 -137.515531 1.103346 1.222578
102010310 -0.599841 -0.548200 2.654087 2.775699 17.023148 -137.575526 1.103695 1.225630
102010311 -0.601101 -0.548200 2.649248 2.771346 17.070827 -137.635384 1.104045 1.228687
102010312 -0.602361 -0.548200 2.644409 2.766995 17.118674 -137.695105 1.104397 1.231749
102010313 -0.603620 -0.548200 2.639570 2.762646 17.166690 -137.754689 1.104749 1.234815
102010314 -0.604880 -0.548200 2.634732 2.758299 17.214874 -137.814137 1.105102 1.237886
102010315 -0.606140 -0.548200 2.629893 2.753955 17.263227 -137.873450 1.105457 1.240961
102010316 -0.607400 -0.548200 2.625054 2.749612 17.311751 -137.932627 1.105812 1.244042
102010317 -0.608660 -0.548200 2.620216 2.745272 17.360446 -137.991669 1.106168 1.247127
102010318 -0.609920 -0.548200 2.615377 2.740935 17.409312 -138.050576 1.106524 1.250217
102010319 -0.611179 -0.548200 2.610538 2.736599 17.458350 -138.109349 1.106882 1.253313
102010320 -0.612439 -0.548200 2.605700 2.732266 17.507561 -138.167987 1.107241 1.256413
102010321 -0.613699 -0.548200 2.600861 2.727935 17.556946 -138.226492 1.107601 1.259518
102010322 -0.614959 -0.548200 2.596022 2.723606 17.606504 -138.284863 1.107961 1.262628
102010323 -0.616219 -0.548200 2.591184 2.719280 17.656238 -138.343101 1.108322 1.265742
102010324 -0.617479 -0.548200 2.586345 2.714956 17.706147 -138.401207 1.108685 1.268862
102010325 -0.618739 -0.548200 2.581506 2.710634 17.756233 -138.459180 1.109048 1.271987
102010326 -0.619998 -0.548200 2.576668 2.706314 17.806495 -138.517021 1.109412 1.275117
102010327 -0.621258 -0.548200 2.571829 2.701997 17.856935 -138.574730 1.109777 1.278252
102010328 -0.622518 -0.548200 2.566990 2.697683 17.907553 -138.632307 1.110142 1.281393
102010329 -0.623778 -0.548200 2.562152 2.693370 17.958351 -138.689754 1.110509 1.284538
102010330 -0.625038 -0.548200 2.557313 2.689060 18.009328 -138.747070 1.110876 1.287689
102010331 -0.626298 -0.548200 2.552474 2.684753 18.060486 -138.804255 1.111244 1.290844
102010332 -0.627558 -0.548200 2.547636 2.680448 18.111824 -138.861310 1.111613 1.294005
102010333 -0.628817 -0.548200 2.542797 2.676145 18.163345 -138.918236 1.111983 1.297171
102010334 -0.630077 -0.548200 2.537958 2.671844 18.215049 -138.975032 1.112354 1.300343
102010335 -0.631337 -0.548200 2.533120 2.667547 18.266935 -139.031698 1.112725 1.303520
102010336 -0.632597 -0.548200 2.528281 2.663251 18.319006 -139.088236 1.113098 1.306702
102010337 -0.633857 -0.548200 2.523442 2.658958 18.371262 -139.144646 1.113471 1.309889
102010338 -0.635117 -0.548200 2.518604 2.654668 18.423703 -139.200927 1.113844 1.313082
102010339 -0.636376 -0.548200 2.513765 2.650380 18.476330 -139.257081 1.114219 1.316280
102010340 -0.637636 -0.548200 2.508926 2.646094 18.529145 -139.313107 1.114594 1.319483
102010341 -0.638896 -0.548200 2.504088 2.641811 18.582147 -139.369006 1.114970 1.322692
102010342 -0.640156 -0.548200 2.499249 2.637531 18.635338 -139.424778 1.115347 1.325907
102010343 -0.641416 -0.548200 2.494410 2.633253 18.688719 -139.480424 1.115725 1.329127
102010344 -0.642676 -0.548200 2.489572 2.628977 18.742289 -139.535943 1.116103 1.332352
102010345 -0.643936 -0.548200 2.484733 2.624704 18.796050 -139.591337 1.116482 1.335583
102010346 -0.645195 -0.548200 2.479894 2.620434 18.850003 -139.646605 1.116862 1.338820
102010347 -0.646455 -0.548200 2.475056 2.616167 18.904148 -139.701748 1.117242 1.342062
102010348 -0.647715 -0.548200 2.470217 2.611901 18.958486 -139.756766 1.117623 1.345310
102010349 -0.648975 -0.548200 2.465378 2.607639 19.013018 -139.811659 1.118005 1.348563
102010350 -0.650235 -0.548200 2.460539 2.603379 19.067745 -139.866429 1.118387 1.351822
102010351 -0.651495 -0.548200 2.455701 2.599122 19.122667 -139.921074 1.118770 1.355087
102010352 -0.652754 -0.548200 2.450862 2.594867 19.177786 -139.975596 1.119153 1.358357
102010353 -0.654014 -0.548200 2.446023 2.590616 19.233101 -140.029994 1.119538 1.361633
102010354 -0.655274 -0.548200 2.441185 2.586366 19.288615 -140.084270 1.119923 1.364915
102010355 -0.656534 -0.548200 2.436346 2.582120 19.344327 -140.138422 1.120308 1.368203
102010356 -0.657794 -0.548200 2.431507 2.577876 19.400239 -140.192453 1.120694 1.371497
102010357 -0.659054 -0.548200 2.426669 2.573635 19.456351 -140.246361 1.121081 1.374796
102010358 -0.660314 -0.548200 2.421830 2.569396 19.512664 -140.300148 1.121468 1.378101
102010359 -0.661573 -0.548200 2.416991 2.565161 19.569179 -140.353814 1.121855 1.381412
102010360 -0.662833 -0.548200 2.412153 2.560928 19.625897 -140.407358 1.122244 1.384729
102010361 -0.664093 -0.548200 2.407314 2.556698 19.682818 -140.460782 1.122632 1.388052
102010362 -0.665353 -0.548200 2.402475 2.552471 19.739944 -140.514085 1.123022 1.391381
102010363 -0.666613 -0.548200 2.397637 2.548246 19.797275 -140.567268 1.123411 1.394716
102010364 -0.667873 -0.548200 2.392798 2.544024 19.854812 -140.620332 1.123802 1.398057
102010365 -0.669133 -0.548200 2.387959 2.539805 19.912556 -140.673276 1.124192 1.401404
102010366 -0.670392 -0.548200 2.383121 2.535589 19.970507 -140.726100 1.124583 1.404757
102010367 -0.671652 -0.548200 2.378282 2.531376 20.028667 -140.778806 1.124975 1.408116
102010368 -0.672912 -0.548200 2.373443 2.527166 20.087037 -140.831394 1.125367 1.411481
102010369 -0.674172 -0.548200 2.368605 2.522958 20.145617 -140.883863 1.125759 1.414853
102010370 -0.675432 -0.548200 2.363766 2.518754 20.204408 -140.936214 1.126152 1.418230
102010371 -0.676692 -0.548200 2.358927 2.514552 20.263411 -140.988447 1.126545 1.421614
102010372 -0.677951 -0.548200 2.354089 2.510353 20.322628 -141.040564 1.126939 1.425004
102010373 -0.679211 -0.548200 2.349250 2.506158 20.382057 -141.092563 1.127332 1.428400
102010374 -0.680471 -0.548200 2.344411 2.501965 20.441702 -141.144446 1.127726 1.431802
102010375 -0.681731 -0.548200 2.339573 2.497775 20.501562 -141.196212 1.128121 1.435211
102010376 -0.682991 -0.548200 2.334734 2.493588 20.561639 -141.247862 1.128515 1.438626
102010377 -0.684251 -0.548200 2.329895 2.489404 20.621932 -141.299397 1.128910 1.442047
102010378 -0.685511 -0.548200 2.325057 2.485224 20.682444 -141.350816 1.129306 1.445474
102010379 -0.686770 -0.548200 2.320218 2.481046 20.743175 -141.402120 1.129701 1.448908
102010380 -0.688030 -0.548200 2.315379 2.476871 20.804127 -141.453309 1.130097 1.452349
102010381 -0.689290 -0.548200 2.310541 2.472699 20.865299 -141.504383 1.130493 1.455795
102010382 -0.690550 -0.548200 2.305702 2.468531 20.926693 -141.555343 1.130889 1.459249
102010383 -0.691810 -0.548200 2.300863 2.464365 20.988309 -141.606190 1.131285 1.462708
102010384 -0.693070 -0.548200 2.296025 2.460203 21.050149 -141.656922 1.131681 1.466175
102010385 -0.694329 -0.548200 2.291186 2.456043 21.112214 -141.707542 1.132077 1.469647
102010386 -0.695589 -0.548200 2.286347 2.451887 21.174505 -141.758048 1.132474 1.473126
102010387 -0.696849 -0.548200 2.281508 2.447734 21.237021 -141.808442 1.132870 1.476612
102010388 -0.698109 -0.548200 2.276670 2.443584 21.299765 -141.858723 1.133267 1.480104
102010389 -0.699369 -0.548200 2.271831 2.439438 21.362738 -141.908892 1.133663 1.483603
102010390 -0.700629 -0.548200 2.266992 2.435294 21.425940 -141.958949 1.134060 1.487109
102010391 -0.701889 -0.548200 2.262154 2.431154 21.489372 -142.008895 1.134457 1.490621
102010392 -0.703148 -0.548200 2.257315 2.427017 21.553035 -142.058729 1.134853 1.494140
102010393 -0.704408 -0.548200 2.252476 2.422883 21.616930 -142.108452 1.135250 1.497666
102010394 -0.705668 -0.548200 2.247638 2.418753 21.681058 -142.158065 1.135646 1.501198
102010395 -0.706928 -0.548200 2.242799 2.414626 21.745421 -142.207568 1.136042 1.504737
102010396 -0.708188 -0.548200 2.237960 2.410502 21.810018 -142.256960 1.136439 1.508283
102010397 -0.709448 -0.548200 2.233122 2.406382 21.874851 -142.306243 1.136835 1.511835
102010398 -0.710708 -0.548200 2.228283 2.402264 21.939922 -142.355416 1.137230 1.515395
102010399 -0.711967 -0.548200 2.223444 2.398150 22.005230 -142.404480 1.137626 1.518961
102010400 -0.713227 -0.548200 2.218606 2.394040 22.070777 -142.453435 1.138021 1.522534
102010401 -0.588502 -0.521800 2.697635 2.809954 16.254481 -138.437953 1.076155 1.226642
102010402 -0.589762 -0.521800 2.692796 2.805574 16.300631 -138.498768 1.076450 1.229673
102010403 -0.591022 -0.521800 2.687957 2.801196 16.346942 -138.559437 1.076746 1.232709
102010404 -0.592282 -0.521800 2.683119 2.796819 16.393415 -138.619960 1.077044 1.235749
102010405 -0.593542 -0.521800 2.678280 2.792445 16.440051 -138.680339 1.077343 1.238794
102010406 -0.594801 -0.521800 2.673441 2.788073 16.486851 -138.740574 1.077643 1.241843
102010407 -0.596061 -0.521800 2.668603 2.783703 16.533815 -138.800665 1.077944 1.244897
102010408 -0.597321 -0.521800 2.663764 2.779335 16.580944 -138.860612 1.078246 1.247956
102010409 -0.598581 -0.521800 2.658925 2.774970 16.628239 -138.920415 1.078549 1.251019
102010410 -0.599841 -0.521800 2.654087 2.770606 16.675699 -138.980076 1.078853 1.254087
102010411 -0.601101 -0.521800 2.649248 2.766245 16.723326 -139.039595 1.079159 1.257160
102010412 -0.602361 -0.521800 2.644409 2.761886 16.771121 -139.098971 1.079465 1.260237
102010413 -0.603620 -0.521800 2.639570 2.757529 16.819084 -139.158205 1.079773 1.263319
102010414 -0.604880 -0.521800 2.634732 2.753174 16.867215 -139.217299 1.080081 1.266406
102010415 -0.606140 -0.521800 2.629893 2.748821 16.915516 -139.276251 1.080391 1.269498
102010416 -0.607400 -0.521800 2.625054 2.744471 16.963987 -139.335062 1.080702 1.272595
102010417 -0.608660 -0.521800 2.620216 2.740123 17.012628 -139.393734 1.081014 1.275696
102010418 -0.609920 -0.521800 2.615377 2.735777 17.061441 -139.452266 1.081327 1.278802
102010419 -0.611179 -0.521800 2.610538 2.731433 17.110426 -139.510658 1.081641 1.281914
102010420 -0.612439 -0.521800 2.605700 2.727092 17.159584 -139.568911 1.081957 1.285030
102010421 -0.613699 -0.521800 2.600861 2.722752 17.208915 -139.627025 1.082273 1.288151
102010422 -0.614959 -0.521800 2.596022 2.718415 17.258420 -139.685001 1.082590 1.291277
102010423 -0.616219 -0.521800 2.591184 2.714081 17.308100 -139.742839 1.082909 1.294409
102010424 -0.617479 -0.521800 2.586345 2.709748 17.357956 -139.800540 1.083228 1.297545
102010425 -0.618739 -0.521800 2.581506 2.705418 17.407987 -139.858103 1.083549 1.300686
102010426 -0.619998 -0.521800 2.576668 2.701090 17.458196 -139.915530 1.083870 1.303833
102010427 -0.621258 -0.521800 2.571829 2.696765 17.508582 -139.972820 1.084193 1.306985
102010428 -0.622518 -0.521800 2.566990 2.692442 17.559146 -140.029974 1.084517 1.310141
102010429 -0.623778 -0.521800 2.562152 2.688121 17.609889 -140.086992 1.084841 1.313303
102010430 -0.625038 -0.521800 2.557313 2.683803 17.660812 -140.143875 1.085167 1.316471
102010431 -0.626298 -0.521800 2.552474 2.679487 17.711916 -140.200623 1.085493 1.319643
102010432 -0.627558 -0.521800 2.547636 2.675173 17.763200 -140.257236 1.085821 1.322821
102010433 -0.628817 -0.521800 2.542797 2.670862 17.814667 -140.313715 1.086150 1.326004
102010434 -0.630077 -0.521800 2.537958 2.666553 17.866316 -140.370061 1.086479 1.329192
102010435 -0.631337 -0.521800 2.533120 2.662247 17.918148 -140.426272 1.086810 1.332386
102010436 -0.632597 -0.521800 2.528281 2.657943 17.970164 -140.482351 1.087142 1.335585
102010437 -0.633857 -0.521800 2.523442 2.653641 18.022365 -140.538297 1.087474 1.338789
102010438 -0.635117 -0.521800 2.518604 2.649342 18.074752 -140.594110 1.087808 1.341999
102010439 -0.636376 -0.521800 2.513765 2.645045 18.127325 -140.649792 1.088142 1.345214
102010440 -0.637636 -0.521800 2.508926 2.640751 18.180085 -140.705341 1.088477 1.348435
102010441 -0.638896 -0.521800 2.504088 2.636459 18.233032 -140.760760 1.088814 1.351662
102010442 -0.640156 -0.521800 2.499249 2.632170 18.286168 -140.816047 1.089151 1.354893
102010443 -0.641416 -0.521800 2.494410 2.627884 18.339494 -140.871204 1.089489 1.358131
102010444 -0.642676 -0.521800 2.489572 2.623599 18.393009 -140.926231 1.089828 1.361374
102010445 -0.643936 -0.521800 2.484733 2.619318 18.446716 -140.981128 1.090168 1.364622
102010446 -0.645195 -0.521800 2.479894 2.615039 18.500614 -141.035895 1.090509 1.367876
102010447 -0.646455 -0.521800 2.475056 2.610762 18.554704 -141.090533 1.090851 1.371136
102010448 -0.647715 -0.521800 2.470217 2.606488 18.608988 -141.145042 1.091193 1.374402
102010449 -0.648975 -0.521800 2.465378 2.602217 18.663465 -141.199423 1.091537 1.377673
102010450 -0.650235 -0.521800 2.460539 2.597948 18.718137 -141.253676 1.091881 1.380950
102010451 -0.651495 -0.521800 2.455701 2.593682 18.773005 -141.307801 1.092226 1.384233
102010452 -0.652754 -0.521800 2.450862 2.589419 18.828068 -141.361799 1.092572 1.387521
102010453 -0.654014 -0.521800 2.446023 2.585158 18.883329 -141.415669 1.092919 1.390816
102010454 -0.655274 -0.521800 2.441185 2.580900 18.938788 -141.469413 1.093266 1.394116
102010455 -0.656534 -0.521800 2.436346 2.576644 18.994446 -141.523031 1.093614 1.397422
102010456 -0.657794 -0.521800 2.431507 2.572391 19.050303 -141.576522 1.093963 1.400734
102010457 -0.659054 -0.521800 2.426669 2.568141 19.106361 -141.629889 1.094313 1.404052
102010458 -0.660314 -0.521800 2.421830 2.563894 19.162619 -141.683129 1.094664 1.407376
102010459 -0.661573 -0.521800 2.416991 2.559649 19.219080 -141.736245 1.095015 1.410705
102010460 -0.662833 -0.521800 2.412153 2.555407 19.275743 -141.789237 1.095367 1.414041
102010461 -0.664093 -0.521800 2.407314 2.551168 19.332610 -141.842104 1.095720 1.417383
102010462 -0.665353 -0.521800 2.402475 2.546931 19.389682 -141.894847 1.096073 1.420731
102010463 -0.666613 -0.521800 2.397637 2.542697 19.446959 -141.947467 1.096427 1.424085
102010464 -0.667873 -0.521800 2.392798 2.538466 19.504442 -141.999963 1.096782 1.427445
102010465 -0.669133 -0.521800 2.387959 2.534238 19.562132 -142.052337 1.097138 1.430811
102010466 -0.670392 -0.521800 2.383121 2.530013 19.620030 -142.104588 1.097494 1.434183
102010467 -0.671652 -0.521800 2.378282 2.525790 19.678136 -142.156717 1.097850 1.437562
102010468 -0.672912 -0.521800 2.373443 2.521571 19.736452 -142.208724 1.098208 1.440947
102010469 -0.674172 -0.521800 2.368605 2.517354 19.794979 -142.260610 1.098566 1.444338
102010470 -0.675432 -0.521800 2.363766 2.513140 19.853717 -142.312375 1.098924 1.447735
102010471 -0.676692 -0.521800 2.358927 2.508929 19.912667 -142.364018 1.099283 1.451138
102010472 -0.677951 -0.521800 2.354089 2.504721 19.971830 -142.415542 1.099643 1.454548
102010473 -0.679211 -0.521800 2.349250 2.500516 20.031207 -142.466945 1.100003 1.457964
102010474 -0.680471 -0.521800 2.344411 2.496313 20.090799 -142.518228 1.100364 1.461387
102010475 -0.681731 -0.521800 2.339573 2.492114 20.150606 -142.569392 1.100725 1.464815
102010476 -0.682991 -0.521800 2.334734 2.487918 20.210630 -142.620437 1.101087 1.468251
102010477 -0.684251 -0.521800 2.329895 2.483724 20.270872 -142.671364 1.101449 1.471692
102010478 -0.685511 -0.521800 2.325057 2.479534 20.331332 -142.722171 1.101812 1.475140
102010479 -0.686770 -0.521800 2.320218 2.475346 20.392011 -142.772861 1.102175 1.478595
102010480 -0.688030 -0.521800 2.315379 2.471162 20.452911 -142.823433 1.102538 1.482056
102010481 -0.689290 -0.521800 2.310541 2.466981 20.514031 -142.873887 1.102902 1.485524
102010482 -0.690550 -0.521800 2.305702 2.462802 20.575374 -142.924224 1.103266 1.488998
102010483 -0.691810 -0.521800 2.300863 2.458627 20.636940 -142.974445 1.103631 1.492479
102010484 -0.693070 -0.521800 2.296025 2.454455 20.698729 -143.024549 1.103996 1.495966
102010485 -0.694329 -0.521800 2.291186 2.450286 20.760744 -143.074537 1.104361 1.499460
102010486 -0.695589 -0.521800 2.286347 2.446120 20.822984 -143.124409 1.104726 1.502961
102010487 -0.696849 -0.521800 2.281508 2.441957 20.885450 -143.174166 1.105092 1.506468
102010488 -0.698109 -0.521800 2.276670 2.437798 20.948145 -143.223807 1.105458 1.509982
102010489 -0.699369 -0.521800 2.271831 2.433641 21.011068 -143.273334 1.105825 1.513503
102010490 -0.700629 -0.521800 2.266992 2.429488 21.074220 -143.322746 1.106191 1.517031
102010491 -0.701889 -0.521800 2.262154 2.425338 21.137603 -143.372044 1.106558 1.520565
102010492 -0.703148 -0.521800 2.257315 2.421191 21.201218 -143.421228 1.106925 1.524106
102010493 -0.704408 -0.521800 2.252476 2.417047 21.265065 -143.470299 1.107292 1.527654
102010494 -0.705668 -0.521800 2.247638 2.412907 21.329145 -143.519257 1.107659 1.531209
102010495 -0.706928 -0.521800 2.242799 2.408769 21.393460 -143.568101 1.108027 1.534770
102010496 -0.708188 -0.521800 2.237960 2.404636 21.458010 -143.616833 1.108394 1.538339
102010497 -0.709448 -0.521800 2.233122 2.400505 21.522796 -143.665453 1.108762 1.541914
102010498 -0.710708 -0.521800 2.228283 2.396378 21.587820 -143.713961 1.109129 1.545496
102010499 -0.711967 -0.521800 2.223444 2.392254 21.653082 -143.762357 1.109497 1.549086
102010500 -0.713227 -0.521800 2.218606 2.388133 21.718584 -143.810642 1.109864 1.552682
102010501 -0.588502 -0.495400 2.697635 2.805172 15.916016 -139.909393 1.049436 1.255351
102010502 -0.589762 -0.495400 2.692796 2.800784 15.962130 -139.969748 1.049684 1.258394
102010503 -0.591022 -0.495400 2.687957 2.796398 16.008406 -140.029951 1.049933 1.261441
102010504 -0.592282 -0.495400 2.683119 2.792014 16.054843 -140.090004 1.050184 1.264492
102010505 -0.593542 -0.495400 2.678280 2.787633 16.101443 -140.149907 1.050435 1.267548
102010506 -0.594801 -0.495400 2.673441 2.783253 16.148207 -140.209660 1.050689 1.270609
102010507 -0.596061 -0.495400 2.668603 2.778876 16.195135 -140.269264 1.050943 1.273674
102010508 -0.597321 -0.495400 2.663764 2.774500 16.242227 -140.328719 1.051199 1.276744
102010509 -0.598581 -0.495400 2.658925 2.770127 16.289484 -140.388026 1.051456 1.279819
102010510 -0.599841 -0.495400 2.654087 2.765756 16.336908 -140.447185 1.051715 1.282899
102010511 -0.601101 -0.495400 2.649248 2.761387 16.384498 -140.506196 1.051974 1.285983
102010512 -0.602361 -0.495400 2.644409 2.757020 16.432255 -140.565060 1.052235 1.289072
102010513 -0.603620 -0.495400 2.639570 2.752655 16.480180 -140.623777 1.052498 1.292166
102010514 -0.604880 -0.495400 2.634732 2.748293 16.528274 -140.682349 1.052761 1.295264
102010515 -0.606140 -0.495400 2.629893 2.743932 16.576537 -140.740774 1.053026 1.298368
102010516 -0.607400 -0.495400 2.625054 2.739574 16.624969 -140.799054 1.053292 1.301476
102010517 -0.608660 -0.495400 2.620216 2.735218 16.673573 -140.857188 1.053559 1.304589
102010518 -0.609920 -0.495400 2.615377 2.730864 16.722347 -140.915179 1.053828 1.307708
102010519 -0.611179 -0.495400 2.610538 2.726513 16.771293 -140.973025 1.054098 1.310831
102010520 -0.612439 -0.495400 2.605700 2.722164 16.820412 -141.030727 1.054369 1.313959
102010521 -0.613699 -0.495400 2.600861 2.717816 16.869704 -141.088286 1.054641 1.317092
102010522 -0.614959 -0.495400 2.596022 2.713472 16.919171 -141.145702 1.054915 1.320230
102010523 -0.616219 -0.495400 2.591184 2.709129 16.968811 -141.202976 1.055190 1.323374
102010524 -0.617479 -0.495400 2.586345 2.704789 17.018627 -141.260107 1.055466 1.326522
102010525 -0.618739 -0.495400 2.581506 2.700451 17.068620 -141.317097 1.055743 1.329676
102010526 -0.619998 -0.495400 2.576668 2.696115 17.118788 -141.373946 1.056022 1.332834
102010527 -0.621258 -0.495400 2.571829 2.691781 17.169135 -141.430653 1.056302 1.335998
102010528 -0.622518 -0.495400 2.566990 2.687450 17.219659 -141.487221 1.056582 1.339168
102010529 -0.623778 -0.495400 2.562152 2.683122 17.270362 -141.543648 1.056865 1.342342
102010530 -0.625038 -0.495400 2.557313 2.678795 17.321245 -141.599936 1.057148 1.345522
102010531 -0.626298 -0.495400 2.552474 2.674471 17.372308 -141.656084 1.057432 1.348707
102010532 -0.627558 -0.495400 2.547636 2.670149 17.423552 -141.712094 1.057718 1.351897
102010533 -0.628817 -0.495400 2.542797 2.665830 17.474978 -141.767966 1.058005 1.355092
102010534 -0.630077 -0.495400 2.537958 2.661513 17.526586 -141.823699 1.058293 1.358293
102010535 -0.631337 -0.495400 2.533120 2.657198 17.578378 -141.879295 1.058582 1.361500
102010536 -0.632597 -0.495400 2.528281 2.652886 17.630353 -141.934754 1.058873 1.364712
102010537 -0.633857 -0.495400 2.523442 2.648576 17.682513 -141.990076 1.059164 1.367929
102010538 -0.635117 -0.495400 2.518604 2.644269 17.734859 -142.045261 1.059457 1.371152
102010539 -0.636376 -0.495400 2.513765 2.639964 17.787390 -142.100311 1.059751 1.374380
102010540 -0.637636 -0.495400 2.508926 2.635662 17.840109 -142.155225 1.060045 1.377614
102010541 -0.638896 -0.495400 2.504088 2.631362 17.893015 -142.210004 1.060342 1.380854
102010542 -0.640156 -0.495400 2.499249 2.627064 17.946110 -142.264648 1.060639 1.384099
102010543 -0.641416 -0.495400 2.494410 2.622769 17.999394 -142.319158 1.060937 1.387349
102010544 -0.642676 -0.495400 2.489572 2.618477 18.052868 -142.373534 1.061236 1.390606
102010545 -0.643936 -0.495400 2.484733 2.614187 18.106533 -142.427776 1.061537 1.393868
102010546 -0.645195 -0.495400 2.479894 2.609899 18.160389 -142.481885 1.061838 1.397135
102010547 -0.646455 -0.495400 2.475056 2.605614 18.214437 -142.535862 1.062140 1.400409
102010548 -0.647715 -0.495400 2.470217 2.601332 18.268679 -142.589706 1.062444 1.403688
102010549 -0.648975 -0.495400 2.465378 2.597052 18.323114 -142.643418 1.062749 1.406973
102010550 -0.650235 -0.495400 2.460539 2.592775 18.377745 -142.696998 1.063054 1.410264
102010551 -0.651495 -0.495400 2.455701 2.588500 18.432570 -142.750447 1.063361 1.413561
102010552 -0.652754 -0.495400 2.450862 2.584228 18.487592 -142.803766 1.063669 1.416863
102010553 -0.654014 -0.495400 2.446023 2.579959 18.542811 -142.856954 1.063977 1.420172
102010554 -0.655274 -0.495400 2.441185 2.575692 18.598228 -142.910011 1.064287 1.423486
102010555 -0.656534 -0.495400 2.436346 2.571428 18.653843 -142.962940 1.064598 1.426807
102010556 -0.657794 -0.495400 2.431507 2.567166 18.709659 -143.015739 1.064909 1.430133
102010557 -0.659054 -0.495400 2.426669 2.562907 18.765674 -143.068409 1.065222 1.433466
102010558 -0.660314 -0.495400 2.421830 2.558651 18.821890 -143.120950 1.065535 1.436804
102010559 -0.661573 -0.495400 2.416991 2.554398 18.878309 -143.173364 1.065850 1.440148
102010560 -0.662833 -0.495400 2.412153 2.550147 18.934930 -143.225649 1.066165 1.443499
102010561 -0.664093 -0.495400 2.407314 2.545899 18.991755 -143.277808 1.066481 1.446856
102010562 -0.665353 -0.495400 2.402475 2.541654 19.048785 -143.329839 1.066798 1.450219
102010563 -0.666613 -0.495400 2.397637 2.537411 19.106019 -143.381744 1.067116 1.453588
102010564 -0.667873 -0.495400 2.392798 2.533171 19.163460 -143.433522 1.067435 1.456963
102010565 -0.669133 -0.495400 2.387959 2.528934 19.221108 -143.485175 1.067755 1.460344
102010566 -0.670392 -0.495400 2.383121 2.524700 19.278964 -143.536702 1.068076 1.463732
102010567 -0.671652 -0.495400 2.378282 2.520469 19.337029 -143.588104 1.068397 1.467126
102010568 -0.672912 -0.495400 2.373443 2.516240 19.395303 -143.639381 1.068719 1.470526
102010569 -0.674172 -0.495400 2.368605 2.512015 19.453788 -143.690534 1.069042 1.473933
102010570 -0.675432 -0.495400 2.363766 2.507792 19.512484 -143.741563 1.069366 1.477346
102010571 -0.676692 -0.495400 2.358927 2.503572 19.571392 -143.792468 1.069691 1.480765
102010572 -0.677951 -0.495400 2.354089 2.499354 19.630514 -143.843250 1.070016 1.484191
102010573 -0.679211 -0.495400 2.349250 2.495140 19.689849 -143.893909 1.070342 1.487623
102010574 -0.680471 -0.495400 2.344411 2.490929 19.749400 -143.944446 1.070669 1.491062
102010575 -0.681731 -0.495400 2.339573 2.486720 19.809166 -143.994860 1.070996 1.494507
102010576 -0.682991 -0.495400 2.334734 2.482515 19.869149 -144.045153 1.071324 1.497959
102010577 -0.684251 -0.495400 2.329895 2.478312 19.929349 -144.095324 1.071653 1.501417
102010578 -0.685511 -0.495400 2.325057 2.474113 19.989768 -144.145374 1.071983 1.504882
102010579 -0.686770 -0.495400 2.320218 2.469916 20.050407 -144.195304 1.072313 1.508354
102010580 -0.688030 -0.495400 2.315379 2.465723 20.111265 -144.245113 1.072644 1.511832
102010581 -0.689290 -0.495400 2.310541 2.461532 20.172345 -144.294802 1.072975 1.515316
102010582 -0.690550 -0.495400 2.305702 2.457344 20.233648 -144.344372 1.073307 1.518808
102010583 -0.691810 -0.495400 2.300863 2.453160 20.295173 -144.393822 1.073640 1.522306
102010584 -0.693070 -0.495400 2.296025 2.448978 20.356922 -144.443153 1.073973 1.525811
102010585 -0.694329 -0.495400 2.291186 2.444800 20.418897 -144.492366 1.074306 1.529322
102010586 -0.695589 -0.495400 2.286347 2.440625 20.481097 -144.541460 1.074641 1.532841
102010587 -0.696849 -0.495400 2.281508 2.436453 20.543524 -144.590437 1.074975 1.536366
102010588 -0.698109 -0.495400 2.276670 2.432283 20.606179 -144.639296 1.075310 1.539898
102010589 -0.699369 -0.495400 2.271831 2.428118 20.669063 -144.688038 1.075646 1.543437
102010590 -0.700629 -0.495400 2.266992 2.423955 20.732177 -144.736664 1.075982 1.546982
102010591 -0.701889 -0.495400 2.262154 2.419795 20.795521 -144.785172 1.076319 1.550535
102010592 -0.703148 -0.495400 2.257315 2.415639 20.859097 -144.833565 1.076655 1.554094
102010593 -0.704408 -0.495400 2.252476 2.411485 20.922906 -144.881842 1.076993 1.557661
102010594 -0.705668 -0.495400 2.247638 2.407335 20.986948 -144.930004 1.077330 1.561235
102010595 -0.706928 -0.495400 2.242799 2.403189 21.051225 -144.978050 1.077668 1.564815
102010596 -0.708188 -0.495400 2.237960 2.399045 21.115737 -145.025982 1.078006 1.568403
102010597 -0.709448 -0.495400 2.233122 2.394905 21.180486 -145.073799 1.078345 1.571997
102010598 -0.710708 -0.495400 2.228283 2.390768 21.245473 -145.121503 1.078684 1.575599
102010599 -0.711967 -0.495400 2.223444 2.386634 21.310699 -145.169093 1.079023 1.579208
102010600 -0.713227 -0.495400 2.218606 2.382504 21.376163 -145.216569 1.079362 1.582823
102010601 -0.588502 -0.469000 2.697635 2.800630 15.586861 -141.447313 1.020298 1.284366
102010602 -0.589762 -0.469000 2.692796 2.796235 15.632955 -141.507017 1.020499 1.287415
102010603 -0.591022 -0.469000 2.687957 2.791842 15.679210 -141.566565 1.020701 1.290468
102010604 -0.592282 -0.469000 2.683119 2.787451 15.725627 -141.625957 1.020904 1.293526
102010605 -0.593542 -0.469000 2.678280 2.783062 15.772207 -141.685194 1.021109 1.296589
102010606 -0.594801 -0.469000 2.673441 2.778676 15.818950 -141.744276 1.021316 1.299656
102010607 -0.596061 -0.469000 2.668603 2.774291 15.865856 -141.803205 1.021524 1.302728
102010608 -0.597321 -0.469000 2.663764 2.769908 15.912927 -141.861980 1.021733 1.305805
102010609 -0.598581 -0.469000 2.658925 2.765528 15.960163 -141.920601 1.021944 1.308887
102010610 -0.599841 -0.469000 2.654087 2.761149 16.007565 -141.979070 1.022157 1.311973
102010611 -0.601101 -0.469000 2.649248 2.756773 16.055133 -142.037386 1.022370 1.315064
102010612 -0.602361 -0.469000 2.644409 2.752399 16.102868 -142.095551 1.022586 1.318160
102010613 -0.603620 -0.469000 2.639570 2.748027 16.150770 -142.153565 1.022803 1.321261
102010614 -0.604880 -0.469000 2.634732 2.743657 16.198841 -142.211428 1.023021 1.324366
102010615 -0.606140 -0.469000 2.629893 2.739289 16.247081 -142.269140 1.023241 1.327477
102010616 -0.607400 -0.469000 2.625054 2.734924 16.295491 -142.326703 1.023462 1.330592
102010617 -0.608660 -0.469000 2.620216 2.730560 16.344070 -142.384116 1.023684 1.333713
102010618 -0.609920 -0.469000 2.615377 2.726199 16.392821 -142.441380 1.023908 1.336838
102010619 -0.611179 -0.469000 2.610538 2.721840 16.441744 -142.498496 1.024134 1.339969
102010620 -0.612439 -0.469000 2.605700 2.717483 16.490839 -142.555463 1.024361 1.343104
102010621 -0.613699 -0.469000 2.600861 2.713128 16.540106 -142.612284 1.024589 1.346245
102010622 -0.614959 -0.469000 2.596022 2.708776 16.589548 -142.668957 1.024819 1.349391
102010623 -0.616219 -0.469000 2.591184 2.704426 16.639164 -142.725483 1.025050 1.352541
102010624 -0.617479 -0.469000 2.586345 2.700078 16.688955 -142.781863 1.025283 1.355697
102010625 -0.618739 -0.469000 2.581506 2.695732 16.738922 -142.838098 1.025517 1.358859
102010626 -0.619998 -0.469000 2.576668 2.691389 16.789066 -142.894187 1.025752 1.362025
102010627 -0.621258 -0.469000 2.571829 2.687048 16.839386 -142.950132 1.025989 1.365197
102010628 -0.622518 -0.469000 2.566990 2.682709 16.889885 -143.005932 1.026227 1.368374
102010629 -0.623778 -0.469000 2.562152 2.678373 16.940562 -143.061588 1.026467 1.371556
102010630 -0.625038 -0.469000 2.557313 2.674039 16.991419 -143.117101 1.026708 1.374744
102010631 -0.626298 -0.469000 2.552474 2.669707 17.042456 -143.172471 1.026950 1.377937
102010632 -0.627558 -0.469000 2.547636 2.665377 17.093673 -143.227698 1.027194 1.381135
102010633 -0.628817 -0.469000 2.542797 2.661050 17.145073 -143.282784 1.027439 1.384339
102010634 -0.630077 -0.469000 2.537958 2.656726 17.196654 -143.337727 1.027685 1.387548
102010635 -0.631337 -0.469000 2.533120 2.652403 17.248418 -143.392530 1.027933 1.390763
102010636 -0.632597 -0.469000 2.528281 2.648083 17.300367 -143.447191 1.028182 1.393983
102010637 -0.633857 -0.469000 2.523442 2.643766 17.352500 -143.501713 1.028433 1.397209
102010638 -0.635117 -0.469000 2.518604 2.639450 17.404818 -143.556094 1.028685 1.400440
102010639 -0.636376 -0.469000 2.513765 2.635138 17.457322 -143.610336 1.028938 1.403677
102010640 -0.637636 -0.469000 2.508926 2.630827 17.510012 -143.664439 1.029192 1.406920
102010641 -0.638896 -0.469000 2.504088 2.626519 17.562891 -143.718404 1.029448 1.410168
102010642 -0.640156 -0.469000 2.499249 2.622214 17.615957 -143.772230 1.029705 1.413422
102010643 -0.641416 -0.469000 2.494410 2.617911 17.669213 -143.825918 1.029963 1.416682
102010644 -0.642676 -0.469000 2.489572 2.613610 17.722659 -143.879470 1.030223 1.419947
102010645 -0.643936 -0.469000 2.484733 2.609312 17.776295 -143.932884 1.030483 1.423218
102010646 -0.645195 -0.469000 2.479894 2.605017 17.830123 -143.986163 1.030745 1.426495
102010647 -0.646455 -0.469000 2.475056 2.600724 17.884142 -144.039305 1.031009 1.429778
102010648 -0.647715 -0.469000 2.470217 2.596434 17.938355 -144.092311 1.031273 1.433067
102010649 -0.648975 -0.469000 2.465378 2.592146 17.992762 -144.145183 1.031539 1.436362
102010650 -0.650235 -0.469000 2.460539 2.587860 18.047363 -144.197920 1.031806 1.439662
102010651 -0.651495 -0.469000 2.455701 2.583578 18.102159 -144.250522 1.032074 1.442968
102010652 -0.652754 -0.469000 2.450862 2.579297 18.157152 -144.302991 1.032344 1.446281
102010653 -0.654014 -0.469000 2.446023 2.575020 18.212341 -144.355327 1.032614 1.449599
102010654 -0.655274 -0.469000 2.441185 2.570745 18.267729 -144.407529 1.032886 1.452924
102010655 -0.656534 -0.469000 2.436346 2.566472 18.323315 -144.459599 1.033159 1.456254
102010656 -0.657794 -0.469000 2.431507 2.562203 18.379100 -144.511537 1.033433 1.459591
102010657 -0.659054 -0.469000 2.426669 2.557936 18.435086 -144.563343 1.033709 1.462933
102010658 -0.660314 -0.469000 2.421830 2.553671 18.491273 -144.615017 1.033985 1.466282
102010659 -0.661573 -0.469000 2.416991 2.549409 18.547661 -144.666561 1.034262 1.469637
102010660 -0.662833 -0.469000 2.412153 2.545150 18.604253 -144.717974 1.034541 1.472998
102010661 -0.664093 -0.469000 2.407314 2.540894 18.661048 -144.769257 1.034821 1.476366
102010662 -0.665353 -0.469000 2.402475 2.536640 18.718047 -144.820411 1.035102 1.479740
102010663 -0.666613 -0.469000 2.397637 2.532389 18.775252 -144.871435 1.035384 1.483120
102010664 -0.667873 -0.469000 2.392798 2.528141 18.832663 -144.922331 1.035667 1.486506
102010665 -0.669133 -0.469000 2.387959 2.523896 18.890281 -144.973098 1.035951 1.489898
102010666 -0.670392 -0.469000 2.383121 2.519653 18.948107 -145.023737 1.036236 1.493297
102010667 -0.671652 -0.469000 2.378282 2.515413 19.006141 -145.074248 1.036522 1.496703
102010668 -0.672912 -0.469000 2.373443 2.511176 19.064385 -145.124632 1.036809 1.500115
102010669 -0.674172 -0.469000 2.368605 2.506942 19.122840 -145.174889 1.037097 1.503533
102010670 -0.675432 -0.469000 2.363766 2.502710 19.181506 -145.225020 1.037386 1.506958
102010671 -0.676692 -0.469000 2.358927 2.498482 19.240384 -145.275025 1.037676 1.510389
102010672 -0.677951 -0.469000 2.354089 2.494256 19.299475 -145.324904 1.037967 1.513827
102010673 -0.679211 -0.469000 2.349250 2.490033 19.358781 -145.374658 1.038259 1.517271
102010674 -0.680471 -0.469000 2.344411 2.485813 19.418301 -145.424288 1.038552 1.520722
102010675 -0.681731 -0.469000 2.339573 2.481596 19.478037 -145.473792 1.038846 1.524179
102010676 -0.682991 -0.469000 2.334734 2.477382 19.537990 -145.523173 1.039140 1.527644
102010677 -0.684251 -0.469000 2.329895 2.473170 19.598161 -145.572430 1.039436 1.531114
102010678 -0.685511 -0.469000 2.325057 2.468962 19.658550 -145.621564 1.039732 1.534592
102010679 -0.686770 -0.469000 2.320218 2.464757 19.719158 -145.670575 1.040030 1.538076
102010680 -0.688030 -0.469000 2.315379 2.460554 19.779987 -145.719463 1.040328 1.541567
102010681 -0.689290 -0.469000 2.310541 2.456355 19.841038 -145.768230 1.040627 1.545065
102010682 -0.690550 -0.469000 2.305702 2.452159 19.902310 -145.816874 1.040926 1.548570
102010683 -0.691810 -0.469000 2.300863 2.447965 19.963806 -145.865398 1.041227 1.552081
102010684 -0.693070 -0.469000 2.296025 2.443775 20.025526 -145.913800 1.041528 1.555600
102010685 -0.694329 -0.469000 2.291186 2.439587 20.087471 -145.962082 1.041830 1.559125
102010686 -0.695589 -0.469000 2.286347 2.435403 20.149642 -146.010244 1.042133 1.562657
102010687 -0.696849 -0.469000 2.281508 2.431222 20.212040 -146.058286 1.042436 1.566196
102010688 -0.698109 -0.469000 2.276670 2.427044 20.274666 -146.106208 1.042740 1.569742
102010689 -0.699369 -0.469000 2.271831 2.422869 20.337521 -146.154012 1.043045 1.573295
102010690 -0.700629 -0.469000 2.266992 2.418697 20.400606 -146.201697 1.043351 1.576855
102010691 -0.701889 -0.469000 2.262154 2.414529 20.463922 -146.249263 1.043657 1.580422
102010692 -0.703148 -0.469000 2.257315 2.410363 20.527469 -146.296712 1.043963 1.583996
102010693 -0.704408 -0.469000 2.252476 2.406201 20.591250 -146.344043 1.044271 1.587578
102010694 -0.705668 -0.469000 2.247638 2.402042 20.655264 -146.391257 1.044578 1.591166
102010695 -0.706928 -0.469000 2.242799 2.397886 20.719513 -146.438354 1.044887 1.594761
102010696 -0.708188 -0.469000 2.237960 2.393733 20.783998 -146.485335 1.045196 1.598364
102010697 -0.709448 -0.469000 2.233122 2.389584 20.848719 -146.532200 1.045505 1.601974
102010698 -0.710708 -0.469000 2.228283 2.385437 20.913679 -146.578949 1.045815 1.605591
102010699 -0.711967 -0.469000 2.223444 2.381294 20.978877 -146.625583 1.046126 1.609216
102010700 -0.713227 -0.469000 2.218606 2.377155 21.044315 -146.672101 1.046437 1.612847
102010701 -0.588502 -0.442600 2.697635 2.796330 15.267847 -143.053952 0.988616 1.313578
102010702 -0.589762 -0.442600 2.692796 2.791928 15.313937 -143.112792 0.988769 1.316628
102010703 -0.591022 -0.442600 2.687957 2.787529 15.360188 -143.171472 0.988925 1.319683
102010704 -0.592282 -0.442600 2.683119 2.783131 15.406600 -143.229992 0.989082 1.322743
102010705 -0.593542 -0.442600 2.678280 2.778735 15.453175 -143.288352 0.989240 1.325807
102010706 -0.594801 -0.442600 2.673441 2.774342 15.499912 -143.346553 0.989401 1.328876
102010707 -0.596061 -0.442600 2.668603 2.769950 15.546813 -143.404596 0.989562 1.331950
102010708 -0.597321 -0.442600 2.663764 2.765561 15.593878 -143.462481 0.989726 1.335029
102010709 -0.598581 -0.442600 2.658925 2.761173 15.641107 -143.520208 0.989891 1.338112
102010710 -0.599841 -0.442600 2.654087 2.756788 15.688502 -143.577779 0.990058 1.341200
102010711 -0.601101 -0.442600 2.649248 2.752405 15.736063 -143.635193 0.990227 1.344293
102010712 -0.602361 -0.442600 2.644409 2.748023 15.783791 -143.692451 0.990397 1.347391
102010713 -0.603620 -0.442600 2.639570 2.743644 15.831686 -143.749554 0.990569 1.350494
102010714 -0.604880 -0.442600 2.634732 2.739268 15.879749 -143.806502 0.990743 1.353602
102010715 -0.606140 -0.442600 2.629893 2.734893 15.927981 -143.863296 0.990918 1.356714
102010716 -0.607400 -0.442600 2.625054 2.730520 15.976382 -143.919936 0.991095 1.359832
102010717 -0.608660 -0.442600 2.620216 2.726150 16.024953 -143.976423 0.991273 1.362955
102010718 -0.609920 -0.442600 2.615377 2.721781 16.073695 -144.032757 0.991453 1.366083
102010719 -0.611179 -0.442600 2.610538 2.717415 16.122608 -144.088939 0.991635 1.369215
102010720 -0.612439 -0.442600 2.605700 2.713051 16.171694 -144.144969 0.991818 1.372353
102010721 -0.613699 -0.442600 2.600861 2.708690 16.220952 -144.200848 0.992003 1.375497
102010722 -0.614959 -0.442600 2.596022 2.704330 16.270383 -144.256576 0.992190 1.378645
102010723 -0.616219 -0.442600 2.591184 2.699973 16.319989 -144.312154 0.992378 1.381799
102010724 -0.617479 -0.442600 2.586345 2.695618 16.369770 -144.367582 0.992568 1.384957
102010725 -0.618739 -0.442600 2.581506 2.691265 16.419726 -144.422861 0.992759 1.388122
102010726 -0.619998 -0.442600 2.576668 2.686914 16.469858 -144.477991 0.992952 1.391291
102010727 -0.621258 -0.442600 2.571829 2.682566 16.520167 -144.532973 0.993146 1.394466
102010728 -0.622518 -0.442600 2.566990 2.678220 16.570654 -144.587807 0.993342 1.397646
102010729 -0.623778 -0.442600 2.562152 2.673876 16.621320 -144.642495 0.993540 1.400831
102010730 -0.625038 -0.442600 2.557313 2.669535 16.672164 -144.697035 0.993739 1.404022
102010731 -0.626298 -0.442600 2.552474 2.665196 16.723189 -144.751429 0.993940 1.407219
102010732 -0.627558 -0.442600 2.547636 2.660859 16.774394 -144.805677 0.994142 1.410420
102010733 -0.628817 -0.442600 2.542797 2.656525 16.825780 -144.859780 0.994346 1.413628
102010734 -0.630077 -0.442600 2.537958 2.652192 16.877348 -144.913739 0.994552 1.416841
102010735 -0.631337 -0.442600 2.533120 2.647863 16.929100 -144.967553 0.994759 1.420059
102010736 -0.632597 -0.442600 2.528281 2.643535 16.981034 -145.021223 0.994967 1.423283
102010737 -0.633857 -0.442600 2.523442 2.639210 17.033153 -145.074750 0.995177 1.426513
102010738 -0.635117 -0.442600 2.518604 2.634887 17.085457 -145.128134 0.995388 1.429748
102010739 -0.636376 -0.442600 2.513765 2.630567 17.137947 -145.181376 0.995601 1.432989
102010740 -0.637636 -0.442600 2.508926 2.626249 17.190624 -145.234476 0.995816 1.436236
102010741 -0.638896 -0.442600 2.504088 2.621934 17.243487 -145.287434 0.996032 1.439489
102010742 -0.640156 -0.442600 2.499249 2.617621 17.296539 -145.340251 0.996249 1.442747
102010743 -0.641416 -0.442600 2.494410 2.613310 17.349780 -145.392928 0.996468 1.446011
102010744 -0.642676 -0.442600 2.489572 2.609002 17.403210 -145.445465 0.996689 1.449281
102010745 -0.643936 -0.442600 2.484733 2.604697 17.456831 -145.497863 0.996910 1.452557
102010746 -0.645195 -0.442600 2.479894 2.600394 17.510643 -145.550121 0.997134 1.455839
102010747 -0.646455 -0.442600 2.475056 2.596093 17.564647 -145.602241 0.997358 1.459127
102010748 -0.647715 -0.442600 2.470217 2.591795 17.618844 -145.654223 0.997585 1.462420
102010749 -0.648975 -0.442600 2.465378 2.587499 17.673234 -145.706067 0.997812 1.465720
102010750 -0.650235 -0.442600 2.460539 2.583206 17.727819 -145.757773 0.998041 1.469026
102010751 -0.651495 -0.442600 2.455701 2.578916 17.782599 -145.809343 0.998272 1.472337
102010752 -0.652754 -0.442600 2.450862 2.574628 17.837575 -145.860777 0.998503 1.475655
102010753 -0.654014 -0.442600 2.446023 2.570342 17.892748 -145.912075 0.998736 1.478979
102010754 -0.655274 -0.442600 2.441185 2.566060 17.948118 -145.963238 0.998971 1.482309
102010755 -0.656534 -0.442600 2.436346 2.561779 18.003687 -146.014265 0.999207 1.485645
102010756 -0.657794 -0.442600 2.431507 2.557502 18.059455 -146.065158 0.999444 1.488988
102010757 -0.659054 -0.442600 2.426669 2.553227 18.115423 -146.115918 0.999683 1.492336
102010758 -0.660314 -0.442600 2.421830 2.548955 18.171593 -146.166543 0.999922 1.495691
102010759 -0.661573 -0.442600 2.416991 2.544685 18.227964 -146.217036 1.000164 1.499053
102010760 -0.662833 -0.442600 2.412153 2.540418 18.284537 -146.267395 1.000406 1.502420
102010761 -0.664093 -0.442600 2.407314 2.536154 18.341315 -146.317623 1.000650 1.505794
102010762 -0.665353 -0.442600 2.402475 2.531892 18.398296 -146.367719 1.000895 1.509174
102010763 -0.666613 -0.442600 2.397637 2.527633 18.455483 -146.417683 1.001141 1.512561
102010764 -0.667873 -0.442600 2.392798 2.523377 18.512876 -146.467517 1.001389 1.515954
102010765 -0.669133 -0.442600 2.387959 2.519123 18.570475 -146.517220 1.001638 1.519353
102010766 -0.670392 -0.442600 2.383121 2.514873 18.628283 -146.566793 1.001888 1.522759
102010767 -0.671652 -0.442600 2.378282 2.510625 18.686299 -146.616236 1.002139 1.526172
102010768 -0.672912 -0.442600 2.373443 2.506380 18.744524 -146.665550 1.002392 1.529591
102010769 -0.674172 -0.442600 2.368605 2.502137 18.802960 -146.714736 1.002645 1.533017
102010770 -0.675432 -0.442600 2.363766 2.497898 18.861608 -146.763793 1.002900 1.536449
102010771 -0.676692 -0.442600 2.358927 2.493661 18.920467 -146.812723 1.003156 1.539888
102010772 -0.677951 -0.442600 2.354089 2.489427 18.979540 -146.861525 1.003414 1.543333
102010773 -0.679211 -0.442600 2.349250 2.485196 19.038826 -146.910200 1.003672 1.546786
102010774 -0.680471 -0.442600 2.344411 2.480968 19.098328 -146.958748 1.003931 1.550245
102010775 -0.681731 -0.442600 2.339573 2.476742 19.158045 -147.007170 1.004192 1.553710
102010776 -0.682991 -0.442600 2.334734 2.472520 19.217979 -147.055467 1.004454 1.557183
102010777 -0.684251 -0.442600 2.329895 2.468300 19.278131 -147.103638 1.004716 1.560662
102010778 -0.685511 -0.442600 2.325057 2.464084 19.338501 -147.151684 1.004980 1.564148
102010779 -0.686770 -0.442600 2.320218 2.459870 19.399090 -147.199606 1.005245 1.567642
102010780 -0.688030 -0.442600 2.315379 2.455659 19.459900 -147.247403 1.005511 1.571141
102010781 -0.689290 -0.442600 2.310541 2.451451 19.520932 -147.295078 1.005778 1.574648
102010782 -0.690550 -0.442600 2.305702 2.447246 19.582186 -147.342628 1.006046 1.578162
102010783 -0.691810 -0.442600 2.300863 2.443045 19.643662 -147.390056 1.006315 1.581683
102010784 -0.693070 -0.442600 2.296025 2.438846 19.705363 -147.437362 1.006585 1.585211
102010785 -0.694329 -0.442600 2.291186 2.434650 19.767290 -147.484545 1.006855 1.588745
102010786 -0.695589 -0.442600 2.286347 2.430457 19.829442 -147.531607 1.007127 1.592287
102010787 -0.696849 -0.442600 2.281508 2.426268 19.891821 -147.578548 1.007400 1.595836
102010788 -0.698109 -0.442600 2.276670 2.422081 19.954429 -147.625368 1.007673 1.599392
102010789 -0.699369 -0.442600 2.271831 2.417898 20.017265 -147.672068 1.007948 1.602955
102010790 -0.700629 -0.442600 2.266992 2.413717 20.080331 -147.718647 1.008223 1.606526
102010791 -0.701889 -0.442600 2.262154 2.409540 20.143629 -147.765108 1.008499 1.610103
102010792 -0.703148 -0.442600 2.257315 2.405366 20.207158 -147.811448 1.008776 1.613688
102010793 -0.704408 -0.442600 2.252476 2.401195 20.270920 -147.857671 1.009054 1.617280
102010794 -0.705668 -0.442600 2.247638 2.397027 20.334916 -147.903774 1.009333 1.620880
102010795 -0.706928 -0.442600 2.242799 2.392862 20.399147 -147.949760 1.009612 1.624486
102010796 -0.708188 -0.442600 2.237960 2.388701 20.463614 -147.995628 1.009892 1.628100
102010797 -0.709448 -0.442600 2.233122 2.384543 20.528318 -148.041379 1.010173 1.631722
102010798 -0.710708 -0.442600 2.228283 2.380388 20.593260 -148.087013 1.010454 1.635350
102010799 -0.711967 -0.442600 2.223444 2.376236 20.658440 -148.132531 1.010737 1.638986
102010800 -0.713227 -0.442600 2.218606 2.372088 20.723861 -148.177932 1.011019 1.642630
