# pixelID   x   y   z   l2  two_theta   azimuthal   polar_width azimuthal_width
102030001 -0.588502 -0.199400 2.697635 2.768272 12.971112 -161.282270 0.561122 1.561444
102030002 -0.589762 -0.199400 2.692796 2.763825 13.017735 -161.319478 0.561025 1.564280
102030003 -0.591022 -0.199400 2.687957 2.759381 13.064514 -161.356544 0.560931 1.567122
102030004 -0.592282 -0.199400 2.683119 2.754938 13.111448 -161.393468 0.560839 1.569971
102030005 -0.593542 -0.199400 2.678280 2.750497 13.158540 -161.430252 0.560751 1.572826
102030006 -0.594801 -0.199400 2.673441 2.746058 13.205788 -161.466895 0.560665 1.575687
102030007 -0.596061 -0.199400 2.668603 2.741622 13.253195 -161.503399 0.560581 1.578554
102030008 -0.597321 -0.199400 2.663764 2.737187 13.300761 -161.539764 0.560501 1.581428
102030009 -0.598581 -0.199400 2.658925 2.732754 13.348487 -161.575992 0.560423 1.584308
102030010 -0.599841 -0.199400 2.654087 2.728323 13.396372 -161.612083 0.560348 1.587194
102030011 -0.601101 -0.199400 2.649248 2.723894 13.444419 -161.648038 0.560276 1.590087
102030012 -0.602361 -0.199400 2.644409 2.719467 13.492627 -161.683856 0.560206 1.592987
102030013 -0.603620 -0.199400 2.639570 2.715041 13.540997 -161.719541 0.560139 1.595892
102030014 -0.604880 -0.199400 2.634732 2.710618 13.589530 -161.755091 0.560074 1.598805
102030015 -0.606140 -0.199400 2.629893 2.706197 13.638227 -161.790508 0.560013 1.601724
102030016 -0.607400 -0.199400 2.625054 2.701778 13.687088 -161.825792 0.559953 1.604649
102030017 -0.608660 -0.199400 2.620216 2.697361 13.736114 -161.860944 0.559897 1.607581
102030018 -0.609920 -0.199400 2.615377 2.692946 13.785306 -161.895965 0.559843 1.610520
102030019 -0.611179 -0.199400 2.610538 2.688533 13.834665 -161.930856 0.559792 1.613465
102030020 -0.612439 -0.199400 2.605700 2.684122 13.884190 -161.965617 0.559743 1.616417
102030021 -0.613699 -0.199400 2.600861 2.679714 13.933884 -162.000249 0.559697 1.619376
102030022 -0.614959 -0.199400 2.596022 2.675307 13.983746 -162.034752 0.559654 1.622342
102030023 -0.616219 -0.199400 2.591184 2.670902 14.033777 -162.069128 0.559613 1.625315
102030024 -0.617479 -0.199400 2.586345 2.666500 14.083979 -162.103377 0.559575 1.628294
102030025 -0.618739 -0.199400 2.581506 2.662099 14.134351 -162.137500 0.559539 1.631280
102030026 -0.619998 -0.199400 2.576668 2.657701 14.184895 -162.171496 0.559506 1.634273
102030027 -0.621258 -0.199400 2.571829 2.653305 14.235611 -162.205368 0.559475 1.637274
102030028 -0.622518 -0.199400 2.566990 2.648911 14.286501 -162.239116 0.559447 1.640281
102030029 -0.623778 -0.199400 2.562152 2.644519 14.337564 -162.272740 0.559422 1.643295
102030030 -0.625038 -0.199400 2.557313 2.640129 14.388802 -162.306241 0.559399 1.646316
102030031 -0.626298 -0.199400 2.552474 2.635742 14.440215 -162.339619 0.559378 1.649344
102030032 -0.627558 -0.199400 2.547636 2.631356 14.491804 -162.372876 0.559360 1.652380
102030033 -0.628817 -0.199400 2.542797 2.626973 14.543570 -162.406012 0.559345 1.655422
102030034 -0.630077 -0.199400 2.537958 2.622592 14.595514 -162.439027 0.559332 1.658472
102030035 -0.631337 -0.199400 2.533120 2.618213 14.647636 -162.471923 0.559322 1.661529
102030036 -0.632597 -0.199400 2.528281 2.613837 14.699937 -162.504699 0.559314 1.664593
102030037 -0.633857 -0.199400 2.523442 2.609463 14.752418 -162.537357 0.559308 1.667664
102030038 -0.635117 -0.199400 2.518604 2.605091 14.805080 -162.569897 0.559305 1.670743
102030039 -0.636376 -0.199400 2.513765 2.600721 14.857924 -162.602319 0.559305 1.673829
102030040 -0.637636 -0.199400 2.508926 2.596353 14.910950 -162.634625 0.559306 1.676923
102030041 -0.638896 -0.199400 2.504088 2.591988 14.964159 -162.666815 0.559311 1.680024
102030042 -0.640156 -0.199400 2.499249 2.587625 15.017552 -162.698889 0.559318 1.683132
102030043 -0.641416 -0.199400 2.494410 2.583265 15.071130 -162.730849 0.559327 1.686248
102030044 -0.642676 -0.199400 2.489572 2.578907 15.124894 -162.762694 0.559338 1.689371
102030045 -0.643936 -0.199400 2.484733 2.574551 15.178844 -162.794426 0.559352 1.692502
102030046 -0.645195 -0.199400 2.479894 2.570197 15.232981 -162.826044 0.559369 1.695640
102030047 -0.646455 -0.199400 2.475056 2.565846 15.287306 -162.857550 0.559388 1.698786
102030048 -0.647715 -0.199400 2.470217 2.561497 15.341820 -162.888944 0.559409 1.701940
102030049 -0.648975 -0.199400 2.465378 2.557150 15.396524 -162.920227 0.559432 1.705101
102030050 -0.650235 -0.199400 2.460539 2.552806 15.451419 -162.951398 0.559458 1.708270
102030051 -0.651495 -0.199400 2.455701 2.548465 15.506505 -162.982460 0.559487 1.711447
102030052 -0.652754 -0.199400 2.450862 2.544125 15.561783 -163.013412 0.559517 1.714631
102030053 -0.654014 -0.199400 2.446023 2.539789 15.617255 -163.044255 0.559550 1.717824
102030054 -0.655274 -0.199400 2.441185 2.535454 15.672920 -163.074989 0.559586 1.721024
102030055 -0.656534 -0.199400 2.436346 2.531122 15.728780 -163.105616 0.559623 1.724232
102030056 -0.657794 -0.199400 2.431507 2.526793 15.784836 -163.136135 0.559663 1.727448
102030057 -0.659054 -0.199400 2.426669 2.522466 15.841089 -163.166547 0.559706 1.730672
102030058 -0.660314 -0.199400 2.421830 2.518141 15.897539 -163.196853 0.559750 1.733903
102030059 -0.661573 -0.199400 2.416991 2.513819 15.954188 -163.227053 0.559797 1.737143
102030060 -0.662833 -0.199400 2.412153 2.509500 16.011036 -163.257147 0.559846 1.740391
102030061 -0.664093 -0.199400 2.407314 2.505183 16.068084 -163.287137 0.559898 1.743647
102030062 -0.665353 -0.199400 2.402475 2.500868 16.125333 -163.317023 0.559951 1.746911
102030063 -0.666613 -0.199400 2.397637 2.496557 16.182784 -163.346805 0.560007 1.750183
102030064 -0.667873 -0.199400 2.392798 2.492247 16.240437 -163.376484 0.560065 1.753463
102030065 -0.669133 -0.199400 2.387959 2.487941 16.298295 -163.406060 0.560126 1.756752
102030066 -0.670392 -0.199400 2.383121 2.483637 16.356357 -163.435535 0.560188 1.760048
102030067 -0.671652 -0.199400 2.378282 2.479335 16.414625 -163.464907 0.560253 1.763353
102030068 -0.672912 -0.199400 2.373443 2.475036 16.473100 -163.494179 0.560320 1.766666
102030069 -0.674172 -0.199400 2.368605 2.470740 16.531782 -163.523350 0.560390 1.769988
102030070 -0.675432 -0.199400 2.363766 2.466446 16.590672 -163.552421 0.560461 1.773318
102030071 -0.676692 -0.199400 2.358927 2.462156 16.649772 -163.581392 0.560535 1.776656
102030072 -0.677951 -0.199400 2.354089 2.457867 16.709082 -163.610264 0.560611 1.780002
102030073 -0.679211 -0.199400 2.349250 2.453582 16.768603 -163.639038 0.560689 1.783357
102030074 -0.680471 -0.199400 2.344411 2.449299 16.828337 -163.667713 0.560769 1.786721
102030075 -0.681731 -0.199400 2.339573 2.445019 16.888284 -163.696291 0.560851 1.790093
102030076 -0.682991 -0.199400 2.334734 2.440742 16.948444 -163.724772 0.560936 1.793474
102030077 -0.684251 -0.199400 2.329895 2.436467 17.008820 -163.753156 0.561022 1.796863
102030078 -0.685511 -0.199400 2.325057 2.432195 17.069412 -163.781444 0.561111 1.800260
102030079 -0.686770 -0.199400 2.320218 2.427926 17.130221 -163.809636 0.561202 1.803667
102030080 -0.688030 -0.199400 2.315379 2.423660 17.191249 -163.837733 0.561295 1.807082
102030081 -0.689290 -0.199400 2.310541 2.419396 17.252495 -163.865735 0.561390 1.810506
102030082 -0.690550 -0.199400 2.305702 2.415136 17.313961 -163.893643 0.561487 1.813938
102030083 -0.691810 -0.199400 2.300863 2.410878 17.375648 -163.921457 0.561586 1.817379
102030084 -0.693070 -0.199400 2.296025 2.406623 17.437557 -163.949178 0.561687 1.820829
102030085 -0.694329 -0.199400 2.291186 2.402371 17.499690 -163.976805 0.561791 1.824288
102030086 -0.695589 -0.199400 2.286347 2.398122 17.562046 -164.004341 0.561896 1.827755
102030087 -0.696849 -0.199400 2.281508 2.393876 17.624628 -164.031784 0.562003 1.831232
102030088 -0.698109 -0.199400 2.276670 2.389632 17.687435 -164.059136 0.562113 1.834717
102030089 -0.699369 -0.199400 2.271831 2.385392 17.750470 -164.086396 0.562224 1.838212
102030090 -0.700629 -0.199400 2.266992 2.381154 17.813733 -164.113566 0.562337 1.841715
102030091 -0.701889 -0.199400 2.262154 2.376920 17.877225 -164.140646 0.562453 1.845227
102030092 -0.703148 -0.199400 2.257315 2.372688 17.940947 -164.167636 0.562570 1.848749
102030093 -0.704408 -0.199400 2.252476 2.368460 18.004901 -164.194536 0.562689 1.852279
102030094 -0.705668 -0.199400 2.247638 2.364234 18.069087 -164.221348 0.562811 1.855819
102030095 -0.706928 -0.199400 2.242799 2.360012 18.133507 -164.248071 0.562934 1.859367
102030096 -0.708188 -0.199400 2.237960 2.355792 18.198161 -164.274706 0.563059 1.862925
102030097 -0.709448 -0.199400 2.233122 2.351576 18.263051 -164.301253 0.563186 1.866492
102030098 -0.710708 -0.199400 2.228283 2.347363 18.328177 -164.327713 0.563315 1.870068
102030099 -0.711967 -0.199400 2.223444 2.343152 18.393542 -164.354087 0.563446 1.873654
102030100 -0.713227 -0.199400 2.218606 2.338945 18.459145 -164.380373 0.563579 1.877248
102030101 -0.588502 -0.173000 2.697635 2.766495 12.810420 -163.618424 0.499715 1.581516
102030102 -0.589762 -0.173000 2.692796 2.762046 12.857127 -163.651548 0.499627 1.584315
102030103 -0.591022 -0.173000 2.687957 2.757599 12.903988 -163.684542 0.499542 1.587121
102030104 -0.592282 -0.173000 2.683119 2.753153 12.951005 -163.717406 0.499460 1.589933
102030105 -0.593542 -0.173000 2.678280 2.748709 12.998178 -163.750142 0.499380 1.592751
102030106 -0.594801 -0.173000 2.673441 2.744268 13.045508 -163.782750 0.499303 1.595576
102030107 -0.596061 -0.173000 2.668603 2.739828 13.092996 -163.815231 0.499229 1.598408
102030108 -0.597321 -0.173000 2.663764 2.735390 13.140641 -163.847586 0.499157 1.601246
102030109 -0.598581 -0.173000 2.658925 2.730954 13.188446 -163.879814 0.499088 1.604091
102030110 -0.599841 -0.173000 2.654087 2.726520 13.236410 -163.911918 0.499022 1.606943
102030111 -0.601101 -0.173000 2.649248 2.722088 13.284534 -163.943898 0.498958 1.609801
102030112 -0.602361 -0.173000 2.644409 2.717658 13.332819 -163.975754 0.498896 1.612666
102030113 -0.603620 -0.173000 2.639570 2.713230 13.381266 -164.007487 0.498837 1.615538
102030114 -0.604880 -0.173000 2.634732 2.708804 13.429875 -164.039098 0.498781 1.618416
102030115 -0.606140 -0.173000 2.629893 2.704380 13.478647 -164.070588 0.498727 1.621302
102030116 -0.607400 -0.173000 2.625054 2.699958 13.527583 -164.101956 0.498676 1.624194
102030117 -0.608660 -0.173000 2.620216 2.695538 13.576683 -164.133205 0.498628 1.627093
102030118 -0.609920 -0.173000 2.615377 2.691120 13.625948 -164.164334 0.498582 1.629999
102030119 -0.611179 -0.173000 2.610538 2.686704 13.675380 -164.195344 0.498538 1.632911
102030120 -0.612439 -0.173000 2.605700 2.682290 13.724977 -164.226236 0.498497 1.635831
102030121 -0.613699 -0.173000 2.600861 2.677879 13.774742 -164.257011 0.498459 1.638758
102030122 -0.614959 -0.173000 2.596022 2.673469 13.824675 -164.287669 0.498423 1.641692
102030123 -0.616219 -0.173000 2.591184 2.669061 13.874777 -164.318211 0.498390 1.644633
102030124 -0.617479 -0.173000 2.586345 2.664656 13.925049 -164.348637 0.498359 1.647581
102030125 -0.618739 -0.173000 2.581506 2.660252 13.975490 -164.378948 0.498330 1.650536
102030126 -0.619998 -0.173000 2.576668 2.655851 14.026103 -164.409145 0.498304 1.653498
102030127 -0.621258 -0.173000 2.571829 2.651452 14.076887 -164.439228 0.498281 1.656468
102030128 -0.622518 -0.173000 2.566990 2.647054 14.127844 -164.469199 0.498260 1.659444
102030129 -0.623778 -0.173000 2.562152 2.642659 14.178974 -164.499057 0.498241 1.662428
102030130 -0.625038 -0.173000 2.557313 2.638267 14.230278 -164.528803 0.498225 1.665420
102030131 -0.626298 -0.173000 2.552474 2.633876 14.281756 -164.558438 0.498211 1.668418
102030132 -0.627558 -0.173000 2.547636 2.629488 14.333411 -164.587962 0.498200 1.671424
102030133 -0.628817 -0.173000 2.542797 2.625101 14.385241 -164.617376 0.498191 1.674437
102030134 -0.630077 -0.173000 2.537958 2.620717 14.437249 -164.646681 0.498185 1.677458
102030135 -0.631337 -0.173000 2.533120 2.616335 14.489434 -164.675878 0.498181 1.680486
102030136 -0.632597 -0.173000 2.528281 2.611956 14.541798 -164.704966 0.498179 1.683522
102030137 -0.633857 -0.173000 2.523442 2.607578 14.594342 -164.733946 0.498180 1.686565
102030138 -0.635117 -0.173000 2.518604 2.603203 14.647066 -164.762820 0.498183 1.689616
102030139 -0.636376 -0.173000 2.513765 2.598830 14.699971 -164.791587 0.498189 1.692674
102030140 -0.637636 -0.173000 2.508926 2.594459 14.753057 -164.820248 0.498196 1.695740
102030141 -0.638896 -0.173000 2.504088 2.590091 14.806326 -164.848804 0.498207 1.698814
102030142 -0.640156 -0.173000 2.499249 2.585725 14.859779 -164.877255 0.498219 1.701895
102030143 -0.641416 -0.173000 2.494410 2.581361 14.913416 -164.905602 0.498234 1.704984
102030144 -0.642676 -0.173000 2.489572 2.577000 14.967238 -164.933845 0.498252 1.708080
102030145 -0.643936 -0.173000 2.484733 2.572641 15.021246 -164.961985 0.498271 1.711185
102030146 -0.645195 -0.173000 2.479894 2.568284 15.075441 -164.990023 0.498293 1.714297
102030147 -0.646455 -0.173000 2.475056 2.563929 15.129824 -165.017959 0.498318 1.717417
102030148 -0.647715 -0.173000 2.470217 2.559577 15.184394 -165.045793 0.498344 1.720545
102030149 -0.648975 -0.173000 2.465378 2.555227 15.239154 -165.073527 0.498373 1.723681
102030150 -0.650235 -0.173000 2.460539 2.550880 15.294104 -165.101160 0.498405 1.726824
102030151 -0.651495 -0.173000 2.455701 2.546535 15.349245 -165.128693 0.498438 1.729976
102030152 -0.652754 -0.173000 2.450862 2.542192 15.404578 -165.156127 0.498474 1.733136
102030153 -0.654014 -0.173000 2.446023 2.537852 15.460104 -165.183463 0.498512 1.736303
102030154 -0.655274 -0.173000 2.441185 2.533515 15.515823 -165.210700 0.498552 1.739479
102030155 -0.656534 -0.173000 2.436346 2.529179 15.571736 -165.237839 0.498595 1.742663
102030156 -0.657794 -0.173000 2.431507 2.524847 15.627845 -165.264881 0.498640 1.745855
102030157 -0.659054 -0.173000 2.426669 2.520516 15.684150 -165.291826 0.498687 1.749055
102030158 -0.660314 -0.173000 2.421830 2.516188 15.740652 -165.318675 0.498736 1.752263
102030159 -0.661573 -0.173000 2.416991 2.511863 15.797352 -165.345429 0.498788 1.755479
102030160 -0.662833 -0.173000 2.412153 2.507540 15.854250 -165.372087 0.498842 1.758704
102030161 -0.664093 -0.173000 2.407314 2.503220 15.911349 -165.398651 0.498898 1.761937
102030162 -0.665353 -0.173000 2.402475 2.498902 15.968648 -165.425120 0.498956 1.765178
102030163 -0.666613 -0.173000 2.397637 2.494587 16.026148 -165.451496 0.499016 1.768428
102030164 -0.667873 -0.173000 2.392798 2.490274 16.083851 -165.477778 0.499079 1.771686
102030165 -0.669133 -0.173000 2.387959 2.485964 16.141758 -165.503967 0.499144 1.774952
102030166 -0.670392 -0.173000 2.383121 2.481657 16.199868 -165.530065 0.499211 1.778227
102030167 -0.671652 -0.173000 2.378282 2.477352 16.258184 -165.556070 0.499280 1.781510
102030168 -0.672912 -0.173000 2.373443 2.473049 16.316706 -165.581984 0.499351 1.784802
102030169 -0.674172 -0.173000 2.368605 2.468750 16.375435 -165.607808 0.499425 1.788102
102030170 -0.675432 -0.173000 2.363766 2.464453 16.434372 -165.633541 0.499500 1.791411
102030171 -0.676692 -0.173000 2.358927 2.460158 16.493518 -165.659184 0.499578 1.794729
102030172 -0.677951 -0.173000 2.354089 2.455867 16.552873 -165.684737 0.499658 1.798055
102030173 -0.679211 -0.173000 2.349250 2.451578 16.612440 -165.710202 0.499740 1.801389
102030174 -0.680471 -0.173000 2.344411 2.447291 16.672219 -165.735578 0.499824 1.804733
102030175 -0.681731 -0.173000 2.339573 2.443008 16.732210 -165.760866 0.499910 1.808085
102030176 -0.682991 -0.173000 2.334734 2.438727 16.792415 -165.786066 0.499998 1.811446
102030177 -0.684251 -0.173000 2.329895 2.434449 16.852835 -165.811179 0.500089 1.814815
102030178 -0.685511 -0.173000 2.325057 2.430173 16.913470 -165.836205 0.500181 1.818194
102030179 -0.686770 -0.173000 2.320218 2.425901 16.974322 -165.861145 0.500275 1.821581
102030180 -0.688030 -0.173000 2.315379 2.421631 17.035392 -165.885999 0.500372 1.824977
102030181 -0.689290 -0.173000 2.310541 2.417364 17.096681 -165.910767 0.500471 1.828382
102030182 -0.690550 -0.173000 2.305702 2.413100 17.158189 -165.935451 0.500571 1.831796
102030183 -0.691810 -0.173000 2.300863 2.408838 17.219918 -165.960050 0.500674 1.835219
102030184 -0.693070 -0.173000 2.296025 2.404580 17.281869 -165.984564 0.500779 1.838651
102030185 -0.694329 -0.173000 2.291186 2.400324 17.344042 -166.008995 0.500885 1.842092
102030186 -0.695589 -0.173000 2.286347 2.396071 17.406439 -166.033343 0.500994 1.845542
102030187 -0.696849 -0.173000 2.281508 2.391821 17.469061 -166.057608 0.501105 1.849001
102030188 -0.698109 -0.173000 2.276670 2.387574 17.531908 -166.081790 0.501218 1.852469
102030189 -0.699369 -0.173000 2.271831 2.383330 17.594983 -166.105890 0.501332 1.855946
102030190 -0.700629 -0.173000 2.266992 2.379089 17.658285 -166.129909 0.501449 1.859433
102030191 -0.701889 -0.173000 2.262154 2.374851 17.721816 -166.153846 0.501568 1.862928
102030192 -0.703148 -0.173000 2.257315 2.370616 17.785578 -166.177702 0.501688 1.866433
102030193 -0.704408 -0.173000 2.252476 2.366383 17.849570 -166.201478 0.501811 1.869947
102030194 -0.705668 -0.173000 2.247638 2.362154 17.913794 -166.225174 0.501935 1.873471
102030195 -0.706928 -0.173000 2.242799 2.357928 17.978252 -166.248790 0.502062 1.877004
102030196 -0.708188 -0.173000 2.237960 2.353705 18.042944 -166.272326 0.502190 1.880546
102030197 -0.709448 -0.173000 2.233122 2.349485 18.107871 -166.295784 0.502320 1.884097
102030198 -0.710708 -0.173000 2.228283 2.345267 18.173034 -166.319164 0.502453 1.887658
102030199 -0.711967 -0.173000 2.223444 2.341053 18.238435 -166.342465 0.502587 1.891228
102030200 -0.713227 -0.173000 2.218606 2.336843 18.304075 -166.365688 0.502723 1.894808
102030201 -0.588502 -0.146600 2.697635 2.764970 12.670662 -166.011924 0.435766 1.599208
102030202 -0.589762 -0.146600 2.692796 2.760518 12.717448 -166.040635 0.435696 1.601972
102030203 -0.591022 -0.146600 2.687957 2.756068 12.764388 -166.069232 0.435629 1.604743
102030204 -0.592282 -0.146600 2.683119 2.751620 12.811483 -166.097713 0.435565 1.607520
102030205 -0.593542 -0.146600 2.678280 2.747174 12.858733 -166.126081 0.435503 1.610304
102030206 -0.594801 -0.146600 2.673441 2.742730 12.906139 -166.154335 0.435443 1.613095
102030207 -0.596061 -0.146600 2.668603 2.738288 12.953703 -166.182477 0.435386 1.615892
102030208 -0.597321 -0.146600 2.663764 2.733847 13.001423 -166.210507 0.435332 1.618696
102030209 -0.598581 -0.146600 2.658925 2.729409 13.049303 -166.238426 0.435280 1.621508
102030210 -0.599841 -0.146600 2.654087 2.724973 13.097341 -166.266234 0.435230 1.624326
102030211 -0.601101 -0.146600 2.649248 2.720538 13.145538 -166.293932 0.435183 1.627151
102030212 -0.602361 -0.146600 2.644409 2.716106 13.193896 -166.321520 0.435138 1.629983
102030213 -0.603620 -0.146600 2.639570 2.711675 13.242415 -166.349000 0.435096 1.632822
102030214 -0.604880 -0.146600 2.634732 2.707246 13.291096 -166.376372 0.435056 1.635668
102030215 -0.606140 -0.146600 2.629893 2.702820 13.339939 -166.403636 0.435018 1.638521
102030216 -0.607400 -0.146600 2.625054 2.698395 13.388945 -166.430794 0.434983 1.641382
102030217 -0.608660 -0.146600 2.620216 2.693973 13.438115 -166.457845 0.434951 1.644249
102030218 -0.609920 -0.146600 2.615377 2.689552 13.487449 -166.484790 0.434921 1.647123
102030219 -0.611179 -0.146600 2.610538 2.685134 13.536949 -166.511631 0.434893 1.650005
102030220 -0.612439 -0.146600 2.605700 2.680717 13.586615 -166.538367 0.434867 1.652894
102030221 -0.613699 -0.146600 2.600861 2.676303 13.636448 -166.564999 0.434844 1.655790
102030222 -0.614959 -0.146600 2.596022 2.671890 13.686448 -166.591528 0.434823 1.658693
102030223 -0.616219 -0.146600 2.591184 2.667480 13.736616 -166.617954 0.434805 1.661604
102030224 -0.617479 -0.146600 2.586345 2.663072 13.786953 -166.644278 0.434789 1.664522
102030225 -0.618739 -0.146600 2.581506 2.658666 13.837460 -166.670501 0.434775 1.667447
102030226 -0.619998 -0.146600 2.576668 2.654262 13.888137 -166.696623 0.434764 1.670380
102030227 -0.621258 -0.146600 2.571829 2.649860 13.938985 -166.722644 0.434755 1.673320
102030228 -0.622518 -0.146600 2.566990 2.645460 13.990006 -166.748566 0.434748 1.676268
102030229 -0.623778 -0.146600 2.562152 2.641063 14.041199 -166.774389 0.434744 1.679223
102030230 -0.625038 -0.146600 2.557313 2.636667 14.092565 -166.800112 0.434742 1.682186
102030231 -0.626298 -0.146600 2.552474 2.632274 14.144106 -166.825738 0.434742 1.685156
102030232 -0.627558 -0.146600 2.547636 2.627883 14.195822 -166.851266 0.434744 1.688134
102030233 -0.628817 -0.146600 2.542797 2.623494 14.247713 -166.876697 0.434749 1.691119
102030234 -0.630077 -0.146600 2.537958 2.619107 14.299781 -166.902032 0.434756 1.694112
102030235 -0.631337 -0.146600 2.533120 2.614722 14.352026 -166.927271 0.434766 1.697113
102030236 -0.632597 -0.146600 2.528281 2.610340 14.404450 -166.952414 0.434778 1.700121
102030237 -0.633857 -0.146600 2.523442 2.605960 14.457052 -166.977463 0.434792 1.703137
102030238 -0.635117 -0.146600 2.518604 2.601582 14.509835 -167.002417 0.434808 1.706161
102030239 -0.636376 -0.146600 2.513765 2.597206 14.562797 -167.027277 0.434826 1.709193
102030240 -0.637636 -0.146600 2.508926 2.592833 14.615941 -167.052044 0.434847 1.712233
102030241 -0.638896 -0.146600 2.504088 2.588462 14.669268 -167.076719 0.434870 1.715280
102030242 -0.640156 -0.146600 2.499249 2.584093 14.722777 -167.101301 0.434895 1.718335
102030243 -0.641416 -0.146600 2.494410 2.579726 14.776470 -167.125791 0.434922 1.721398
102030244 -0.642676 -0.146600 2.489572 2.575362 14.830347 -167.150190 0.434952 1.724470
102030245 -0.643936 -0.146600 2.484733 2.571000 14.884410 -167.174498 0.434984 1.727549
102030246 -0.645195 -0.146600 2.479894 2.566641 14.938659 -167.198716 0.435018 1.730636
102030247 -0.646455 -0.146600 2.475056 2.562283 14.993096 -167.222844 0.435054 1.733731
102030248 -0.647715 -0.146600 2.470217 2.557928 15.047720 -167.246883 0.435093 1.736834
102030249 -0.648975 -0.146600 2.465378 2.553576 15.102533 -167.270833 0.435133 1.739946
102030250 -0.650235 -0.146600 2.460539 2.549226 15.157535 -167.294695 0.435176 1.743065
102030251 -0.651495 -0.146600 2.455701 2.544878 15.212729 -167.318469 0.435221 1.746193
102030252 -0.652754 -0.146600 2.450862 2.540532 15.268113 -167.342156 0.435268 1.749329
102030253 -0.654014 -0.146600 2.446023 2.536189 15.323690 -167.365755 0.435318 1.752473
102030254 -0.655274 -0.146600 2.441185 2.531849 15.379460 -167.389269 0.435369 1.755625
102030255 -0.656534 -0.146600 2.436346 2.527511 15.435423 -167.412696 0.435423 1.758786
102030256 -0.657794 -0.146600 2.431507 2.523175 15.491582 -167.436038 0.435479 1.761955
102030257 -0.659054 -0.146600 2.426669 2.518842 15.547936 -167.459295 0.435536 1.765132
102030258 -0.660314 -0.146600 2.421830 2.514511 15.604487 -167.482467 0.435596 1.768318
102030259 -0.661573 -0.146600 2.416991 2.510183 15.661236 -167.505555 0.435659 1.771512
102030260 -0.662833 -0.146600 2.412153 2.505857 15.718183 -167.528560 0.435723 1.774714
102030261 -0.664093 -0.146600 2.407314 2.501534 15.775329 -167.551481 0.435789 1.777925
102030262 -0.665353 -0.146600 2.402475 2.497213 15.832675 -167.574320 0.435858 1.781145
102030263 -0.666613 -0.146600 2.397637 2.492895 15.890223 -167.597076 0.435928 1.784373
102030264 -0.667873 -0.146600 2.392798 2.488579 15.947972 -167.619750 0.436001 1.787609
102030265 -0.669133 -0.146600 2.387959 2.484266 16.005924 -167.642343 0.436076 1.790855
102030266 -0.670392 -0.146600 2.383121 2.479956 16.064081 -167.664855 0.436153 1.794109
102030267 -0.671652 -0.146600 2.378282 2.475648 16.122442 -167.687286 0.436232 1.797371
102030268 -0.672912 -0.146600 2.373443 2.471343 16.181009 -167.709637 0.436313 1.800642
102030269 -0.674172 -0.146600 2.368605 2.467040 16.239782 -167.731908 0.436396 1.803922
102030270 -0.675432 -0.146600 2.363766 2.462740 16.298763 -167.754100 0.436481 1.807211
102030271 -0.676692 -0.146600 2.358927 2.458443 16.357953 -167.776213 0.436568 1.810509
102030272 -0.677951 -0.146600 2.354089 2.454148 16.417352 -167.798247 0.436657 1.813815
102030273 -0.679211 -0.146600 2.349250 2.449856 16.476962 -167.820204 0.436748 1.817130
102030274 -0.680471 -0.146600 2.344411 2.445567 16.536783 -167.842082 0.436841 1.820454
102030275 -0.681731 -0.146600 2.339573 2.441280 16.596817 -167.863884 0.436937 1.823787
102030276 -0.682991 -0.146600 2.334734 2.436996 16.657064 -167.885608 0.437034 1.827129
102030277 -0.684251 -0.146600 2.329895 2.432715 16.717525 -167.907256 0.437133 1.830480
102030278 -0.685511 -0.146600 2.325057 2.428437 16.778202 -167.928828 0.437234 1.833839
102030279 -0.686770 -0.146600 2.320218 2.424161 16.839095 -167.950324 0.437338 1.837208
102030280 -0.688030 -0.146600 2.315379 2.419888 16.900205 -167.971745 0.437443 1.840586
102030281 -0.689290 -0.146600 2.310541 2.415618 16.961534 -167.993091 0.437550 1.843973
102030282 -0.690550 -0.146600 2.305702 2.411351 17.023082 -168.014363 0.437659 1.847369
102030283 -0.691810 -0.146600 2.300863 2.407086 17.084851 -168.035560 0.437770 1.850775
102030284 -0.693070 -0.146600 2.296025 2.402825 17.146841 -168.056684 0.437883 1.854189
102030285 -0.694329 -0.146600 2.291186 2.398566 17.209053 -168.077734 0.437999 1.857613
102030286 -0.695589 -0.146600 2.286347 2.394310 17.271489 -168.098711 0.438116 1.861046
102030287 -0.696849 -0.146600 2.281508 2.390057 17.334149 -168.119616 0.438234 1.864488
102030288 -0.698109 -0.146600 2.276670 2.385807 17.397034 -168.140448 0.438355 1.867939
102030289 -0.699369 -0.146600 2.271831 2.381559 17.460147 -168.161209 0.438478 1.871400
102030290 -0.700629 -0.146600 2.266992 2.377315 17.523486 -168.181898 0.438603 1.874870
102030291 -0.701889 -0.146600 2.262154 2.373074 17.587055 -168.202516 0.438729 1.878350
102030292 -0.703148 -0.146600 2.257315 2.368835 17.650853 -168.223063 0.438858 1.881839
102030293 -0.704408 -0.146600 2.252476 2.364600 17.714881 -168.243539 0.438988 1.885337
102030294 -0.705668 -0.146600 2.247638 2.360367 17.779142 -168.263946 0.439120 1.888845
102030295 -0.706928 -0.146600 2.242799 2.356138 17.843636 -168.284282 0.439255 1.892363
102030296 -0.708188 -0.146600 2.237960 2.351912 17.908363 -168.304550 0.439391 1.895890
102030297 -0.709448 -0.146600 2.233122 2.347688 17.973326 -168.324748 0.439528 1.899426
102030298 -0.710708 -0.146600 2.228283 2.343468 18.038524 -168.344878 0.439668 1.902972
102030299 -0.711967 -0.146600 2.223444 2.339251 18.103960 -168.364939 0.439810 1.906528
102030300 -0.713227 -0.146600 2.218606 2.335037 18.169635 -168.384932 0.439953 1.910093
102030301 -0.588502 -0.120200 2.697635 2.763696 12.552642 -168.456266 0.369536 1.614250
102030302 -0.589762 -0.120200 2.692796 2.759242 12.599499 -168.480266 0.369493 1.616981
102030303 -0.591022 -0.120200 2.687957 2.754790 12.646509 -168.504167 0.369452 1.619719
102030304 -0.592282 -0.120200 2.683119 2.750340 12.693674 -168.527971 0.369414 1.622465
102030305 -0.593542 -0.120200 2.678280 2.745892 12.740994 -168.551678 0.369378 1.625217
102030306 -0.594801 -0.120200 2.673441 2.741446 12.788469 -168.575288 0.369344 1.627976
102030307 -0.596061 -0.120200 2.668603 2.737001 12.836101 -168.598803 0.369313 1.630743
102030308 -0.597321 -0.120200 2.663764 2.732559 12.883890 -168.622222 0.369284 1.633516
102030309 -0.598581 -0.120200 2.658925 2.728118 12.931836 -168.645546 0.369257 1.636297
102030310 -0.599841 -0.120200 2.654087 2.723680 12.979941 -168.668777 0.369232 1.639084
102030311 -0.601101 -0.120200 2.649248 2.719243 13.028205 -168.691913 0.369210 1.641879
102030312 -0.602361 -0.120200 2.644409 2.714809 13.076629 -168.714957 0.369189 1.644681
102030313 -0.603620 -0.120200 2.639570 2.710376 13.125213 -168.737908 0.369171 1.647490
102030314 -0.604880 -0.120200 2.634732 2.705945 13.173958 -168.760767 0.369156 1.650307
102030315 -0.606140 -0.120200 2.629893 2.701517 13.222865 -168.783534 0.369142 1.653131
102030316 -0.607400 -0.120200 2.625054 2.697090 13.271935 -168.806211 0.369131 1.655962
102030317 -0.608660 -0.120200 2.620216 2.692665 13.321168 -168.828797 0.369121 1.658800
102030318 -0.609920 -0.120200 2.615377 2.688242 13.370565 -168.851294 0.369114 1.661646
102030319 -0.611179 -0.120200 2.610538 2.683822 13.420127 -168.873701 0.369110 1.664499
102030320 -0.612439 -0.120200 2.605700 2.679403 13.469854 -168.896020 0.369107 1.667360
102030321 -0.613699 -0.120200 2.600861 2.674987 13.519748 -168.918250 0.369107 1.670228
102030322 -0.614959 -0.120200 2.596022 2.670572 13.569808 -168.940393 0.369108 1.673103
102030323 -0.616219 -0.120200 2.591184 2.666160 13.620036 -168.962448 0.369112 1.675986
102030324 -0.617479 -0.120200 2.586345 2.661749 13.670433 -168.984417 0.369118 1.678877
102030325 -0.618739 -0.120200 2.581506 2.657341 13.720999 -169.006299 0.369127 1.681775
102030326 -0.619998 -0.120200 2.576668 2.652935 13.771734 -169.028096 0.369137 1.684681
102030327 -0.621258 -0.120200 2.571829 2.648531 13.822641 -169.049807 0.369149 1.687595
102030328 -0.622518 -0.120200 2.566990 2.644129 13.873718 -169.071434 0.369164 1.690516
102030329 -0.623778 -0.120200 2.562152 2.639729 13.924968 -169.092977 0.369181 1.693445
102030330 -0.625038 -0.120200 2.557313 2.635331 13.976391 -169.114436 0.369200 1.696381
102030331 -0.626298 -0.120200 2.552474 2.630936 14.027988 -169.135811 0.369221 1.699325
102030332 -0.627558 -0.120200 2.547636 2.626542 14.079759 -169.157104 0.369244 1.702277
102030333 -0.628817 -0.120200 2.542797 2.622151 14.131706 -169.178315 0.369269 1.705237
102030334 -0.630077 -0.120200 2.537958 2.617762 14.183828 -169.199443 0.369297 1.708205
102030335 -0.631337 -0.120200 2.533120 2.613375 14.236128 -169.220491 0.369326 1.711181
102030336 -0.632597 -0.120200 2.528281 2.608991 14.288605 -169.241457 0.369358 1.714164
102030337 -0.633857 -0.120200 2.523442 2.604608 14.341261 -169.262343 0.369391 1.717156
102030338 -0.635117 -0.120200 2.518604 2.600228 14.394096 -169.283149 0.369427 1.720155
102030339 -0.636376 -0.120200 2.513765 2.595850 14.447111 -169.303875 0.369465 1.723163
102030340 -0.637636 -0.120200 2.508926 2.591474 14.500307 -169.324523 0.369505 1.726178
102030341 -0.638896 -0.120200 2.504088 2.587101 14.553684 -169.345091 0.369547 1.729202
102030342 -0.640156 -0.120200 2.499249 2.582730 14.607244 -169.365582 0.369591 1.732233
102030343 -0.641416 -0.120200 2.494410 2.578361 14.660988 -169.385994 0.369637 1.735273
102030344 -0.642676 -0.120200 2.489572 2.573994 14.714915 -169.406330 0.369685 1.738321
102030345 -0.643936 -0.120200 2.484733 2.569630 14.769028 -169.426588 0.369735 1.741377
102030346 -0.645195 -0.120200 2.479894 2.565268 14.823326 -169.446770 0.369787 1.744441
102030347 -0.646455 -0.120200 2.475056 2.560908 14.877811 -169.466876 0.369841 1.747514
102030348 -0.647715 -0.120200 2.470217 2.556551 14.932484 -169.486907 0.369898 1.750595
102030349 -0.648975 -0.120200 2.465378 2.552196 14.987345 -169.506862 0.369956 1.753684
102030350 -0.650235 -0.120200 2.460539 2.547844 15.042395 -169.526743 0.370016 1.756781
102030351 -0.651495 -0.120200 2.455701 2.543494 15.097636 -169.546549 0.370079 1.759887
102030352 -0.652754 -0.120200 2.450862 2.539146 15.153067 -169.566281 0.370143 1.763001
102030353 -0.654014 -0.120200 2.446023 2.534801 15.208690 -169.585940 0.370209 1.766123
102030354 -0.655274 -0.120200 2.441185 2.530458 15.264506 -169.605525 0.370278 1.769254
102030355 -0.656534 -0.120200 2.436346 2.526117 15.320515 -169.625038 0.370348 1.772394
102030356 -0.657794 -0.120200 2.431507 2.521779 15.376719 -169.644478 0.370420 1.775542
102030357 -0.659054 -0.120200 2.426669 2.517443 15.433118 -169.663847 0.370495 1.778698
102030358 -0.660314 -0.120200 2.421830 2.513110 15.489713 -169.683144 0.370571 1.781864
102030359 -0.661573 -0.120200 2.416991 2.508780 15.546506 -169.702370 0.370649 1.785037
102030360 -0.662833 -0.120200 2.412153 2.504451 15.603496 -169.721525 0.370729 1.788220
102030361 -0.664093 -0.120200 2.407314 2.500126 15.660685 -169.740610 0.370812 1.791411
102030362 -0.665353 -0.120200 2.402475 2.495803 15.718075 -169.759624 0.370896 1.794610
102030363 -0.666613 -0.120200 2.397637 2.491482 15.775665 -169.778570 0.370982 1.797819
102030364 -0.667873 -0.120200 2.392798 2.487164 15.833456 -169.797445 0.371070 1.801036
102030365 -0.669133 -0.120200 2.387959 2.482848 15.891450 -169.816253 0.371160 1.804262
102030366 -0.670392 -0.120200 2.383121 2.478535 15.949648 -169.834991 0.371252 1.807497
102030367 -0.671652 -0.120200 2.378282 2.474225 16.008050 -169.853662 0.371346 1.810740
102030368 -0.672912 -0.120200 2.373443 2.469917 16.066658 -169.872264 0.371442 1.813993
102030369 -0.674172 -0.120200 2.368605 2.465612 16.125472 -169.890800 0.371539 1.817254
102030370 -0.675432 -0.120200 2.363766 2.461310 16.184493 -169.909268 0.371639 1.820524
102030371 -0.676692 -0.120200 2.358927 2.457010 16.243722 -169.927670 0.371741 1.823804
102030372 -0.677951 -0.120200 2.354089 2.452713 16.303161 -169.946005 0.371844 1.827092
102030373 -0.679211 -0.120200 2.349250 2.448418 16.362809 -169.964274 0.371950 1.830389
102030374 -0.680471 -0.120200 2.344411 2.444126 16.422669 -169.982478 0.372057 1.833695
102030375 -0.681731 -0.120200 2.339573 2.439837 16.482741 -170.000617 0.372166 1.837011
102030376 -0.682991 -0.120200 2.334734 2.435551 16.543026 -170.018690 0.372277 1.840335
102030377 -0.684251 -0.120200 2.329895 2.431267 16.603525 -170.036700 0.372390 1.843669
102030378 -0.685511 -0.120200 2.325057 2.426986 16.664239 -170.054644 0.372505 1.847012
102030379 -0.686770 -0.120200 2.320218 2.422708 16.725170 -170.072525 0.372622 1.850364
102030380 -0.688030 -0.120200 2.315379 2.418432 16.786317 -170.090343 0.372740 1.853725
102030381 -0.689290 -0.120200 2.310541 2.414160 16.847682 -170.108097 0.372861 1.857096
102030382 -0.690550 -0.120200 2.305702 2.409890 16.909266 -170.125789 0.372983 1.860475
102030383 -0.691810 -0.120200 2.300863 2.405623 16.971071 -170.143417 0.373107 1.863865
102030384 -0.693070 -0.120200 2.296025 2.401358 17.033096 -170.160984 0.373233 1.867263
102030385 -0.694329 -0.120200 2.291186 2.397097 17.095344 -170.178489 0.373361 1.870671
102030386 -0.695589 -0.120200 2.286347 2.392838 17.157814 -170.195932 0.373491 1.874088
102030387 -0.696849 -0.120200 2.281508 2.388583 17.220509 -170.213314 0.373623 1.877515
102030388 -0.698109 -0.120200 2.276670 2.384330 17.283429 -170.230635 0.373756 1.880951
102030389 -0.699369 -0.120200 2.271831 2.380080 17.346576 -170.247895 0.373891 1.884397
102030390 -0.700629 -0.120200 2.266992 2.375833 17.409949 -170.265095 0.374028 1.887852
102030391 -0.701889 -0.120200 2.262154 2.371589 17.473551 -170.282236 0.374167 1.891317
102030392 -0.703148 -0.120200 2.257315 2.367348 17.537383 -170.299316 0.374308 1.894791
102030393 -0.704408 -0.120200 2.252476 2.363110 17.601445 -170.316337 0.374450 1.898275
102030394 -0.705668 -0.120200 2.247638 2.358875 17.665738 -170.333299 0.374594 1.901769
102030395 -0.706928 -0.120200 2.242799 2.354643 17.730264 -170.350202 0.374740 1.905272
102030396 -0.708188 -0.120200 2.237960 2.350414 17.795024 -170.367047 0.374888 1.908785
102030397 -0.709448 -0.120200 2.233122 2.346188 17.860019 -170.383834 0.375038 1.912307
102030398 -0.710708 -0.120200 2.228283 2.341965 17.925249 -170.400563 0.375189 1.915840
102030399 -0.711967 -0.120200 2.223444 2.337745 17.990717 -170.417234 0.375342 1.919382
102030400 -0.713227 -0.120200 2.218606 2.333528 18.056423 -170.433848 0.375497 1.922934
102030401 -0.588502 -0.093800 2.697635 2.762674 12.457063 -170.943934 0.301341 1.626393
102030402 -0.589762 -0.093800 2.692796 2.758218 12.503981 -170.962960 0.301333 1.629097
102030403 -0.591022 -0.093800 2.687957 2.753765 12.551052 -170.981907 0.301326 1.631807
102030404 -0.592282 -0.093800 2.683119 2.749313 12.598277 -171.000775 0.301322 1.634525
102030405 -0.593542 -0.093800 2.678280 2.744863 12.645656 -171.019565 0.301319 1.637250
102030406 -0.594801 -0.093800 2.673441 2.740415 12.693190 -171.038278 0.301319 1.639982
102030407 -0.596061 -0.093800 2.668603 2.735969 12.740881 -171.056913 0.301320 1.642722
102030408 -0.597321 -0.093800 2.663764 2.731525 12.788728 -171.075471 0.301324 1.645468
102030409 -0.598581 -0.093800 2.658925 2.727083 12.836732 -171.093954 0.301329 1.648222
102030410 -0.599841 -0.093800 2.654087 2.722643 12.884893 -171.112360 0.301337 1.650984
102030411 -0.601101 -0.093800 2.649248 2.718204 12.933214 -171.130691 0.301346 1.653753
102030412 -0.602361 -0.093800 2.644409 2.713768 12.981694 -171.148948 0.301357 1.656529
102030413 -0.603620 -0.093800 2.639570 2.709334 13.030333 -171.167129 0.301371 1.659312
102030414 -0.604880 -0.093800 2.634732 2.704901 13.079134 -171.185237 0.301386 1.662103
102030415 -0.606140 -0.093800 2.629893 2.700471 13.128096 -171.203272 0.301403 1.664902
102030416 -0.607400 -0.093800 2.625054 2.696042 13.177220 -171.221233 0.301423 1.667708
102030417 -0.608660 -0.093800 2.620216 2.691616 13.226507 -171.239122 0.301444 1.670521
102030418 -0.609920 -0.093800 2.615377 2.687191 13.275957 -171.256938 0.301467 1.673342
102030419 -0.611179 -0.093800 2.610538 2.682769 13.325572 -171.274683 0.301492 1.676171
102030420 -0.612439 -0.093800 2.605700 2.678349 13.375352 -171.292357 0.301519 1.679007
102030421 -0.613699 -0.093800 2.600861 2.673930 13.425297 -171.309959 0.301548 1.681851
102030422 -0.614959 -0.093800 2.596022 2.669514 13.475410 -171.327491 0.301579 1.684703
102030423 -0.616219 -0.093800 2.591184 2.665100 13.525689 -171.344953 0.301611 1.687562
102030424 -0.617479 -0.093800 2.586345 2.660688 13.576136 -171.362346 0.301646 1.690429
102030425 -0.618739 -0.093800 2.581506 2.656278 13.626752 -171.379669 0.301683 1.693304
102030426 -0.619998 -0.093800 2.576668 2.651870 13.677538 -171.396923 0.301721 1.696187
102030427 -0.621258 -0.093800 2.571829 2.647464 13.728494 -171.414109 0.301762 1.699077
102030428 -0.622518 -0.093800 2.566990 2.643060 13.779621 -171.431227 0.301804 1.701976
102030429 -0.623778 -0.093800 2.562152 2.638658 13.830919 -171.448277 0.301848 1.704882
102030430 -0.625038 -0.093800 2.557313 2.634259 13.882391 -171.465260 0.301894 1.707796
102030431 -0.626298 -0.093800 2.552474 2.629862 13.934035 -171.482177 0.301942 1.710718
102030432 -0.627558 -0.093800 2.547636 2.625466 13.985854 -171.499026 0.301992 1.713648
102030433 -0.628817 -0.093800 2.542797 2.621073 14.037848 -171.515810 0.302044 1.716586
102030434 -0.630077 -0.093800 2.537958 2.616683 14.090017 -171.532528 0.302097 1.719532
102030435 -0.631337 -0.093800 2.533120 2.612294 14.142363 -171.549181 0.302153 1.722486
102030436 -0.632597 -0.093800 2.528281 2.607908 14.194886 -171.565769 0.302210 1.725448
102030437 -0.633857 -0.093800 2.523442 2.603523 14.247587 -171.582292 0.302269 1.728418
102030438 -0.635117 -0.093800 2.518604 2.599141 14.300467 -171.598752 0.302330 1.731397
102030439 -0.636376 -0.093800 2.513765 2.594762 14.353527 -171.615147 0.302393 1.734383
102030440 -0.637636 -0.093800 2.508926 2.590384 14.406767 -171.631479 0.302458 1.737378
102030441 -0.638896 -0.093800 2.504088 2.586009 14.460188 -171.647748 0.302525 1.740381
102030442 -0.640156 -0.093800 2.499249 2.581636 14.513792 -171.663954 0.302593 1.743392
102030443 -0.641416 -0.093800 2.494410 2.577265 14.567579 -171.680098 0.302663 1.746412
102030444 -0.642676 -0.093800 2.489572 2.572897 14.621549 -171.696180 0.302736 1.749440
102030445 -0.643936 -0.093800 2.484733 2.568530 14.675704 -171.712201 0.302810 1.752476
102030446 -0.645195 -0.093800 2.479894 2.564167 14.730045 -171.728160 0.302885 1.755521
102030447 -0.646455 -0.093800 2.475056 2.559805 14.784572 -171.744058 0.302963 1.758574
102030448 -0.647715 -0.093800 2.470217 2.555446 14.839286 -171.759896 0.303043 1.761635
102030449 -0.648975 -0.093800 2.465378 2.551089 14.894188 -171.775673 0.303124 1.764705
102030450 -0.650235 -0.093800 2.460539 2.546735 14.949279 -171.791391 0.303207 1.767783
102030451 -0.651495 -0.093800 2.455701 2.542383 15.004559 -171.807049 0.303292 1.770870
102030452 -0.652754 -0.093800 2.450862 2.538033 15.060030 -171.822647 0.303379 1.773966
102030453 -0.654014 -0.093800 2.446023 2.533686 15.115693 -171.838187 0.303467 1.777070
102030454 -0.655274 -0.093800 2.441185 2.529341 15.171548 -171.853668 0.303558 1.780182
102030455 -0.656534 -0.093800 2.436346 2.524999 15.227597 -171.869092 0.303650 1.783304
102030456 -0.657794 -0.093800 2.431507 2.520659 15.283839 -171.884457 0.303744 1.786434
102030457 -0.659054 -0.093800 2.426669 2.516321 15.340276 -171.899764 0.303839 1.789572
102030458 -0.660314 -0.093800 2.421830 2.511986 15.396910 -171.915015 0.303937 1.792720
102030459 -0.661573 -0.093800 2.416991 2.507653 15.453740 -171.930208 0.304036 1.795876
102030460 -0.662833 -0.093800 2.412153 2.503323 15.510767 -171.945345 0.304137 1.799041
102030461 -0.664093 -0.093800 2.407314 2.498996 15.567994 -171.960425 0.304240 1.802215
102030462 -0.665353 -0.093800 2.402475 2.494671 15.625420 -171.975450 0.304345 1.805397
102030463 -0.666613 -0.093800 2.397637 2.490348 15.683046 -171.990419 0.304451 1.808589
102030464 -0.667873 -0.093800 2.392798 2.486028 15.740874 -172.005332 0.304560 1.811789
102030465 -0.669133 -0.093800 2.387959 2.481710 15.798904 -172.020190 0.304670 1.814998
102030466 -0.670392 -0.093800 2.383121 2.477396 15.857137 -172.034994 0.304781 1.818217
102030467 -0.671652 -0.093800 2.378282 2.473083 15.915574 -172.049743 0.304895 1.821444
102030468 -0.672912 -0.093800 2.373443 2.468773 15.974216 -172.064438 0.305010 1.824680
102030469 -0.674172 -0.093800 2.368605 2.464466 16.033065 -172.079079 0.305127 1.827925
102030470 -0.675432 -0.093800 2.363766 2.460162 16.092120 -172.093667 0.305246 1.831180
102030471 -0.676692 -0.093800 2.358927 2.455860 16.151384 -172.108201 0.305367 1.834443
102030472 -0.677951 -0.093800 2.354089 2.451561 16.210856 -172.122682 0.305489 1.837716
102030473 -0.679211 -0.093800 2.349250 2.447264 16.270538 -172.137110 0.305613 1.840998
102030474 -0.680471 -0.093800 2.344411 2.442970 16.330431 -172.151487 0.305739 1.844289
102030475 -0.681731 -0.093800 2.339573 2.438679 16.390536 -172.165810 0.305866 1.847589
102030476 -0.682991 -0.093800 2.334734 2.434391 16.450853 -172.180082 0.305996 1.850899
102030477 -0.684251 -0.093800 2.329895 2.430105 16.511385 -172.194303 0.306127 1.854218
102030478 -0.685511 -0.093800 2.325057 2.425822 16.572131 -172.208472 0.306259 1.857546
102030479 -0.686770 -0.093800 2.320218 2.421541 16.633093 -172.222590 0.306394 1.860883
102030480 -0.688030 -0.093800 2.315379 2.417264 16.694271 -172.236658 0.306530 1.864230
102030481 -0.689290 -0.093800 2.310541 2.412989 16.755668 -172.250674 0.306668 1.867586
102030482 -0.690550 -0.093800 2.305702 2.408717 16.817283 -172.264641 0.306808 1.870952
102030483 -0.691810 -0.093800 2.300863 2.404448 16.879118 -172.278558 0.306949 1.874327
102030484 -0.693070 -0.093800 2.296025 2.400182 16.941174 -172.292425 0.307092 1.877712
102030485 -0.694329 -0.093800 2.291186 2.395918 17.003452 -172.306242 0.307237 1.881106
102030486 -0.695589 -0.093800 2.286347 2.391658 17.065953 -172.320011 0.307383 1.884510
102030487 -0.696849 -0.093800 2.281508 2.387400 17.128677 -172.333730 0.307531 1.887923
102030488 -0.698109 -0.093800 2.276670 2.383145 17.191627 -172.347401 0.307681 1.891346
102030489 -0.699369 -0.093800 2.271831 2.378893 17.254802 -172.361024 0.307833 1.894779
102030490 -0.700629 -0.093800 2.266992 2.374644 17.318205 -172.374598 0.307986 1.898221
102030491 -0.701889 -0.093800 2.262154 2.370398 17.381836 -172.388125 0.308141 1.901673
102030492 -0.703148 -0.093800 2.257315 2.366155 17.445696 -172.401604 0.308297 1.905134
102030493 -0.704408 -0.093800 2.252476 2.361914 17.509786 -172.415035 0.308456 1.908606
102030494 -0.705668 -0.093800 2.247638 2.357677 17.574108 -172.428419 0.308616 1.912087
102030495 -0.706928 -0.093800 2.242799 2.353443 17.638662 -172.441757 0.308777 1.915578
102030496 -0.708188 -0.093800 2.237960 2.349212 17.703450 -172.455048 0.308940 1.919079
102030497 -0.709448 -0.093800 2.233122 2.344983 17.768472 -172.468292 0.309105 1.922590
102030498 -0.710708 -0.093800 2.228283 2.340758 17.833730 -172.481491 0.309272 1.926110
102030499 -0.711967 -0.093800 2.223444 2.336536 17.899225 -172.494643 0.309440 1.929641
102030500 -0.713227 -0.093800 2.218606 2.332317 17.964957 -172.507750 0.309610 1.933181
102030501 -0.588502 -0.067400 2.697635 2.761903 12.384516 -173.466494 0.231548 1.635427
102030502 -0.589762 -0.067400 2.692796 2.757447 12.431482 -173.480330 0.231580 1.638109
102030503 -0.591022 -0.067400 2.687957 2.752992 12.478601 -173.494109 0.231614 1.640797
102030504 -0.592282 -0.067400 2.683119 2.748539 12.525873 -173.507829 0.231650 1.643493
102030505 -0.593542 -0.067400 2.678280 2.744088 12.573300 -173.521492 0.231688 1.646197
102030506 -0.594801 -0.067400 2.673441 2.739639 12.620881 -173.535098 0.231727 1.648907
102030507 -0.596061 -0.067400 2.668603 2.735191 12.668617 -173.548647 0.231767 1.651625
102030508 -0.597321 -0.067400 2.663764 2.730746 12.716510 -173.562140 0.231810 1.654351
102030509 -0.598581 -0.067400 2.658925 2.726302 12.764559 -173.575576 0.231854 1.657084
102030510 -0.599841 -0.067400 2.654087 2.721861 12.812767 -173.588957 0.231900 1.659824
102030511 -0.601101 -0.067400 2.649248 2.717421 12.861132 -173.602282 0.231947 1.662572
102030512 -0.602361 -0.067400 2.644409 2.712984 12.909656 -173.615553 0.231996 1.665328
102030513 -0.603620 -0.067400 2.639570 2.708548 12.958340 -173.628768 0.232047 1.668091
102030514 -0.604880 -0.067400 2.634732 2.704114 13.007184 -173.641930 0.232099 1.670862
102030515 -0.606140 -0.067400 2.629893 2.699683 13.056189 -173.655037 0.232153 1.673641
102030516 -0.607400 -0.067400 2.625054 2.695253 13.105356 -173.668090 0.232209 1.676427
102030517 -0.608660 -0.067400 2.620216 2.690825 13.154686 -173.681090 0.232266 1.679220
102030518 -0.609920 -0.067400 2.615377 2.686399 13.204178 -173.694037 0.232325 1.682022
102030519 -0.611179 -0.067400 2.610538 2.681976 13.253835 -173.706932 0.232386 1.684831
102030520 -0.612439 -0.067400 2.605700 2.677554 13.303656 -173.719774 0.232448 1.687648
102030521 -0.613699 -0.067400 2.600861 2.673134 13.353643 -173.732564 0.232512 1.690473
102030522 -0.614959 -0.067400 2.596022 2.668717 13.403796 -173.745302 0.232578 1.693306
102030523 -0.616219 -0.067400 2.591184 2.664301 13.454116 -173.757988 0.232645 1.696146
102030524 -0.617479 -0.067400 2.586345 2.659888 13.504604 -173.770624 0.232713 1.698995
102030525 -0.618739 -0.067400 2.581506 2.655476 13.555259 -173.783208 0.232784 1.701851
102030526 -0.619998 -0.067400 2.576668 2.651067 13.606085 -173.795742 0.232856 1.704715
102030527 -0.621258 -0.067400 2.571829 2.646660 13.657080 -173.808226 0.232929 1.707587
102030528 -0.622518 -0.067400 2.566990 2.642255 13.708245 -173.820660 0.233005 1.710468
102030529 -0.623778 -0.067400 2.562152 2.637852 13.759583 -173.833044 0.233082 1.713356
102030530 -0.625038 -0.067400 2.557313 2.633451 13.811092 -173.845379 0.233160 1.716252
102030531 -0.626298 -0.067400 2.552474 2.629052 13.862775 -173.857665 0.233240 1.719156
102030532 -0.627558 -0.067400 2.547636 2.624656 13.914631 -173.869902 0.233322 1.722069
102030533 -0.628817 -0.067400 2.542797 2.620262 13.966662 -173.882090 0.233405 1.724990
102030534 -0.630077 -0.067400 2.537958 2.615869 14.018868 -173.894230 0.233490 1.727918
102030535 -0.631337 -0.067400 2.533120 2.611479 14.071250 -173.906323 0.233576 1.730855
102030536 -0.632597 -0.067400 2.528281 2.607092 14.123810 -173.918368 0.233665 1.733801
102030537 -0.633857 -0.067400 2.523442 2.602706 14.176547 -173.930365 0.233754 1.736754
102030538 -0.635117 -0.067400 2.518604 2.598323 14.229463 -173.942316 0.233846 1.739716
102030539 -0.636376 -0.067400 2.513765 2.593941 14.282558 -173.954219 0.233939 1.742686
102030540 -0.637636 -0.067400 2.508926 2.589562 14.335833 -173.966076 0.234033 1.745664
102030541 -0.638896 -0.067400 2.504088 2.585186 14.389289 -173.977887 0.234129 1.748651
102030542 -0.640156 -0.067400 2.499249 2.580811 14.442927 -173.989652 0.234227 1.751646
102030543 -0.641416 -0.067400 2.494410 2.576439 14.496748 -174.001371 0.234326 1.754650
102030544 -0.642676 -0.067400 2.489572 2.572069 14.550753 -174.013045 0.234427 1.757662
102030545 -0.643936 -0.067400 2.484733 2.567702 14.604941 -174.024674 0.234529 1.760682
102030546 -0.645195 -0.067400 2.479894 2.563337 14.659315 -174.036257 0.234634 1.763711
102030547 -0.646455 -0.067400 2.475056 2.558974 14.713875 -174.047796 0.234739 1.766749
102030548 -0.647715 -0.067400 2.470217 2.554613 14.768622 -174.059291 0.234846 1.769795
102030549 -0.648975 -0.067400 2.465378 2.550255 14.823556 -174.070741 0.234955 1.772849
102030550 -0.650235 -0.067400 2.460539 2.545899 14.878680 -174.082148 0.235066 1.775913
102030551 -0.651495 -0.067400 2.455701 2.541546 14.933992 -174.093510 0.235178 1.778985
102030552 -0.652754 -0.067400 2.450862 2.537195 14.989495 -174.104830 0.235291 1.782065
102030553 -0.654014 -0.067400 2.446023 2.532846 15.045189 -174.116106 0.235406 1.785155
102030554 -0.655274 -0.067400 2.441185 2.528500 15.101075 -174.127340 0.235523 1.788253
102030555 -0.656534 -0.067400 2.436346 2.524156 15.157154 -174.138530 0.235641 1.791359
102030556 -0.657794 -0.067400 2.431507 2.519814 15.213427 -174.149679 0.235761 1.794475
102030557 -0.659054 -0.067400 2.426669 2.515475 15.269895 -174.160785 0.235882 1.797600
102030558 -0.660314 -0.067400 2.421830 2.511139 15.326558 -174.171849 0.236005 1.800733
102030559 -0.661573 -0.067400 2.416991 2.506805 15.383418 -174.182872 0.236130 1.803875
102030560 -0.662833 -0.067400 2.412153 2.502473 15.440476 -174.193853 0.236256 1.807026
102030561 -0.664093 -0.067400 2.407314 2.498144 15.497731 -174.204792 0.236384 1.810186
102030562 -0.665353 -0.067400 2.402475 2.493817 15.555186 -174.215691 0.236513 1.813355
102030563 -0.666613 -0.067400 2.397637 2.489493 15.612841 -174.226549 0.236644 1.816533
102030564 -0.667873 -0.067400 2.392798 2.485172 15.670698 -174.237367 0.236776 1.819720
102030565 -0.669133 -0.067400 2.387959 2.480853 15.728756 -174.248144 0.236910 1.822916
102030566 -0.670392 -0.067400 2.383121 2.476536 15.787017 -174.258881 0.237046 1.826122
102030567 -0.671652 -0.067400 2.378282 2.472223 15.845482 -174.269578 0.237183 1.829336
102030568 -0.672912 -0.067400 2.373443 2.467911 15.904152 -174.280235 0.237321 1.832559
102030569 -0.674172 -0.067400 2.368605 2.463603 15.963028 -174.290853 0.237462 1.835792
102030570 -0.675432 -0.067400 2.363766 2.459297 16.022110 -174.301432 0.237603 1.839034
102030571 -0.676692 -0.067400 2.358927 2.454993 16.081401 -174.311972 0.237747 1.842285
102030572 -0.677951 -0.067400 2.354089 2.450693 16.140900 -174.322473 0.237892 1.845545
102030573 -0.679211 -0.067400 2.349250 2.446395 16.200608 -174.332935 0.238038 1.848815
102030574 -0.680471 -0.067400 2.344411 2.442099 16.260527 -174.343360 0.238186 1.852094
102030575 -0.681731 -0.067400 2.339573 2.437806 16.320658 -174.353746 0.238335 1.855382
102030576 -0.682991 -0.067400 2.334734 2.433516 16.381002 -174.364094 0.238487 1.858679
102030577 -0.684251 -0.067400 2.329895 2.429229 16.441558 -174.374404 0.238639 1.861987
102030578 -0.685511 -0.067400 2.325057 2.424944 16.502330 -174.384677 0.238793 1.865303
102030579 -0.686770 -0.067400 2.320218 2.420663 16.563317 -174.394912 0.238949 1.868629
102030580 -0.688030 -0.067400 2.315379 2.416384 16.624521 -174.405110 0.239106 1.871964
102030581 -0.689290 -0.067400 2.310541 2.412107 16.685942 -174.415272 0.239265 1.875309
102030582 -0.690550 -0.067400 2.305702 2.407834 16.747582 -174.425396 0.239425 1.878664
102030583 -0.691810 -0.067400 2.300863 2.403563 16.809441 -174.435484 0.239587 1.882028
102030584 -0.693070 -0.067400 2.296025 2.399295 16.871521 -174.445536 0.239751 1.885401
102030585 -0.694329 -0.067400 2.291186 2.395030 16.933823 -174.455552 0.239916 1.888785
102030586 -0.695589 -0.067400 2.286347 2.390768 16.996347 -174.465531 0.240082 1.892178
102030587 -0.696849 -0.067400 2.281508 2.386508 17.059095 -174.475475 0.240250 1.895580
102030588 -0.698109 -0.067400 2.276670 2.382252 17.122068 -174.485384 0.240420 1.898993
102030589 -0.699369 -0.067400 2.271831 2.377998 17.185267 -174.495257 0.240591 1.902415
102030590 -0.700629 -0.067400 2.266992 2.373748 17.248693 -174.505094 0.240764 1.905847
102030591 -0.701889 -0.067400 2.262154 2.369500 17.312347 -174.514897 0.240938 1.909288
102030592 -0.703148 -0.067400 2.257315 2.365255 17.376229 -174.524665 0.241114 1.912740
102030593 -0.704408 -0.067400 2.252476 2.361013 17.440342 -174.534399 0.241291 1.916201
102030594 -0.705668 -0.067400 2.247638 2.356774 17.504686 -174.544098 0.241470 1.919672
102030595 -0.706928 -0.067400 2.242799 2.352539 17.569262 -174.553762 0.241650 1.923154
102030596 -0.708188 -0.067400 2.237960 2.348306 17.634072 -174.563393 0.241832 1.926645
102030597 -0.709448 -0.067400 2.233122 2.344076 17.699116 -174.572990 0.242015 1.930146
102030598 -0.710708 -0.067400 2.228283 2.339849 17.764395 -174.582553 0.242200 1.933657
102030599 -0.711967 -0.067400 2.223444 2.335625 17.829912 -174.592082 0.242387 1.937178
102030600 -0.713227 -0.067400 2.218606 2.331405 17.895666 -174.601578 0.242575 1.940709
102030601 -0.588502 -0.041000 2.697635 2.761385 12.335461 -176.014735 0.160566 1.641185
102030602 -0.589762 -0.041000 2.692796 2.756928 12.382461 -176.023221 0.160644 1.643851
102030603 -0.591022 -0.041000 2.687957 2.752472 12.429613 -176.031671 0.160724 1.646525
102030604 -0.592282 -0.041000 2.683119 2.748018 12.476918 -176.040085 0.160805 1.649206
102030605 -0.593542 -0.041000 2.678280 2.743566 12.524377 -176.048464 0.160887 1.651894
102030606 -0.594801 -0.041000 2.673441 2.739116 12.571991 -176.056807 0.160970 1.654590
102030607 -0.596061 -0.041000 2.668603 2.734668 12.619760 -176.065115 0.161055 1.657293
102030608 -0.597321 -0.041000 2.663764 2.730222 12.667684 -176.073388 0.161141 1.660004
102030609 -0.598581 -0.041000 2.658925 2.725778 12.715765 -176.081627 0.161229 1.662723
102030610 -0.599841 -0.041000 2.654087 2.721335 12.764004 -176.089831 0.161318 1.665449
102030611 -0.601101 -0.041000 2.649248 2.716895 12.812400 -176.098001 0.161408 1.668182
102030612 -0.602361 -0.041000 2.644409 2.712456 12.860955 -176.106137 0.161499 1.670924
102030613 -0.603620 -0.041000 2.639570 2.708020 12.909670 -176.114239 0.161592 1.673673
102030614 -0.604880 -0.041000 2.634732 2.703585 12.958544 -176.122308 0.161686 1.676430
102030615 -0.606140 -0.041000 2.629893 2.699153 13.007580 -176.130343 0.161781 1.679194
102030616 -0.607400 -0.041000 2.625054 2.694722 13.056777 -176.138345 0.161878 1.681967
102030617 -0.608660 -0.041000 2.620216 2.690293 13.106136 -176.146314 0.161976 1.684747
102030618 -0.609920 -0.041000 2.615377 2.685867 13.155658 -176.154250 0.162075 1.687535
102030619 -0.611179 -0.041000 2.610538 2.681442 13.205344 -176.162154 0.162175 1.690330
102030620 -0.612439 -0.041000 2.605700 2.677020 13.255194 -176.170025 0.162277 1.693134
102030621 -0.613699 -0.041000 2.600861 2.672599 13.305210 -176.177865 0.162380 1.695946
102030622 -0.614959 -0.041000 2.596022 2.668181 13.355391 -176.185672 0.162485 1.698765
102030623 -0.616219 -0.041000 2.591184 2.663764 13.405739 -176.193447 0.162591 1.701593
102030624 -0.617479 -0.041000 2.586345 2.659350 13.456255 -176.201191 0.162698 1.704428
102030625 -0.618739 -0.041000 2.581506 2.654938 13.506938 -176.208903 0.162806 1.707272
102030626 -0.619998 -0.041000 2.576668 2.650527 13.557791 -176.216584 0.162916 1.710123
102030627 -0.621258 -0.041000 2.571829 2.646119 13.608813 -176.224235 0.163027 1.712983
102030628 -0.622518 -0.041000 2.566990 2.641713 13.660006 -176.231854 0.163139 1.715851
102030629 -0.623778 -0.041000 2.562152 2.637309 13.711370 -176.239443 0.163252 1.718726
102030630 -0.625038 -0.041000 2.557313 2.632908 13.762906 -176.247001 0.163367 1.721610
102030631 -0.626298 -0.041000 2.552474 2.628508 13.814615 -176.254529 0.163483 1.724502
102030632 -0.627558 -0.041000 2.547636 2.624111 13.866497 -176.262027 0.163601 1.727403
102030633 -0.628817 -0.041000 2.542797 2.619715 13.918554 -176.269495 0.163720 1.730311
102030634 -0.630077 -0.041000 2.537958 2.615322 13.970786 -176.276933 0.163840 1.733228
102030635 -0.631337 -0.041000 2.533120 2.610931 14.023194 -176.284341 0.163961 1.736153
102030636 -0.632597 -0.041000 2.528281 2.606543 14.075779 -176.291721 0.164084 1.739087
102030637 -0.633857 -0.041000 2.523442 2.602156 14.128541 -176.299071 0.164208 1.742029
102030638 -0.635117 -0.041000 2.518604 2.597772 14.181481 -176.306392 0.164333 1.744979
102030639 -0.636376 -0.041000 2.513765 2.593390 14.234601 -176.313684 0.164460 1.747937
102030640 -0.637636 -0.041000 2.508926 2.589010 14.287901 -176.320947 0.164588 1.750904
102030641 -0.638896 -0.041000 2.504088 2.584632 14.341381 -176.328182 0.164717 1.753880
102030642 -0.640156 -0.041000 2.499249 2.580257 14.395044 -176.335389 0.164848 1.756864
102030643 -0.641416 -0.041000 2.494410 2.575884 14.448888 -176.342567 0.164979 1.759856
102030644 -0.642676 -0.041000 2.489572 2.571513 14.502916 -176.349717 0.165113 1.762857
102030645 -0.643936 -0.041000 2.484733 2.567145 14.557128 -176.356840 0.165247 1.765867
102030646 -0.645195 -0.041000 2.479894 2.562778 14.611525 -176.363935 0.165383 1.768885
102030647 -0.646455 -0.041000 2.475056 2.558415 14.666108 -176.371002 0.165520 1.771912
102030648 -0.647715 -0.041000 2.470217 2.554053 14.720878 -176.378042 0.165658 1.774947
102030649 -0.648975 -0.041000 2.465378 2.549694 14.775835 -176.385054 0.165798 1.777991
102030650 -0.650235 -0.041000 2.460539 2.545337 14.830981 -176.392040 0.165939 1.781044
102030651 -0.651495 -0.041000 2.455701 2.540983 14.886315 -176.398999 0.166082 1.784106
102030652 -0.652754 -0.041000 2.450862 2.536631 14.941840 -176.405930 0.166225 1.787176
102030653 -0.654014 -0.041000 2.446023 2.532281 14.997556 -176.412836 0.166370 1.790255
102030654 -0.655274 -0.041000 2.441185 2.527934 15.053464 -176.419715 0.166517 1.793343
102030655 -0.656534 -0.041000 2.436346 2.523589 15.109565 -176.426567 0.166664 1.796440
102030656 -0.657794 -0.041000 2.431507 2.519246 15.165859 -176.433393 0.166813 1.799546
102030657 -0.659054 -0.041000 2.426669 2.514906 15.222348 -176.440194 0.166964 1.802660
102030658 -0.660314 -0.041000 2.421830 2.510569 15.279032 -176.446968 0.167115 1.805784
102030659 -0.661573 -0.041000 2.416991 2.506234 15.335913 -176.453717 0.167268 1.808917
102030660 -0.662833 -0.041000 2.412153 2.501901 15.392991 -176.460440 0.167422 1.812058
102030661 -0.664093 -0.041000 2.407314 2.497571 15.450267 -176.467138 0.167578 1.815209
102030662 -0.665353 -0.041000 2.402475 2.493244 15.507742 -176.473811 0.167735 1.818368
102030663 -0.666613 -0.041000 2.397637 2.488919 15.565417 -176.480458 0.167893 1.821537
102030664 -0.667873 -0.041000 2.392798 2.484596 15.623293 -176.487081 0.168053 1.824715
102030665 -0.669133 -0.041000 2.387959 2.480276 15.681371 -176.493679 0.168214 1.827902
102030666 -0.670392 -0.041000 2.383121 2.475959 15.739652 -176.500251 0.168376 1.831098
102030667 -0.671652 -0.041000 2.378282 2.471644 15.798137 -176.506800 0.168540 1.834303
102030668 -0.672912 -0.041000 2.373443 2.467332 15.856826 -176.513324 0.168704 1.837517
102030669 -0.674172 -0.041000 2.368605 2.463022 15.915721 -176.519823 0.168871 1.840741
102030670 -0.675432 -0.041000 2.363766 2.458715 15.974822 -176.526299 0.169038 1.843974
102030671 -0.676692 -0.041000 2.358927 2.454410 16.034131 -176.532750 0.169207 1.847217
102030672 -0.677951 -0.041000 2.354089 2.450109 16.093649 -176.539178 0.169378 1.850468
102030673 -0.679211 -0.041000 2.349250 2.445810 16.153376 -176.545582 0.169549 1.853729
102030674 -0.680471 -0.041000 2.344411 2.441513 16.213313 -176.551962 0.169722 1.857000
102030675 -0.681731 -0.041000 2.339573 2.437219 16.273462 -176.558319 0.169896 1.860280
102030676 -0.682991 -0.041000 2.334734 2.432928 16.333823 -176.564652 0.170072 1.863569
102030677 -0.684251 -0.041000 2.329895 2.428640 16.394398 -176.570962 0.170249 1.866868
102030678 -0.685511 -0.041000 2.325057 2.424354 16.455187 -176.577249 0.170427 1.870176
102030679 -0.686770 -0.041000 2.320218 2.420071 16.516192 -176.583513 0.170607 1.873494
102030680 -0.688030 -0.041000 2.315379 2.415791 16.577413 -176.589754 0.170788 1.876821
102030681 -0.689290 -0.041000 2.310541 2.411514 16.638851 -176.595973 0.170970 1.880158
102030682 -0.690550 -0.041000 2.305702 2.407239 16.700508 -176.602168 0.171154 1.883505
102030683 -0.691810 -0.041000 2.300863 2.402968 16.762385 -176.608342 0.171339 1.886861
102030684 -0.693070 -0.041000 2.296025 2.398699 16.824481 -176.614493 0.171526 1.890227
102030685 -0.694329 -0.041000 2.291186 2.394433 16.886800 -176.620621 0.171713 1.893603
102030686 -0.695589 -0.041000 2.286347 2.390169 16.949341 -176.626728 0.171903 1.896988
102030687 -0.696849 -0.041000 2.281508 2.385909 17.012105 -176.632812 0.172093 1.900383
102030688 -0.698109 -0.041000 2.276670 2.381651 17.075095 -176.638875 0.172285 1.903788
102030689 -0.699369 -0.041000 2.271831 2.377397 17.138310 -176.644916 0.172478 1.907203
102030690 -0.700629 -0.041000 2.266992 2.373145 17.201751 -176.650935 0.172673 1.910628
102030691 -0.701889 -0.041000 2.262154 2.368896 17.265421 -176.656933 0.172869 1.914062
102030692 -0.703148 -0.041000 2.257315 2.364650 17.329319 -176.662909 0.173066 1.917507
102030693 -0.704408 -0.041000 2.252476 2.360407 17.393448 -176.668864 0.173265 1.920961
102030694 -0.705668 -0.041000 2.247638 2.356167 17.457807 -176.674798 0.173465 1.924425
102030695 -0.706928 -0.041000 2.242799 2.351930 17.522399 -176.680711 0.173666 1.927900
102030696 -0.708188 -0.041000 2.237960 2.347696 17.587224 -176.686603 0.173869 1.931384
102030697 -0.709448 -0.041000 2.233122 2.343465 17.652283 -176.692473 0.174073 1.934878
102030698 -0.710708 -0.041000 2.228283 2.339237 17.717578 -176.698324 0.174279 1.938383
102030699 -0.711967 -0.041000 2.223444 2.335013 17.783109 -176.704153 0.174486 1.941897
102030700 -0.713227 -0.041000 2.218606 2.330791 17.848878 -176.709962 0.174694 1.945422
102030701 -0.588502 -0.014600 2.697635 2.761119 12.310215 -178.578855 0.088837 1.643553
102030702 -0.589762 -0.014600 2.692796 2.756661 12.357232 -178.581890 0.088964 1.646211
102030703 -0.591022 -0.014600 2.687957 2.752205 12.404401 -178.584912 0.089093 1.648877
102030704 -0.592282 -0.014600 2.683119 2.747751 12.451724 -178.587920 0.089222 1.651550
102030705 -0.593542 -0.014600 2.678280 2.743299 12.499200 -178.590916 0.089352 1.654231
102030706 -0.594801 -0.014600 2.673441 2.738848 12.546831 -178.593900 0.089484 1.656919
102030707 -0.596061 -0.014600 2.668603 2.734400 12.594616 -178.596871 0.089616 1.659615
102030708 -0.597321 -0.014600 2.663764 2.729953 12.642558 -178.599829 0.089749 1.662319
102030709 -0.598581 -0.014600 2.658925 2.725508 12.690656 -178.602775 0.089883 1.665030
102030710 -0.599841 -0.014600 2.654087 2.721065 12.738910 -178.605708 0.090017 1.667749
102030711 -0.601101 -0.014600 2.649248 2.716625 12.787323 -178.608629 0.090153 1.670475
102030712 -0.602361 -0.014600 2.644409 2.712186 12.835894 -178.611538 0.090290 1.673209
102030713 -0.603620 -0.014600 2.639570 2.707749 12.884625 -178.614435 0.090428 1.675951
102030714 -0.604880 -0.014600 2.634732 2.703314 12.933516 -178.617320 0.090566 1.678701
102030715 -0.606140 -0.014600 2.629893 2.698881 12.982567 -178.620192 0.090706 1.681459
102030716 -0.607400 -0.014600 2.625054 2.694450 13.031779 -178.623053 0.090846 1.684224
102030717 -0.608660 -0.014600 2.620216 2.690021 13.081154 -178.625902 0.090987 1.686997
102030718 -0.609920 -0.014600 2.615377 2.685594 13.130692 -178.628740 0.091130 1.689778
102030719 -0.611179 -0.014600 2.610538 2.681168 13.180393 -178.631565 0.091273 1.692567
102030720 -0.612439 -0.014600 2.605700 2.676745 13.230258 -178.634379 0.091417 1.695364
102030721 -0.613699 -0.014600 2.600861 2.672324 13.280289 -178.637181 0.091562 1.698169
102030722 -0.614959 -0.014600 2.596022 2.667906 13.330485 -178.639972 0.091708 1.700982
102030723 -0.616219 -0.014600 2.591184 2.663489 13.380848 -178.642752 0.091856 1.703803
102030724 -0.617479 -0.014600 2.586345 2.659074 13.431378 -178.645520 0.092004 1.706632
102030725 -0.618739 -0.014600 2.581506 2.654661 13.482076 -178.648277 0.092153 1.709469
102030726 -0.619998 -0.014600 2.576668 2.650250 13.532943 -178.651023 0.092303 1.712314
102030727 -0.621258 -0.014600 2.571829 2.645842 13.583980 -178.653757 0.092453 1.715167
102030728 -0.622518 -0.014600 2.566990 2.641435 13.635187 -178.656481 0.092605 1.718028
102030729 -0.623778 -0.014600 2.562152 2.637031 13.686565 -178.659193 0.092758 1.720898
102030730 -0.625038 -0.014600 2.557313 2.632629 13.738115 -178.661895 0.092912 1.723775
102030731 -0.626298 -0.014600 2.552474 2.628229 13.789838 -178.664586 0.093067 1.726661
102030732 -0.627558 -0.014600 2.547636 2.623831 13.841734 -178.667266 0.093223 1.729556
102030733 -0.628817 -0.014600 2.542797 2.619435 13.893804 -178.669935 0.093379 1.732458
102030734 -0.630077 -0.014600 2.537958 2.615042 13.946049 -178.672593 0.093537 1.735369
102030735 -0.631337 -0.014600 2.533120 2.610650 13.998471 -178.675241 0.093696 1.738288
102030736 -0.632597 -0.014600 2.528281 2.606261 14.051069 -178.677879 0.093856 1.741215
102030737 -0.633857 -0.014600 2.523442 2.601874 14.103844 -178.680506 0.094016 1.744151
102030738 -0.635117 -0.014600 2.518604 2.597489 14.156798 -178.683122 0.094178 1.747096
102030739 -0.636376 -0.014600 2.513765 2.593107 14.209930 -178.685728 0.094341 1.750048
102030740 -0.637636 -0.014600 2.508926 2.588726 14.263243 -178.688324 0.094505 1.753010
102030741 -0.638896 -0.014600 2.504088 2.584348 14.316736 -178.690910 0.094669 1.755979
102030742 -0.640156 -0.014600 2.499249 2.579972 14.370411 -178.693485 0.094835 1.758957
102030743 -0.641416 -0.014600 2.494410 2.575599 14.424268 -178.696050 0.095002 1.761944
102030744 -0.642676 -0.014600 2.489572 2.571228 14.478308 -178.698606 0.095170 1.764940
102030745 -0.643936 -0.014600 2.484733 2.566859 14.532533 -178.701151 0.095338 1.767944
102030746 -0.645195 -0.014600 2.479894 2.562492 14.586942 -178.703686 0.095508 1.770956
102030747 -0.646455 -0.014600 2.475056 2.558128 14.641537 -178.706212 0.095679 1.773978
102030748 -0.647715 -0.014600 2.470217 2.553766 14.696318 -178.708727 0.095851 1.777008
102030749 -0.648975 -0.014600 2.465378 2.549406 14.751287 -178.711233 0.096024 1.780046
102030750 -0.650235 -0.014600 2.460539 2.545049 14.806445 -178.713729 0.096198 1.783094
102030751 -0.651495 -0.014600 2.455701 2.540694 14.861791 -178.716216 0.096373 1.786150
102030752 -0.652754 -0.014600 2.450862 2.536341 14.917328 -178.718693 0.096549 1.789215
102030753 -0.654014 -0.014600 2.446023 2.531991 14.973055 -178.721160 0.096726 1.792289
102030754 -0.655274 -0.014600 2.441185 2.527643 15.028974 -178.723618 0.096904 1.795372
102030755 -0.656534 -0.014600 2.436346 2.523298 15.085086 -178.726067 0.097083 1.798464
102030756 -0.657794 -0.014600 2.431507 2.518955 15.141392 -178.728506 0.097263 1.801564
102030757 -0.659054 -0.014600 2.426669 2.514615 15.197891 -178.730936 0.097444 1.804674
102030758 -0.660314 -0.014600 2.421830 2.510277 15.254587 -178.733356 0.097627 1.807792
102030759 -0.661573 -0.014600 2.416991 2.505941 15.311478 -178.735767 0.097810 1.810920
102030760 -0.662833 -0.014600 2.412153 2.501608 15.368567 -178.738170 0.097995 1.814056
102030761 -0.664093 -0.014600 2.407314 2.497277 15.425854 -178.740563 0.098180 1.817202
102030762 -0.665353 -0.014600 2.402475 2.492949 15.483339 -178.742947 0.098367 1.820357
102030763 -0.666613 -0.014600 2.397637 2.488624 15.541025 -178.745322 0.098554 1.823521
102030764 -0.667873 -0.014600 2.392798 2.484301 15.598912 -178.747688 0.098743 1.826694
102030765 -0.669133 -0.014600 2.387959 2.479980 15.657000 -178.750045 0.098933 1.829876
102030766 -0.670392 -0.014600 2.383121 2.475662 15.715291 -178.752393 0.099124 1.833067
102030767 -0.671652 -0.014600 2.378282 2.471347 15.773786 -178.754732 0.099316 1.836268
102030768 -0.672912 -0.014600 2.373443 2.467034 15.832485 -178.757063 0.099509 1.839478
102030769 -0.674172 -0.014600 2.368605 2.462724 15.891390 -178.759385 0.099703 1.842697
102030770 -0.675432 -0.014600 2.363766 2.458416 15.950501 -178.761699 0.099898 1.845925
102030771 -0.676692 -0.014600 2.358927 2.454111 16.009820 -178.764003 0.100095 1.849163
102030772 -0.677951 -0.014600 2.354089 2.449809 16.069347 -178.766299 0.100292 1.852410
102030773 -0.679211 -0.014600 2.349250 2.445509 16.129084 -178.768587 0.100491 1.855667
102030774 -0.680471 -0.014600 2.344411 2.441212 16.189031 -178.770866 0.100691 1.858933
102030775 -0.681731 -0.014600 2.339573 2.436918 16.249189 -178.773137 0.100891 1.862209
102030776 -0.682991 -0.014600 2.334734 2.432627 16.309560 -178.775399 0.101093 1.865494
102030777 -0.684251 -0.014600 2.329895 2.428338 16.370144 -178.777653 0.101297 1.868788
102030778 -0.685511 -0.014600 2.325057 2.424052 16.430943 -178.779899 0.101501 1.872092
102030779 -0.686770 -0.014600 2.320218 2.419768 16.491956 -178.782137 0.101706 1.875406
102030780 -0.688030 -0.014600 2.315379 2.415487 16.553187 -178.784366 0.101913 1.878729
102030781 -0.689290 -0.014600 2.310541 2.411210 16.614634 -178.786587 0.102120 1.882062
102030782 -0.690550 -0.014600 2.305702 2.406934 16.676300 -178.788800 0.102329 1.885405
102030783 -0.691810 -0.014600 2.300863 2.402662 16.738185 -178.791005 0.102539 1.888757
102030784 -0.693070 -0.014600 2.296025 2.398393 16.800291 -178.793203 0.102750 1.892119
102030785 -0.694329 -0.014600 2.291186 2.394126 16.862618 -178.795392 0.102962 1.895490
102030786 -0.695589 -0.014600 2.286347 2.389862 16.925168 -178.797573 0.103176 1.898872
102030787 -0.696849 -0.014600 2.281508 2.385601 16.987941 -178.799746 0.103390 1.902263
102030788 -0.698109 -0.014600 2.276670 2.381343 17.050939 -178.801911 0.103606 1.905664
102030789 -0.699369 -0.014600 2.271831 2.377088 17.114162 -178.804069 0.103823 1.909075
102030790 -0.700629 -0.014600 2.266992 2.372836 17.177612 -178.806219 0.104041 1.912496
102030791 -0.701889 -0.014600 2.262154 2.368586 17.241290 -178.808361 0.104260 1.915927
102030792 -0.703148 -0.014600 2.257315 2.364340 17.305197 -178.810496 0.104481 1.919368
102030793 -0.704408 -0.014600 2.252476 2.360096 17.369333 -178.812622 0.104703 1.922818
102030794 -0.705668 -0.014600 2.247638 2.355856 17.433701 -178.814742 0.104925 1.926279
102030795 -0.706928 -0.014600 2.242799 2.351618 17.498301 -178.816853 0.105149 1.929750
102030796 -0.708188 -0.014600 2.237960 2.347384 17.563134 -178.818958 0.105375 1.933230
102030797 -0.709448 -0.014600 2.233122 2.343152 17.628201 -178.821054 0.105601 1.936721
102030798 -0.710708 -0.014600 2.228283 2.338924 17.693503 -178.823144 0.105829 1.940222
102030799 -0.711967 -0.014600 2.223444 2.334698 17.759042 -178.825225 0.106058 1.943733
102030800 -0.713227 -0.014600 2.218606 2.330476 17.824819 -178.827300 0.106288 1.947254
