# pixelID   x   y   z   l2  two_theta   azimuthal   polar_width azimuthal_width
112030001 1.212052 -0.199400 1.324417 1.806353 42.844723 -9.342293 0.437046 2.486013
112030002 1.210677 -0.199400 1.329224 1.808960 42.709671 -9.352719 0.437206 2.482366
112030003 1.209302 -0.199400 1.334031 1.811577 42.575009 -9.363167 0.437363 2.478716
112030004 1.207927 -0.199400 1.338838 1.814204 42.440737 -9.373639 0.437514 2.475062
112030005 1.206551 -0.199400 1.343645 1.816840 42.306855 -9.384134 0.437662 2.471405
112030006 1.205176 -0.199400 1.348452 1.819487 42.173363 -9.394652 0.437805 2.467745
112030007 1.203801 -0.199400 1.353260 1.822144 42.040260 -9.405194 0.437943 2.464082
112030008 1.202425 -0.199400 1.358067 1.824810 41.907547 -9.415759 0.438078 2.460416
112030009 1.201050 -0.199400 1.362874 1.827486 41.775222 -9.426347 0.438208 2.456747
112030010 1.199675 -0.199400 1.367681 1.830172 41.643287 -9.436960 0.438334 2.453076
112030011 1.198299 -0.199400 1.372488 1.832868 41.511739 -9.447596 0.438456 2.449402
112030012 1.196924 -0.199400 1.377295 1.835573 41.380580 -9.458255 0.438574 2.445726
112030013 1.195549 -0.199400 1.382102 1.838288 41.249808 -9.468939 0.438687 2.442048
112030014 1.194173 -0.199400 1.386909 1.841013 41.119424 -9.479646 0.438797 2.438368
112030015 1.192798 -0.199400 1.391717 1.843747 40.989426 -9.490378 0.438902 2.434685
112030016 1.191423 -0.199400 1.396524 1.846490 40.859816 -9.501134 0.439004 2.431001
112030017 1.190047 -0.199400 1.401331 1.849243 40.730591 -9.511913 0.439102 2.427316
112030018 1.188672 -0.199400 1.406138 1.852006 40.601753 -9.522718 0.439196 2.423628
112030019 1.187297 -0.199400 1.410945 1.854778 40.473300 -9.533546 0.439286 2.419939
112030020 1.185921 -0.199400 1.415752 1.857559 40.345231 -9.544399 0.439372 2.416249
112030021 1.184546 -0.199400 1.420559 1.860349 40.217548 -9.555276 0.439455 2.412558
112030022 1.183171 -0.199400 1.425366 1.863149 40.090248 -9.566178 0.439534 2.408865
112030023 1.181795 -0.199400 1.430174 1.865957 39.963332 -9.577105 0.439609 2.405172
112030024 1.180420 -0.199400 1.434981 1.868775 39.836800 -9.588056 0.439681 2.401477
112030025 1.179045 -0.199400 1.439788 1.871602 39.710650 -9.599032 0.439749 2.397782
112030026 1.177669 -0.199400 1.444595 1.874439 39.584882 -9.610034 0.439813 2.394086
112030027 1.176294 -0.199400 1.449402 1.877284 39.459496 -9.621060 0.439874 2.390389
112030028 1.174919 -0.199400 1.454209 1.880138 39.334491 -9.632111 0.439932 2.386692
112030029 1.173543 -0.199400 1.459016 1.883001 39.209866 -9.643187 0.439986 2.382995
112030030 1.172168 -0.199400 1.463824 1.885873 39.085622 -9.654289 0.440036 2.379297
112030031 1.170793 -0.199400 1.468631 1.888754 38.961757 -9.665416 0.440084 2.375600
112030032 1.169417 -0.199400 1.473438 1.891644 38.838271 -9.676569 0.440128 2.371902
112030033 1.168042 -0.199400 1.478245 1.894542 38.715163 -9.687747 0.440169 2.368204
112030034 1.166667 -0.199400 1.483052 1.897450 38.592433 -9.698950 0.440206 2.364506
112030035 1.165291 -0.199400 1.487859 1.900366 38.470081 -9.710180 0.440241 2.360809
112030036 1.163916 -0.199400 1.492666 1.903290 38.348104 -9.721435 0.440272 2.357112
112030037 1.162541 -0.199400 1.497473 1.906223 38.226504 -9.732716 0.440300 2.353415
112030038 1.161165 -0.199400 1.502281 1.909165 38.105279 -9.744023 0.440325 2.349719
112030039 1.159790 -0.199400 1.507088 1.912116 37.984429 -9.755356 0.440347 2.346023
112030040 1.158415 -0.199400 1.511895 1.915075 37.863952 -9.766715 0.440366 2.342329
112030041 1.157039 -0.199400 1.516702 1.918042 37.743849 -9.778100 0.440382 2.338635
112030042 1.155664 -0.199400 1.521509 1.921018 37.624119 -9.789512 0.440395 2.334942
112030043 1.154289 -0.199400 1.526316 1.924002 37.504760 -9.800950 0.440405 2.331250
112030044 1.152913 -0.199400 1.531123 1.926995 37.385773 -9.812414 0.440413 2.327559
112030045 1.151538 -0.199400 1.535930 1.929996 37.267157 -9.823905 0.440417 2.323869
112030046 1.150163 -0.199400 1.540738 1.933005 37.148910 -9.835423 0.440419 2.320180
112030047 1.148788 -0.199400 1.545545 1.936022 37.031033 -9.846968 0.440418 2.316493
112030048 1.147412 -0.199400 1.550352 1.939048 36.913524 -9.858539 0.440414 2.312807
112030049 1.146037 -0.199400 1.555159 1.942081 36.796383 -9.870138 0.440408 2.309123
112030050 1.144662 -0.199400 1.559966 1.945123 36.679609 -9.881763 0.440399 2.305441
112030051 1.143286 -0.199400 1.564773 1.948173 36.563201 -9.893416 0.440388 2.301760
112030052 1.141911 -0.199400 1.569580 1.951231 36.447159 -9.905096 0.440373 2.298080
112030053 1.140536 -0.199400 1.574387 1.954297 36.331481 -9.916803 0.440357 2.294403
112030054 1.139160 -0.199400 1.579195 1.957371 36.216168 -9.928537 0.440338 2.290728
112030055 1.137785 -0.199400 1.584002 1.960453 36.101217 -9.940299 0.440316 2.287054
112030056 1.136410 -0.199400 1.588809 1.963543 35.986629 -9.952089 0.440292 2.283383
112030057 1.135034 -0.199400 1.593616 1.966641 35.872403 -9.963907 0.440266 2.279714
112030058 1.133659 -0.199400 1.598423 1.969746 35.758538 -9.975752 0.440237 2.276047
112030059 1.132284 -0.199400 1.603230 1.972859 35.645033 -9.987625 0.440206 2.272382
112030060 1.130908 -0.199400 1.608037 1.975980 35.531887 -9.999526 0.440173 2.268720
112030061 1.129533 -0.199400 1.612844 1.979109 35.419099 -10.011456 0.440137 2.265060
112030062 1.128158 -0.199400 1.617652 1.982245 35.306670 -10.023413 0.440099 2.261403
112030063 1.126782 -0.199400 1.622459 1.985389 35.194597 -10.035399 0.440059 2.257748
112030064 1.125407 -0.199400 1.627266 1.988541 35.082880 -10.047413 0.440017 2.254096
112030065 1.124032 -0.199400 1.632073 1.991700 34.971518 -10.059456 0.439973 2.250447
112030066 1.122656 -0.199400 1.636880 1.994867 34.860510 -10.071527 0.439926 2.246801
112030067 1.121281 -0.199400 1.641687 1.998041 34.749856 -10.083627 0.439878 2.243157
112030068 1.119906 -0.199400 1.646494 2.001223 34.639555 -10.095756 0.439828 2.239516
112030069 1.118530 -0.199400 1.651301 2.004412 34.529605 -10.107914 0.439775 2.235879
112030070 1.117155 -0.199400 1.656109 2.007608 34.420007 -10.120101 0.439721 2.232244
112030071 1.115780 -0.199400 1.660916 2.010812 34.310758 -10.132317 0.439664 2.228612
112030072 1.114404 -0.199400 1.665723 2.014023 34.201859 -10.144562 0.439606 2.224984
112030073 1.113029 -0.199400 1.670530 2.017242 34.093308 -10.156836 0.439546 2.221359
112030074 1.111654 -0.199400 1.675337 2.020467 33.985104 -10.169140 0.439484 2.217737
112030075 1.110278 -0.199400 1.680144 2.023700 33.877247 -10.181473 0.439421 2.214119
112030076 1.108903 -0.199400 1.684951 2.026940 33.769735 -10.193836 0.439355 2.210504
112030077 1.107528 -0.199400 1.689759 2.030188 33.662569 -10.206229 0.439288 2.206892
112030078 1.106152 -0.199400 1.694566 2.033442 33.555746 -10.218652 0.439219 2.203284
112030079 1.104777 -0.199400 1.699373 2.036703 33.449266 -10.231104 0.439149 2.199680
112030080 1.103402 -0.199400 1.704180 2.039972 33.343128 -10.243587 0.439076 2.196079
112030081 1.102026 -0.199400 1.708987 2.043247 33.237332 -10.256100 0.439003 2.192482
112030082 1.100651 -0.199400 1.713794 2.046530 33.131876 -10.268643 0.438927 2.188889
112030083 1.099276 -0.199400 1.718601 2.049819 33.026759 -10.281216 0.438850 2.185300
112030084 1.097900 -0.199400 1.723408 2.053115 32.921980 -10.293820 0.438772 2.181714
112030085 1.096525 -0.199400 1.728216 2.056418 32.817539 -10.306455 0.438692 2.178133
112030086 1.095150 -0.199400 1.733023 2.059728 32.713435 -10.319120 0.438610 2.174555
112030087 1.093774 -0.199400 1.737830 2.063045 32.609666 -10.331816 0.438527 2.170981
112030088 1.092399 -0.199400 1.742637 2.066369 32.506232 -10.344543 0.438443 2.167412
112030089 1.091024 -0.199400 1.747444 2.069699 32.403132 -10.357301 0.438357 2.163846
112030090 1.089648 -0.199400 1.752251 2.073036 32.300365 -10.370091 0.438270 2.160285
112030091 1.088273 -0.199400 1.757058 2.076380 32.197930 -10.382911 0.438182 2.156728
112030092 1.086898 -0.199400 1.761865 2.079730 32.095825 -10.395763 0.438092 2.153175
112030093 1.085523 -0.199400 1.766673 2.083087 31.994051 -10.408646 0.438001 2.149626
112030094 1.084147 -0.199400 1.771480 2.086451 31.892606 -10.421562 0.437909 2.146082
112030095 1.082772 -0.199400 1.776287 2.089821 31.791489 -10.434508 0.437815 2.142542
112030096 1.081397 -0.199400 1.781094 2.093197 31.690699 -10.447487 0.437721 2.139007
112030097 1.080021 -0.199400 1.785901 2.096580 31.590236 -10.460498 0.437625 2.135476
112030098 1.078646 -0.199400 1.790708 2.099970 31.490097 -10.473540 0.437528 2.131950
112030099 1.077271 -0.199400 1.795515 2.103366 31.390284 -10.486615 0.437430 2.128428
112030100 1.075895 -0.199400 1.800322 2.106768 31.290793 -10.499722 0.437330 2.124911
112030101 1.212052 -0.173000 1.324417 1.803630 42.751362 -8.123137 0.399282 2.496907
112030102 1.210677 -0.173000 1.329224 1.806240 42.616137 -8.132241 0.399371 2.493250
112030103 1.209302 -0.173000 1.334031 1.808861 42.481304 -8.141366 0.399456 2.489590
112030104 1.207927 -0.173000 1.338838 1.811492 42.346863 -8.150511 0.399537 2.485926
112030105 1.206551 -0.173000 1.343645 1.814133 42.212813 -8.159677 0.399614 2.482259
112030106 1.205176 -0.173000 1.348452 1.816783 42.079154 -8.168863 0.399688 2.478590
112030107 1.203801 -0.173000 1.353260 1.819444 41.945886 -8.178069 0.399757 2.474917
112030108 1.202425 -0.173000 1.358067 1.822114 41.813009 -8.187297 0.399823 2.471241
112030109 1.201050 -0.173000 1.362874 1.824794 41.680522 -8.196545 0.399886 2.467563
112030110 1.199675 -0.173000 1.367681 1.827484 41.548426 -8.205814 0.399945 2.463882
112030111 1.198299 -0.173000 1.372488 1.830184 41.416719 -8.215103 0.400000 2.460199
112030112 1.196924 -0.173000 1.377295 1.832893 41.285401 -8.224414 0.400052 2.456513
112030113 1.195549 -0.173000 1.382102 1.835612 41.154472 -8.233745 0.400100 2.452825
112030114 1.194173 -0.173000 1.386909 1.838341 41.023933 -8.243098 0.400145 2.449136
112030115 1.192798 -0.173000 1.391717 1.841079 40.893781 -8.252471 0.400186 2.445444
112030116 1.191423 -0.173000 1.396524 1.843826 40.764018 -8.261866 0.400224 2.441751
112030117 1.190047 -0.173000 1.401331 1.846583 40.634642 -8.271282 0.400259 2.438056
112030118 1.188672 -0.173000 1.406138 1.849350 40.505653 -8.280720 0.400290 2.434359
112030119 1.187297 -0.173000 1.410945 1.852125 40.377051 -8.290179 0.400318 2.430661
112030120 1.185921 -0.173000 1.415752 1.854910 40.248836 -8.299659 0.400343 2.426962
112030121 1.184546 -0.173000 1.420559 1.857705 40.121006 -8.309161 0.400364 2.423261
112030122 1.183171 -0.173000 1.425366 1.860508 39.993561 -8.318684 0.400383 2.419559
112030123 1.181795 -0.173000 1.430174 1.863321 39.866502 -8.328230 0.400398 2.415857
112030124 1.180420 -0.173000 1.434981 1.866143 39.739827 -8.337797 0.400410 2.412153
112030125 1.179045 -0.173000 1.439788 1.868974 39.613536 -8.347386 0.400420 2.408449
112030126 1.177669 -0.173000 1.444595 1.871814 39.487628 -8.356996 0.400426 2.404744
112030127 1.176294 -0.173000 1.449402 1.874663 39.362103 -8.366629 0.400429 2.401039
112030128 1.174919 -0.173000 1.454209 1.877522 39.236961 -8.376284 0.400429 2.397333
112030129 1.173543 -0.173000 1.459016 1.880389 39.112200 -8.385961 0.400427 2.393627
112030130 1.172168 -0.173000 1.463824 1.883265 38.987821 -8.395660 0.400421 2.389920
112030131 1.170793 -0.173000 1.468631 1.886150 38.863822 -8.405382 0.400413 2.386214
112030132 1.169417 -0.173000 1.473438 1.889043 38.740204 -8.415126 0.400402 2.382507
112030133 1.168042 -0.173000 1.478245 1.891946 38.616965 -8.424892 0.400388 2.378801
112030134 1.166667 -0.173000 1.483052 1.894857 38.494104 -8.434681 0.400371 2.375095
112030135 1.165291 -0.173000 1.487859 1.897777 38.371623 -8.444493 0.400352 2.371389
112030136 1.163916 -0.173000 1.492666 1.900706 38.249519 -8.454327 0.400330 2.367683
112030137 1.162541 -0.173000 1.497473 1.903643 38.127792 -8.464184 0.400305 2.363978
112030138 1.161165 -0.173000 1.502281 1.906589 38.006441 -8.474063 0.400278 2.360274
112030139 1.159790 -0.173000 1.507088 1.909543 37.885466 -8.483966 0.400248 2.356570
112030140 1.158415 -0.173000 1.511895 1.912506 37.764867 -8.493892 0.400216 2.352867
112030141 1.157039 -0.173000 1.516702 1.915477 37.644642 -8.503841 0.400181 2.349165
112030142 1.155664 -0.173000 1.521509 1.918457 37.524790 -8.513813 0.400144 2.345464
112030143 1.154289 -0.173000 1.526316 1.921445 37.405312 -8.523808 0.400104 2.341764
112030144 1.152913 -0.173000 1.531123 1.924442 37.286206 -8.533826 0.400062 2.338065
112030145 1.151538 -0.173000 1.535930 1.927447 37.167472 -8.543868 0.400018 2.334368
112030146 1.150163 -0.173000 1.540738 1.930460 37.049109 -8.553934 0.399971 2.330671
112030147 1.148788 -0.173000 1.545545 1.933481 36.931116 -8.564023 0.399922 2.326977
112030148 1.147412 -0.173000 1.550352 1.936511 36.813492 -8.574135 0.399871 2.323283
112030149 1.146037 -0.173000 1.555159 1.939549 36.696238 -8.584272 0.399818 2.319591
112030150 1.144662 -0.173000 1.559966 1.942594 36.579351 -8.594432 0.399762 2.315901
112030151 1.143286 -0.173000 1.564773 1.945648 36.462832 -8.604616 0.399704 2.312213
112030152 1.141911 -0.173000 1.569580 1.948710 36.346679 -8.614824 0.399645 2.308526
112030153 1.140536 -0.173000 1.574387 1.951780 36.230893 -8.625056 0.399583 2.304841
112030154 1.139160 -0.173000 1.579195 1.954858 36.115471 -8.635313 0.399519 2.301159
112030155 1.137785 -0.173000 1.584002 1.957944 36.000413 -8.645593 0.399453 2.297478
112030156 1.136410 -0.173000 1.588809 1.961038 35.885719 -8.655898 0.399384 2.293800
112030157 1.135034 -0.173000 1.593616 1.964139 35.771387 -8.666227 0.399314 2.290123
112030158 1.133659 -0.173000 1.598423 1.967249 35.657418 -8.676581 0.399243 2.286449
112030159 1.132284 -0.173000 1.603230 1.970366 35.543809 -8.686959 0.399169 2.282778
112030160 1.130908 -0.173000 1.608037 1.973491 35.430561 -8.697362 0.399093 2.279109
112030161 1.129533 -0.173000 1.612844 1.976624 35.317672 -8.707790 0.399015 2.275442
112030162 1.128158 -0.173000 1.617652 1.979764 35.205141 -8.718243 0.398936 2.271778
112030163 1.126782 -0.173000 1.622459 1.982912 35.092969 -8.728720 0.398855 2.268117
112030164 1.125407 -0.173000 1.627266 1.986067 34.981153 -8.739223 0.398772 2.264458
112030165 1.124032 -0.173000 1.632073 1.989231 34.869693 -8.749750 0.398688 2.260802
112030166 1.122656 -0.173000 1.636880 1.992401 34.758589 -8.760303 0.398601 2.257149
112030167 1.121281 -0.173000 1.641687 1.995579 34.647839 -8.770881 0.398513 2.253499
112030168 1.119906 -0.173000 1.646494 1.998765 34.537443 -8.781485 0.398424 2.249852
112030169 1.118530 -0.173000 1.651301 2.001958 34.427399 -8.792114 0.398332 2.246208
112030170 1.117155 -0.173000 1.656109 2.005158 34.317707 -8.802768 0.398240 2.242567
112030171 1.115780 -0.173000 1.660916 2.008366 34.208366 -8.813448 0.398145 2.238930
112030172 1.114404 -0.173000 1.665723 2.011581 34.099375 -8.824154 0.398050 2.235295
112030173 1.113029 -0.173000 1.670530 2.014803 33.990733 -8.834886 0.397952 2.231664
112030174 1.111654 -0.173000 1.675337 2.018033 33.882439 -8.845644 0.397853 2.228037
112030175 1.110278 -0.173000 1.680144 2.021270 33.774493 -8.856427 0.397753 2.224412
112030176 1.108903 -0.173000 1.684951 2.024514 33.666893 -8.867237 0.397652 2.220792
112030177 1.107528 -0.173000 1.689759 2.027765 33.559639 -8.878073 0.397548 2.217174
112030178 1.106152 -0.173000 1.694566 2.031023 33.452730 -8.888936 0.397444 2.213561
112030179 1.104777 -0.173000 1.699373 2.034288 33.346164 -8.899824 0.397338 2.209951
112030180 1.103402 -0.173000 1.704180 2.037561 33.239941 -8.910739 0.397231 2.206345
112030181 1.102026 -0.173000 1.708987 2.040840 33.134060 -8.921681 0.397123 2.202742
112030182 1.100651 -0.173000 1.713794 2.044126 33.028520 -8.932650 0.397014 2.199144
112030183 1.099276 -0.173000 1.718601 2.047419 32.923321 -8.943645 0.396903 2.195549
112030184 1.097900 -0.173000 1.723408 2.050720 32.818460 -8.954667 0.396791 2.191959
112030185 1.096525 -0.173000 1.728216 2.054027 32.713938 -8.965716 0.396678 2.188372
112030186 1.095150 -0.173000 1.733023 2.057340 32.609753 -8.976792 0.396564 2.184789
112030187 1.093774 -0.173000 1.737830 2.060661 32.505904 -8.987896 0.396448 2.181211
112030188 1.092399 -0.173000 1.742637 2.063988 32.402391 -8.999027 0.396332 2.177636
112030189 1.091024 -0.173000 1.747444 2.067323 32.299213 -9.010185 0.396214 2.174066
112030190 1.089648 -0.173000 1.752251 2.070663 32.196368 -9.021370 0.396095 2.170500
112030191 1.088273 -0.173000 1.757058 2.074011 32.093856 -9.032583 0.395976 2.166938
112030192 1.086898 -0.173000 1.761865 2.077365 31.991675 -9.043824 0.395855 2.163381
112030193 1.085523 -0.173000 1.766673 2.080726 31.889825 -9.055092 0.395734 2.159828
112030194 1.084147 -0.173000 1.771480 2.084093 31.788305 -9.066389 0.395611 2.156279
112030195 1.082772 -0.173000 1.776287 2.087467 31.687114 -9.077713 0.395488 2.152735
112030196 1.081397 -0.173000 1.781094 2.090847 31.586251 -9.089066 0.395363 2.149195
112030197 1.080021 -0.173000 1.785901 2.094234 31.485715 -9.100446 0.395238 2.145660
112030198 1.078646 -0.173000 1.790708 2.097628 31.385504 -9.111855 0.395112 2.142130
112030199 1.077271 -0.173000 1.795515 2.101027 31.285619 -9.123293 0.394985 2.138604
112030200 1.075895 -0.173000 1.800322 2.104434 31.186057 -9.134759 0.394857 2.135083
112030201 1.212052 -0.146600 1.324417 1.801289 42.670766 -6.896531 0.360809 2.506203
112030202 1.210677 -0.146600 1.329224 1.803903 42.535393 -6.904289 0.360825 2.502538
112030203 1.209302 -0.146600 1.334031 1.806527 42.400413 -6.912066 0.360838 2.498869
112030204 1.207927 -0.146600 1.338838 1.809162 42.265825 -6.919859 0.360847 2.495197
112030205 1.206551 -0.146600 1.343645 1.811806 42.131631 -6.927671 0.360854 2.491522
112030206 1.205176 -0.146600 1.348452 1.814460 41.997828 -6.935499 0.360857 2.487844
112030207 1.203801 -0.146600 1.353260 1.817124 41.864418 -6.943346 0.360857 2.484163
112030208 1.202425 -0.146600 1.358067 1.819798 41.731400 -6.951210 0.360854 2.480479
112030209 1.201050 -0.146600 1.362874 1.822481 41.598773 -6.959092 0.360848 2.476792
112030210 1.199675 -0.146600 1.367681 1.825174 41.466537 -6.966991 0.360839 2.473103
112030211 1.198299 -0.146600 1.372488 1.827877 41.334693 -6.974909 0.360826 2.469412
112030212 1.196924 -0.146600 1.377295 1.830590 41.203238 -6.982844 0.360811 2.465718
112030213 1.195549 -0.146600 1.382102 1.833313 41.072175 -6.990798 0.360793 2.462023
112030214 1.194173 -0.146600 1.386909 1.836044 40.941501 -6.998769 0.360772 2.458325
112030215 1.192798 -0.146600 1.391717 1.838786 40.811216 -7.006759 0.360749 2.454625
112030216 1.191423 -0.146600 1.396524 1.841537 40.681321 -7.014767 0.360722 2.450924
112030217 1.190047 -0.146600 1.401331 1.844297 40.551815 -7.022793 0.360693 2.447221
112030218 1.188672 -0.146600 1.406138 1.847067 40.422696 -7.030837 0.360660 2.443516
112030219 1.187297 -0.146600 1.410945 1.849846 40.293966 -7.038899 0.360626 2.439811
112030220 1.185921 -0.146600 1.415752 1.852635 40.165623 -7.046981 0.360588 2.436103
112030221 1.184546 -0.146600 1.420559 1.855432 40.037667 -7.055080 0.360548 2.432395
112030222 1.183171 -0.146600 1.425366 1.858239 39.910098 -7.063198 0.360505 2.428686
112030223 1.181795 -0.146600 1.430174 1.861056 39.782914 -7.071335 0.360460 2.424976
112030224 1.180420 -0.146600 1.434981 1.863881 39.656116 -7.079490 0.360412 2.421264
112030225 1.179045 -0.146600 1.439788 1.866716 39.529703 -7.087664 0.360362 2.417553
112030226 1.177669 -0.146600 1.444595 1.869559 39.403675 -7.095857 0.360309 2.413840
112030227 1.176294 -0.146600 1.449402 1.872412 39.278030 -7.104069 0.360253 2.410127
112030228 1.174919 -0.146600 1.454209 1.875273 39.152770 -7.112300 0.360196 2.406414
112030229 1.173543 -0.146600 1.459016 1.878144 39.027891 -7.120549 0.360135 2.402701
112030230 1.172168 -0.146600 1.463824 1.881023 38.903396 -7.128818 0.360073 2.398987
112030231 1.170793 -0.146600 1.468631 1.883912 38.779282 -7.137106 0.360008 2.395273
112030232 1.169417 -0.146600 1.473438 1.886809 38.655549 -7.145413 0.359941 2.391559
112030233 1.168042 -0.146600 1.478245 1.889715 38.532196 -7.153739 0.359872 2.387846
112030234 1.166667 -0.146600 1.483052 1.892629 38.409224 -7.162085 0.359800 2.384132
112030235 1.165291 -0.146600 1.487859 1.895553 38.286631 -7.170450 0.359726 2.380419
112030236 1.163916 -0.146600 1.492666 1.898485 38.164417 -7.178835 0.359650 2.376707
112030237 1.162541 -0.146600 1.497473 1.901426 38.042580 -7.187239 0.359572 2.372995
112030238 1.161165 -0.146600 1.502281 1.904375 37.921121 -7.195662 0.359492 2.369284
112030239 1.159790 -0.146600 1.507088 1.907333 37.800039 -7.204106 0.359410 2.365573
112030240 1.158415 -0.146600 1.511895 1.910299 37.679333 -7.212569 0.359326 2.361863
112030241 1.157039 -0.146600 1.516702 1.913274 37.559003 -7.221052 0.359240 2.358154
112030242 1.155664 -0.146600 1.521509 1.916257 37.439047 -7.229554 0.359151 2.354446
112030243 1.154289 -0.146600 1.526316 1.919249 37.319465 -7.238077 0.359061 2.350740
112030244 1.152913 -0.146600 1.531123 1.922249 37.200257 -7.246620 0.358969 2.347034
112030245 1.151538 -0.146600 1.535930 1.925257 37.081421 -7.255182 0.358875 2.343330
112030246 1.150163 -0.146600 1.540738 1.928273 36.962957 -7.263765 0.358779 2.339627
112030247 1.148788 -0.146600 1.545545 1.931298 36.844864 -7.272368 0.358682 2.335926
112030248 1.147412 -0.146600 1.550352 1.934331 36.727142 -7.280992 0.358582 2.332226
112030249 1.146037 -0.146600 1.555159 1.937372 36.609789 -7.289636 0.358481 2.328528
112030250 1.144662 -0.146600 1.559966 1.940422 36.492806 -7.298300 0.358378 2.324831
112030251 1.143286 -0.146600 1.564773 1.943479 36.376191 -7.306985 0.358274 2.321136
112030252 1.141911 -0.146600 1.569580 1.946544 36.259943 -7.315690 0.358167 2.317444
112030253 1.140536 -0.146600 1.574387 1.949618 36.144061 -7.324416 0.358059 2.313753
112030254 1.139160 -0.146600 1.579195 1.952699 36.028546 -7.333163 0.357950 2.310064
112030255 1.137785 -0.146600 1.584002 1.955788 35.913396 -7.341930 0.357839 2.306377
112030256 1.136410 -0.146600 1.588809 1.958885 35.798610 -7.350718 0.357726 2.302693
112030257 1.135034 -0.146600 1.593616 1.961990 35.684187 -7.359528 0.357611 2.299011
112030258 1.133659 -0.146600 1.598423 1.965103 35.570127 -7.368358 0.357496 2.295331
112030259 1.132284 -0.146600 1.603230 1.968224 35.456429 -7.377209 0.357378 2.291654
112030260 1.130908 -0.146600 1.608037 1.971352 35.343092 -7.386082 0.357260 2.287979
112030261 1.129533 -0.146600 1.612844 1.974488 35.230116 -7.394976 0.357139 2.284306
112030262 1.128158 -0.146600 1.617652 1.977632 35.117498 -7.403891 0.357018 2.280637
112030263 1.126782 -0.146600 1.622459 1.980783 35.005240 -7.412828 0.356895 2.276970
112030264 1.125407 -0.146600 1.627266 1.983942 34.893339 -7.421786 0.356771 2.273306
112030265 1.124032 -0.146600 1.632073 1.987109 34.781794 -7.430765 0.356645 2.269644
112030266 1.122656 -0.146600 1.636880 1.990283 34.670606 -7.439767 0.356518 2.265986
112030267 1.121281 -0.146600 1.641687 1.993464 34.559773 -7.448790 0.356390 2.262331
112030268 1.119906 -0.146600 1.646494 1.996653 34.449295 -7.457834 0.356260 2.258678
112030269 1.118530 -0.146600 1.651301 1.999850 34.339169 -7.466901 0.356130 2.255029
112030270 1.117155 -0.146600 1.656109 2.003053 34.229397 -7.475989 0.355998 2.251383
112030271 1.115780 -0.146600 1.660916 2.006264 34.119976 -7.485100 0.355865 2.247741
112030272 1.114404 -0.146600 1.665723 2.009483 34.010905 -7.494233 0.355730 2.244101
112030273 1.113029 -0.146600 1.670530 2.012709 33.902185 -7.503388 0.355595 2.240465
112030274 1.111654 -0.146600 1.675337 2.015941 33.793814 -7.512565 0.355459 2.236833
112030275 1.110278 -0.146600 1.680144 2.019182 33.685790 -7.521764 0.355321 2.233204
112030276 1.108903 -0.146600 1.684951 2.022429 33.578114 -7.530986 0.355183 2.229578
112030277 1.107528 -0.146600 1.689759 2.025683 33.470784 -7.540231 0.355043 2.225956
112030278 1.106152 -0.146600 1.694566 2.028945 33.363800 -7.549498 0.354902 2.222338
112030279 1.104777 -0.146600 1.699373 2.032214 33.257160 -7.558787 0.354761 2.218724
112030280 1.103402 -0.146600 1.704180 2.035489 33.150863 -7.568100 0.354618 2.215113
112030281 1.102026 -0.146600 1.708987 2.038772 33.044910 -7.577435 0.354475 2.211506
112030282 1.100651 -0.146600 1.713794 2.042061 32.939297 -7.586793 0.354331 2.207904
112030283 1.099276 -0.146600 1.718601 2.045358 32.834026 -7.596174 0.354185 2.204305
112030284 1.097900 -0.146600 1.723408 2.048661 32.729095 -7.605579 0.354039 2.200710
112030285 1.096525 -0.146600 1.728216 2.051972 32.624502 -7.615006 0.353892 2.197119
112030286 1.095150 -0.146600 1.733023 2.055289 32.520247 -7.624457 0.353744 2.193532
112030287 1.093774 -0.146600 1.737830 2.058613 32.416330 -7.633931 0.353596 2.189950
112030288 1.092399 -0.146600 1.742637 2.061943 32.312748 -7.643429 0.353447 2.186371
112030289 1.091024 -0.146600 1.747444 2.065281 32.209502 -7.652950 0.353296 2.182797
112030290 1.089648 -0.146600 1.752251 2.068625 32.106590 -7.662494 0.353146 2.179227
112030291 1.088273 -0.146600 1.757058 2.071976 32.004011 -7.672063 0.352994 2.175662
112030292 1.086898 -0.146600 1.761865 2.075333 31.901764 -7.681655 0.352842 2.172101
112030293 1.085523 -0.146600 1.766673 2.078697 31.799849 -7.691271 0.352689 2.168544
112030294 1.084147 -0.146600 1.771480 2.082068 31.698264 -7.700911 0.352535 2.164992
112030295 1.082772 -0.146600 1.776287 2.085445 31.597009 -7.710575 0.352381 2.161444
112030296 1.081397 -0.146600 1.781094 2.088829 31.496082 -7.720263 0.352226 2.157901
112030297 1.080021 -0.146600 1.785901 2.092219 31.395482 -7.729975 0.352071 2.154363
112030298 1.078646 -0.146600 1.790708 2.095616 31.295209 -7.739712 0.351915 2.150829
112030299 1.077271 -0.146600 1.795515 2.099019 31.195262 -7.749473 0.351758 2.147300
112030300 1.075895 -0.146600 1.800322 2.102428 31.095639 -7.759259 0.351601 2.143776
112030301 1.212052 -0.120200 1.324417 1.799333 42.603150 -5.663540 0.321722 2.513859
112030302 1.210677 -0.120200 1.329224 1.801950 42.467652 -5.669932 0.321664 2.510187
112030303 1.209302 -0.120200 1.334031 1.804577 42.332548 -5.676338 0.321604 2.506511
112030304 1.207927 -0.120200 1.338838 1.807214 42.197839 -5.682759 0.321541 2.502832
112030305 1.206551 -0.120200 1.343645 1.809861 42.063522 -5.689194 0.321476 2.499150
112030306 1.205176 -0.120200 1.348452 1.812518 41.929599 -5.695644 0.321408 2.495465
112030307 1.203801 -0.120200 1.353260 1.815185 41.796070 -5.702108 0.321338 2.491777
112030308 1.202425 -0.120200 1.358067 1.817861 41.662933 -5.708587 0.321265 2.488087
112030309 1.201050 -0.120200 1.362874 1.820548 41.530189 -5.715081 0.321189 2.484393
112030310 1.199675 -0.120200 1.367681 1.823244 41.397837 -5.721589 0.321111 2.480698
112030311 1.198299 -0.120200 1.372488 1.825950 41.265877 -5.728112 0.321031 2.477000
112030312 1.196924 -0.120200 1.377295 1.828665 41.134308 -5.734650 0.320948 2.473300
112030313 1.195549 -0.120200 1.382102 1.831391 41.003131 -5.741203 0.320863 2.469597
112030314 1.194173 -0.120200 1.386909 1.834125 40.872344 -5.747771 0.320776 2.465893
112030315 1.192798 -0.120200 1.391717 1.836870 40.741949 -5.754354 0.320687 2.462187
112030316 1.191423 -0.120200 1.396524 1.839623 40.611943 -5.760952 0.320595 2.458479
112030317 1.190047 -0.120200 1.401331 1.842387 40.482327 -5.767565 0.320501 2.454770
112030318 1.188672 -0.120200 1.406138 1.845159 40.353100 -5.774193 0.320405 2.451059
112030319 1.187297 -0.120200 1.410945 1.847941 40.224262 -5.780837 0.320306 2.447346
112030320 1.185921 -0.120200 1.415752 1.850733 40.095812 -5.787495 0.320206 2.443633
112030321 1.184546 -0.120200 1.420559 1.853533 39.967750 -5.794169 0.320103 2.439918
112030322 1.183171 -0.120200 1.425366 1.856343 39.840076 -5.800858 0.319998 2.436202
112030323 1.181795 -0.120200 1.430174 1.859162 39.712789 -5.807563 0.319892 2.432486
112030324 1.180420 -0.120200 1.434981 1.861991 39.585888 -5.814283 0.319783 2.428769
112030325 1.179045 -0.120200 1.439788 1.864828 39.459373 -5.821019 0.319672 2.425051
112030326 1.177669 -0.120200 1.444595 1.867674 39.333243 -5.827770 0.319560 2.421332
112030327 1.176294 -0.120200 1.449402 1.870530 39.207498 -5.834537 0.319445 2.417613
112030328 1.174919 -0.120200 1.454209 1.873394 39.082138 -5.841319 0.319329 2.413894
112030329 1.173543 -0.120200 1.459016 1.876268 38.957161 -5.848118 0.319211 2.410174
112030330 1.172168 -0.120200 1.463824 1.879150 38.832568 -5.854932 0.319091 2.406454
112030331 1.170793 -0.120200 1.468631 1.882041 38.708357 -5.861762 0.318969 2.402735
112030332 1.169417 -0.120200 1.473438 1.884941 38.584528 -5.868608 0.318845 2.399015
112030333 1.168042 -0.120200 1.478245 1.887850 38.461081 -5.875469 0.318720 2.395296
112030334 1.166667 -0.120200 1.483052 1.890768 38.338014 -5.882347 0.318593 2.391576
112030335 1.165291 -0.120200 1.487859 1.893694 38.215328 -5.889241 0.318464 2.387858
112030336 1.163916 -0.120200 1.492666 1.896629 38.093021 -5.896151 0.318333 2.384139
112030337 1.162541 -0.120200 1.497473 1.899572 37.971093 -5.903077 0.318201 2.380422
112030338 1.161165 -0.120200 1.502281 1.902525 37.849543 -5.910019 0.318068 2.376705
112030339 1.159790 -0.120200 1.507088 1.905485 37.728371 -5.916978 0.317932 2.372988
112030340 1.158415 -0.120200 1.511895 1.908455 37.607576 -5.923953 0.317795 2.369273
112030341 1.157039 -0.120200 1.516702 1.911432 37.487157 -5.930944 0.317657 2.365558
112030342 1.155664 -0.120200 1.521509 1.914418 37.367113 -5.937952 0.317517 2.361845
112030343 1.154289 -0.120200 1.526316 1.917413 37.247444 -5.944977 0.317376 2.358133
112030344 1.152913 -0.120200 1.531123 1.920416 37.128150 -5.952018 0.317233 2.354422
112030345 1.151538 -0.120200 1.535930 1.923427 37.009229 -5.959075 0.317089 2.350712
112030346 1.150163 -0.120200 1.540738 1.926446 36.890681 -5.966149 0.316944 2.347004
112030347 1.148788 -0.120200 1.545545 1.929474 36.772504 -5.973240 0.316797 2.343298
112030348 1.147412 -0.120200 1.550352 1.932510 36.654699 -5.980348 0.316648 2.339593
112030349 1.146037 -0.120200 1.555159 1.935554 36.537264 -5.987473 0.316499 2.335889
112030350 1.144662 -0.120200 1.559966 1.938606 36.420199 -5.994615 0.316348 2.332188
112030351 1.143286 -0.120200 1.564773 1.941666 36.303503 -6.001773 0.316196 2.328488
112030352 1.141911 -0.120200 1.569580 1.944734 36.187175 -6.008949 0.316042 2.324790
112030353 1.140536 -0.120200 1.574387 1.947810 36.071214 -6.016142 0.315888 2.321094
112030354 1.139160 -0.120200 1.579195 1.950895 35.955621 -6.023352 0.315732 2.317400
112030355 1.137785 -0.120200 1.584002 1.953987 35.840392 -6.030579 0.315575 2.313709
112030356 1.136410 -0.120200 1.588809 1.957087 35.725529 -6.037824 0.315417 2.310020
112030357 1.135034 -0.120200 1.593616 1.960195 35.611030 -6.045086 0.315258 2.306333
112030358 1.133659 -0.120200 1.598423 1.963310 35.496895 -6.052365 0.315098 2.302648
112030359 1.132284 -0.120200 1.603230 1.966434 35.383122 -6.059662 0.314936 2.298966
112030360 1.130908 -0.120200 1.608037 1.969565 35.269711 -6.066976 0.314774 2.295286
112030361 1.129533 -0.120200 1.612844 1.972704 35.156660 -6.074308 0.314610 2.291610
112030362 1.128158 -0.120200 1.617652 1.975850 35.043970 -6.081658 0.314446 2.287935
112030363 1.126782 -0.120200 1.622459 1.979004 34.931639 -6.089025 0.314281 2.284264
112030364 1.125407 -0.120200 1.627266 1.982166 34.819666 -6.096411 0.314114 2.280595
112030365 1.124032 -0.120200 1.632073 1.985336 34.708051 -6.103814 0.313947 2.276930
112030366 1.122656 -0.120200 1.636880 1.988512 34.596793 -6.111235 0.313779 2.273267
112030367 1.121281 -0.120200 1.641687 1.991697 34.485890 -6.118674 0.313610 2.269608
112030368 1.119906 -0.120200 1.646494 1.994889 34.375342 -6.126131 0.313440 2.265951
112030369 1.118530 -0.120200 1.651301 1.998088 34.265149 -6.133606 0.313269 2.262298
112030370 1.117155 -0.120200 1.656109 2.001294 34.155308 -6.141099 0.313098 2.258648
112030371 1.115780 -0.120200 1.660916 2.004508 34.045820 -6.148611 0.312925 2.255001
112030372 1.114404 -0.120200 1.665723 2.007730 33.936683 -6.156141 0.312752 2.251358
112030373 1.113029 -0.120200 1.670530 2.010958 33.827897 -6.163689 0.312578 2.247718
112030374 1.111654 -0.120200 1.675337 2.014194 33.719460 -6.171256 0.312403 2.244081
112030375 1.110278 -0.120200 1.680144 2.017437 33.611372 -6.178842 0.312228 2.240448
112030376 1.108903 -0.120200 1.684951 2.020687 33.503632 -6.186446 0.312052 2.236819
112030377 1.107528 -0.120200 1.689759 2.023944 33.396238 -6.194068 0.311875 2.233194
112030378 1.106152 -0.120200 1.694566 2.027208 33.289191 -6.201710 0.311698 2.229572
112030379 1.104777 -0.120200 1.699373 2.030480 33.182488 -6.209370 0.311520 2.225954
112030380 1.103402 -0.120200 1.704180 2.033758 33.076130 -6.217049 0.311341 2.222340
112030381 1.102026 -0.120200 1.708987 2.037044 32.970115 -6.224747 0.311162 2.218729
112030382 1.100651 -0.120200 1.713794 2.040336 32.864442 -6.232464 0.310982 2.215123
112030383 1.099276 -0.120200 1.718601 2.043635 32.759110 -6.240200 0.310802 2.211521
112030384 1.097900 -0.120200 1.723408 2.046942 32.654119 -6.247955 0.310621 2.207922
112030385 1.096525 -0.120200 1.728216 2.050255 32.549467 -6.255730 0.310439 2.204328
112030386 1.095150 -0.120200 1.733023 2.053575 32.445154 -6.263523 0.310257 2.200738
112030387 1.093774 -0.120200 1.737830 2.056901 32.341178 -6.271336 0.310075 2.197153
112030388 1.092399 -0.120200 1.742637 2.060235 32.237539 -6.279169 0.309892 2.193571
112030389 1.091024 -0.120200 1.747444 2.063575 32.134236 -6.287021 0.309709 2.189994
112030390 1.089648 -0.120200 1.752251 2.066922 32.031267 -6.294893 0.309525 2.186421
112030391 1.088273 -0.120200 1.757058 2.070275 31.928632 -6.302784 0.309341 2.182853
112030392 1.086898 -0.120200 1.761865 2.073636 31.826330 -6.310695 0.309156 2.179289
112030393 1.085523 -0.120200 1.766673 2.077002 31.724360 -6.318626 0.308972 2.175729
112030394 1.084147 -0.120200 1.771480 2.080376 31.622720 -6.326577 0.308786 2.172175
112030395 1.082772 -0.120200 1.776287 2.083756 31.521411 -6.334547 0.308601 2.168624
112030396 1.081397 -0.120200 1.781094 2.087142 31.420430 -6.342538 0.308415 2.165079
112030397 1.080021 -0.120200 1.785901 2.090535 31.319777 -6.350549 0.308229 2.161538
112030398 1.078646 -0.120200 1.790708 2.093934 31.219452 -6.358580 0.308042 2.158001
112030399 1.077271 -0.120200 1.795515 2.097340 31.119452 -6.366631 0.307855 2.154470
112030400 1.075895 -0.120200 1.800322 2.100752 31.019777 -6.374703 0.307668 2.150943
112030401 1.212052 -0.093800 1.324417 1.797762 42.548692 -4.425265 0.282119 2.519839
112030402 1.210677 -0.093800 1.329224 1.800382 42.413094 -4.430272 0.281987 2.516162
112030403 1.209302 -0.093800 1.334031 1.803011 42.277891 -4.435290 0.281854 2.512481
112030404 1.207927 -0.093800 1.338838 1.805650 42.143082 -4.440320 0.281718 2.508796
112030405 1.206551 -0.093800 1.343645 1.808299 42.008668 -4.445361 0.281580 2.505109
112030406 1.205176 -0.093800 1.348452 1.810959 41.874649 -4.450414 0.281441 2.501419
112030407 1.203801 -0.093800 1.353260 1.813628 41.741023 -4.455478 0.281299 2.497726
112030408 1.202425 -0.093800 1.358067 1.816307 41.607791 -4.460554 0.281156 2.494030
112030409 1.201050 -0.093800 1.362874 1.818995 41.474952 -4.465641 0.281011 2.490331
112030410 1.199675 -0.093800 1.367681 1.821694 41.342506 -4.470739 0.280863 2.486630
112030411 1.198299 -0.093800 1.372488 1.824402 41.210453 -4.475850 0.280715 2.482927
112030412 1.196924 -0.093800 1.377295 1.827120 41.078792 -4.480972 0.280564 2.479221
112030413 1.195549 -0.093800 1.382102 1.829847 40.947524 -4.486106 0.280411 2.475514
112030414 1.194173 -0.093800 1.386909 1.832585 40.816647 -4.491251 0.280257 2.471805
112030415 1.192798 -0.093800 1.391717 1.835331 40.686161 -4.496408 0.280101 2.468093
112030416 1.191423 -0.093800 1.396524 1.838087 40.556066 -4.501578 0.279944 2.464380
112030417 1.190047 -0.093800 1.401331 1.840853 40.426362 -4.506759 0.279785 2.460666
112030418 1.188672 -0.093800 1.406138 1.843628 40.297048 -4.511951 0.279624 2.456950
112030419 1.187297 -0.093800 1.410945 1.846412 40.168123 -4.517156 0.279461 2.453232
112030420 1.185921 -0.093800 1.415752 1.849206 40.039587 -4.522373 0.279297 2.449514
112030421 1.184546 -0.093800 1.420559 1.852009 39.911441 -4.527602 0.279132 2.445794
112030422 1.183171 -0.093800 1.425366 1.854821 39.783682 -4.532843 0.278965 2.442074
112030423 1.181795 -0.093800 1.430174 1.857642 39.656311 -4.538096 0.278796 2.438352
112030424 1.180420 -0.093800 1.434981 1.860473 39.529327 -4.543362 0.278626 2.434630
112030425 1.179045 -0.093800 1.439788 1.863313 39.402730 -4.548639 0.278455 2.430907
112030426 1.177669 -0.093800 1.444595 1.866161 39.276518 -4.553929 0.278282 2.427184
112030427 1.176294 -0.093800 1.449402 1.869019 39.150693 -4.559231 0.278108 2.423460
112030428 1.174919 -0.093800 1.454209 1.871886 39.025252 -4.564545 0.277932 2.419736
112030429 1.173543 -0.093800 1.459016 1.874762 38.900196 -4.569872 0.277756 2.416011
112030430 1.172168 -0.093800 1.463824 1.877646 38.775524 -4.575211 0.277577 2.412287
112030431 1.170793 -0.093800 1.468631 1.880540 38.651236 -4.580563 0.277398 2.408563
112030432 1.169417 -0.093800 1.473438 1.883442 38.527329 -4.585927 0.277217 2.404838
112030433 1.168042 -0.093800 1.478245 1.886353 38.403806 -4.591304 0.277035 2.401114
112030434 1.166667 -0.093800 1.483052 1.889273 38.280663 -4.596693 0.276852 2.397391
112030435 1.165291 -0.093800 1.487859 1.892202 38.157901 -4.602095 0.276668 2.393667
112030436 1.163916 -0.093800 1.492666 1.895139 38.035520 -4.607509 0.276482 2.389944
112030437 1.162541 -0.093800 1.497473 1.898085 37.913518 -4.612937 0.276296 2.386222
112030438 1.161165 -0.093800 1.502281 1.901039 37.791895 -4.618377 0.276108 2.382501
112030439 1.159790 -0.093800 1.507088 1.904002 37.670651 -4.623830 0.275919 2.378780
112030440 1.158415 -0.093800 1.511895 1.906974 37.549783 -4.629295 0.275729 2.375060
112030441 1.157039 -0.093800 1.516702 1.909954 37.429293 -4.634774 0.275538 2.371342
112030442 1.155664 -0.093800 1.521509 1.912942 37.309179 -4.640266 0.275346 2.367624
112030443 1.154289 -0.093800 1.526316 1.915939 37.189441 -4.645770 0.275153 2.363908
112030444 1.152913 -0.093800 1.531123 1.918944 37.070077 -4.651288 0.274960 2.360192
112030445 1.151538 -0.093800 1.535930 1.921958 36.951087 -4.656819 0.274765 2.356479
112030446 1.150163 -0.093800 1.540738 1.924979 36.832471 -4.662363 0.274569 2.352766
112030447 1.148788 -0.093800 1.545545 1.928009 36.714227 -4.667920 0.274372 2.349056
112030448 1.147412 -0.093800 1.550352 1.931047 36.596355 -4.673490 0.274175 2.345346
112030449 1.146037 -0.093800 1.555159 1.934094 36.478854 -4.679074 0.273976 2.341639
112030450 1.144662 -0.093800 1.559966 1.937148 36.361723 -4.684671 0.273777 2.337933
112030451 1.143286 -0.093800 1.564773 1.940211 36.244962 -4.690281 0.273577 2.334230
112030452 1.141911 -0.093800 1.569580 1.943281 36.128569 -4.695905 0.273376 2.330528
112030453 1.140536 -0.093800 1.574387 1.946360 36.012545 -4.701542 0.273174 2.326828
112030454 1.139160 -0.093800 1.579195 1.949446 35.896888 -4.707193 0.272972 2.323131
112030455 1.137785 -0.093800 1.584002 1.952540 35.781597 -4.712857 0.272769 2.319435
112030456 1.136410 -0.093800 1.588809 1.955643 35.666672 -4.718535 0.272565 2.315742
112030457 1.135034 -0.093800 1.593616 1.958753 35.552111 -4.724227 0.272360 2.312052
112030458 1.133659 -0.093800 1.598423 1.961871 35.437915 -4.729932 0.272155 2.308364
112030459 1.132284 -0.093800 1.603230 1.964997 35.324081 -4.735651 0.271949 2.304678
112030460 1.130908 -0.093800 1.608037 1.968130 35.210610 -4.741384 0.271743 2.300995
112030461 1.129533 -0.093800 1.612844 1.971271 35.097501 -4.747131 0.271536 2.297314
112030462 1.128158 -0.093800 1.617652 1.974420 34.984751 -4.752892 0.271328 2.293637
112030463 1.126782 -0.093800 1.622459 1.977577 34.872362 -4.758666 0.271120 2.289962
112030464 1.125407 -0.093800 1.627266 1.980741 34.760332 -4.764455 0.270911 2.286290
112030465 1.124032 -0.093800 1.632073 1.983912 34.648659 -4.770258 0.270701 2.282621
112030466 1.122656 -0.093800 1.636880 1.987091 34.537344 -4.776075 0.270491 2.278955
112030467 1.121281 -0.093800 1.641687 1.990278 34.426385 -4.781906 0.270281 2.275292
112030468 1.119906 -0.093800 1.646494 1.993472 34.315782 -4.787751 0.270070 2.271632
112030469 1.118530 -0.093800 1.651301 1.996674 34.205533 -4.793610 0.269859 2.267976
112030470 1.117155 -0.093800 1.656109 1.999882 34.095638 -4.799484 0.269647 2.264323
112030471 1.115780 -0.093800 1.660916 2.003099 33.986096 -4.805372 0.269435 2.260673
112030472 1.114404 -0.093800 1.665723 2.006322 33.876905 -4.811275 0.269222 2.257026
112030473 1.113029 -0.093800 1.670530 2.009553 33.768065 -4.817192 0.269009 2.253383
112030474 1.111654 -0.093800 1.675337 2.012791 33.659576 -4.823124 0.268796 2.249744
112030475 1.110278 -0.093800 1.680144 2.016036 33.551436 -4.829070 0.268582 2.246108
112030476 1.108903 -0.093800 1.684951 2.019288 33.443644 -4.835031 0.268368 2.242476
112030477 1.107528 -0.093800 1.689759 2.022548 33.336199 -4.841007 0.268154 2.238848
112030478 1.106152 -0.093800 1.694566 2.025814 33.229101 -4.846997 0.267939 2.235223
112030479 1.104777 -0.093800 1.699373 2.029088 33.122348 -4.853002 0.267724 2.231602
112030480 1.103402 -0.093800 1.704180 2.032369 33.015939 -4.859022 0.267509 2.227985
112030481 1.102026 -0.093800 1.708987 2.035656 32.909875 -4.865057 0.267293 2.224372
112030482 1.100651 -0.093800 1.713794 2.038951 32.804153 -4.871107 0.267077 2.220764
112030483 1.099276 -0.093800 1.718601 2.042253 32.698773 -4.877172 0.266861 2.217159
112030484 1.097900 -0.093800 1.723408 2.045561 32.593733 -4.883252 0.266645 2.213558
112030485 1.096525 -0.093800 1.728216 2.048876 32.489034 -4.889347 0.266429 2.209961
112030486 1.095150 -0.093800 1.733023 2.052199 32.384673 -4.895458 0.266212 2.206369
112030487 1.093774 -0.093800 1.737830 2.055528 32.280651 -4.901583 0.265995 2.202781
112030488 1.092399 -0.093800 1.742637 2.058863 32.176965 -4.907724 0.265778 2.199197
112030489 1.091024 -0.093800 1.747444 2.062206 32.073616 -4.913881 0.265561 2.195618
112030490 1.089648 -0.093800 1.752251 2.065555 31.970601 -4.920053 0.265344 2.192043
112030491 1.088273 -0.093800 1.757058 2.068911 31.867921 -4.926240 0.265127 2.188472
112030492 1.086898 -0.093800 1.761865 2.072273 31.765574 -4.932443 0.264910 2.184906
112030493 1.085523 -0.093800 1.766673 2.075642 31.663559 -4.938661 0.264692 2.181344
112030494 1.084147 -0.093800 1.771480 2.079018 31.561876 -4.944895 0.264475 2.177787
112030495 1.082772 -0.093800 1.776287 2.082400 31.460522 -4.951145 0.264257 2.174235
112030496 1.081397 -0.093800 1.781094 2.085788 31.359498 -4.957410 0.264040 2.170688
112030497 1.080021 -0.093800 1.785901 2.089183 31.258803 -4.963692 0.263822 2.167145
112030498 1.078646 -0.093800 1.790708 2.092585 31.158434 -4.969989 0.263604 2.163607
112030499 1.077271 -0.093800 1.795515 2.095993 31.058392 -4.976302 0.263387 2.160073
112030500 1.075895 -0.093800 1.800322 2.099407 30.958676 -4.982631 0.263169 2.156545
112030501 1.212052 -0.067400 1.324417 1.796578 42.507539 -3.182834 0.242104 2.524117
112030502 1.210677 -0.067400 1.329224 1.799199 42.371865 -3.186443 0.241898 2.520435
112030503 1.209302 -0.067400 1.334031 1.801830 42.236587 -3.190059 0.241690 2.516750
112030504 1.207927 -0.067400 1.338838 1.804471 42.101704 -3.193684 0.241481 2.513062
112030505 1.206551 -0.067400 1.343645 1.807122 41.967216 -3.197317 0.241271 2.509370
112030506 1.205176 -0.067400 1.348452 1.809783 41.833123 -3.200958 0.241059 2.505676
112030507 1.203801 -0.067400 1.353260 1.812454 41.699424 -3.204607 0.240846 2.501979
112030508 1.202425 -0.067400 1.358067 1.815135 41.566120 -3.208265 0.240632 2.498279
112030509 1.201050 -0.067400 1.362874 1.817825 41.433210 -3.211931 0.240416 2.494577
112030510 1.199675 -0.067400 1.367681 1.820525 41.300693 -3.215606 0.240200 2.490872
112030511 1.198299 -0.067400 1.372488 1.823235 41.168570 -3.219288 0.239982 2.487165
112030512 1.196924 -0.067400 1.377295 1.825955 41.036840 -3.222980 0.239762 2.483456
112030513 1.195549 -0.067400 1.382102 1.828684 40.905502 -3.226680 0.239542 2.479744
112030514 1.194173 -0.067400 1.386909 1.831423 40.774557 -3.230388 0.239321 2.476031
112030515 1.192798 -0.067400 1.391717 1.834171 40.644004 -3.234105 0.239098 2.472316
112030516 1.191423 -0.067400 1.396524 1.836929 40.513842 -3.237830 0.238874 2.468599
112030517 1.190047 -0.067400 1.401331 1.839697 40.384071 -3.241564 0.238649 2.464881
112030518 1.188672 -0.067400 1.406138 1.842473 40.254690 -3.245307 0.238424 2.461161
112030519 1.187297 -0.067400 1.410945 1.845259 40.125700 -3.249058 0.238197 2.457440
112030520 1.185921 -0.067400 1.415752 1.848055 39.997100 -3.252818 0.237969 2.453718
112030521 1.184546 -0.067400 1.420559 1.850859 39.868888 -3.256586 0.237740 2.449995
112030522 1.183171 -0.067400 1.425366 1.853673 39.741066 -3.260364 0.237510 2.446271
112030523 1.181795 -0.067400 1.430174 1.856497 39.613631 -3.264150 0.237280 2.442546
112030524 1.180420 -0.067400 1.434981 1.859329 39.486585 -3.267944 0.237048 2.438820
112030525 1.179045 -0.067400 1.439788 1.862170 39.359925 -3.271748 0.236816 2.435093
112030526 1.177669 -0.067400 1.444595 1.865021 39.233653 -3.275561 0.236582 2.431366
112030527 1.176294 -0.067400 1.449402 1.867880 39.107766 -3.279382 0.236348 2.427639
112030528 1.174919 -0.067400 1.454209 1.870749 38.982265 -3.283213 0.236113 2.423911
112030529 1.173543 -0.067400 1.459016 1.873626 38.857149 -3.287052 0.235877 2.420184
112030530 1.172168 -0.067400 1.463824 1.876513 38.732418 -3.290900 0.235640 2.416456
112030531 1.170793 -0.067400 1.468631 1.879408 38.608070 -3.294757 0.235403 2.412728
112030532 1.169417 -0.067400 1.473438 1.882312 38.484106 -3.298624 0.235165 2.409000
112030533 1.168042 -0.067400 1.478245 1.885225 38.360524 -3.302499 0.234926 2.405273
112030534 1.166667 -0.067400 1.483052 1.888147 38.237324 -3.306384 0.234687 2.401546
112030535 1.165291 -0.067400 1.487859 1.891077 38.114506 -3.310277 0.234446 2.397819
112030536 1.163916 -0.067400 1.492666 1.894016 37.992068 -3.314180 0.234205 2.394093
112030537 1.162541 -0.067400 1.497473 1.896963 37.870010 -3.318092 0.233964 2.390368
112030538 1.161165 -0.067400 1.502281 1.899920 37.748332 -3.322013 0.233722 2.386643
112030539 1.159790 -0.067400 1.507088 1.902884 37.627032 -3.325944 0.233479 2.382919
112030540 1.158415 -0.067400 1.511895 1.905858 37.506111 -3.329884 0.233236 2.379196
112030541 1.157039 -0.067400 1.516702 1.908839 37.385567 -3.333833 0.232992 2.375475
112030542 1.155664 -0.067400 1.521509 1.911830 37.265400 -3.337792 0.232748 2.371754
112030543 1.154289 -0.067400 1.526316 1.914828 37.145608 -3.341760 0.232503 2.368034
112030544 1.152913 -0.067400 1.531123 1.917835 37.026192 -3.345737 0.232257 2.364316
112030545 1.151538 -0.067400 1.535930 1.920850 36.907150 -3.349724 0.232011 2.360599
112030546 1.150163 -0.067400 1.540738 1.923874 36.788482 -3.353720 0.231765 2.356884
112030547 1.148788 -0.067400 1.545545 1.926905 36.670187 -3.357726 0.231518 2.353170
112030548 1.147412 -0.067400 1.550352 1.929945 36.552265 -3.361741 0.231271 2.349458
112030549 1.146037 -0.067400 1.555159 1.932993 36.434714 -3.365767 0.231023 2.345748
112030550 1.144662 -0.067400 1.559966 1.936049 36.317534 -3.369801 0.230775 2.342039
112030551 1.143286 -0.067400 1.564773 1.939114 36.200723 -3.373846 0.230527 2.338333
112030552 1.141911 -0.067400 1.569580 1.942186 36.084282 -3.377900 0.230278 2.334628
112030553 1.140536 -0.067400 1.574387 1.945266 35.968210 -3.381963 0.230029 2.330926
112030554 1.139160 -0.067400 1.579195 1.948354 35.852504 -3.386037 0.229780 2.327226
112030555 1.137785 -0.067400 1.584002 1.951450 35.737166 -3.390121 0.229530 2.323528
112030556 1.136410 -0.067400 1.588809 1.954554 35.622194 -3.394214 0.229280 2.319832
112030557 1.135034 -0.067400 1.593616 1.957666 35.507587 -3.398317 0.229030 2.316139
112030558 1.133659 -0.067400 1.598423 1.960786 35.393344 -3.402430 0.228779 2.312448
112030559 1.132284 -0.067400 1.603230 1.963913 35.279465 -3.406553 0.228528 2.308759
112030560 1.130908 -0.067400 1.608037 1.967049 35.165949 -3.410686 0.228277 2.305074
112030561 1.129533 -0.067400 1.612844 1.970192 35.052794 -3.414829 0.228026 2.301391
112030562 1.128158 -0.067400 1.617652 1.973342 34.940001 -3.418982 0.227775 2.297711
112030563 1.126782 -0.067400 1.622459 1.976500 34.827567 -3.423145 0.227523 2.294033
112030564 1.125407 -0.067400 1.627266 1.979666 34.715493 -3.427319 0.227272 2.290359
112030565 1.124032 -0.067400 1.632073 1.982839 34.603778 -3.431502 0.227020 2.286688
112030566 1.122656 -0.067400 1.636880 1.986020 34.492420 -3.435696 0.226768 2.283019
112030567 1.121281 -0.067400 1.641687 1.989209 34.381418 -3.439900 0.226516 2.279354
112030568 1.119906 -0.067400 1.646494 1.992404 34.270773 -3.444114 0.226263 2.275692
112030569 1.118530 -0.067400 1.651301 1.995608 34.160482 -3.448339 0.226011 2.272033
112030570 1.117155 -0.067400 1.656109 1.998818 34.050546 -3.452574 0.225759 2.268378
112030571 1.115780 -0.067400 1.660916 2.002036 33.940962 -3.456819 0.225506 2.264726
112030572 1.114404 -0.067400 1.665723 2.005261 33.831731 -3.461075 0.225254 2.261077
112030573 1.113029 -0.067400 1.670530 2.008494 33.722851 -3.465341 0.225001 2.257432
112030574 1.111654 -0.067400 1.675337 2.011733 33.614322 -3.469618 0.224749 2.253791
112030575 1.110278 -0.067400 1.680144 2.014980 33.506142 -3.473906 0.224496 2.250153
112030576 1.108903 -0.067400 1.684951 2.018234 33.398311 -3.478204 0.224244 2.246518
112030577 1.107528 -0.067400 1.689759 2.021496 33.290827 -3.482512 0.223991 2.242888
112030578 1.106152 -0.067400 1.694566 2.024764 33.183691 -3.486831 0.223739 2.239262
112030579 1.104777 -0.067400 1.699373 2.028039 33.076900 -3.491161 0.223487 2.235639
112030580 1.103402 -0.067400 1.704180 2.031322 32.970454 -3.495502 0.223234 2.232020
112030581 1.102026 -0.067400 1.708987 2.034611 32.864352 -3.499854 0.222982 2.228405
112030582 1.100651 -0.067400 1.713794 2.037907 32.758593 -3.504216 0.222730 2.224794
112030583 1.099276 -0.067400 1.718601 2.041211 32.653176 -3.508589 0.222478 2.221188
112030584 1.097900 -0.067400 1.723408 2.044521 32.548100 -3.512974 0.222226 2.217585
112030585 1.096525 -0.067400 1.728216 2.047838 32.443364 -3.517369 0.221974 2.213987
112030586 1.095150 -0.067400 1.733023 2.051161 32.338968 -3.521775 0.221723 2.210393
112030587 1.093774 -0.067400 1.737830 2.054492 32.234910 -3.526192 0.221471 2.206803
112030588 1.092399 -0.067400 1.742637 2.057829 32.131189 -3.530620 0.221220 2.203218
112030589 1.091024 -0.067400 1.747444 2.061174 32.027805 -3.535060 0.220969 2.199637
112030590 1.089648 -0.067400 1.752251 2.064524 31.924756 -3.539510 0.220718 2.196060
112030591 1.088273 -0.067400 1.757058 2.067882 31.822041 -3.543972 0.220467 2.192488
112030592 1.086898 -0.067400 1.761865 2.071246 31.719660 -3.548445 0.220216 2.188920
112030593 1.085523 -0.067400 1.766673 2.074617 31.617612 -3.552929 0.219966 2.185358
112030594 1.084147 -0.067400 1.771480 2.077994 31.515895 -3.557425 0.219716 2.181799
112030595 1.082772 -0.067400 1.776287 2.081378 31.414508 -3.561932 0.219466 2.178246
112030596 1.081397 -0.067400 1.781094 2.084768 31.313451 -3.566450 0.219216 2.174697
112030597 1.080021 -0.067400 1.785901 2.088165 31.212723 -3.570980 0.218967 2.171153
112030598 1.078646 -0.067400 1.790708 2.091568 31.112323 -3.575521 0.218718 2.167613
112030599 1.077271 -0.067400 1.795515 2.094977 31.012249 -3.580074 0.218469 2.164079
112030600 1.075895 -0.067400 1.800322 2.098393 30.912501 -3.584639 0.218221 2.160549
112030601 1.212052 -0.041000 1.324417 1.795782 42.479802 -1.937401 0.201782 2.526669
112030602 1.210677 -0.041000 1.329224 1.798404 42.344077 -1.939600 0.201501 2.522985
112030603 1.209302 -0.041000 1.334031 1.801036 42.208748 -1.941804 0.201220 2.519297
112030604 1.207927 -0.041000 1.338838 1.803678 42.073814 -1.944013 0.200937 2.515607
112030605 1.206551 -0.041000 1.343645 1.806330 41.939277 -1.946228 0.200654 2.511913
112030606 1.205176 -0.041000 1.348452 1.808992 41.805134 -1.948447 0.200370 2.508216
112030607 1.203801 -0.041000 1.353260 1.811664 41.671387 -1.950671 0.200085 2.504516
112030608 1.202425 -0.041000 1.358067 1.814346 41.538034 -1.952901 0.199800 2.500814
112030609 1.201050 -0.041000 1.362874 1.817038 41.405076 -1.955135 0.199514 2.497109
112030610 1.199675 -0.041000 1.367681 1.819739 41.272511 -1.957375 0.199227 2.493402
112030611 1.198299 -0.041000 1.372488 1.822450 41.140341 -1.959620 0.198940 2.489692
112030612 1.196924 -0.041000 1.377295 1.825171 41.008564 -1.961870 0.198652 2.485981
112030613 1.195549 -0.041000 1.382102 1.827902 40.877180 -1.964125 0.198364 2.482267
112030614 1.194173 -0.041000 1.386909 1.830642 40.746188 -1.966385 0.198074 2.478551
112030615 1.192798 -0.041000 1.391717 1.833391 40.615589 -1.968651 0.197785 2.474834
112030616 1.191423 -0.041000 1.396524 1.836150 40.485382 -1.970921 0.197495 2.471115
112030617 1.190047 -0.041000 1.401331 1.838919 40.355566 -1.973197 0.197204 2.467394
112030618 1.188672 -0.041000 1.406138 1.841697 40.226141 -1.975479 0.196913 2.463672
112030619 1.187297 -0.041000 1.410945 1.844484 40.097107 -1.977765 0.196622 2.459948
112030620 1.185921 -0.041000 1.415752 1.847280 39.968462 -1.980057 0.196330 2.456224
112030621 1.184546 -0.041000 1.420559 1.850086 39.840208 -1.982354 0.196038 2.452498
112030622 1.183171 -0.041000 1.425366 1.852901 39.712342 -1.984657 0.195745 2.448772
112030623 1.181795 -0.041000 1.430174 1.855726 39.584865 -1.986964 0.195452 2.445044
112030624 1.180420 -0.041000 1.434981 1.858559 39.457776 -1.989278 0.195158 2.441316
112030625 1.179045 -0.041000 1.439788 1.861402 39.331075 -1.991596 0.194864 2.437588
112030626 1.177669 -0.041000 1.444595 1.864253 39.204761 -1.993920 0.194570 2.433859
112030627 1.176294 -0.041000 1.449402 1.867114 39.078833 -1.996249 0.194276 2.430129
112030628 1.174919 -0.041000 1.454209 1.869984 38.953292 -1.998584 0.193981 2.426399
112030629 1.173543 -0.041000 1.459016 1.872862 38.828135 -2.000925 0.193686 2.422669
112030630 1.172168 -0.041000 1.463824 1.875750 38.703364 -2.003270 0.193391 2.418939
112030631 1.170793 -0.041000 1.468631 1.878646 38.578976 -2.005622 0.193095 2.415209
112030632 1.169417 -0.041000 1.473438 1.881552 38.454973 -2.007979 0.192799 2.411480
112030633 1.168042 -0.041000 1.478245 1.884466 38.331352 -2.010341 0.192503 2.407750
112030634 1.166667 -0.041000 1.483052 1.887389 38.208113 -2.012709 0.192207 2.404021
112030635 1.165291 -0.041000 1.487859 1.890320 38.085257 -2.015082 0.191911 2.400292
112030636 1.163916 -0.041000 1.492666 1.893260 37.962781 -2.017462 0.191614 2.396564
112030637 1.162541 -0.041000 1.497473 1.896209 37.840686 -2.019846 0.191318 2.392837
112030638 1.161165 -0.041000 1.502281 1.899166 37.718970 -2.022237 0.191021 2.389110
112030639 1.159790 -0.041000 1.507088 1.902132 37.597634 -2.024633 0.190724 2.385384
112030640 1.158415 -0.041000 1.511895 1.905107 37.476676 -2.027035 0.190427 2.381659
112030641 1.157039 -0.041000 1.516702 1.908090 37.356095 -2.029442 0.190130 2.377935
112030642 1.155664 -0.041000 1.521509 1.911081 37.235892 -2.031855 0.189833 2.374213
112030643 1.154289 -0.041000 1.526316 1.914081 37.116065 -2.034274 0.189536 2.370491
112030644 1.152913 -0.041000 1.531123 1.917089 36.996613 -2.036699 0.189239 2.366771
112030645 1.151538 -0.041000 1.535930 1.920105 36.877537 -2.039129 0.188942 2.363052
112030646 1.150163 -0.041000 1.540738 1.923130 36.758834 -2.041565 0.188645 2.359335
112030647 1.148788 -0.041000 1.545545 1.926163 36.640505 -2.044008 0.188348 2.355620
112030648 1.147412 -0.041000 1.550352 1.929204 36.522548 -2.046455 0.188051 2.351906
112030649 1.146037 -0.041000 1.555159 1.932253 36.404963 -2.048909 0.187754 2.348194
112030650 1.144662 -0.041000 1.559966 1.935310 36.287750 -2.051369 0.187457 2.344483
112030651 1.143286 -0.041000 1.564773 1.938375 36.170906 -2.053835 0.187160 2.340775
112030652 1.141911 -0.041000 1.569580 1.941449 36.054432 -2.056306 0.186863 2.337069
112030653 1.140536 -0.041000 1.574387 1.944530 35.938327 -2.058784 0.186566 2.333365
112030654 1.139160 -0.041000 1.579195 1.947620 35.822590 -2.061267 0.186269 2.329663
112030655 1.137785 -0.041000 1.584002 1.950717 35.707220 -2.063756 0.185973 2.325963
112030656 1.136410 -0.041000 1.588809 1.953822 35.592216 -2.066252 0.185677 2.322265
112030657 1.135034 -0.041000 1.593616 1.956935 35.477577 -2.068753 0.185380 2.318570
112030658 1.133659 -0.041000 1.598423 1.960056 35.363304 -2.071261 0.185084 2.314878
112030659 1.132284 -0.041000 1.603230 1.963185 35.249394 -2.073775 0.184788 2.311188
112030660 1.130908 -0.041000 1.608037 1.966321 35.135847 -2.076294 0.184493 2.307501
112030661 1.129533 -0.041000 1.612844 1.969465 35.022662 -2.078820 0.184197 2.303816
112030662 1.128158 -0.041000 1.617652 1.972617 34.909838 -2.081352 0.183902 2.300135
112030663 1.126782 -0.041000 1.622459 1.975776 34.797375 -2.083891 0.183607 2.296456
112030664 1.125407 -0.041000 1.627266 1.978943 34.685272 -2.086435 0.183312 2.292780
112030665 1.124032 -0.041000 1.632073 1.982118 34.573527 -2.088986 0.183018 2.289107
112030666 1.122656 -0.041000 1.636880 1.985300 34.462140 -2.091543 0.182723 2.285437
112030667 1.121281 -0.041000 1.641687 1.988489 34.351110 -2.094106 0.182429 2.281771
112030668 1.119906 -0.041000 1.646494 1.991686 34.240436 -2.096675 0.182135 2.278107
112030669 1.118530 -0.041000 1.651301 1.994890 34.130117 -2.099251 0.181842 2.274447
112030670 1.117155 -0.041000 1.656109 1.998102 34.020153 -2.101833 0.181549 2.270790
112030671 1.115780 -0.041000 1.660916 2.001321 33.910542 -2.104421 0.181256 2.267137
112030672 1.114404 -0.041000 1.665723 2.004548 33.801283 -2.107016 0.180963 2.263487
112030673 1.113029 -0.041000 1.670530 2.007781 33.692377 -2.109617 0.180671 2.259841
112030674 1.111654 -0.041000 1.675337 2.011022 33.583820 -2.112225 0.180379 2.256198
112030675 1.110278 -0.041000 1.680144 2.014270 33.475614 -2.114839 0.180088 2.252559
112030676 1.108903 -0.041000 1.684951 2.017525 33.367756 -2.117460 0.179797 2.248923
112030677 1.107528 -0.041000 1.689759 2.020788 33.260246 -2.120087 0.179506 2.245292
112030678 1.106152 -0.041000 1.694566 2.024057 33.153084 -2.122720 0.179216 2.241664
112030679 1.104777 -0.041000 1.699373 2.027334 33.046267 -2.125360 0.178926 2.238040
112030680 1.103402 -0.041000 1.704180 2.030617 32.939795 -2.128007 0.178636 2.234420
112030681 1.102026 -0.041000 1.708987 2.033908 32.833668 -2.130660 0.178347 2.230804
112030682 1.100651 -0.041000 1.713794 2.037205 32.727884 -2.133320 0.178058 2.227192
112030683 1.099276 -0.041000 1.718601 2.040509 32.622442 -2.135987 0.177770 2.223585
112030684 1.097900 -0.041000 1.723408 2.043821 32.517342 -2.138660 0.177482 2.219981
112030685 1.096525 -0.041000 1.728216 2.047139 32.412582 -2.141340 0.177195 2.216382
112030686 1.095150 -0.041000 1.733023 2.050464 32.308161 -2.144027 0.176908 2.212787
112030687 1.093774 -0.041000 1.737830 2.053796 32.204079 -2.146720 0.176621 2.209196
112030688 1.092399 -0.041000 1.742637 2.057134 32.100335 -2.149420 0.176335 2.205610
112030689 1.091024 -0.041000 1.747444 2.060479 31.996927 -2.152127 0.176049 2.202028
112030690 1.089648 -0.041000 1.752251 2.063831 31.893855 -2.154841 0.175764 2.198450
112030691 1.088273 -0.041000 1.757058 2.067190 31.791117 -2.157562 0.175480 2.194877
112030692 1.086898 -0.041000 1.761865 2.070555 31.688713 -2.160289 0.175196 2.191309
112030693 1.085523 -0.041000 1.766673 2.073927 31.586642 -2.163024 0.174912 2.187745
112030694 1.084147 -0.041000 1.771480 2.077305 31.484902 -2.165765 0.174629 2.184186
112030695 1.082772 -0.041000 1.776287 2.080690 31.383493 -2.168513 0.174347 2.180632
112030696 1.081397 -0.041000 1.781094 2.084081 31.282415 -2.171269 0.174065 2.177082
112030697 1.080021 -0.041000 1.785901 2.087479 31.181664 -2.174031 0.173783 2.173537
112030698 1.078646 -0.041000 1.790708 2.090883 31.081242 -2.176800 0.173502 2.169997
112030699 1.077271 -0.041000 1.795515 2.094294 30.981146 -2.179577 0.173222 2.166462
112030700 1.075895 -0.041000 1.800322 2.097711 30.881377 -2.182360 0.172942 2.162932
112030701 1.212052 -0.014600 1.324417 1.795373 42.465555 -0.690133 0.161263 2.527484
112030702 1.210677 -0.014600 1.329224 1.797996 42.329803 -0.690917 0.160907 2.523798
112030703 1.209302 -0.014600 1.334031 1.800628 42.194448 -0.691703 0.160551 2.520110
112030704 1.207927 -0.014600 1.338838 1.803271 42.059489 -0.692491 0.160195 2.516418
112030705 1.206551 -0.014600 1.343645 1.805924 41.924926 -0.693280 0.159839 2.512723
112030706 1.205176 -0.014600 1.348452 1.808587 41.790758 -0.694071 0.159482 2.509025
112030707 1.203801 -0.014600 1.353260 1.811259 41.656986 -0.694864 0.159126 2.505324
112030708 1.202425 -0.014600 1.358067 1.813942 41.523608 -0.695658 0.158769 2.501620
112030709 1.201050 -0.014600 1.362874 1.816634 41.390625 -0.696455 0.158413 2.497915
112030710 1.199675 -0.014600 1.367681 1.819336 41.258036 -0.697253 0.158056 2.494206
112030711 1.198299 -0.014600 1.372488 1.822048 41.125841 -0.698054 0.157699 2.490495
112030712 1.196924 -0.014600 1.377295 1.824769 40.994040 -0.698856 0.157343 2.486783
112030713 1.195549 -0.014600 1.382102 1.827500 40.862632 -0.699659 0.156986 2.483068
112030714 1.194173 -0.014600 1.386909 1.830241 40.731617 -0.700465 0.156630 2.479351
112030715 1.192798 -0.014600 1.391717 1.832991 40.600994 -0.701273 0.156273 2.475633
112030716 1.191423 -0.014600 1.396524 1.835750 40.470764 -0.702082 0.155917 2.471912
112030717 1.190047 -0.014600 1.401331 1.838519 40.340925 -0.702893 0.155560 2.468191
112030718 1.188672 -0.014600 1.406138 1.841298 40.211477 -0.703707 0.155204 2.464468
112030719 1.187297 -0.014600 1.410945 1.844086 40.082420 -0.704522 0.154848 2.460743
112030720 1.185921 -0.014600 1.415752 1.846883 39.953753 -0.705339 0.154492 2.457018
112030721 1.184546 -0.014600 1.420559 1.849689 39.825476 -0.706157 0.154136 2.453291
112030722 1.183171 -0.014600 1.425366 1.852505 39.697589 -0.706978 0.153780 2.449564
112030723 1.181795 -0.014600 1.430174 1.855330 39.570090 -0.707801 0.153424 2.445835
112030724 1.180420 -0.014600 1.434981 1.858164 39.442979 -0.708626 0.153069 2.442106
112030725 1.179045 -0.014600 1.439788 1.861007 39.316257 -0.709452 0.152714 2.438377
112030726 1.177669 -0.014600 1.444595 1.863860 39.189921 -0.710280 0.152359 2.434646
112030727 1.176294 -0.014600 1.449402 1.866721 39.063972 -0.711111 0.152004 2.430916
112030728 1.174919 -0.014600 1.454209 1.869591 38.938410 -0.711943 0.151649 2.427185
112030729 1.173543 -0.014600 1.459016 1.872471 38.813233 -0.712777 0.151295 2.423454
112030730 1.172168 -0.014600 1.463824 1.875359 38.688441 -0.713614 0.150941 2.419723
112030731 1.170793 -0.014600 1.468631 1.878256 38.564033 -0.714452 0.150587 2.415992
112030732 1.169417 -0.014600 1.473438 1.881162 38.440009 -0.715292 0.150234 2.412262
112030733 1.168042 -0.014600 1.478245 1.884076 38.316368 -0.716134 0.149881 2.408531
112030734 1.166667 -0.014600 1.483052 1.887000 38.193110 -0.716978 0.149528 2.404801
112030735 1.165291 -0.014600 1.487859 1.889932 38.070233 -0.717824 0.149175 2.401072
112030736 1.163916 -0.014600 1.492666 1.892873 37.947738 -0.718673 0.148823 2.397343
112030737 1.162541 -0.014600 1.497473 1.895822 37.825623 -0.719523 0.148471 2.393614
112030738 1.161165 -0.014600 1.502281 1.898780 37.703889 -0.720375 0.148120 2.389887
112030739 1.159790 -0.014600 1.507088 1.901746 37.582533 -0.721229 0.147769 2.386160
112030740 1.158415 -0.014600 1.511895 1.904721 37.461557 -0.722085 0.147418 2.382434
112030741 1.157039 -0.014600 1.516702 1.907705 37.340958 -0.722943 0.147068 2.378710
112030742 1.155664 -0.014600 1.521509 1.910697 37.220736 -0.723804 0.146718 2.374986
112030743 1.154289 -0.014600 1.526316 1.913697 37.100890 -0.724666 0.146369 2.371264
112030744 1.152913 -0.014600 1.531123 1.916706 36.981421 -0.725530 0.146020 2.367543
112030745 1.151538 -0.014600 1.535930 1.919723 36.862326 -0.726397 0.145672 2.363824
112030746 1.150163 -0.014600 1.540738 1.922748 36.743606 -0.727265 0.145324 2.360106
112030747 1.148788 -0.014600 1.545545 1.925781 36.625259 -0.728136 0.144976 2.356389
112030748 1.147412 -0.014600 1.550352 1.928823 36.507285 -0.729009 0.144629 2.352675
112030749 1.146037 -0.014600 1.555159 1.931873 36.389682 -0.729883 0.144283 2.348962
112030750 1.144662 -0.014600 1.559966 1.934931 36.272452 -0.730760 0.143937 2.345251
112030751 1.143286 -0.014600 1.564773 1.937997 36.155591 -0.731639 0.143591 2.341542
112030752 1.141911 -0.014600 1.569580 1.941071 36.039100 -0.732520 0.143246 2.337835
112030753 1.140536 -0.014600 1.574387 1.944153 35.922978 -0.733403 0.142902 2.334130
112030754 1.139160 -0.014600 1.579195 1.947243 35.807225 -0.734289 0.142558 2.330427
112030755 1.137785 -0.014600 1.584002 1.950341 35.691838 -0.735176 0.142214 2.326727
112030756 1.136410 -0.014600 1.588809 1.953447 35.576818 -0.736066 0.141871 2.323029
112030757 1.135034 -0.014600 1.593616 1.956560 35.462163 -0.736958 0.141529 2.319333
112030758 1.133659 -0.014600 1.598423 1.959682 35.347874 -0.737852 0.141188 2.315640
112030759 1.132284 -0.014600 1.603230 1.962811 35.233948 -0.738748 0.140847 2.311950
112030760 1.130908 -0.014600 1.608037 1.965948 35.120385 -0.739646 0.140506 2.308262
112030761 1.129533 -0.014600 1.612844 1.969092 35.007185 -0.740547 0.140166 2.304577
112030762 1.128158 -0.014600 1.617652 1.972245 34.894346 -0.741449 0.139827 2.300894
112030763 1.126782 -0.014600 1.622459 1.975405 34.781868 -0.742354 0.139488 2.297215
112030764 1.125407 -0.014600 1.627266 1.978572 34.669749 -0.743261 0.139150 2.293538
112030765 1.124032 -0.014600 1.632073 1.981747 34.557989 -0.744171 0.138813 2.289865
112030766 1.122656 -0.014600 1.636880 1.984930 34.446587 -0.745082 0.138476 2.286195
112030767 1.121281 -0.014600 1.641687 1.988120 34.335543 -0.745996 0.138140 2.282527
112030768 1.119906 -0.014600 1.646494 1.991318 34.224854 -0.746912 0.137805 2.278864
112030769 1.118530 -0.014600 1.651301 1.994522 34.114521 -0.747830 0.137470 2.275203
112030770 1.117155 -0.014600 1.656109 1.997735 34.004542 -0.748751 0.137136 2.271546
112030771 1.115780 -0.014600 1.660916 2.000954 33.894917 -0.749674 0.136803 2.267892
112030772 1.114404 -0.014600 1.665723 2.004181 33.785644 -0.750599 0.136470 2.264241
112030773 1.113029 -0.014600 1.670530 2.007416 33.676723 -0.751526 0.136138 2.260594
112030774 1.111654 -0.014600 1.675337 2.010657 33.568153 -0.752456 0.135807 2.256951
112030775 1.110278 -0.014600 1.680144 2.013906 33.459933 -0.753388 0.135476 2.253312
112030776 1.108903 -0.014600 1.684951 2.017161 33.352062 -0.754322 0.135146 2.249676
112030777 1.107528 -0.014600 1.689759 2.020424 33.244539 -0.755259 0.134817 2.246044
112030778 1.106152 -0.014600 1.694566 2.023694 33.137363 -0.756198 0.134488 2.242416
112030779 1.104777 -0.014600 1.699373 2.026971 33.030533 -0.757139 0.134161 2.238791
112030780 1.103402 -0.014600 1.704180 2.030256 32.924048 -0.758083 0.133834 2.235171
112030781 1.102026 -0.014600 1.708987 2.033547 32.817908 -0.759028 0.133508 2.231555
112030782 1.100651 -0.014600 1.713794 2.036845 32.712111 -0.759977 0.133182 2.227943
112030783 1.099276 -0.014600 1.718601 2.040150 32.606656 -0.760928 0.132857 2.224334
112030784 1.097900 -0.014600 1.723408 2.043462 32.501543 -0.761881 0.132533 2.220731
112030785 1.096525 -0.014600 1.728216 2.046780 32.396771 -0.762836 0.132210 2.217131
112030786 1.095150 -0.014600 1.733023 2.050106 32.292338 -0.763794 0.131888 2.213535
112030787 1.093774 -0.014600 1.737830 2.053438 32.188244 -0.764754 0.131566 2.209944
112030788 1.092399 -0.014600 1.742637 2.056777 32.084487 -0.765717 0.131245 2.206358
112030789 1.091024 -0.014600 1.747444 2.060123 31.981067 -0.766682 0.130925 2.202776
112030790 1.089648 -0.014600 1.752251 2.063476 31.877982 -0.767650 0.130606 2.199198
112030791 1.088273 -0.014600 1.757058 2.066835 31.775233 -0.768620 0.130287 2.195625
112030792 1.086898 -0.014600 1.761865 2.070200 31.672817 -0.769592 0.129970 2.192056
112030793 1.085523 -0.014600 1.766673 2.073573 31.570734 -0.770567 0.129653 2.188492
112030794 1.084147 -0.014600 1.771480 2.076952 31.468983 -0.771545 0.129337 2.184933
112030795 1.082772 -0.014600 1.776287 2.080337 31.367563 -0.772524 0.129021 2.181378
112030796 1.081397 -0.014600 1.781094 2.083729 31.266473 -0.773507 0.128707 2.177828
112030797 1.080021 -0.014600 1.785901 2.087128 31.165711 -0.774492 0.128393 2.174283
112030798 1.078646 -0.014600 1.790708 2.090532 31.065278 -0.775479 0.128081 2.170743
112030799 1.077271 -0.014600 1.795515 2.093944 30.965171 -0.776469 0.127769 2.167207
112030800 1.075895 -0.014600 1.800322 2.097361 30.865390 -0.777461 0.127457 2.163677
