# pixelID   x   y   z   l2  two_theta   azimuthal   polar_width azimuthal_width
104030001 -1.259680 -0.306400 1.021137 1.650271 51.773698 -166.329064 0.540586 2.672179
104030002 -1.259680 -0.306400 1.016137 1.647182 51.910325 -166.329064 0.540629 2.677189
104030003 -1.259680 -0.306400 1.011137 1.644102 52.047465 -166.329064 0.540663 2.682202
104030004 -1.259680 -0.306400 1.006137 1.641032 52.185119 -166.329064 0.540686 2.687218
104030005 -1.259680 -0.306400 1.001137 1.637971 52.323289 -166.329064 0.540699 2.692238
104030006 -1.259680 -0.306400 0.996137 1.634920 52.461975 -166.329064 0.540703 2.697260
104030007 -1.259680 -0.306400 0.991137 1.631878 52.601178 -166.329064 0.540696 2.702286
104030008 -1.259680 -0.306400 0.986137 1.628846 52.740901 -166.329064 0.540679 2.707314
104030009 -1.259680 -0.306400 0.981137 1.625824 52.881144 -166.329064 0.540652 2.712345
104030010 -1.259680 -0.306400 0.976137 1.622812 53.021908 -166.329064 0.540615 2.717378
104030011 -1.259680 -0.306400 0.971137 1.619809 53.163196 -166.329064 0.540566 2.722413
104030012 -1.259680 -0.306400 0.966137 1.616816 53.305007 -166.329064 0.540507 2.727450
104030013 -1.259680 -0.306400 0.961137 1.613834 53.447343 -166.329064 0.540438 2.732490
104030014 -1.259680 -0.306400 0.956137 1.610861 53.590206 -166.329064 0.540357 2.737530
104030015 -1.259680 -0.306400 0.951137 1.607898 53.733595 -166.329064 0.540265 2.742573
104030016 -1.259680 -0.306400 0.946137 1.604945 53.877514 -166.329064 0.540162 2.747616
104030017 -1.259680 -0.306400 0.941137 1.602003 54.021962 -166.329064 0.540048 2.752661
104030018 -1.259680 -0.306400 0.936137 1.599071 54.166940 -166.329064 0.539922 2.757707
104030019 -1.259680 -0.306400 0.931137 1.596149 54.312451 -166.329064 0.539785 2.762753
104030020 -1.259680 -0.306400 0.926137 1.593237 54.458494 -166.329064 0.539636 2.767800
104030021 -1.259680 -0.306400 0.921137 1.590336 54.605071 -166.329064 0.539476 2.772848
104030022 -1.259680 -0.306400 0.916137 1.587445 54.752183 -166.329064 0.539304 2.777895
104030023 -1.259680 -0.306400 0.911137 1.584565 54.899830 -166.329064 0.539119 2.782943
104030024 -1.259680 -0.306400 0.906137 1.581695 55.048015 -166.329064 0.538923 2.787990
104030025 -1.259680 -0.306400 0.901137 1.578836 55.196737 -166.329064 0.538714 2.793037
104030026 -1.259680 -0.306400 0.896137 1.575987 55.345997 -166.329064 0.538493 2.798083
104030027 -1.259680 -0.306400 0.891137 1.573150 55.495797 -166.329064 0.538259 2.803128
104030028 -1.259680 -0.306400 0.886137 1.570323 55.646138 -166.329064 0.538013 2.808172
104030029 -1.259680 -0.306400 0.881137 1.567507 55.797020 -166.329064 0.537754 2.813215
104030030 -1.259680 -0.306400 0.876137 1.564701 55.948444 -166.329064 0.537482 2.818257
104030031 -1.259680 -0.306400 0.871137 1.561907 56.100410 -166.329064 0.537198 2.823296
104030032 -1.259680 -0.306400 0.866137 1.559124 56.252920 -166.329064 0.536900 2.828334
104030033 -1.259680 -0.306400 0.861137 1.556352 56.405975 -166.329064 0.536589 2.833370
104030034 -1.259680 -0.306400 0.856137 1.553591 56.559575 -166.329064 0.536264 2.838403
104030035 -1.259680 -0.306400 0.851137 1.550841 56.713720 -166.329064 0.535927 2.843434
104030036 -1.259680 -0.306400 0.846137 1.548103 56.868412 -166.329064 0.535575 2.848461
104030037 -1.259680 -0.306400 0.841137 1.545376 57.023652 -166.329064 0.535210 2.853486
104030038 -1.259680 -0.306400 0.836137 1.542660 57.179438 -166.329064 0.534831 2.858507
104030039 -1.259680 -0.306400 0.831137 1.539956 57.335774 -166.329064 0.534438 2.863525
104030040 -1.259680 -0.306400 0.826137 1.537263 57.492658 -166.329064 0.534031 2.868539
104030041 -1.259680 -0.306400 0.821137 1.534581 57.650091 -166.329064 0.533610 2.873549
104030042 -1.259680 -0.306400 0.816137 1.531912 57.808074 -166.329064 0.533175 2.878554
104030043 -1.259680 -0.306400 0.811137 1.529254 57.966608 -166.329064 0.532725 2.883555
104030044 -1.259680 -0.306400 0.806137 1.526608 58.125693 -166.329064 0.532260 2.888552
104030045 -1.259680 -0.306400 0.801137 1.523973 58.285328 -166.329064 0.531781 2.893543
104030046 -1.259680 -0.306400 0.796137 1.521351 58.445516 -166.329064 0.531287 2.898528
104030047 -1.259680 -0.306400 0.791137 1.518740 58.606255 -166.329064 0.530778 2.903509
104030048 -1.259680 -0.306400 0.786137 1.516142 58.767547 -166.329064 0.530254 2.908483
104030049 -1.259680 -0.306400 0.781137 1.513555 58.929391 -166.329064 0.529715 2.913451
104030050 -1.259680 -0.306400 0.776137 1.510981 59.091788 -166.329064 0.529161 2.918413
104030051 -1.259680 -0.306400 0.771137 1.508419 59.254738 -166.329064 0.528591 2.923368
104030052 -1.259680 -0.306400 0.766137 1.505869 59.418241 -166.329064 0.528006 2.928316
104030053 -1.259680 -0.306400 0.761137 1.503331 59.582297 -166.329064 0.527405 2.933257
104030054 -1.259680 -0.306400 0.756137 1.500806 59.746907 -166.329064 0.526788 2.938190
104030055 -1.259680 -0.306400 0.751137 1.498293 59.912071 -166.329064 0.526156 2.943116
104030056 -1.259680 -0.306400 0.746137 1.495792 60.077788 -166.329064 0.525507 2.948034
104030057 -1.259680 -0.306400 0.741137 1.493305 60.244058 -166.329064 0.524842 2.952943
104030058 -1.259680 -0.306400 0.736137 1.490829 60.410882 -166.329064 0.524161 2.957843
104030059 -1.259680 -0.306400 0.731137 1.488367 60.578260 -166.329064 0.523464 2.962735
104030060 -1.259680 -0.306400 0.726137 1.485917 60.746191 -166.329064 0.522750 2.967618
104030061 -1.259680 -0.306400 0.721137 1.483480 60.914675 -166.329064 0.522020 2.972490
104030062 -1.259680 -0.306400 0.716137 1.481056 61.083712 -166.329064 0.521272 2.977353
104030063 -1.259680 -0.306400 0.711137 1.478645 61.253302 -166.329064 0.520508 2.982206
104030064 -1.259680 -0.306400 0.706137 1.476247 61.423444 -166.329064 0.519728 2.987049
104030065 -1.259680 -0.306400 0.701137 1.473861 61.594138 -166.329064 0.518930 2.991880
104030066 -1.259680 -0.306400 0.696137 1.471489 61.765385 -166.329064 0.518115 2.996701
104030067 -1.259680 -0.306400 0.691137 1.469131 61.937183 -166.329064 0.517282 3.001510
104030068 -1.259680 -0.306400 0.686137 1.466785 62.109531 -166.329064 0.516433 3.006308
104030069 -1.259680 -0.306400 0.681137 1.464453 62.282431 -166.329064 0.515566 3.011093
104030070 -1.259680 -0.306400 0.676137 1.462134 62.455880 -166.329064 0.514681 3.015867
104030071 -1.259680 -0.306400 0.671137 1.459829 62.629879 -166.329064 0.513778 3.020627
104030072 -1.259680 -0.306400 0.666137 1.457537 62.804426 -166.329064 0.512858 3.025375
104030073 -1.259680 -0.306400 0.661137 1.455258 62.979522 -166.329064 0.511920 3.030109
104030074 -1.259680 -0.306400 0.656137 1.452994 63.155165 -166.329064 0.510964 3.034830
104030075 -1.259680 -0.306400 0.651137 1.450742 63.331355 -166.329064 0.509990 3.039537
104030076 -1.259680 -0.306400 0.646137 1.448505 63.508091 -166.329064 0.508997 3.044229
104030077 -1.259680 -0.306400 0.641137 1.446282 63.685372 -166.329064 0.507987 3.048907
104030078 -1.259680 -0.306400 0.636137 1.444072 63.863197 -166.329064 0.506957 3.053570
104030079 -1.259680 -0.306400 0.631137 1.441877 64.041566 -166.329064 0.505910 3.058217
104030080 -1.259680 -0.306400 0.626137 1.439695 64.220477 -166.329064 0.504844 3.062849
104030081 -1.259680 -0.306400 0.621137 1.437528 64.399929 -166.329064 0.503759 3.067465
104030082 -1.259680 -0.306400 0.616137 1.435374 64.579921 -166.329064 0.502655 3.072065
104030083 -1.259680 -0.306400 0.611137 1.433235 64.760452 -166.329064 0.501533 3.076648
104030084 -1.259680 -0.306400 0.606137 1.431110 64.941522 -166.329064 0.500391 3.081214
104030085 -1.259680 -0.306400 0.601137 1.429000 65.123127 -166.329064 0.499231 3.085762
104030086 -1.259680 -0.306400 0.596137 1.426904 65.305269 -166.329064 0.498051 3.090293
104030087 -1.259680 -0.306400 0.591137 1.424822 65.487944 -166.329064 0.496852 3.094806
104030088 -1.259680 -0.306400 0.586137 1.422755 65.671152 -166.329064 0.495634 3.099300
104030089 -1.259680 -0.306400 0.581137 1.420702 65.854892 -166.329064 0.494397 3.103776
104030090 -1.259680 -0.306400 0.576137 1.418664 66.039161 -166.329064 0.493140 3.108232
104030091 -1.259680 -0.306400 0.571137 1.416641 66.223958 -166.329064 0.491864 3.112669
104030092 -1.259680 -0.306400 0.566137 1.414633 66.409282 -166.329064 0.490568 3.117086
104030093 -1.259680 -0.306400 0.561137 1.412639 66.595131 -166.329064 0.489252 3.121483
104030094 -1.259680 -0.306400 0.556137 1.410660 66.781503 -166.329064 0.487917 3.125859
104030095 -1.259680 -0.306400 0.551137 1.408697 66.968397 -166.329064 0.486562 3.130214
104030096 -1.259680 -0.306400 0.546137 1.406748 67.155811 -166.329064 0.485187 3.134548
104030097 -1.259680 -0.306400 0.541137 1.404814 67.343743 -166.329064 0.483793 3.138860
104030098 -1.259680 -0.306400 0.536137 1.402896 67.532190 -166.329064 0.482378 3.143150
104030099 -1.259680 -0.306400 0.531137 1.400993 67.721152 -166.329064 0.480943 3.147418
104030100 -1.259680 -0.306400 0.526137 1.399105 67.910626 -166.329064 0.479488 3.151663
104030101 -1.259680 -0.280000 1.021137 1.645574 51.644765 -167.468110 0.509922 2.692156
104030102 -1.259680 -0.280000 1.016137 1.642476 51.781541 -167.468110 0.510012 2.697232
104030103 -1.259680 -0.280000 1.011137 1.639387 51.918832 -167.468110 0.510093 2.702311
104030104 -1.259680 -0.280000 1.006137 1.636308 52.056642 -167.468110 0.510166 2.707395
104030105 -1.259680 -0.280000 1.001137 1.633239 52.194970 -167.468110 0.510229 2.712481
104030106 -1.259680 -0.280000 0.996137 1.630179 52.333818 -167.468110 0.510283 2.717571
104030107 -1.259680 -0.280000 0.991137 1.627128 52.473188 -167.468110 0.510328 2.722664
104030108 -1.259680 -0.280000 0.986137 1.624087 52.613080 -167.468110 0.510364 2.727760
104030109 -1.259680 -0.280000 0.981137 1.621056 52.753497 -167.468110 0.510390 2.732858
104030110 -1.259680 -0.280000 0.976137 1.618035 52.894439 -167.468110 0.510407 2.737959
104030111 -1.259680 -0.280000 0.971137 1.615023 53.035907 -167.468110 0.510414 2.743063
104030112 -1.259680 -0.280000 0.966137 1.612022 53.177903 -167.468110 0.510411 2.748169
104030113 -1.259680 -0.280000 0.961137 1.609030 53.320428 -167.468110 0.510399 2.753276
104030114 -1.259680 -0.280000 0.956137 1.606048 53.463482 -167.468110 0.510376 2.758386
104030115 -1.259680 -0.280000 0.951137 1.603077 53.607069 -167.468110 0.510344 2.763497
104030116 -1.259680 -0.280000 0.946137 1.600115 53.751187 -167.468110 0.510301 2.768610
104030117 -1.259680 -0.280000 0.941137 1.597164 53.895839 -167.468110 0.510248 2.773724
104030118 -1.259680 -0.280000 0.936137 1.594223 54.041026 -167.468110 0.510184 2.778839
104030119 -1.259680 -0.280000 0.931137 1.591292 54.186749 -167.468110 0.510110 2.783955
104030120 -1.259680 -0.280000 0.926137 1.588371 54.333008 -167.468110 0.510025 2.789072
104030121 -1.259680 -0.280000 0.921137 1.585461 54.479805 -167.468110 0.509929 2.794190
104030122 -1.259680 -0.280000 0.916137 1.582561 54.627141 -167.468110 0.509823 2.799307
104030123 -1.259680 -0.280000 0.911137 1.579672 54.775017 -167.468110 0.509705 2.804425
104030124 -1.259680 -0.280000 0.906137 1.576793 54.923434 -167.468110 0.509577 2.809543
104030125 -1.259680 -0.280000 0.901137 1.573925 55.072393 -167.468110 0.509437 2.814661
104030126 -1.259680 -0.280000 0.896137 1.571068 55.221895 -167.468110 0.509286 2.819778
104030127 -1.259680 -0.280000 0.891137 1.568221 55.371941 -167.468110 0.509123 2.824894
104030128 -1.259680 -0.280000 0.886137 1.565386 55.522531 -167.468110 0.508949 2.830009
104030129 -1.259680 -0.280000 0.881137 1.562561 55.673667 -167.468110 0.508763 2.835124
104030130 -1.259680 -0.280000 0.876137 1.559747 55.825349 -167.468110 0.508565 2.840237
104030131 -1.259680 -0.280000 0.871137 1.556943 55.977578 -167.468110 0.508356 2.845348
104030132 -1.259680 -0.280000 0.866137 1.554151 56.130356 -167.468110 0.508134 2.850458
104030133 -1.259680 -0.280000 0.861137 1.551370 56.283682 -167.468110 0.507900 2.855565
104030134 -1.259680 -0.280000 0.856137 1.548601 56.437558 -167.468110 0.507654 2.860671
104030135 -1.259680 -0.280000 0.851137 1.545842 56.591984 -167.468110 0.507396 2.865774
104030136 -1.259680 -0.280000 0.846137 1.543095 56.746961 -167.468110 0.507125 2.870874
104030137 -1.259680 -0.280000 0.841137 1.540359 56.902490 -167.468110 0.506841 2.875971
104030138 -1.259680 -0.280000 0.836137 1.537634 57.058572 -167.468110 0.506545 2.881065
104030139 -1.259680 -0.280000 0.831137 1.534921 57.215206 -167.468110 0.506236 2.886155
104030140 -1.259680 -0.280000 0.826137 1.532219 57.372394 -167.468110 0.505914 2.891242
104030141 -1.259680 -0.280000 0.821137 1.529529 57.530135 -167.468110 0.505579 2.896325
104030142 -1.259680 -0.280000 0.816137 1.526851 57.688432 -167.468110 0.505230 2.901404
104030143 -1.259680 -0.280000 0.811137 1.524184 57.847283 -167.468110 0.504869 2.906478
104030144 -1.259680 -0.280000 0.806137 1.521529 58.006691 -167.468110 0.504493 2.911547
104030145 -1.259680 -0.280000 0.801137 1.518886 58.166654 -167.468110 0.504105 2.916612
104030146 -1.259680 -0.280000 0.796137 1.516254 58.327174 -167.468110 0.503702 2.921671
104030147 -1.259680 -0.280000 0.791137 1.513635 58.488250 -167.468110 0.503286 2.926725
104030148 -1.259680 -0.280000 0.786137 1.511028 58.649884 -167.468110 0.502856 2.931773
104030149 -1.259680 -0.280000 0.781137 1.508432 58.812075 -167.468110 0.502412 2.936815
104030150 -1.259680 -0.280000 0.776137 1.505849 58.974824 -167.468110 0.501954 2.941851
104030151 -1.259680 -0.280000 0.771137 1.503278 59.138131 -167.468110 0.501481 2.946880
104030152 -1.259680 -0.280000 0.766137 1.500720 59.301996 -167.468110 0.500994 2.951902
104030153 -1.259680 -0.280000 0.761137 1.498173 59.466420 -167.468110 0.500493 2.956917
104030154 -1.259680 -0.280000 0.756137 1.495639 59.631402 -167.468110 0.499977 2.961924
104030155 -1.259680 -0.280000 0.751137 1.493118 59.796943 -167.468110 0.499446 2.966924
104030156 -1.259680 -0.280000 0.746137 1.490609 59.963042 -167.468110 0.498901 2.971916
104030157 -1.259680 -0.280000 0.741137 1.488112 60.129700 -167.468110 0.498340 2.976900
104030158 -1.259680 -0.280000 0.736137 1.485628 60.296917 -167.468110 0.497765 2.981875
104030159 -1.259680 -0.280000 0.731137 1.483157 60.464692 -167.468110 0.497174 2.986841
104030160 -1.259680 -0.280000 0.726137 1.480699 60.633026 -167.468110 0.496568 2.991797
104030161 -1.259680 -0.280000 0.721137 1.478253 60.801919 -167.468110 0.495947 2.996745
104030162 -1.259680 -0.280000 0.716137 1.475820 60.971369 -167.468110 0.495310 3.001682
104030163 -1.259680 -0.280000 0.711137 1.473401 61.141378 -167.468110 0.494658 3.006610
104030164 -1.259680 -0.280000 0.706137 1.470994 61.311945 -167.468110 0.493990 3.011526
104030165 -1.259680 -0.280000 0.701137 1.468600 61.483069 -167.468110 0.493306 3.016433
104030166 -1.259680 -0.280000 0.696137 1.466220 61.654750 -167.468110 0.492606 3.021328
104030167 -1.259680 -0.280000 0.691137 1.463852 61.826988 -167.468110 0.491890 3.026212
104030168 -1.259680 -0.280000 0.686137 1.461498 61.999783 -167.468110 0.491158 3.031084
104030169 -1.259680 -0.280000 0.681137 1.459158 62.173133 -167.468110 0.490409 3.035944
104030170 -1.259680 -0.280000 0.676137 1.456830 62.347039 -167.468110 0.489645 3.040791
104030171 -1.259680 -0.280000 0.671137 1.454517 62.521500 -167.468110 0.488864 3.045626
104030172 -1.259680 -0.280000 0.666137 1.452216 62.696516 -167.468110 0.488066 3.050448
104030173 -1.259680 -0.280000 0.661137 1.449930 62.872084 -167.468110 0.487251 3.055257
104030174 -1.259680 -0.280000 0.656137 1.447656 63.048206 -167.468110 0.486420 3.060052
104030175 -1.259680 -0.280000 0.651137 1.445397 63.224880 -167.468110 0.485572 3.064833
104030176 -1.259680 -0.280000 0.646137 1.443152 63.402106 -167.468110 0.484707 3.069599
104030177 -1.259680 -0.280000 0.641137 1.440920 63.579882 -167.468110 0.483825 3.074351
104030178 -1.259680 -0.280000 0.636137 1.438702 63.758209 -167.468110 0.482926 3.079088
104030179 -1.259680 -0.280000 0.631137 1.436498 63.937084 -167.468110 0.482010 3.083810
104030180 -1.259680 -0.280000 0.626137 1.434309 64.116507 -167.468110 0.481076 3.088515
104030181 -1.259680 -0.280000 0.621137 1.432133 64.296476 -167.468110 0.480125 3.093205
104030182 -1.259680 -0.280000 0.616137 1.429971 64.476992 -167.468110 0.479156 3.097878
104030183 -1.259680 -0.280000 0.611137 1.427824 64.658053 -167.468110 0.478170 3.102535
104030184 -1.259680 -0.280000 0.606137 1.425691 64.839657 -167.468110 0.477166 3.107174
104030185 -1.259680 -0.280000 0.601137 1.423573 65.021803 -167.468110 0.476144 3.111796
104030186 -1.259680 -0.280000 0.596137 1.421469 65.204491 -167.468110 0.475104 3.116400
104030187 -1.259680 -0.280000 0.591137 1.419379 65.387718 -167.468110 0.474047 3.120986
104030188 -1.259680 -0.280000 0.586137 1.417304 65.571484 -167.468110 0.472971 3.125553
104030189 -1.259680 -0.280000 0.581137 1.415243 65.755786 -167.468110 0.471877 3.130101
104030190 -1.259680 -0.280000 0.576137 1.413198 65.940625 -167.468110 0.470765 3.134630
104030191 -1.259680 -0.280000 0.571137 1.411167 66.125997 -167.468110 0.469635 3.139140
104030192 -1.259680 -0.280000 0.566137 1.409150 66.311901 -167.468110 0.468487 3.143629
104030193 -1.259680 -0.280000 0.561137 1.407149 66.498337 -167.468110 0.467320 3.148098
104030194 -1.259680 -0.280000 0.556137 1.405163 66.685301 -167.468110 0.466135 3.152546
104030195 -1.259680 -0.280000 0.551137 1.403191 66.872793 -167.468110 0.464931 3.156972
104030196 -1.259680 -0.280000 0.546137 1.401235 67.060810 -167.468110 0.463708 3.161378
104030197 -1.259680 -0.280000 0.541137 1.399294 67.249352 -167.468110 0.462467 3.165761
104030198 -1.259680 -0.280000 0.536137 1.397368 67.438414 -167.468110 0.461207 3.170122
104030199 -1.259680 -0.280000 0.531137 1.395457 67.627997 -167.468110 0.459929 3.174461
104030200 -1.259680 -0.280000 0.526137 1.393561 67.818098 -167.468110 0.458631 3.178776
104030201 -1.259680 -0.253600 1.021137 1.641288 51.526274 -168.617311 0.478264 2.710597
104030202 -1.259680 -0.253600 1.016137 1.638182 51.663184 -168.617311 0.478400 2.715735
104030203 -1.259680 -0.253600 1.011137 1.635085 51.800613 -168.617311 0.478529 2.720876
104030204 -1.259680 -0.253600 1.006137 1.631998 51.938562 -168.617311 0.478649 2.726021
104030205 -1.259680 -0.253600 1.001137 1.628920 52.077034 -168.617311 0.478761 2.731170
104030206 -1.259680 -0.253600 0.996137 1.625852 52.216029 -168.617311 0.478865 2.736322
104030207 -1.259680 -0.253600 0.991137 1.622794 52.355549 -168.617311 0.478961 2.741478
104030208 -1.259680 -0.253600 0.986137 1.619745 52.495595 -168.617311 0.479049 2.746636
104030209 -1.259680 -0.253600 0.981137 1.616705 52.636169 -168.617311 0.479127 2.751798
104030210 -1.259680 -0.253600 0.976137 1.613676 52.777271 -168.617311 0.479198 2.756962
104030211 -1.259680 -0.253600 0.971137 1.610656 52.918903 -168.617311 0.479259 2.762129
104030212 -1.259680 -0.253600 0.966137 1.607646 53.061066 -168.617311 0.479312 2.767298
104030213 -1.259680 -0.253600 0.961137 1.604647 53.203762 -168.617311 0.479356 2.772469
104030214 -1.259680 -0.253600 0.956137 1.601657 53.346991 -168.617311 0.479391 2.777643
104030215 -1.259680 -0.253600 0.951137 1.598677 53.490755 -168.617311 0.479416 2.782818
104030216 -1.259680 -0.253600 0.946137 1.595707 53.635055 -168.617311 0.479433 2.787995
104030217 -1.259680 -0.253600 0.941137 1.592748 53.779893 -168.617311 0.479440 2.793173
104030218 -1.259680 -0.253600 0.936137 1.589798 53.925268 -168.617311 0.479438 2.798353
104030219 -1.259680 -0.253600 0.931137 1.586859 54.071183 -168.617311 0.479426 2.803534
104030220 -1.259680 -0.253600 0.926137 1.583931 54.217639 -168.617311 0.479404 2.808715
104030221 -1.259680 -0.253600 0.921137 1.581012 54.364636 -168.617311 0.479373 2.813898
104030222 -1.259680 -0.253600 0.916137 1.578104 54.512176 -168.617311 0.479332 2.819081
104030223 -1.259680 -0.253600 0.911137 1.575207 54.660260 -168.617311 0.479281 2.824264
104030224 -1.259680 -0.253600 0.906137 1.572320 54.808889 -168.617311 0.479220 2.829447
104030225 -1.259680 -0.253600 0.901137 1.569444 54.958063 -168.617311 0.479148 2.834631
104030226 -1.259680 -0.253600 0.896137 1.566578 55.107784 -168.617311 0.479067 2.839813
104030227 -1.259680 -0.253600 0.891137 1.563724 55.258053 -168.617311 0.478975 2.844996
104030228 -1.259680 -0.253600 0.886137 1.560880 55.408870 -168.617311 0.478872 2.850177
104030229 -1.259680 -0.253600 0.881137 1.558046 55.560237 -168.617311 0.478759 2.855358
104030230 -1.259680 -0.253600 0.876137 1.555224 55.712154 -168.617311 0.478636 2.860537
104030231 -1.259680 -0.253600 0.871137 1.552413 55.864623 -168.617311 0.478501 2.865715
104030232 -1.259680 -0.253600 0.866137 1.549613 56.017643 -168.617311 0.478355 2.870892
104030233 -1.259680 -0.253600 0.861137 1.546824 56.171217 -168.617311 0.478199 2.876066
104030234 -1.259680 -0.253600 0.856137 1.544046 56.325344 -168.617311 0.478031 2.881238
104030235 -1.259680 -0.253600 0.851137 1.541279 56.480026 -168.617311 0.477852 2.886408
104030236 -1.259680 -0.253600 0.846137 1.538523 56.635263 -168.617311 0.477661 2.891576
104030237 -1.259680 -0.253600 0.841137 1.535779 56.791056 -168.617311 0.477459 2.896740
104030238 -1.259680 -0.253600 0.836137 1.533046 56.947406 -168.617311 0.477246 2.901902
104030239 -1.259680 -0.253600 0.831137 1.530325 57.104313 -168.617311 0.477021 2.907060
104030240 -1.259680 -0.253600 0.826137 1.527615 57.261777 -168.617311 0.476784 2.912214
104030241 -1.259680 -0.253600 0.821137 1.524917 57.419800 -168.617311 0.476535 2.917365
104030242 -1.259680 -0.253600 0.816137 1.522231 57.578382 -168.617311 0.476274 2.922512
104030243 -1.259680 -0.253600 0.811137 1.519556 57.737524 -168.617311 0.476000 2.927654
104030244 -1.259680 -0.253600 0.806137 1.516893 57.897226 -168.617311 0.475715 2.932791
104030245 -1.259680 -0.253600 0.801137 1.514241 58.057488 -168.617311 0.475417 2.937924
104030246 -1.259680 -0.253600 0.796137 1.511602 58.218311 -168.617311 0.475107 2.943052
104030247 -1.259680 -0.253600 0.791137 1.508975 58.379695 -168.617311 0.474784 2.948174
104030248 -1.259680 -0.253600 0.786137 1.506359 58.541641 -168.617311 0.474448 2.953291
104030249 -1.259680 -0.253600 0.781137 1.503756 58.704149 -168.617311 0.474099 2.958401
104030250 -1.259680 -0.253600 0.776137 1.501165 58.867220 -168.617311 0.473738 2.963505
104030251 -1.259680 -0.253600 0.771137 1.498586 59.030853 -168.617311 0.473364 2.968603
104030252 -1.259680 -0.253600 0.766137 1.496019 59.195049 -168.617311 0.472976 2.973694
104030253 -1.259680 -0.253600 0.761137 1.493464 59.359807 -168.617311 0.472575 2.978778
104030254 -1.259680 -0.253600 0.756137 1.490922 59.525130 -168.617311 0.472161 2.983855
104030255 -1.259680 -0.253600 0.751137 1.488393 59.691015 -168.617311 0.471733 2.988923
104030256 -1.259680 -0.253600 0.746137 1.485876 59.857464 -168.617311 0.471292 2.993984
104030257 -1.259680 -0.253600 0.741137 1.483371 60.024476 -168.617311 0.470837 2.999037
104030258 -1.259680 -0.253600 0.736137 1.480879 60.192052 -168.617311 0.470368 3.004081
104030259 -1.259680 -0.253600 0.731137 1.478400 60.360191 -168.617311 0.469885 3.009116
104030260 -1.259680 -0.253600 0.726137 1.475934 60.528894 -168.617311 0.469388 3.014142
104030261 -1.259680 -0.253600 0.721137 1.473481 60.698160 -168.617311 0.468877 3.019159
104030262 -1.259680 -0.253600 0.716137 1.471040 60.867989 -168.617311 0.468352 3.024165
104030263 -1.259680 -0.253600 0.711137 1.468612 61.038381 -168.617311 0.467812 3.029162
104030264 -1.259680 -0.253600 0.706137 1.466198 61.209335 -168.617311 0.467259 3.034148
104030265 -1.259680 -0.253600 0.701137 1.463796 61.380853 -168.617311 0.466690 3.039124
104030266 -1.259680 -0.253600 0.696137 1.461408 61.552932 -168.617311 0.466107 3.044088
104030267 -1.259680 -0.253600 0.691137 1.459033 61.725573 -168.617311 0.465509 3.049041
104030268 -1.259680 -0.253600 0.686137 1.456671 61.898776 -168.617311 0.464896 3.053983
104030269 -1.259680 -0.253600 0.681137 1.454323 62.072539 -168.617311 0.464268 3.058912
104030270 -1.259680 -0.253600 0.676137 1.451987 62.246863 -168.617311 0.463625 3.063829
104030271 -1.259680 -0.253600 0.671137 1.449666 62.421747 -168.617311 0.462967 3.068733
104030272 -1.259680 -0.253600 0.666137 1.447358 62.597191 -168.617311 0.462294 3.073624
104030273 -1.259680 -0.253600 0.661137 1.445064 62.773193 -168.617311 0.461605 3.078502
104030274 -1.259680 -0.253600 0.656137 1.442783 62.949753 -168.617311 0.460901 3.083366
104030275 -1.259680 -0.253600 0.651137 1.440516 63.126871 -168.617311 0.460182 3.088216
104030276 -1.259680 -0.253600 0.646137 1.438263 63.304545 -168.617311 0.459446 3.093052
104030277 -1.259680 -0.253600 0.641137 1.436023 63.482775 -168.617311 0.458695 3.097873
104030278 -1.259680 -0.253600 0.636137 1.433798 63.661560 -168.617311 0.457928 3.102678
104030279 -1.259680 -0.253600 0.631137 1.431587 63.840900 -168.617311 0.457145 3.107469
104030280 -1.259680 -0.253600 0.626137 1.429389 64.020792 -168.617311 0.456347 3.112243
104030281 -1.259680 -0.253600 0.621137 1.427206 64.201237 -168.617311 0.455532 3.117001
104030282 -1.259680 -0.253600 0.616137 1.425037 64.382232 -168.617311 0.454700 3.121743
104030283 -1.259680 -0.253600 0.611137 1.422883 64.563778 -168.617311 0.453853 3.126468
104030284 -1.259680 -0.253600 0.606137 1.420742 64.745872 -168.617311 0.452989 3.131176
104030285 -1.259680 -0.253600 0.601137 1.418616 64.928514 -168.617311 0.452109 3.135866
104030286 -1.259680 -0.253600 0.596137 1.416505 65.111702 -168.617311 0.451212 3.140538
104030287 -1.259680 -0.253600 0.591137 1.414408 65.295436 -168.617311 0.450299 3.145192
104030288 -1.259680 -0.253600 0.586137 1.412325 65.479713 -168.617311 0.449368 3.149827
104030289 -1.259680 -0.253600 0.581137 1.410258 65.664533 -168.617311 0.448421 3.154443
104030290 -1.259680 -0.253600 0.576137 1.408205 65.849893 -168.617311 0.447458 3.159040
104030291 -1.259680 -0.253600 0.571137 1.406166 66.035793 -168.617311 0.446477 3.163616
104030292 -1.259680 -0.253600 0.566137 1.404143 66.222230 -168.617311 0.445479 3.168173
104030293 -1.259680 -0.253600 0.561137 1.402135 66.409203 -168.617311 0.444464 3.172709
104030294 -1.259680 -0.253600 0.556137 1.400141 66.596711 -168.617311 0.443432 3.177224
104030295 -1.259680 -0.253600 0.551137 1.398163 66.784752 -168.617311 0.442383 3.181717
104030296 -1.259680 -0.253600 0.546137 1.396199 66.973323 -168.617311 0.441317 3.186189
104030297 -1.259680 -0.253600 0.541137 1.394251 67.162424 -168.617311 0.440233 3.190639
104030298 -1.259680 -0.253600 0.536137 1.392318 67.352051 -168.617311 0.439132 3.195066
104030299 -1.259680 -0.253600 0.531137 1.390400 67.542204 -168.617311 0.438013 3.199471
104030300 -1.259680 -0.253600 0.526137 1.388498 67.732880 -168.617311 0.436877 3.203852
104030301 -1.259680 -0.227200 1.021137 1.637417 51.418541 -169.775867 0.445682 2.727432
104030302 -1.259680 -0.227200 1.016137 1.634303 51.555570 -169.775867 0.445863 2.732626
104030303 -1.259680 -0.227200 1.011137 1.631199 51.693122 -169.775867 0.446037 2.737824
104030304 -1.259680 -0.227200 1.006137 1.628105 51.831197 -169.775867 0.446205 2.743026
104030305 -1.259680 -0.227200 1.001137 1.625020 51.969797 -169.775867 0.446365 2.748232
104030306 -1.259680 -0.227200 0.996137 1.621944 52.108924 -169.775867 0.446517 2.753441
104030307 -1.259680 -0.227200 0.991137 1.618878 52.248578 -169.775867 0.446663 2.758654
104030308 -1.259680 -0.227200 0.986137 1.615822 52.388762 -169.775867 0.446801 2.763870
104030309 -1.259680 -0.227200 0.981137 1.612775 52.529476 -169.775867 0.446931 2.769089
104030310 -1.259680 -0.227200 0.976137 1.609738 52.670722 -169.775867 0.447054 2.774311
104030311 -1.259680 -0.227200 0.971137 1.606711 52.812501 -169.775867 0.447169 2.779535
104030312 -1.259680 -0.227200 0.966137 1.603694 52.954814 -169.775867 0.447277 2.784763
104030313 -1.259680 -0.227200 0.961137 1.600687 53.097663 -169.775867 0.447376 2.789993
104030314 -1.259680 -0.227200 0.956137 1.597689 53.241049 -169.775867 0.447468 2.795225
104030315 -1.259680 -0.227200 0.951137 1.594702 53.384973 -169.775867 0.447551 2.800458
104030316 -1.259680 -0.227200 0.946137 1.591725 53.529436 -169.775867 0.447626 2.805694
104030317 -1.259680 -0.227200 0.941137 1.588758 53.674440 -169.775867 0.447693 2.810932
104030318 -1.259680 -0.227200 0.936137 1.585801 53.819985 -169.775867 0.447751 2.816171
104030319 -1.259680 -0.227200 0.931137 1.582855 53.966073 -169.775867 0.447801 2.821411
104030320 -1.259680 -0.227200 0.926137 1.579919 54.112705 -169.775867 0.447842 2.826652
104030321 -1.259680 -0.227200 0.921137 1.576993 54.259882 -169.775867 0.447875 2.831894
104030322 -1.259680 -0.227200 0.916137 1.574078 54.407606 -169.775867 0.447898 2.837137
104030323 -1.259680 -0.227200 0.911137 1.571173 54.555876 -169.775867 0.447913 2.842380
104030324 -1.259680 -0.227200 0.906137 1.568278 54.704695 -169.775867 0.447919 2.847624
104030325 -1.259680 -0.227200 0.901137 1.565395 54.854063 -169.775867 0.447916 2.852867
104030326 -1.259680 -0.227200 0.896137 1.562522 55.003982 -169.775867 0.447903 2.858110
104030327 -1.259680 -0.227200 0.891137 1.559660 55.154451 -169.775867 0.447882 2.863353
104030328 -1.259680 -0.227200 0.886137 1.556808 55.305473 -169.775867 0.447851 2.868596
104030329 -1.259680 -0.227200 0.881137 1.553968 55.457048 -169.775867 0.447810 2.873837
104030330 -1.259680 -0.227200 0.876137 1.551138 55.609177 -169.775867 0.447760 2.879077
104030331 -1.259680 -0.227200 0.871137 1.548319 55.761861 -169.775867 0.447700 2.884316
104030332 -1.259680 -0.227200 0.866137 1.545512 55.915101 -169.775867 0.447630 2.889554
104030333 -1.259680 -0.227200 0.861137 1.542715 56.068898 -169.775867 0.447550 2.894790
104030334 -1.259680 -0.227200 0.856137 1.539930 56.223252 -169.775867 0.447461 2.900024
104030335 -1.259680 -0.227200 0.851137 1.537156 56.378165 -169.775867 0.447361 2.905255
104030336 -1.259680 -0.227200 0.846137 1.534393 56.533636 -169.775867 0.447251 2.910484
104030337 -1.259680 -0.227200 0.841137 1.531641 56.689667 -169.775867 0.447131 2.915711
104030338 -1.259680 -0.227200 0.836137 1.528901 56.846259 -169.775867 0.447000 2.920934
104030339 -1.259680 -0.227200 0.831137 1.526172 57.003412 -169.775867 0.446859 2.926154
104030340 -1.259680 -0.227200 0.826137 1.523455 57.161126 -169.775867 0.446707 2.931371
104030341 -1.259680 -0.227200 0.821137 1.520750 57.319403 -169.775867 0.446544 2.936584
104030342 -1.259680 -0.227200 0.816137 1.518056 57.478243 -169.775867 0.446370 2.941793
104030343 -1.259680 -0.227200 0.811137 1.515373 57.637646 -169.775867 0.446186 2.946997
104030344 -1.259680 -0.227200 0.806137 1.512703 57.797614 -169.775867 0.445990 2.952198
104030345 -1.259680 -0.227200 0.801137 1.510044 57.958146 -169.775867 0.445784 2.957393
104030346 -1.259680 -0.227200 0.796137 1.507398 58.119243 -169.775867 0.445566 2.962583
104030347 -1.259680 -0.227200 0.791137 1.504763 58.280905 -169.775867 0.445336 2.967769
104030348 -1.259680 -0.227200 0.786137 1.502140 58.443134 -169.775867 0.445096 2.972948
104030349 -1.259680 -0.227200 0.781137 1.499529 58.605928 -169.775867 0.444843 2.978122
104030350 -1.259680 -0.227200 0.776137 1.496931 58.769289 -169.775867 0.444579 2.983289
104030351 -1.259680 -0.227200 0.771137 1.494345 58.933217 -169.775867 0.444303 2.988450
104030352 -1.259680 -0.227200 0.766137 1.491770 59.097712 -169.775867 0.444015 2.993604
104030353 -1.259680 -0.227200 0.761137 1.489209 59.262774 -169.775867 0.443716 2.998751
104030354 -1.259680 -0.227200 0.756137 1.486659 59.428403 -169.775867 0.443404 3.003891
104030355 -1.259680 -0.227200 0.751137 1.484123 59.594600 -169.775867 0.443080 3.009023
104030356 -1.259680 -0.227200 0.746137 1.481598 59.761365 -169.775867 0.442743 3.014148
104030357 -1.259680 -0.227200 0.741137 1.479087 59.928698 -169.775867 0.442395 3.019264
104030358 -1.259680 -0.227200 0.736137 1.476588 60.096599 -169.775867 0.442033 3.024371
104030359 -1.259680 -0.227200 0.731137 1.474101 60.265067 -169.775867 0.441659 3.029470
104030360 -1.259680 -0.227200 0.726137 1.471628 60.434103 -169.775867 0.441273 3.034560
104030361 -1.259680 -0.227200 0.721137 1.469167 60.603707 -169.775867 0.440873 3.039640
104030362 -1.259680 -0.227200 0.716137 1.466719 60.773879 -169.775867 0.440461 3.044710
104030363 -1.259680 -0.227200 0.711137 1.464284 60.944618 -169.775867 0.440035 3.049770
104030364 -1.259680 -0.227200 0.706137 1.461863 61.115924 -169.775867 0.439597 3.054820
104030365 -1.259680 -0.227200 0.701137 1.459454 61.287797 -169.775867 0.439145 3.059860
104030366 -1.259680 -0.227200 0.696137 1.457059 61.460237 -169.775867 0.438680 3.064888
104030367 -1.259680 -0.227200 0.691137 1.454676 61.633243 -169.775867 0.438201 3.069904
104030368 -1.259680 -0.227200 0.686137 1.452308 61.806815 -169.775867 0.437709 3.074909
104030369 -1.259680 -0.227200 0.681137 1.449952 61.980953 -169.775867 0.437204 3.079902
104030370 -1.259680 -0.227200 0.676137 1.447610 62.155656 -169.775867 0.436684 3.084883
104030371 -1.259680 -0.227200 0.671137 1.445281 62.330923 -169.775867 0.436151 3.089851
104030372 -1.259680 -0.227200 0.666137 1.442966 62.506755 -169.775867 0.435604 3.094806
104030373 -1.259680 -0.227200 0.661137 1.440665 62.683149 -169.775867 0.435043 3.099747
104030374 -1.259680 -0.227200 0.656137 1.438377 62.860107 -169.775867 0.434467 3.104675
104030375 -1.259680 -0.227200 0.651137 1.436103 63.037627 -169.775867 0.433878 3.109588
104030376 -1.259680 -0.227200 0.646137 1.433843 63.215708 -169.775867 0.433274 3.114487
104030377 -1.259680 -0.227200 0.641137 1.431597 63.394349 -169.775867 0.432656 3.119372
104030378 -1.259680 -0.227200 0.636137 1.429365 63.573551 -169.775867 0.432024 3.124241
104030379 -1.259680 -0.227200 0.631137 1.427147 63.753311 -169.775867 0.431377 3.129094
104030380 -1.259680 -0.227200 0.626137 1.424942 63.933629 -169.775867 0.430715 3.133932
104030381 -1.259680 -0.227200 0.621137 1.422752 64.114504 -169.775867 0.430038 3.138754
104030382 -1.259680 -0.227200 0.616137 1.420577 64.295935 -169.775867 0.429347 3.143558
104030383 -1.259680 -0.227200 0.611137 1.418415 64.477920 -169.775867 0.428641 3.148346
104030384 -1.259680 -0.227200 0.606137 1.416268 64.660460 -169.775867 0.427920 3.153117
104030385 -1.259680 -0.227200 0.601137 1.414135 64.843551 -169.775867 0.427183 3.157870
104030386 -1.259680 -0.227200 0.596137 1.412017 65.027194 -169.775867 0.426432 3.162605
104030387 -1.259680 -0.227200 0.591137 1.409914 65.211387 -169.775867 0.425665 3.167321
104030388 -1.259680 -0.227200 0.586137 1.407825 65.396129 -169.775867 0.424883 3.172018
104030389 -1.259680 -0.227200 0.581137 1.405750 65.581417 -169.775867 0.424086 3.176697
104030390 -1.259680 -0.227200 0.576137 1.403691 65.767251 -169.775867 0.423273 3.181355
104030391 -1.259680 -0.227200 0.571137 1.401646 65.953630 -169.775867 0.422445 3.185994
104030392 -1.259680 -0.227200 0.566137 1.399616 66.140551 -169.775867 0.421601 3.190613
104030393 -1.259680 -0.227200 0.561137 1.397601 66.328013 -169.775867 0.420741 3.195210
104030394 -1.259680 -0.227200 0.556137 1.395601 66.516014 -169.775867 0.419866 3.199787
104030395 -1.259680 -0.227200 0.551137 1.393616 66.704553 -169.775867 0.418974 3.204342
104030396 -1.259680 -0.227200 0.546137 1.391646 66.893627 -169.775867 0.418067 3.208875
104030397 -1.259680 -0.227200 0.541137 1.389692 67.083236 -169.775867 0.417144 3.213386
104030398 -1.259680 -0.227200 0.536137 1.387752 67.273377 -169.775867 0.416205 3.217874
104030399 -1.259680 -0.227200 0.531137 1.385828 67.464047 -169.775867 0.415250 3.222339
104030400 -1.259680 -0.227200 0.526137 1.383920 67.655246 -169.775867 0.414279 3.226781
104030401 -1.259680 -0.200800 1.021137 1.633963 51.321855 -170.942935 0.412249 2.742593
104030402 -1.259680 -0.200800 1.016137 1.630843 51.458990 -170.942935 0.412474 2.747838
104030403 -1.259680 -0.200800 1.011137 1.627732 51.596650 -170.942935 0.412693 2.753087
104030404 -1.259680 -0.200800 1.006137 1.624631 51.734836 -170.942935 0.412906 2.758340
104030405 -1.259680 -0.200800 1.001137 1.621539 51.873550 -170.942935 0.413113 2.763597
104030406 -1.259680 -0.200800 0.996137 1.618457 52.012793 -170.942935 0.413314 2.768858
104030407 -1.259680 -0.200800 0.991137 1.615384 52.152567 -170.942935 0.413508 2.774123
104030408 -1.259680 -0.200800 0.986137 1.612321 52.292872 -170.942935 0.413696 2.779391
104030409 -1.259680 -0.200800 0.981137 1.609268 52.433711 -170.942935 0.413877 2.784662
104030410 -1.259680 -0.200800 0.976137 1.606225 52.575084 -170.942935 0.414052 2.789937
104030411 -1.259680 -0.200800 0.971137 1.603191 52.716993 -170.942935 0.414220 2.795214
104030412 -1.259680 -0.200800 0.966137 1.600167 52.859440 -170.942935 0.414381 2.800494
104030413 -1.259680 -0.200800 0.961137 1.597153 53.002425 -170.942935 0.414535 2.805776
104030414 -1.259680 -0.200800 0.956137 1.594149 53.145949 -170.942935 0.414682 2.811061
104030415 -1.259680 -0.200800 0.951137 1.591155 53.290015 -170.942935 0.414822 2.816348
104030416 -1.259680 -0.200800 0.946137 1.588172 53.434623 -170.942935 0.414955 2.821637
104030417 -1.259680 -0.200800 0.941137 1.585198 53.579774 -170.942935 0.415081 2.826928
104030418 -1.259680 -0.200800 0.936137 1.582235 53.725470 -170.942935 0.415199 2.832221
104030419 -1.259680 -0.200800 0.931137 1.579282 53.871712 -170.942935 0.415310 2.837514
104030420 -1.259680 -0.200800 0.926137 1.576339 54.018501 -170.942935 0.415413 2.842810
104030421 -1.259680 -0.200800 0.921137 1.573406 54.165838 -170.942935 0.415509 2.848106
104030422 -1.259680 -0.200800 0.916137 1.570484 54.313724 -170.942935 0.415597 2.853402
104030423 -1.259680 -0.200800 0.911137 1.567573 54.462161 -170.942935 0.415677 2.858700
104030424 -1.259680 -0.200800 0.906137 1.564672 54.611149 -170.942935 0.415749 2.863998
104030425 -1.259680 -0.200800 0.901137 1.561782 54.760689 -170.942935 0.415814 2.869296
104030426 -1.259680 -0.200800 0.896137 1.558902 54.910783 -170.942935 0.415870 2.874594
104030427 -1.259680 -0.200800 0.891137 1.556033 55.061431 -170.942935 0.415918 2.879891
104030428 -1.259680 -0.200800 0.886137 1.553175 55.212635 -170.942935 0.415958 2.885189
104030429 -1.259680 -0.200800 0.881137 1.550328 55.364396 -170.942935 0.415989 2.890485
104030430 -1.259680 -0.200800 0.876137 1.547492 55.516713 -170.942935 0.416012 2.895781
104030431 -1.259680 -0.200800 0.871137 1.544666 55.669589 -170.942935 0.416027 2.901075
104030432 -1.259680 -0.200800 0.866137 1.541852 55.823024 -170.942935 0.416032 2.906368
104030433 -1.259680 -0.200800 0.861137 1.539049 55.977020 -170.942935 0.416029 2.911659
104030434 -1.259680 -0.200800 0.856137 1.536257 56.131576 -170.942935 0.416018 2.916949
104030435 -1.259680 -0.200800 0.851137 1.533476 56.286693 -170.942935 0.415997 2.922236
104030436 -1.259680 -0.200800 0.846137 1.530706 56.442374 -170.942935 0.415967 2.927521
104030437 -1.259680 -0.200800 0.841137 1.527948 56.598617 -170.942935 0.415928 2.932803
104030438 -1.259680 -0.200800 0.836137 1.525201 56.755424 -170.942935 0.415880 2.938083
104030439 -1.259680 -0.200800 0.831137 1.522466 56.912796 -170.942935 0.415823 2.943359
104030440 -1.259680 -0.200800 0.826137 1.519742 57.070734 -170.942935 0.415756 2.948632
104030441 -1.259680 -0.200800 0.821137 1.517030 57.229237 -170.942935 0.415680 2.953902
104030442 -1.259680 -0.200800 0.816137 1.514329 57.388307 -170.942935 0.415594 2.959167
104030443 -1.259680 -0.200800 0.811137 1.511641 57.547944 -170.942935 0.415498 2.964428
104030444 -1.259680 -0.200800 0.806137 1.508964 57.708148 -170.942935 0.415393 2.969685
104030445 -1.259680 -0.200800 0.801137 1.506298 57.868921 -170.942935 0.415278 2.974938
104030446 -1.259680 -0.200800 0.796137 1.503645 58.030263 -170.942935 0.415152 2.980185
104030447 -1.259680 -0.200800 0.791137 1.501004 58.192173 -170.942935 0.415017 2.985427
104030448 -1.259680 -0.200800 0.786137 1.498374 58.354653 -170.942935 0.414871 2.990663
104030449 -1.259680 -0.200800 0.781137 1.495757 58.517703 -170.942935 0.414715 2.995894
104030450 -1.259680 -0.200800 0.776137 1.493152 58.681324 -170.942935 0.414549 3.001118
104030451 -1.259680 -0.200800 0.771137 1.490559 58.845514 -170.942935 0.414372 3.006336
104030452 -1.259680 -0.200800 0.766137 1.487978 59.010276 -170.942935 0.414185 3.011548
104030453 -1.259680 -0.200800 0.761137 1.485410 59.175609 -170.942935 0.413987 3.016752
104030454 -1.259680 -0.200800 0.756137 1.482854 59.341513 -170.942935 0.413778 3.021950
104030455 -1.259680 -0.200800 0.751137 1.480311 59.507989 -170.942935 0.413558 3.027139
104030456 -1.259680 -0.200800 0.746137 1.477780 59.675036 -170.942935 0.413327 3.032321
104030457 -1.259680 -0.200800 0.741137 1.475262 59.842655 -170.942935 0.413085 3.037495
104030458 -1.259680 -0.200800 0.736137 1.472757 60.010846 -170.942935 0.412832 3.042660
104030459 -1.259680 -0.200800 0.731137 1.470264 60.179609 -170.942935 0.412568 3.047816
104030460 -1.259680 -0.200800 0.726137 1.467784 60.348943 -170.942935 0.412292 3.052963
104030461 -1.259680 -0.200800 0.721137 1.465317 60.518849 -170.942935 0.412005 3.058101
104030462 -1.259680 -0.200800 0.716137 1.462862 60.689327 -170.942935 0.411707 3.063229
104030463 -1.259680 -0.200800 0.711137 1.460421 60.860376 -170.942935 0.411396 3.068347
104030464 -1.259680 -0.200800 0.706137 1.457993 61.031996 -170.942935 0.411074 3.073455
104030465 -1.259680 -0.200800 0.701137 1.455578 61.204187 -170.942935 0.410740 3.078552
104030466 -1.259680 -0.200800 0.696137 1.453176 61.376950 -170.942935 0.410394 3.083637
104030467 -1.259680 -0.200800 0.691137 1.450788 61.550282 -170.942935 0.410037 3.088712
104030468 -1.259680 -0.200800 0.686137 1.448412 61.724185 -170.942935 0.409667 3.093775
104030469 -1.259680 -0.200800 0.681137 1.446050 61.898657 -170.942935 0.409284 3.098825
104030470 -1.259680 -0.200800 0.676137 1.443702 62.073699 -170.942935 0.408890 3.103864
104030471 -1.259680 -0.200800 0.671137 1.441367 62.249309 -170.942935 0.408483 3.108889
104030472 -1.259680 -0.200800 0.666137 1.439046 62.425488 -170.942935 0.408063 3.113902
104030473 -1.259680 -0.200800 0.661137 1.436738 62.602234 -170.942935 0.407631 3.118901
104030474 -1.259680 -0.200800 0.656137 1.434444 62.779547 -170.942935 0.407186 3.123886
104030475 -1.259680 -0.200800 0.651137 1.432164 62.957427 -170.942935 0.406729 3.128857
104030476 -1.259680 -0.200800 0.646137 1.429898 63.135872 -170.942935 0.406259 3.133814
104030477 -1.259680 -0.200800 0.641137 1.427645 63.314882 -170.942935 0.405775 3.138756
104030478 -1.259680 -0.200800 0.636137 1.425407 63.494456 -170.942935 0.405279 3.143682
104030479 -1.259680 -0.200800 0.631137 1.423182 63.674593 -170.942935 0.404769 3.148593
104030480 -1.259680 -0.200800 0.626137 1.420972 63.855292 -170.942935 0.404247 3.153488
104030481 -1.259680 -0.200800 0.621137 1.418776 64.036553 -170.942935 0.403711 3.158367
104030482 -1.259680 -0.200800 0.616137 1.416594 64.218373 -170.942935 0.403161 3.163229
104030483 -1.259680 -0.200800 0.611137 1.414427 64.400753 -170.942935 0.402598 3.168074
104030484 -1.259680 -0.200800 0.606137 1.412273 64.583691 -170.942935 0.402022 3.172902
104030485 -1.259680 -0.200800 0.601137 1.410135 64.767185 -170.942935 0.401432 3.177712
104030486 -1.259680 -0.200800 0.596137 1.408010 64.951235 -170.942935 0.400828 3.182503
104030487 -1.259680 -0.200800 0.591137 1.405901 65.135840 -170.942935 0.400211 3.187276
104030488 -1.259680 -0.200800 0.586137 1.403806 65.320997 -170.942935 0.399580 3.192031
104030489 -1.259680 -0.200800 0.581137 1.401725 65.506706 -170.942935 0.398934 3.196765
104030490 -1.259680 -0.200800 0.576137 1.399660 65.692965 -170.942935 0.398275 3.201481
104030491 -1.259680 -0.200800 0.571137 1.397609 65.879772 -170.942935 0.397602 3.206176
104030492 -1.259680 -0.200800 0.566137 1.395573 66.067126 -170.942935 0.396914 3.210850
104030493 -1.259680 -0.200800 0.561137 1.393553 66.255026 -170.942935 0.396212 3.215504
104030494 -1.259680 -0.200800 0.556137 1.391547 66.443470 -170.942935 0.395496 3.220136
104030495 -1.259680 -0.200800 0.551137 1.389556 66.632455 -170.942935 0.394766 3.224747
104030496 -1.259680 -0.200800 0.546137 1.387581 66.821981 -170.942935 0.394021 3.229336
104030497 -1.259680 -0.200800 0.541137 1.385620 67.012045 -170.942935 0.393262 3.233902
104030498 -1.259680 -0.200800 0.536137 1.383675 67.202646 -170.942935 0.392488 3.238446
104030499 -1.259680 -0.200800 0.531137 1.381746 67.393781 -170.942935 0.391699 3.242966
104030500 -1.259680 -0.200800 0.526137 1.379831 67.585448 -170.942935 0.390896 3.247463
104030501 -1.259680 -0.174400 1.021137 1.630929 51.236483 -172.117630 0.378046 2.756018
104030502 -1.259680 -0.174400 1.016137 1.627803 51.373709 -172.117630 0.378314 2.761308
104030503 -1.259680 -0.174400 1.011137 1.624687 51.511464 -172.117630 0.378578 2.766603
104030504 -1.259680 -0.174400 1.006137 1.621580 51.649746 -172.117630 0.378836 2.771902
104030505 -1.259680 -0.174400 1.001137 1.618482 51.788559 -172.117630 0.379088 2.777205
104030506 -1.259680 -0.174400 0.996137 1.615394 51.927904 -172.117630 0.379336 2.782512
104030507 -1.259680 -0.174400 0.991137 1.612315 52.067781 -172.117630 0.379578 2.787823
104030508 -1.259680 -0.174400 0.986137 1.609247 52.208193 -172.117630 0.379815 2.793137
104030509 -1.259680 -0.174400 0.981137 1.606188 52.349140 -172.117630 0.380046 2.798455
104030510 -1.259680 -0.174400 0.976137 1.603138 52.490625 -172.117630 0.380271 2.803775
104030511 -1.259680 -0.174400 0.971137 1.600099 52.632648 -172.117630 0.380491 2.809099
104030512 -1.259680 -0.174400 0.966137 1.597069 52.775211 -172.117630 0.380705 2.814426
104030513 -1.259680 -0.174400 0.961137 1.594049 52.918314 -172.117630 0.380913 2.819756
104030514 -1.259680 -0.174400 0.956137 1.591039 53.061960 -172.117630 0.381115 2.825088
104030515 -1.259680 -0.174400 0.951137 1.588040 53.206150 -172.117630 0.381311 2.830422
104030516 -1.259680 -0.174400 0.946137 1.585050 53.350884 -172.117630 0.381501 2.835758
104030517 -1.259680 -0.174400 0.941137 1.582071 53.496165 -172.117630 0.381685 2.841097
104030518 -1.259680 -0.174400 0.936137 1.579101 53.641992 -172.117630 0.381862 2.846437
104030519 -1.259680 -0.174400 0.931137 1.576142 53.788369 -172.117630 0.382033 2.851778
104030520 -1.259680 -0.174400 0.926137 1.573194 53.935295 -172.117630 0.382198 2.857121
104030521 -1.259680 -0.174400 0.921137 1.570255 54.082772 -172.117630 0.382356 2.862465
104030522 -1.259680 -0.174400 0.916137 1.567328 54.230800 -172.117630 0.382508 2.867810
104030523 -1.259680 -0.174400 0.911137 1.564410 54.379382 -172.117630 0.382653 2.873156
104030524 -1.259680 -0.174400 0.906137 1.561503 54.528518 -172.117630 0.382791 2.878502
104030525 -1.259680 -0.174400 0.901137 1.558607 54.678210 -172.117630 0.382922 2.883849
104030526 -1.259680 -0.174400 0.896137 1.555722 54.828457 -172.117630 0.383047 2.889195
104030527 -1.259680 -0.174400 0.891137 1.552847 54.979262 -172.117630 0.383164 2.894542
104030528 -1.259680 -0.174400 0.886137 1.549983 55.130625 -172.117630 0.383275 2.899888
104030529 -1.259680 -0.174400 0.881137 1.547130 55.282548 -172.117630 0.383378 2.905233
104030530 -1.259680 -0.174400 0.876137 1.544288 55.435031 -172.117630 0.383474 2.910578
104030531 -1.259680 -0.174400 0.871137 1.541457 55.588075 -172.117630 0.383562 2.915922
104030532 -1.259680 -0.174400 0.866137 1.538636 55.741681 -172.117630 0.383643 2.921264
104030533 -1.259680 -0.174400 0.861137 1.535827 55.895851 -172.117630 0.383717 2.926605
104030534 -1.259680 -0.174400 0.856137 1.533029 56.050584 -172.117630 0.383782 2.931943
104030535 -1.259680 -0.174400 0.851137 1.530243 56.205882 -172.117630 0.383841 2.937280
104030536 -1.259680 -0.174400 0.846137 1.527467 56.361745 -172.117630 0.383891 2.942615
104030537 -1.259680 -0.174400 0.841137 1.524703 56.518175 -172.117630 0.383933 2.947947
104030538 -1.259680 -0.174400 0.836137 1.521951 56.675171 -172.117630 0.383968 2.953277
104030539 -1.259680 -0.174400 0.831137 1.519209 56.832736 -172.117630 0.383994 2.958603
104030540 -1.259680 -0.174400 0.826137 1.516480 56.990868 -172.117630 0.384012 2.963926
104030541 -1.259680 -0.174400 0.821137 1.513762 57.149570 -172.117630 0.384022 2.969246
104030542 -1.259680 -0.174400 0.816137 1.511055 57.308842 -172.117630 0.384024 2.974561
104030543 -1.259680 -0.174400 0.811137 1.508361 57.468684 -172.117630 0.384017 2.979873
104030544 -1.259680 -0.174400 0.806137 1.505678 57.629097 -172.117630 0.384002 2.985180
104030545 -1.259680 -0.174400 0.801137 1.503007 57.790081 -172.117630 0.383978 2.990483
104030546 -1.259680 -0.174400 0.796137 1.500348 57.951637 -172.117630 0.383946 2.995781
104030547 -1.259680 -0.174400 0.791137 1.497700 58.113766 -172.117630 0.383904 3.001073
104030548 -1.259680 -0.174400 0.786137 1.495065 58.276467 -172.117630 0.383854 3.006361
104030549 -1.259680 -0.174400 0.781137 1.492442 58.439742 -172.117630 0.383795 3.011642
104030550 -1.259680 -0.174400 0.776137 1.489831 58.603590 -172.117630 0.383726 3.016917
104030551 -1.259680 -0.174400 0.771137 1.487233 58.768012 -172.117630 0.383649 3.022186
104030552 -1.259680 -0.174400 0.766137 1.484646 58.933008 -172.117630 0.383562 3.027449
104030553 -1.259680 -0.174400 0.761137 1.482072 59.098579 -172.117630 0.383466 3.032704
104030554 -1.259680 -0.174400 0.756137 1.479511 59.264725 -172.117630 0.383361 3.037953
104030555 -1.259680 -0.174400 0.751137 1.476962 59.431445 -172.117630 0.383246 3.043193
104030556 -1.259680 -0.174400 0.746137 1.474425 59.598741 -172.117630 0.383121 3.048426
104030557 -1.259680 -0.174400 0.741137 1.471901 59.766612 -172.117630 0.382987 3.053651
104030558 -1.259680 -0.174400 0.736137 1.469390 59.935058 -172.117630 0.382843 3.058868
104030559 -1.259680 -0.174400 0.731137 1.466891 60.104079 -172.117630 0.382689 3.064075
104030560 -1.259680 -0.174400 0.726137 1.464406 60.273675 -172.117630 0.382525 3.069274
104030561 -1.259680 -0.174400 0.721137 1.461933 60.443847 -172.117630 0.382351 3.074463
104030562 -1.259680 -0.174400 0.716137 1.459473 60.614594 -172.117630 0.382167 3.079642
104030563 -1.259680 -0.174400 0.711137 1.457026 60.785916 -172.117630 0.381973 3.084812
104030564 -1.259680 -0.174400 0.706137 1.454592 60.957813 -172.117630 0.381768 3.089971
104030565 -1.259680 -0.174400 0.701137 1.452171 61.130284 -172.117630 0.381553 3.095119
104030566 -1.259680 -0.174400 0.696137 1.449764 61.303330 -172.117630 0.381327 3.100256
104030567 -1.259680 -0.174400 0.691137 1.447370 61.476950 -172.117630 0.381091 3.105382
104030568 -1.259680 -0.174400 0.686137 1.444989 61.651144 -172.117630 0.380844 3.110496
104030569 -1.259680 -0.174400 0.681137 1.442621 61.825911 -172.117630 0.380586 3.115598
104030570 -1.259680 -0.174400 0.676137 1.440267 62.001251 -172.117630 0.380318 3.120688
104030571 -1.259680 -0.174400 0.671137 1.437927 62.177163 -172.117630 0.380038 3.125765
104030572 -1.259680 -0.174400 0.666137 1.435600 62.353648 -172.117630 0.379747 3.130829
104030573 -1.259680 -0.174400 0.661137 1.433287 62.530703 -172.117630 0.379446 3.135879
104030574 -1.259680 -0.174400 0.656137 1.430987 62.708330 -172.117630 0.379133 3.140916
104030575 -1.259680 -0.174400 0.651137 1.428702 62.886526 -172.117630 0.378809 3.145938
104030576 -1.259680 -0.174400 0.646137 1.426430 63.065292 -172.117630 0.378473 3.150946
104030577 -1.259680 -0.174400 0.641137 1.424172 63.244626 -172.117630 0.378126 3.155939
104030578 -1.259680 -0.174400 0.636137 1.421928 63.424529 -172.117630 0.377767 3.160917
104030579 -1.259680 -0.174400 0.631137 1.419698 63.604998 -172.117630 0.377397 3.165879
104030580 -1.259680 -0.174400 0.626137 1.417482 63.786033 -172.117630 0.377015 3.170825
104030581 -1.259680 -0.174400 0.621137 1.415281 63.967633 -172.117630 0.376621 3.175755
104030582 -1.259680 -0.174400 0.616137 1.413094 64.149797 -172.117630 0.376216 3.180668
104030583 -1.259680 -0.174400 0.611137 1.410921 64.332524 -172.117630 0.375798 3.185564
104030584 -1.259680 -0.174400 0.606137 1.408762 64.515813 -172.117630 0.375368 3.190443
104030585 -1.259680 -0.174400 0.601137 1.406618 64.699663 -172.117630 0.374927 3.195303
104030586 -1.259680 -0.174400 0.596137 1.404489 64.884072 -172.117630 0.374473 3.200146
104030587 -1.259680 -0.174400 0.591137 1.402374 65.069039 -172.117630 0.374006 3.204969
104030588 -1.259680 -0.174400 0.586137 1.400273 65.254563 -172.117630 0.373528 3.209774
104030589 -1.259680 -0.174400 0.581137 1.398188 65.440642 -172.117630 0.373037 3.214559
104030590 -1.259680 -0.174400 0.576137 1.396117 65.627275 -172.117630 0.372533 3.219325
104030591 -1.259680 -0.174400 0.571137 1.394061 65.814461 -172.117630 0.372017 3.224070
104030592 -1.259680 -0.174400 0.566137 1.392020 66.002198 -172.117630 0.371488 3.228795
104030593 -1.259680 -0.174400 0.561137 1.389994 66.190484 -172.117630 0.370947 3.233498
104030594 -1.259680 -0.174400 0.556137 1.387983 66.379317 -172.117630 0.370393 3.238181
104030595 -1.259680 -0.174400 0.551137 1.385987 66.568697 -172.117630 0.369826 3.242841
104030596 -1.259680 -0.174400 0.546137 1.384007 66.758621 -172.117630 0.369246 3.247479
104030597 -1.259680 -0.174400 0.541137 1.382041 66.949087 -172.117630 0.368653 3.252095
104030598 -1.259680 -0.174400 0.536137 1.380091 67.140093 -172.117630 0.368047 3.256688
104030599 -1.259680 -0.174400 0.531137 1.378157 67.331638 -172.117630 0.367428 3.261257
104030600 -1.259680 -0.174400 0.526137 1.376237 67.523719 -172.117630 0.366795 3.265803
104030601 -1.259680 -0.148000 1.021137 1.628318 51.162660 -173.299030 0.343160 2.767653
104030602 -1.259680 -0.148000 1.016137 1.625187 51.299965 -173.299030 0.343471 2.772983
104030603 -1.259680 -0.148000 1.011137 1.622065 51.437800 -173.299030 0.343777 2.778317
104030604 -1.259680 -0.148000 1.006137 1.618953 51.576165 -173.299030 0.344079 2.783656
104030605 -1.259680 -0.148000 1.001137 1.615850 51.715063 -173.299030 0.344377 2.788999
104030606 -1.259680 -0.148000 0.996137 1.612757 51.854494 -173.299030 0.344670 2.794346
104030607 -1.259680 -0.148000 0.991137 1.609674 51.994461 -173.299030 0.344959 2.799696
104030608 -1.259680 -0.148000 0.986137 1.606600 52.134963 -173.299030 0.345243 2.805051
104030609 -1.259680 -0.148000 0.981137 1.603536 52.276004 -173.299030 0.345523 2.810409
104030610 -1.259680 -0.148000 0.976137 1.600481 52.417583 -173.299030 0.345799 2.815770
104030611 -1.259680 -0.148000 0.971137 1.597437 52.559704 -173.299030 0.346070 2.821135
104030612 -1.259680 -0.148000 0.966137 1.594402 52.702366 -173.299030 0.346336 2.826502
104030613 -1.259680 -0.148000 0.961137 1.591377 52.845571 -173.299030 0.346597 2.831872
104030614 -1.259680 -0.148000 0.956137 1.588362 52.989321 -173.299030 0.346853 2.837245
104030615 -1.259680 -0.148000 0.951137 1.585358 53.133617 -173.299030 0.347104 2.842621
104030616 -1.259680 -0.148000 0.946137 1.582363 53.278460 -173.299030 0.347351 2.847998
104030617 -1.259680 -0.148000 0.941137 1.579378 53.423851 -173.299030 0.347592 2.853378
104030618 -1.259680 -0.148000 0.936137 1.576404 53.569792 -173.299030 0.347828 2.858759
104030619 -1.259680 -0.148000 0.931137 1.573440 53.716283 -173.299030 0.348059 2.864142
104030620 -1.259680 -0.148000 0.926137 1.570486 53.863327 -173.299030 0.348284 2.869527
104030621 -1.259680 -0.148000 0.921137 1.567543 54.010923 -173.299030 0.348504 2.874913
104030622 -1.259680 -0.148000 0.916137 1.564610 54.159074 -173.299030 0.348719 2.880300
104030623 -1.259680 -0.148000 0.911137 1.561688 54.307781 -173.299030 0.348928 2.885687
104030624 -1.259680 -0.148000 0.906137 1.558776 54.457044 -173.299030 0.349132 2.891076
104030625 -1.259680 -0.148000 0.901137 1.555874 54.606865 -173.299030 0.349330 2.896464
104030626 -1.259680 -0.148000 0.896137 1.552984 54.757245 -173.299030 0.349522 2.901853
104030627 -1.259680 -0.148000 0.891137 1.550104 54.908184 -173.299030 0.349708 2.907242
104030628 -1.259680 -0.148000 0.886137 1.547235 55.059684 -173.299030 0.349888 2.912631
104030629 -1.259680 -0.148000 0.881137 1.544377 55.211746 -173.299030 0.350063 2.918019
104030630 -1.259680 -0.148000 0.876137 1.541530 55.364371 -173.299030 0.350231 2.923406
104030631 -1.259680 -0.148000 0.871137 1.538693 55.517560 -173.299030 0.350393 2.928793
104030632 -1.259680 -0.148000 0.866137 1.535868 55.671313 -173.299030 0.350549 2.934178
104030633 -1.259680 -0.148000 0.861137 1.533054 55.825632 -173.299030 0.350698 2.939561
104030634 -1.259680 -0.148000 0.856137 1.530251 55.980517 -173.299030 0.350841 2.944944
104030635 -1.259680 -0.148000 0.851137 1.527459 56.135970 -173.299030 0.350978 2.950324
104030636 -1.259680 -0.148000 0.846137 1.524679 56.291991 -173.299030 0.351108 2.955702
104030637 -1.259680 -0.148000 0.841137 1.521910 56.448580 -173.299030 0.351232 2.961077
104030638 -1.259680 -0.148000 0.836137 1.519152 56.605740 -173.299030 0.351349 2.966450
104030639 -1.259680 -0.148000 0.831137 1.516406 56.763470 -173.299030 0.351459 2.971820
104030640 -1.259680 -0.148000 0.826137 1.513671 56.921770 -173.299030 0.351562 2.977187
104030641 -1.259680 -0.148000 0.821137 1.510948 57.080643 -173.299030 0.351658 2.982550
104030642 -1.259680 -0.148000 0.816137 1.508236 57.240088 -173.299030 0.351747 2.987909
104030643 -1.259680 -0.148000 0.811137 1.505537 57.400107 -173.299030 0.351829 2.993265
104030644 -1.259680 -0.148000 0.806137 1.502849 57.560699 -173.299030 0.351904 2.998616
104030645 -1.259680 -0.148000 0.801137 1.500173 57.721865 -173.299030 0.351972 3.003963
104030646 -1.259680 -0.148000 0.796137 1.497508 57.883606 -173.299030 0.352032 3.009304
104030647 -1.259680 -0.148000 0.791137 1.494856 58.045922 -173.299030 0.352085 3.014641
104030648 -1.259680 -0.148000 0.786137 1.492216 58.208814 -173.299030 0.352130 3.019972
104030649 -1.259680 -0.148000 0.781137 1.489588 58.372282 -173.299030 0.352167 3.025298
104030650 -1.259680 -0.148000 0.776137 1.486972 58.536326 -173.299030 0.352197 3.030618
104030651 -1.259680 -0.148000 0.771137 1.484368 58.700947 -173.299030 0.352219 3.035931
104030652 -1.259680 -0.148000 0.766137 1.481777 58.866146 -173.299030 0.352234 3.041238
104030653 -1.259680 -0.148000 0.761137 1.479198 59.031922 -173.299030 0.352240 3.046538
104030654 -1.259680 -0.148000 0.756137 1.476631 59.198275 -173.299030 0.352238 3.051831
104030655 -1.259680 -0.148000 0.751137 1.474077 59.365207 -173.299030 0.352228 3.057116
104030656 -1.259680 -0.148000 0.746137 1.471536 59.532716 -173.299030 0.352210 3.062393
104030657 -1.259680 -0.148000 0.741137 1.469007 59.700804 -173.299030 0.352184 3.067663
104030658 -1.259680 -0.148000 0.736137 1.466491 59.869470 -173.299030 0.352149 3.072924
104030659 -1.259680 -0.148000 0.731137 1.463987 60.038714 -173.299030 0.352106 3.078176
104030660 -1.259680 -0.148000 0.726137 1.461497 60.208536 -173.299030 0.352054 3.083419
104030661 -1.259680 -0.148000 0.721137 1.459019 60.378937 -173.299030 0.351994 3.088653
104030662 -1.259680 -0.148000 0.716137 1.456554 60.549916 -173.299030 0.351925 3.093877
104030663 -1.259680 -0.148000 0.711137 1.454102 60.721474 -173.299030 0.351847 3.099092
104030664 -1.259680 -0.148000 0.706137 1.451663 60.893609 -173.299030 0.351761 3.104295
104030665 -1.259680 -0.148000 0.701137 1.449238 61.066322 -173.299030 0.351665 3.109488
104030666 -1.259680 -0.148000 0.696137 1.446826 61.239612 -173.299030 0.351560 3.114671
104030667 -1.259680 -0.148000 0.691137 1.444426 61.413480 -173.299030 0.351447 3.119841
104030668 -1.259680 -0.148000 0.686137 1.442041 61.587925 -173.299030 0.351324 3.125000
104030669 -1.259680 -0.148000 0.681137 1.439668 61.762946 -173.299030 0.351191 3.130147
104030670 -1.259680 -0.148000 0.676137 1.437310 61.938543 -173.299030 0.351050 3.135282
104030671 -1.259680 -0.148000 0.671137 1.434964 62.114716 -173.299030 0.350898 3.140403
104030672 -1.259680 -0.148000 0.666137 1.432633 62.291464 -173.299030 0.350738 3.145512
104030673 -1.259680 -0.148000 0.661137 1.430315 62.468787 -173.299030 0.350568 3.150607
104030674 -1.259680 -0.148000 0.656137 1.428010 62.646683 -173.299030 0.350388 3.155688
104030675 -1.259680 -0.148000 0.651137 1.425720 62.825153 -173.299030 0.350198 3.160756
104030676 -1.259680 -0.148000 0.646137 1.423443 63.004196 -173.299030 0.349998 3.165808
104030677 -1.259680 -0.148000 0.641137 1.421181 63.183810 -173.299030 0.349789 3.170846
104030678 -1.259680 -0.148000 0.636137 1.418932 63.363996 -173.299030 0.349569 3.175868
104030679 -1.259680 -0.148000 0.631137 1.416697 63.544751 -173.299030 0.349339 3.180875
104030680 -1.259680 -0.148000 0.626137 1.414477 63.726076 -173.299030 0.349099 3.185866
104030681 -1.259680 -0.148000 0.621137 1.412271 63.907970 -173.299030 0.348849 3.190840
104030682 -1.259680 -0.148000 0.616137 1.410079 64.090430 -173.299030 0.348589 3.195797
104030683 -1.259680 -0.148000 0.611137 1.407901 64.273457 -173.299030 0.348318 3.200738
104030684 -1.259680 -0.148000 0.606137 1.405738 64.457049 -173.299030 0.348037 3.205661
104030685 -1.259680 -0.148000 0.601137 1.403589 64.641205 -173.299030 0.347745 3.210565
104030686 -1.259680 -0.148000 0.596137 1.401455 64.825924 -173.299030 0.347442 3.215452
104030687 -1.259680 -0.148000 0.591137 1.399336 65.011205 -173.299030 0.347129 3.220320
104030688 -1.259680 -0.148000 0.586137 1.397231 65.197045 -173.299030 0.346805 3.225168
104030689 -1.259680 -0.148000 0.581137 1.395141 65.383445 -173.299030 0.346470 3.229998
104030690 -1.259680 -0.148000 0.576137 1.393065 65.570401 -173.299030 0.346124 3.234807
104030691 -1.259680 -0.148000 0.571137 1.391005 65.757914 -173.299030 0.345767 3.239596
104030692 -1.259680 -0.148000 0.566137 1.388960 65.945981 -173.299030 0.345399 3.244364
104030693 -1.259680 -0.148000 0.561137 1.386929 66.134600 -173.299030 0.345020 3.249111
104030694 -1.259680 -0.148000 0.556137 1.384914 66.323771 -173.299030 0.344630 3.253837
104030695 -1.259680 -0.148000 0.551137 1.382913 66.513491 -173.299030 0.344228 3.258541
104030696 -1.259680 -0.148000 0.546137 1.380928 66.703758 -173.299030 0.343815 3.263222
104030697 -1.259680 -0.148000 0.541137 1.378959 66.894572 -173.299030 0.343391 3.267881
104030698 -1.259680 -0.148000 0.536137 1.377004 67.085928 -173.299030 0.342955 3.272517
104030699 -1.259680 -0.148000 0.531137 1.375065 67.277827 -173.299030 0.342508 3.277129
104030700 -1.259680 -0.148000 0.526137 1.373142 67.470266 -173.299030 0.342049 3.281718
104030701 -1.259680 -0.121600 1.021137 1.626131 51.100594 -174.486182 0.307683 2.777449
104030702 -1.259680 -0.121600 1.016137 1.622995 51.237965 -174.486182 0.308035 2.782812
104030703 -1.259680 -0.121600 1.011137 1.619870 51.375867 -174.486182 0.308383 2.788180
104030704 -1.259680 -0.121600 1.006137 1.616753 51.514301 -174.486182 0.308728 2.793552
104030705 -1.259680 -0.121600 1.001137 1.613647 51.653269 -174.486182 0.309070 2.798929
104030706 -1.259680 -0.121600 0.996137 1.610549 51.792773 -174.486182 0.309408 2.804309
104030707 -1.259680 -0.121600 0.991137 1.607461 51.932813 -174.486182 0.309743 2.809694
104030708 -1.259680 -0.121600 0.986137 1.604383 52.073391 -174.486182 0.310075 2.815082
104030709 -1.259680 -0.121600 0.981137 1.601315 52.214509 -174.486182 0.310403 2.820474
104030710 -1.259680 -0.121600 0.976137 1.598256 52.356168 -174.486182 0.310728 2.825870
104030711 -1.259680 -0.121600 0.971137 1.595207 52.498370 -174.486182 0.311049 2.831269
104030712 -1.259680 -0.121600 0.966137 1.592169 52.641115 -174.486182 0.311366 2.836670
104030713 -1.259680 -0.121600 0.961137 1.589139 52.784405 -174.486182 0.311679 2.842075
104030714 -1.259680 -0.121600 0.956137 1.586120 52.928242 -174.486182 0.311989 2.847483
104030715 -1.259680 -0.121600 0.951137 1.583111 53.072626 -174.486182 0.312295 2.852893
104030716 -1.259680 -0.121600 0.946137 1.580112 53.217559 -174.486182 0.312597 2.858305
104030717 -1.259680 -0.121600 0.941137 1.577124 53.363043 -174.486182 0.312895 2.863720
104030718 -1.259680 -0.121600 0.936137 1.574145 53.509078 -174.486182 0.313189 2.869136
104030719 -1.259680 -0.121600 0.931137 1.571177 53.655665 -174.486182 0.313479 2.874554
104030720 -1.259680 -0.121600 0.926137 1.568219 53.802807 -174.486182 0.313764 2.879974
104030721 -1.259680 -0.121600 0.921137 1.565271 53.950504 -174.486182 0.314046 2.885395
104030722 -1.259680 -0.121600 0.916137 1.562334 54.098757 -174.486182 0.314323 2.890817
104030723 -1.259680 -0.121600 0.911137 1.559407 54.247568 -174.486182 0.314596 2.896241
104030724 -1.259680 -0.121600 0.906137 1.556491 54.396937 -174.486182 0.314864 2.901664
104030725 -1.259680 -0.121600 0.901137 1.553585 54.546866 -174.486182 0.315128 2.907089
104030726 -1.259680 -0.121600 0.896137 1.550691 54.697356 -174.486182 0.315387 2.912513
104030727 -1.259680 -0.121600 0.891137 1.547807 54.848408 -174.486182 0.315641 2.917938
104030728 -1.259680 -0.121600 0.886137 1.544933 55.000023 -174.486182 0.315891 2.923363
104030729 -1.259680 -0.121600 0.881137 1.542071 55.152201 -174.486182 0.316136 2.928787
104030730 -1.259680 -0.121600 0.876137 1.539219 55.304945 -174.486182 0.316376 2.934210
104030731 -1.259680 -0.121600 0.871137 1.536379 55.458254 -174.486182 0.316612 2.939633
104030732 -1.259680 -0.121600 0.866137 1.533549 55.612130 -174.486182 0.316842 2.945054
104030733 -1.259680 -0.121600 0.861137 1.530731 55.766574 -174.486182 0.317067 2.950474
104030734 -1.259680 -0.121600 0.856137 1.527924 55.921587 -174.486182 0.317287 2.955893
104030735 -1.259680 -0.121600 0.851137 1.525128 56.077169 -174.486182 0.317502 2.961309
104030736 -1.259680 -0.121600 0.846137 1.522343 56.233321 -174.486182 0.317712 2.966724
104030737 -1.259680 -0.121600 0.841137 1.519569 56.390045 -174.486182 0.317916 2.972136
104030738 -1.259680 -0.121600 0.836137 1.516808 56.547341 -174.486182 0.318115 2.977545
104030739 -1.259680 -0.121600 0.831137 1.514057 56.705209 -174.486182 0.318308 2.982952
104030740 -1.259680 -0.121600 0.826137 1.511318 56.863651 -174.486182 0.318496 2.988356
104030741 -1.259680 -0.121600 0.821137 1.508591 57.022666 -174.486182 0.318678 2.993756
104030742 -1.259680 -0.121600 0.816137 1.505875 57.182257 -174.486182 0.318855 2.999152
104030743 -1.259680 -0.121600 0.811137 1.503171 57.342423 -174.486182 0.319026 3.004545
104030744 -1.259680 -0.121600 0.806137 1.500479 57.503165 -174.486182 0.319190 3.009933
104030745 -1.259680 -0.121600 0.801137 1.497799 57.664483 -174.486182 0.319349 3.015317
104030746 -1.259680 -0.121600 0.796137 1.495130 57.826379 -174.486182 0.319502 3.020696
104030747 -1.259680 -0.121600 0.791137 1.492474 57.988852 -174.486182 0.319649 3.026070
104030748 -1.259680 -0.121600 0.786137 1.489829 58.151904 -174.486182 0.319790 3.031439
104030749 -1.259680 -0.121600 0.781137 1.487197 58.315533 -174.486182 0.319924 3.036802
104030750 -1.259680 -0.121600 0.776137 1.484577 58.479742 -174.486182 0.320052 3.042159
104030751 -1.259680 -0.121600 0.771137 1.481969 58.644530 -174.486182 0.320174 3.047510
104030752 -1.259680 -0.121600 0.766137 1.479373 58.809898 -174.486182 0.320289 3.052854
104030753 -1.259680 -0.121600 0.761137 1.476790 58.975846 -174.486182 0.320398 3.058192
104030754 -1.259680 -0.121600 0.756137 1.474219 59.142373 -174.486182 0.320500 3.063522
104030755 -1.259680 -0.121600 0.751137 1.471661 59.309482 -174.486182 0.320596 3.068845
104030756 -1.259680 -0.121600 0.746137 1.469116 59.477170 -174.486182 0.320685 3.074160
104030757 -1.259680 -0.121600 0.741137 1.466582 59.645440 -174.486182 0.320766 3.079467
104030758 -1.259680 -0.121600 0.736137 1.464062 59.814290 -174.486182 0.320841 3.084766
104030759 -1.259680 -0.121600 0.731137 1.461554 59.983721 -174.486182 0.320909 3.090056
104030760 -1.259680 -0.121600 0.726137 1.459060 60.153733 -174.486182 0.320970 3.095337
104030761 -1.259680 -0.121600 0.721137 1.456578 60.324326 -174.486182 0.321024 3.100609
104030762 -1.259680 -0.121600 0.716137 1.454109 60.495500 -174.486182 0.321071 3.105871
104030763 -1.259680 -0.121600 0.711137 1.451653 60.667254 -174.486182 0.321110 3.111123
104030764 -1.259680 -0.121600 0.706137 1.449210 60.839589 -174.486182 0.321142 3.116364
104030765 -1.259680 -0.121600 0.701137 1.446780 61.012505 -174.486182 0.321166 3.121595
104030766 -1.259680 -0.121600 0.696137 1.444364 61.186000 -174.486182 0.321183 3.126815
104030767 -1.259680 -0.121600 0.691137 1.441961 61.360076 -174.486182 0.321192 3.132024
104030768 -1.259680 -0.121600 0.686137 1.439571 61.534731 -174.486182 0.321194 3.137221
104030769 -1.259680 -0.121600 0.681137 1.437194 61.709965 -174.486182 0.321188 3.142406
104030770 -1.259680 -0.121600 0.676137 1.434831 61.885778 -174.486182 0.321174 3.147578
104030771 -1.259680 -0.121600 0.671137 1.432482 62.062170 -174.486182 0.321152 3.152738
104030772 -1.259680 -0.121600 0.666137 1.430146 62.239139 -174.486182 0.321122 3.157884
104030773 -1.259680 -0.121600 0.661137 1.427824 62.416686 -174.486182 0.321084 3.163017
104030774 -1.259680 -0.121600 0.656137 1.425516 62.594809 -174.486182 0.321037 3.168136
104030775 -1.259680 -0.121600 0.651137 1.423221 62.773508 -174.486182 0.320983 3.173241
104030776 -1.259680 -0.121600 0.646137 1.420941 62.952783 -174.486182 0.320920 3.178332
104030777 -1.259680 -0.121600 0.641137 1.418674 63.132633 -174.486182 0.320849 3.183407
104030778 -1.259680 -0.121600 0.636137 1.416422 63.313056 -174.486182 0.320770 3.188467
104030779 -1.259680 -0.121600 0.631137 1.414183 63.494052 -174.486182 0.320682 3.193512
104030780 -1.259680 -0.121600 0.626137 1.411959 63.675620 -174.486182 0.320585 3.198540
104030781 -1.259680 -0.121600 0.621137 1.409749 63.857760 -174.486182 0.320480 3.203552
104030782 -1.259680 -0.121600 0.616137 1.407553 64.040469 -174.486182 0.320366 3.208547
104030783 -1.259680 -0.121600 0.611137 1.405371 64.223748 -174.486182 0.320243 3.213525
104030784 -1.259680 -0.121600 0.606137 1.403204 64.407595 -174.486182 0.320111 3.218485
104030785 -1.259680 -0.121600 0.601137 1.401052 64.592008 -174.486182 0.319970 3.223428
104030786 -1.259680 -0.121600 0.596137 1.398914 64.776987 -174.486182 0.319820 3.228351
104030787 -1.259680 -0.121600 0.591137 1.396790 64.962531 -174.486182 0.319661 3.233257
104030788 -1.259680 -0.121600 0.586137 1.394682 65.148637 -174.486182 0.319493 3.238142
104030789 -1.259680 -0.121600 0.581137 1.392588 65.335305 -174.486182 0.319316 3.243009
104030790 -1.259680 -0.121600 0.576137 1.390508 65.522534 -174.486182 0.319129 3.247855
104030791 -1.259680 -0.121600 0.571137 1.388444 65.710321 -174.486182 0.318933 3.252681
104030792 -1.259680 -0.121600 0.566137 1.386395 65.898665 -174.486182 0.318728 3.257487
104030793 -1.259680 -0.121600 0.561137 1.384361 66.087565 -174.486182 0.318513 3.262271
104030794 -1.259680 -0.121600 0.556137 1.382342 66.277019 -174.486182 0.318288 3.267033
104030795 -1.259680 -0.121600 0.551137 1.380338 66.467024 -174.486182 0.318054 3.271774
104030796 -1.259680 -0.121600 0.546137 1.378349 66.657581 -174.486182 0.317810 3.276492
104030797 -1.259680 -0.121600 0.541137 1.376375 66.848686 -174.486182 0.317556 3.281187
104030798 -1.259680 -0.121600 0.536137 1.374417 67.040337 -174.486182 0.317292 3.285859
104030799 -1.259680 -0.121600 0.531137 1.372475 67.232533 -174.486182 0.317018 3.290508
104030800 -1.259680 -0.121600 0.526137 1.370547 67.425272 -174.486182 0.316735 3.295132
