# pixelID   x   y   z   l2  two_theta   azimuthal   polar_width azimuthal_width
106010001 -1.025010 -0.413400 -0.632463 1.273403 119.780041 -158.035134 0.878999 3.363218
106010002 -1.021558 -0.413400 -0.636081 1.272431 119.992995 -157.968012 0.886037 3.364395
106010003 -1.018107 -0.413400 -0.639698 1.271477 120.206236 -157.900499 0.893101 3.365511
106010004 -1.014655 -0.413400 -0.643316 1.270543 120.419760 -157.832592 0.900191 3.366565
106010005 -1.011204 -0.413400 -0.646933 1.269628 120.633559 -157.764287 0.907306 3.367557
106010006 -1.007752 -0.413400 -0.650551 1.268732 120.847628 -157.695582 0.914446 3.368487
106010007 -1.004300 -0.413400 -0.654168 1.267854 121.061959 -157.626473 0.921610 3.369354
106010008 -1.000849 -0.413400 -0.657786 1.266996 121.276547 -157.556956 0.928799 3.370158
106010009 -0.997397 -0.413400 -0.661403 1.266157 121.491385 -157.487029 0.936012 3.370899
106010010 -0.993946 -0.413400 -0.665021 1.265338 121.706466 -157.416687 0.943249 3.371575
106010011 -0.990494 -0.413400 -0.668638 1.264537 121.921784 -157.345928 0.950510 3.372187
106010012 -0.987042 -0.413400 -0.672256 1.263756 122.137332 -157.274747 0.957793 3.372734
106010013 -0.983591 -0.413400 -0.675873 1.262994 122.353103 -157.203142 0.965099 3.373216
106010014 -0.980139 -0.413400 -0.679491 1.262252 122.569091 -157.131108 0.972428 3.373631
106010015 -0.976687 -0.413400 -0.683108 1.261529 122.785288 -157.058642 0.979778 3.373981
106010016 -0.973236 -0.413400 -0.686726 1.260825 123.001688 -156.985740 0.987151 3.374265
106010017 -0.969784 -0.413400 -0.690343 1.260141 123.218284 -156.912400 0.994545 3.374481
106010018 -0.966333 -0.413400 -0.693961 1.259476 123.435068 -156.838615 1.001960 3.374630
106010019 -0.962881 -0.413400 -0.697578 1.258831 123.652034 -156.764385 1.009396 3.374712
106010020 -0.959429 -0.413400 -0.701196 1.258205 123.869174 -156.689703 1.016852 3.374725
106010021 -0.955978 -0.413400 -0.704813 1.257599 124.086482 -156.614567 1.024328 3.374671
106010022 -0.952526 -0.413400 -0.708431 1.257012 124.303950 -156.538972 1.031823 3.374547
106010023 -0.949075 -0.413400 -0.712048 1.256445 124.521571 -156.462915 1.039339 3.374354
106010024 -0.945623 -0.413400 -0.715666 1.255898 124.739337 -156.386391 1.046873 3.374092
106010025 -0.942171 -0.413400 -0.719283 1.255370 124.957242 -156.309397 1.054425 3.373760
106010026 -0.938720 -0.413400 -0.722901 1.254862 125.175278 -156.231929 1.061996 3.373358
106010027 -0.935268 -0.413400 -0.726518 1.254374 125.393437 -156.153982 1.069585 3.372886
106010028 -0.931816 -0.413400 -0.730136 1.253906 125.611712 -156.075552 1.077191 3.372342
106010029 -0.928365 -0.413400 -0.733753 1.253457 125.830096 -155.996635 1.084814 3.371728
106010030 -0.924913 -0.413400 -0.737371 1.253028 126.048581 -155.917227 1.092454 3.371042
106010031 -0.921462 -0.413400 -0.740988 1.252619 126.267159 -155.837323 1.100110 3.370284
106010032 -0.918010 -0.413400 -0.744606 1.252230 126.485823 -155.756919 1.107782 3.369454
106010033 -0.914558 -0.413400 -0.748223 1.251860 126.704565 -155.676011 1.115470 3.368552
106010034 -0.911107 -0.413400 -0.751841 1.251511 126.923378 -155.594595 1.123173 3.367577
106010035 -0.907655 -0.413400 -0.755458 1.251181 127.142254 -155.512665 1.130891 3.366529
106010036 -0.904204 -0.413400 -0.759076 1.250872 127.361185 -155.430218 1.138623 3.365408
106010037 -0.900752 -0.413400 -0.762693 1.250582 127.580163 -155.347248 1.146370 3.364214
106010038 -0.897300 -0.413400 -0.766311 1.250312 127.799181 -155.263752 1.154130 3.362946
106010039 -0.893849 -0.413400 -0.769928 1.250062 128.018230 -155.179724 1.161903 3.361603
106010040 -0.890397 -0.413400 -0.773546 1.249832 128.237304 -155.095159 1.169690 3.360187
106010041 -0.886945 -0.413400 -0.777163 1.249622 128.456393 -155.010054 1.177488 3.358695
106010042 -0.883494 -0.413400 -0.780781 1.249432 128.675491 -154.924402 1.185300 3.357129
106010043 -0.880042 -0.413400 -0.784398 1.249262 128.894589 -154.838200 1.193122 3.355488
106010044 -0.876591 -0.413400 -0.788016 1.249112 129.113679 -154.751442 1.200957 3.353772
106010045 -0.873139 -0.413400 -0.791633 1.248981 129.332754 -154.664123 1.208802 3.351980
106010046 -0.869687 -0.413400 -0.795251 1.248871 129.551806 -154.576239 1.216658 3.350112
106010047 -0.866236 -0.413400 -0.798868 1.248781 129.770825 -154.487784 1.224524 3.348169
106010048 -0.862784 -0.413400 -0.802486 1.248711 129.989806 -154.398752 1.232400 3.346149
106010049 -0.859333 -0.413400 -0.806103 1.248661 130.208738 -154.309140 1.240285 3.344053
106010050 -0.855881 -0.413400 -0.809721 1.248631 130.427616 -154.218941 1.248180 3.341880
106010051 -0.852429 -0.413400 -0.813338 1.248621 130.646429 -154.128150 1.256083 3.339631
106010052 -0.848978 -0.413400 -0.816956 1.248631 130.865172 -154.036762 1.263995 3.337304
106010053 -0.845526 -0.413400 -0.820573 1.248661 131.083834 -153.944771 1.271915 3.334901
106010054 -0.842074 -0.413400 -0.824191 1.248711 131.302409 -153.852172 1.279842 3.332420
106010055 -0.838623 -0.413400 -0.827808 1.248781 131.520888 -153.758959 1.287777 3.329862
106010056 -0.835171 -0.413400 -0.831426 1.248871 131.739264 -153.665127 1.295718 3.327226
106010057 -0.831720 -0.413400 -0.835043 1.248981 131.957527 -153.570670 1.303667 3.324512
106010058 -0.828268 -0.413400 -0.838661 1.249112 132.175671 -153.475583 1.311621 3.321720
106010059 -0.824816 -0.413400 -0.842278 1.249262 132.393687 -153.379858 1.319581 3.318850
106010060 -0.821365 -0.413400 -0.845896 1.249432 132.611566 -153.283491 1.327546 3.315902
106010061 -0.817913 -0.413400 -0.849513 1.249622 132.829302 -153.186476 1.335517 3.312875
106010062 -0.814462 -0.413400 -0.853131 1.249832 133.046885 -153.088807 1.343492 3.309770
106010063 -0.811010 -0.413400 -0.856748 1.250062 133.264309 -152.990476 1.351472 3.306586
106010064 -0.807558 -0.413400 -0.860366 1.250312 133.481564 -152.891480 1.359456 3.303323
106010065 -0.804107 -0.413400 -0.863983 1.250582 133.698642 -152.791810 1.367443 3.299981
106010066 -0.800655 -0.413400 -0.867601 1.250871 133.915537 -152.691462 1.375434 3.296561
106010067 -0.797203 -0.413400 -0.871218 1.251181 134.132239 -152.590428 1.383427 3.293061
106010068 -0.793752 -0.413400 -0.874836 1.251511 134.348741 -152.488702 1.391424 3.289482
106010069 -0.790300 -0.413400 -0.878453 1.251860 134.565034 -152.386278 1.399423 3.285823
106010070 -0.786849 -0.413400 -0.882071 1.252230 134.781111 -152.283149 1.407424 3.282086
106010071 -0.783397 -0.413400 -0.885688 1.252619 134.996964 -152.179308 1.415426 3.278268
106010072 -0.779945 -0.413400 -0.889306 1.253028 135.212585 -152.074749 1.423430 3.274371
106010073 -0.776494 -0.413400 -0.892923 1.253457 135.427965 -151.969466 1.431435 3.270394
106010074 -0.773042 -0.413400 -0.896541 1.253906 135.643097 -151.863450 1.439441 3.266337
106010075 -0.769591 -0.413400 -0.900159 1.254374 135.857974 -151.756696 1.447447 3.262201
106010076 -0.766139 -0.413400 -0.903776 1.254862 136.072586 -151.649196 1.455453 3.257984
106010077 -0.762687 -0.413400 -0.907394 1.255370 136.286927 -151.540943 1.463459 3.253688
106010078 -0.759236 -0.413400 -0.911011 1.255898 136.500988 -151.431930 1.471465 3.249311
106010079 -0.755784 -0.413400 -0.914629 1.256445 136.714762 -151.322150 1.479470 3.244854
106010080 -0.752332 -0.413400 -0.918246 1.257012 136.928240 -151.211596 1.487474 3.240317
106010081 -0.748881 -0.413400 -0.921864 1.257599 137.141416 -151.100259 1.495476 3.235700
106010082 -0.745429 -0.413400 -0.925481 1.258205 137.354281 -150.988133 1.503477 3.231002
106010083 -0.741978 -0.413400 -0.929099 1.258831 137.566827 -150.875210 1.511476 3.226224
106010084 -0.738526 -0.413400 -0.932716 1.259476 137.779048 -150.761483 1.519473 3.221365
106010085 -0.735074 -0.413400 -0.936334 1.260141 137.990935 -150.646943 1.527468 3.216426
106010086 -0.731623 -0.413400 -0.939951 1.260825 138.202480 -150.531583 1.535460 3.211406
106010087 -0.728171 -0.413400 -0.943569 1.261529 138.413677 -150.415396 1.543448 3.206306
106010088 -0.724719 -0.413400 -0.947186 1.262252 138.624517 -150.298372 1.551434 3.201125
106010089 -0.721268 -0.413400 -0.950804 1.262994 138.834993 -150.180504 1.559416 3.195863
106010090 -0.717816 -0.413400 -0.954421 1.263756 139.045098 -150.061784 1.567395 3.190521
106010091 -0.714365 -0.413400 -0.958039 1.264537 139.254823 -149.942203 1.575370 3.185098
106010092 -0.710913 -0.413400 -0.961656 1.265338 139.464162 -149.821754 1.583340 3.179594
106010093 -0.707461 -0.413400 -0.965274 1.266157 139.673108 -149.700427 1.591306 3.174009
106010094 -0.704010 -0.413400 -0.968891 1.266996 139.881652 -149.578215 1.599268 3.168343
106010095 -0.700558 -0.413400 -0.972509 1.267854 140.089788 -149.455108 1.607225 3.162597
106010096 -0.697107 -0.413400 -0.976126 1.268731 140.297508 -149.331098 1.615176 3.156769
106010097 -0.693655 -0.413400 -0.979744 1.269628 140.504806 -149.206176 1.623123 3.150860
106010098 -0.690203 -0.413400 -0.983361 1.270543 140.711673 -149.080334 1.631063 3.144871
106010099 -0.686752 -0.413400 -0.986979 1.271477 140.918103 -148.953562 1.638999 3.138800
106010100 -0.683300 -0.413400 -0.990596 1.272430 141.124088 -148.825851 1.646928 3.132648
106010101 -1.025010 -0.387000 -0.632463 1.265079 119.996011 -159.315607 0.852655 3.411141
106010102 -1.021558 -0.387000 -0.636081 1.264100 120.211171 -159.251662 0.859459 3.412531
106010103 -1.018107 -0.387000 -0.639698 1.263141 120.426630 -159.187338 0.866288 3.413859
106010104 -1.014655 -0.387000 -0.643316 1.262200 120.642382 -159.122632 0.873142 3.415127
106010105 -1.011204 -0.387000 -0.646933 1.261279 120.858420 -159.057540 0.880021 3.416332
106010106 -1.007752 -0.387000 -0.650551 1.260377 121.074737 -158.992060 0.886925 3.417475
106010107 -1.004300 -0.387000 -0.654168 1.259494 121.291328 -158.926187 0.893853 3.418556
106010108 -1.000849 -0.387000 -0.657786 1.258630 121.508186 -158.859919 0.900805 3.419573
106010109 -0.997397 -0.387000 -0.661403 1.257785 121.725304 -158.793253 0.907780 3.420527
106010110 -0.993946 -0.387000 -0.665021 1.256960 121.942675 -158.726184 0.914779 3.421416
106010111 -0.990494 -0.387000 -0.668638 1.256155 122.160293 -158.658709 0.921801 3.422241
106010112 -0.987042 -0.387000 -0.672256 1.255368 122.378151 -158.590825 0.928846 3.423001
106010113 -0.983591 -0.387000 -0.675873 1.254601 122.596242 -158.522528 0.935914 3.423696
106010114 -0.980139 -0.387000 -0.679491 1.253854 122.814560 -158.453815 0.943003 3.424326
106010115 -0.976687 -0.387000 -0.683108 1.253126 123.033096 -158.384682 0.950115 3.424889
106010116 -0.973236 -0.387000 -0.686726 1.252417 123.251845 -158.315126 0.957248 3.425385
106010117 -0.969784 -0.387000 -0.690343 1.251728 123.470799 -158.245142 0.964402 3.425815
106010118 -0.966333 -0.387000 -0.693961 1.251059 123.689952 -158.174727 0.971577 3.426177
106010119 -0.962881 -0.387000 -0.697578 1.250410 123.909295 -158.103877 0.978772 3.426472
106010120 -0.959429 -0.387000 -0.701196 1.249780 124.128822 -158.032589 0.985988 3.426698
106010121 -0.955978 -0.387000 -0.704813 1.249169 124.348525 -157.960858 0.993224 3.426856
106010122 -0.952526 -0.387000 -0.708431 1.248579 124.568398 -157.888680 1.000479 3.426946
106010123 -0.949075 -0.387000 -0.712048 1.248008 124.788432 -157.816052 1.007753 3.426966
106010124 -0.945623 -0.387000 -0.715666 1.247457 125.008621 -157.742970 1.015047 3.426916
106010125 -0.942171 -0.387000 -0.719283 1.246926 125.228957 -157.669430 1.022358 3.426797
106010126 -0.938720 -0.387000 -0.722901 1.246415 125.449432 -157.595427 1.029688 3.426608
106010127 -0.935268 -0.387000 -0.726518 1.245923 125.670039 -157.520957 1.037036 3.426348
106010128 -0.931816 -0.387000 -0.730136 1.245451 125.890771 -157.446016 1.044402 3.426017
106010129 -0.928365 -0.387000 -0.733753 1.245000 126.111620 -157.370601 1.051784 3.425615
106010130 -0.924913 -0.387000 -0.737371 1.244568 126.332578 -157.294706 1.059184 3.425141
106010131 -0.921462 -0.387000 -0.740988 1.244156 126.553637 -157.218328 1.066600 3.424595
106010132 -0.918010 -0.387000 -0.744606 1.243764 126.774790 -157.141462 1.074032 3.423978
106010133 -0.914558 -0.387000 -0.748223 1.243392 126.996030 -157.064103 1.081479 3.423288
106010134 -0.911107 -0.387000 -0.751841 1.243040 127.217347 -156.986247 1.088942 3.422525
106010135 -0.907655 -0.387000 -0.755458 1.242708 127.438735 -156.907891 1.096420 3.421689
106010136 -0.904204 -0.387000 -0.759076 1.242397 127.660186 -156.829028 1.103913 3.420779
106010137 -0.900752 -0.387000 -0.762693 1.242105 127.881691 -156.749655 1.111421 3.419797
106010138 -0.897300 -0.387000 -0.766311 1.241833 128.103244 -156.669766 1.118942 3.418740
106010139 -0.893849 -0.387000 -0.769928 1.241581 128.324835 -156.589358 1.126477 3.417609
106010140 -0.890397 -0.387000 -0.773546 1.241350 128.546457 -156.508425 1.134025 3.416403
106010141 -0.886945 -0.387000 -0.777163 1.241138 128.768102 -156.426962 1.141586 3.415123
106010142 -0.883494 -0.387000 -0.780781 1.240947 128.989763 -156.344965 1.149159 3.413769
106010143 -0.880042 -0.387000 -0.784398 1.240776 129.211430 -156.262429 1.156745 3.412338
106010144 -0.876591 -0.387000 -0.788016 1.240624 129.433096 -156.179349 1.164343 3.410833
106010145 -0.873139 -0.387000 -0.791633 1.240493 129.654754 -156.095719 1.171952 3.409252
106010146 -0.869687 -0.387000 -0.795251 1.240383 129.876394 -156.011534 1.179573 3.407595
106010147 -0.866236 -0.387000 -0.798868 1.240292 130.098008 -155.926790 1.187204 3.405862
106010148 -0.862784 -0.387000 -0.802486 1.240221 130.319590 -155.841482 1.194846 3.404053
106010149 -0.859333 -0.387000 -0.806103 1.240171 130.541130 -155.755603 1.202497 3.402167
106010150 -0.855881 -0.387000 -0.809721 1.240141 130.762620 -155.669148 1.210159 3.400205
106010151 -0.852429 -0.387000 -0.813338 1.240131 130.984053 -155.582113 1.217830 3.398166
106010152 -0.848978 -0.387000 -0.816956 1.240141 131.205420 -155.494491 1.225510 3.396049
106010153 -0.845526 -0.387000 -0.820573 1.240171 131.426712 -155.406278 1.233199 3.393856
106010154 -0.842074 -0.387000 -0.824191 1.240221 131.647923 -155.317467 1.240897 3.391585
106010155 -0.838623 -0.387000 -0.827808 1.240292 131.869043 -155.228053 1.248602 3.389236
106010156 -0.835171 -0.387000 -0.831426 1.240383 132.090064 -155.138029 1.256315 3.386810
106010157 -0.831720 -0.387000 -0.835043 1.240493 132.310979 -155.047392 1.264036 3.384306
106010158 -0.828268 -0.387000 -0.838661 1.240624 132.531779 -154.956134 1.271764 3.381724
106010159 -0.824816 -0.387000 -0.842278 1.240776 132.752456 -154.864249 1.279498 3.379063
106010160 -0.821365 -0.387000 -0.845896 1.240947 132.973001 -154.771732 1.287239 3.376325
106010161 -0.817913 -0.387000 -0.849513 1.241138 133.193407 -154.678576 1.294986 3.373508
106010162 -0.814462 -0.387000 -0.853131 1.241350 133.413666 -154.584776 1.302739 3.370612
106010163 -0.811010 -0.387000 -0.856748 1.241581 133.633768 -154.490325 1.310498 3.367637
106010164 -0.807558 -0.387000 -0.860366 1.241833 133.853707 -154.395217 1.318261 3.364584
106010165 -0.804107 -0.387000 -0.863983 1.242105 134.073473 -154.299445 1.326030 3.361452
106010166 -0.800655 -0.387000 -0.867601 1.242396 134.293060 -154.203003 1.333803 3.358240
106010167 -0.797203 -0.387000 -0.871218 1.242708 134.512458 -154.105885 1.341580 3.354950
106010168 -0.793752 -0.387000 -0.874836 1.243040 134.731659 -154.008084 1.349362 3.351580
106010169 -0.790300 -0.387000 -0.878453 1.243392 134.950656 -153.909594 1.357147 3.348130
106010170 -0.786849 -0.387000 -0.882071 1.243764 135.169441 -153.810407 1.364935 3.344602
106010171 -0.783397 -0.387000 -0.885688 1.244156 135.388004 -153.710517 1.372727 3.340993
106010172 -0.779945 -0.387000 -0.889306 1.244568 135.606339 -153.609916 1.380521 3.337305
106010173 -0.776494 -0.387000 -0.892923 1.245000 135.824437 -153.508599 1.388319 3.333538
106010174 -0.773042 -0.387000 -0.896541 1.245451 136.042290 -153.406558 1.396118 3.329690
106010175 -0.769591 -0.387000 -0.900159 1.245923 136.259890 -153.303785 1.403919 3.325763
106010176 -0.766139 -0.387000 -0.903776 1.246414 136.477229 -153.200274 1.411723 3.321755
106010177 -0.762687 -0.387000 -0.907394 1.246926 136.694299 -153.096017 1.419527 3.317668
106010178 -0.759236 -0.387000 -0.911011 1.247457 136.911093 -152.991008 1.427333 3.313500
106010179 -0.755784 -0.387000 -0.914629 1.248008 137.127602 -152.885237 1.435140 3.309253
106010180 -0.752332 -0.387000 -0.918246 1.248579 137.343819 -152.778698 1.442948 3.304925
106010181 -0.748881 -0.387000 -0.921864 1.249169 137.559735 -152.671384 1.450757 3.300517
106010182 -0.745429 -0.387000 -0.925481 1.249780 137.775343 -152.563286 1.458565 3.296029
106010183 -0.741978 -0.387000 -0.929099 1.250409 137.990635 -152.454396 1.466374 3.291460
106010184 -0.738526 -0.387000 -0.932716 1.251059 138.205603 -152.344707 1.474183 3.286811
106010185 -0.735074 -0.387000 -0.936334 1.251728 138.420239 -152.234211 1.481991 3.282081
106010186 -0.731623 -0.387000 -0.939951 1.252417 138.634536 -152.122899 1.489799 3.277271
106010187 -0.728171 -0.387000 -0.943569 1.253126 138.848486 -152.010764 1.497606 3.272381
106010188 -0.724719 -0.387000 -0.947186 1.253854 139.062082 -151.897796 1.505412 3.267410
106010189 -0.721268 -0.387000 -0.950804 1.254601 139.275316 -151.783988 1.513216 3.262358
106010190 -0.717816 -0.387000 -0.954421 1.255368 139.488179 -151.669331 1.521020 3.257225
106010191 -0.714365 -0.387000 -0.958039 1.256154 139.700666 -151.553817 1.528822 3.252012
106010192 -0.710913 -0.387000 -0.961656 1.256960 139.912767 -151.437437 1.536622 3.246719
106010193 -0.707461 -0.387000 -0.965274 1.257785 140.124477 -151.320181 1.544420 3.241344
106010194 -0.704010 -0.387000 -0.968891 1.258630 140.335786 -151.202041 1.552216 3.235889
106010195 -0.700558 -0.387000 -0.972509 1.259493 140.546689 -151.083009 1.560010 3.230353
106010196 -0.697107 -0.387000 -0.976126 1.260376 140.757177 -150.963074 1.567802 3.224736
106010197 -0.693655 -0.387000 -0.979744 1.261279 140.967243 -150.842228 1.575590 3.219038
106010198 -0.690203 -0.387000 -0.983361 1.262200 141.176880 -150.720462 1.583377 3.213259
106010199 -0.686752 -0.387000 -0.986979 1.263140 141.386081 -150.597765 1.591160 3.207399
106010200 -0.683300 -0.387000 -0.990596 1.264100 141.594839 -150.474129 1.598940 3.201459
106010201 -1.025010 -0.360600 -0.632463 1.257254 120.202070 -160.618056 0.823948 3.457012
106010202 -1.021558 -0.360600 -0.636081 1.256269 120.419350 -160.557474 0.830488 3.458612
106010203 -1.018107 -0.360600 -0.639698 1.255304 120.636940 -160.496527 0.837053 3.460151
106010204 -1.014655 -0.360600 -0.643316 1.254357 120.854833 -160.435212 0.843642 3.461629
106010205 -1.011204 -0.360600 -0.646933 1.253430 121.073022 -160.373525 0.850255 3.463045
106010206 -1.007752 -0.360600 -0.650551 1.252522 121.291502 -160.311464 0.856892 3.464398
106010207 -1.004300 -0.360600 -0.654168 1.251634 121.510265 -160.249024 0.863553 3.465690
106010208 -1.000849 -0.360600 -0.657786 1.250765 121.729304 -160.186203 0.870237 3.466918
106010209 -0.997397 -0.360600 -0.661403 1.249915 121.948615 -160.122998 0.876944 3.468083
106010210 -0.993946 -0.360600 -0.665021 1.249085 122.168188 -160.059404 0.883674 3.469183
106010211 -0.990494 -0.360600 -0.668638 1.248274 122.388018 -159.995419 0.890427 3.470220
106010212 -0.987042 -0.360600 -0.672256 1.247482 122.608098 -159.931039 0.897202 3.471191
106010213 -0.983591 -0.360600 -0.675873 1.246711 122.828421 -159.866260 0.903998 3.472098
106010214 -0.980139 -0.360600 -0.679491 1.245958 123.048980 -159.801080 0.910817 3.472938
106010215 -0.976687 -0.360600 -0.683108 1.245226 123.269768 -159.735493 0.917657 3.473713
106010216 -0.973236 -0.360600 -0.686726 1.244513 123.490777 -159.669498 0.924518 3.474421
106010217 -0.969784 -0.360600 -0.690343 1.243820 123.712001 -159.603090 0.931400 3.475063
106010218 -0.966333 -0.360600 -0.693961 1.243146 123.933433 -159.536265 0.938302 3.475637
106010219 -0.962881 -0.360600 -0.697578 1.242492 124.155064 -159.469019 0.945224 3.476143
106010220 -0.959429 -0.360600 -0.701196 1.241859 124.376889 -159.401350 0.952166 3.476582
106010221 -0.955978 -0.360600 -0.704813 1.241244 124.598899 -159.333253 0.959128 3.476952
106010222 -0.952526 -0.360600 -0.708431 1.240650 124.821088 -159.264723 0.966109 3.477254
106010223 -0.949075 -0.360600 -0.712048 1.240076 125.043447 -159.195758 0.973109 3.477486
106010224 -0.945623 -0.360600 -0.715666 1.239521 125.265969 -159.126354 0.980128 3.477649
106010225 -0.942171 -0.360600 -0.719283 1.238986 125.488647 -159.056505 0.987165 3.477742
106010226 -0.938720 -0.360600 -0.722901 1.238472 125.711473 -158.986209 0.994219 3.477765
106010227 -0.935268 -0.360600 -0.726518 1.237977 125.934440 -158.915461 1.001292 3.477717
106010228 -0.931816 -0.360600 -0.730136 1.237503 126.157539 -158.844256 1.008382 3.477599
106010229 -0.928365 -0.360600 -0.733753 1.237048 126.380764 -158.772592 1.015489 3.477409
106010230 -0.924913 -0.360600 -0.737371 1.236613 126.604106 -158.700462 1.022612 3.477148
106010231 -0.921462 -0.360600 -0.740988 1.236199 126.827558 -158.627865 1.029752 3.476815
106010232 -0.918010 -0.360600 -0.744606 1.235804 127.051111 -158.554793 1.036908 3.476410
106010233 -0.914558 -0.360600 -0.748223 1.235430 127.274759 -158.481245 1.044080 3.475933
106010234 -0.911107 -0.360600 -0.751841 1.235076 127.498492 -158.407214 1.051267 3.475383
106010235 -0.907655 -0.360600 -0.755458 1.234742 127.722304 -158.332697 1.058469 3.474759
106010236 -0.904204 -0.360600 -0.759076 1.234428 127.946186 -158.257688 1.065686 3.474063
106010237 -0.900752 -0.360600 -0.762693 1.234134 128.170131 -158.182184 1.072917 3.473293
106010238 -0.897300 -0.360600 -0.766311 1.233861 128.394129 -158.106179 1.080163 3.472449
106010239 -0.893849 -0.360600 -0.769928 1.233607 128.618174 -158.029670 1.087422 3.471531
106010240 -0.890397 -0.360600 -0.773546 1.233374 128.842257 -157.952650 1.094695 3.470539
106010241 -0.886945 -0.360600 -0.777163 1.233162 129.066370 -157.875116 1.101981 3.469472
106010242 -0.883494 -0.360600 -0.780781 1.232969 129.290505 -157.797062 1.109279 3.468331
106010243 -0.880042 -0.360600 -0.784398 1.232797 129.514654 -157.718484 1.116590 3.467114
106010244 -0.876591 -0.360600 -0.788016 1.232644 129.738809 -157.639376 1.123913 3.465822
106010245 -0.873139 -0.360600 -0.791633 1.232513 129.962962 -157.559734 1.131249 3.464454
106010246 -0.869687 -0.360600 -0.795251 1.232401 130.187103 -157.479551 1.138595 3.463011
106010247 -0.866236 -0.360600 -0.798868 1.232310 130.411226 -157.398824 1.145953 3.461491
106010248 -0.862784 -0.360600 -0.802486 1.232239 130.635322 -157.317547 1.153322 3.459896
106010249 -0.859333 -0.360600 -0.806103 1.232188 130.859383 -157.235714 1.160701 3.458224
106010250 -0.855881 -0.360600 -0.809721 1.232158 131.083400 -157.153320 1.168091 3.456475
106010251 -0.852429 -0.360600 -0.813338 1.232147 131.307366 -157.070360 1.175490 3.454650
106010252 -0.848978 -0.360600 -0.816956 1.232158 131.531271 -156.986828 1.182899 3.452748
106010253 -0.845526 -0.360600 -0.820573 1.232188 131.755109 -156.902719 1.190318 3.450769
106010254 -0.842074 -0.360600 -0.824191 1.232239 131.978869 -156.818027 1.197745 3.448712
106010255 -0.838623 -0.360600 -0.827808 1.232310 132.202546 -156.732746 1.205182 3.446578
106010256 -0.835171 -0.360600 -0.831426 1.232401 132.426129 -156.646870 1.212626 3.444366
106010257 -0.831720 -0.360600 -0.835043 1.232513 132.649610 -156.560394 1.220079 3.442077
106010258 -0.828268 -0.360600 -0.838661 1.232644 132.872982 -156.473312 1.227540 3.439709
106010259 -0.824816 -0.360600 -0.842278 1.232797 133.096236 -156.385618 1.235009 3.437264
106010260 -0.821365 -0.360600 -0.845896 1.232969 133.319364 -156.297305 1.242484 3.434740
106010261 -0.817913 -0.360600 -0.849513 1.233162 133.542358 -156.208367 1.249967 3.432138
106010262 -0.814462 -0.360600 -0.853131 1.233374 133.765209 -156.118799 1.257456 3.429458
106010263 -0.811010 -0.360600 -0.856748 1.233607 133.987908 -156.028594 1.264952 3.426699
106010264 -0.807558 -0.360600 -0.860366 1.233861 134.210449 -155.937746 1.272454 3.423862
106010265 -0.804107 -0.360600 -0.863983 1.234134 134.432822 -155.846248 1.279962 3.420945
106010266 -0.800655 -0.360600 -0.867601 1.234428 134.655019 -155.754093 1.287476 3.417950
106010267 -0.797203 -0.360600 -0.871218 1.234742 134.877033 -155.661276 1.294995 3.414876
106010268 -0.793752 -0.360600 -0.874836 1.235076 135.098854 -155.567789 1.302519 3.411723
106010269 -0.790300 -0.360600 -0.878453 1.235430 135.320475 -155.473625 1.310048 3.408490
106010270 -0.786849 -0.360600 -0.882071 1.235804 135.541887 -155.378778 1.317582 3.405179
106010271 -0.783397 -0.360600 -0.885688 1.236199 135.763083 -155.283241 1.325120 3.401788
106010272 -0.779945 -0.360600 -0.889306 1.236613 135.984053 -155.187007 1.332663 3.398317
106010273 -0.776494 -0.360600 -0.892923 1.237048 136.204791 -155.090069 1.340209 3.394768
106010274 -0.773042 -0.360600 -0.896541 1.237502 136.425288 -154.992419 1.347759 3.391138
106010275 -0.769591 -0.360600 -0.900159 1.237977 136.645535 -154.894050 1.355313 3.387429
106010276 -0.766139 -0.360600 -0.903776 1.238472 136.865525 -154.794955 1.362869 3.383641
106010277 -0.762687 -0.360600 -0.907394 1.238986 137.085250 -154.695126 1.370429 3.379773
106010278 -0.759236 -0.360600 -0.911011 1.239521 137.304702 -154.594556 1.377992 3.375824
106010279 -0.755784 -0.360600 -0.914629 1.240075 137.523872 -154.493238 1.385558 3.371797
106010280 -0.752332 -0.360600 -0.918246 1.240650 137.742752 -154.391162 1.393126 3.367689
106010281 -0.748881 -0.360600 -0.921864 1.241244 137.961336 -154.288322 1.400696 3.363501
106010282 -0.745429 -0.360600 -0.925481 1.241858 138.179614 -154.184710 1.408268 3.359234
106010283 -0.741978 -0.360600 -0.929099 1.242492 138.397580 -154.080317 1.415842 3.354886
106010284 -0.738526 -0.360600 -0.932716 1.243146 138.615224 -153.975136 1.423418 3.350458
106010285 -0.735074 -0.360600 -0.936334 1.243820 138.832540 -153.869157 1.430996 3.345951
106010286 -0.731623 -0.360600 -0.939951 1.244513 139.049520 -153.762374 1.438575 3.341363
106010287 -0.728171 -0.360600 -0.943569 1.245226 139.266155 -153.654776 1.446155 3.336695
106010288 -0.724719 -0.360600 -0.947186 1.245958 139.482438 -153.546356 1.453737 3.331947
106010289 -0.721268 -0.360600 -0.950804 1.246711 139.698361 -153.437106 1.461319 3.327119
106010290 -0.717816 -0.360600 -0.954421 1.247482 139.913918 -153.327015 1.468902 3.322211
106010291 -0.714365 -0.360600 -0.958039 1.248274 140.129099 -153.216076 1.476486 3.317222
106010292 -0.710913 -0.360600 -0.961656 1.249085 140.343898 -153.104280 1.484070 3.312153
106010293 -0.707461 -0.360600 -0.965274 1.249915 140.558307 -152.991616 1.491655 3.307004
106010294 -0.704010 -0.360600 -0.968891 1.250765 140.772318 -152.878077 1.499240 3.301775
106010295 -0.700558 -0.360600 -0.972509 1.251634 140.985925 -152.763652 1.506826 3.296465
106010296 -0.697107 -0.360600 -0.976126 1.252522 141.199119 -152.648332 1.514411 3.291075
106010297 -0.693655 -0.360600 -0.979744 1.253430 141.411894 -152.532108 1.521997 3.285605
106010298 -0.690203 -0.360600 -0.983361 1.254357 141.624241 -152.414970 1.529582 3.280054
106010299 -0.686752 -0.360600 -0.986979 1.255304 141.836155 -152.296908 1.537167 3.274422
106010300 -0.683300 -0.360600 -0.990596 1.256269 142.047626 -152.177911 1.544752 3.268711
106010301 -1.025010 -0.334200 -0.632463 1.249938 120.397464 -161.941672 0.792893 3.500594
106010302 -1.021558 -0.334200 -0.636081 1.248948 120.616768 -161.884636 0.799139 3.502400
106010303 -1.018107 -0.334200 -0.639698 1.247976 120.836392 -161.827252 0.805409 3.504145
106010304 -1.014655 -0.334200 -0.643316 1.247024 121.056329 -161.769515 0.811703 3.505828
106010305 -1.011204 -0.334200 -0.646933 1.246092 121.276573 -161.711422 0.818020 3.507450
106010306 -1.007752 -0.334200 -0.650551 1.245179 121.497116 -161.652972 0.824360 3.509011
106010307 -1.004300 -0.334200 -0.654168 1.244285 121.717954 -161.594159 0.830723 3.510508
106010308 -1.000849 -0.334200 -0.657786 1.243411 121.939078 -161.534981 0.837108 3.511943
106010309 -0.997397 -0.334200 -0.661403 1.242556 122.160482 -161.475435 0.843516 3.513315
106010310 -0.993946 -0.334200 -0.665021 1.241721 122.382160 -161.415517 0.849946 3.514623
106010311 -0.990494 -0.334200 -0.668638 1.240905 122.604104 -161.355224 0.856397 3.515867
106010312 -0.987042 -0.334200 -0.672256 1.240109 122.826307 -161.294552 0.862870 3.517046
106010313 -0.983591 -0.334200 -0.675873 1.239332 123.048763 -161.233499 0.869364 3.518160
106010314 -0.980139 -0.334200 -0.679491 1.238576 123.271464 -161.172060 0.875879 3.519208
106010315 -0.976687 -0.334200 -0.683108 1.237839 123.494404 -161.110233 0.882415 3.520191
106010316 -0.973236 -0.334200 -0.686726 1.237122 123.717574 -161.048013 0.888971 3.521108
106010317 -0.969784 -0.334200 -0.690343 1.236424 123.940969 -160.985397 0.895548 3.521958
106010318 -0.966333 -0.334200 -0.693961 1.235747 124.164580 -160.922381 0.902144 3.522740
106010319 -0.962881 -0.334200 -0.697578 1.235089 124.388400 -160.858962 0.908760 3.523456
106010320 -0.959429 -0.334200 -0.701196 1.234451 124.612423 -160.795136 0.915394 3.524103
106010321 -0.955978 -0.334200 -0.704813 1.233833 124.836640 -160.730899 0.922048 3.524683
106010322 -0.952526 -0.334200 -0.708431 1.233236 125.061044 -160.666247 0.928721 3.525194
106010323 -0.949075 -0.334200 -0.712048 1.232658 125.285627 -160.601177 0.935412 3.525635
106010324 -0.945623 -0.334200 -0.715666 1.232100 125.510383 -160.535684 0.942121 3.526008
106010325 -0.942171 -0.334200 -0.719283 1.231562 125.735303 -160.469765 0.948848 3.526311
106010326 -0.938720 -0.334200 -0.722901 1.231044 125.960379 -160.403415 0.955593 3.526544
106010327 -0.935268 -0.334200 -0.726518 1.230547 126.185604 -160.336631 0.962355 3.526707
106010328 -0.931816 -0.334200 -0.730136 1.230069 126.410971 -160.269409 0.969134 3.526798
106010329 -0.928365 -0.334200 -0.733753 1.229612 126.636471 -160.201744 0.975929 3.526819
106010330 -0.924913 -0.334200 -0.737371 1.229174 126.862096 -160.133631 0.982741 3.526769
106010331 -0.921462 -0.334200 -0.740988 1.228757 127.087840 -160.065068 0.989569 3.526647
106010332 -0.918010 -0.334200 -0.744606 1.228361 127.313693 -159.996049 0.996412 3.526453
106010333 -0.914558 -0.334200 -0.748223 1.227984 127.539648 -159.926571 1.003271 3.526187
106010334 -0.911107 -0.334200 -0.751841 1.227628 127.765697 -159.856628 1.010145 3.525848
106010335 -0.907655 -0.334200 -0.755458 1.227292 127.991832 -159.786217 1.017035 3.525437
106010336 -0.904204 -0.334200 -0.759076 1.226976 128.218044 -159.715332 1.023938 3.524952
106010337 -0.900752 -0.334200 -0.762693 1.226680 128.444327 -159.643970 1.030856 3.524395
106010338 -0.897300 -0.334200 -0.766311 1.226405 128.670671 -159.572125 1.037788 3.523763
106010339 -0.893849 -0.334200 -0.769928 1.226150 128.897069 -159.499794 1.044734 3.523058
106010340 -0.890397 -0.334200 -0.773546 1.225916 129.123512 -159.426970 1.051693 3.522278
106010341 -0.886945 -0.334200 -0.777163 1.225702 129.349992 -159.353650 1.058665 3.521424
106010342 -0.883494 -0.334200 -0.780781 1.225508 129.576502 -159.279829 1.065650 3.520495
106010343 -0.880042 -0.334200 -0.784398 1.225335 129.803032 -159.205501 1.072648 3.519492
106010344 -0.876591 -0.334200 -0.788016 1.225181 130.029575 -159.130662 1.079657 3.518414
106010345 -0.873139 -0.334200 -0.791633 1.225049 130.256122 -159.055306 1.086679 3.517260
106010346 -0.869687 -0.334200 -0.795251 1.224937 130.482666 -158.979430 1.093712 3.516030
106010347 -0.866236 -0.334200 -0.798868 1.224845 130.709197 -158.903026 1.100757 3.514725
106010348 -0.862784 -0.334200 -0.802486 1.224773 130.935707 -158.826091 1.107813 3.513344
106010349 -0.859333 -0.334200 -0.806103 1.224722 131.162189 -158.748618 1.114880 3.511887
106010350 -0.855881 -0.334200 -0.809721 1.224692 131.388634 -158.670603 1.121957 3.510354
106010351 -0.852429 -0.334200 -0.813338 1.224681 131.615033 -158.592041 1.129044 3.508744
106010352 -0.848978 -0.334200 -0.816956 1.224692 131.841378 -158.512924 1.136142 3.507057
106010353 -0.845526 -0.334200 -0.820573 1.224722 132.067661 -158.433249 1.143249 3.505294
106010354 -0.842074 -0.334200 -0.824191 1.224773 132.293874 -158.353009 1.150365 3.503453
106010355 -0.838623 -0.334200 -0.827808 1.224845 132.520007 -158.272199 1.157491 3.501536
106010356 -0.835171 -0.334200 -0.831426 1.224937 132.746053 -158.190813 1.164626 3.499541
106010357 -0.831720 -0.334200 -0.835043 1.225049 132.972004 -158.108845 1.171770 3.497469
106010358 -0.828268 -0.334200 -0.838661 1.225181 133.197850 -158.026289 1.178921 3.495319
106010359 -0.824816 -0.334200 -0.842278 1.225334 133.423584 -157.943139 1.186082 3.493091
106010360 -0.821365 -0.334200 -0.845896 1.225508 133.649197 -157.859389 1.193250 3.490786
106010361 -0.817913 -0.334200 -0.849513 1.225702 133.874681 -157.775034 1.200425 3.488403
106010362 -0.814462 -0.334200 -0.853131 1.225916 134.100028 -157.690065 1.207608 3.485942
106010363 -0.811010 -0.334200 -0.856748 1.226150 134.325229 -157.604479 1.214799 3.483402
106010364 -0.807558 -0.334200 -0.860366 1.226405 134.550275 -157.518267 1.221996 3.480784
106010365 -0.804107 -0.334200 -0.863983 1.226680 134.775159 -157.431423 1.229200 3.478088
106010366 -0.800655 -0.334200 -0.867601 1.226976 134.999872 -157.343942 1.236411 3.475314
106010367 -0.797203 -0.334200 -0.871218 1.227292 135.224406 -157.255816 1.243628 3.472461
106010368 -0.793752 -0.334200 -0.874836 1.227628 135.448752 -157.167038 1.250851 3.469529
106010369 -0.790300 -0.334200 -0.878453 1.227984 135.672903 -157.077602 1.258080 3.466519
106010370 -0.786849 -0.334200 -0.882071 1.228361 135.896849 -156.987501 1.265314 3.463430
106010371 -0.783397 -0.334200 -0.885688 1.228757 136.120584 -156.896728 1.272555 3.460262
106010372 -0.779945 -0.334200 -0.889306 1.229174 136.344097 -156.805276 1.279800 3.457015
106010373 -0.776494 -0.334200 -0.892923 1.229612 136.567383 -156.713137 1.287051 3.453689
106010374 -0.773042 -0.334200 -0.896541 1.230069 136.790431 -156.620304 1.294306 3.450285
106010375 -0.769591 -0.334200 -0.900159 1.230546 137.013234 -156.526771 1.301567 3.446801
106010376 -0.766139 -0.334200 -0.903776 1.231044 137.235784 -156.432528 1.308832 3.443238
106010377 -0.762687 -0.334200 -0.907394 1.231562 137.458073 -156.337570 1.316101 3.439596
106010378 -0.759236 -0.334200 -0.911011 1.232100 137.680092 -156.241888 1.323375 3.435875
106010379 -0.755784 -0.334200 -0.914629 1.232657 137.901834 -156.145474 1.330652 3.432075
106010380 -0.752332 -0.334200 -0.918246 1.233235 138.123290 -156.048321 1.337934 3.428195
106010381 -0.748881 -0.334200 -0.921864 1.233833 138.344453 -155.950421 1.345220 3.424236
106010382 -0.745429 -0.334200 -0.925481 1.234451 138.565314 -155.851765 1.352509 3.420198
106010383 -0.741978 -0.334200 -0.929099 1.235089 138.785866 -155.752345 1.359802 3.416081
106010384 -0.738526 -0.334200 -0.932716 1.235747 139.006100 -155.652153 1.367098 3.411884
106010385 -0.735074 -0.334200 -0.936334 1.236424 139.226010 -155.551181 1.374397 3.407608
106010386 -0.731623 -0.334200 -0.939951 1.237121 139.445586 -155.449420 1.381700 3.403253
106010387 -0.728171 -0.334200 -0.943569 1.237839 139.664822 -155.346862 1.389006 3.398818
106010388 -0.724719 -0.334200 -0.947186 1.238576 139.883708 -155.243497 1.396315 3.394304
106010389 -0.721268 -0.334200 -0.950804 1.239332 140.102239 -155.139318 1.403627 3.389710
106010390 -0.717816 -0.334200 -0.954421 1.240109 140.320405 -155.034314 1.410941 3.385037
106010391 -0.714365 -0.334200 -0.958039 1.240905 140.538200 -154.928477 1.418259 3.380285
106010392 -0.710913 -0.334200 -0.961656 1.241720 140.755615 -154.821797 1.425579 3.375453
106010393 -0.707461 -0.334200 -0.965274 1.242556 140.972644 -154.714266 1.432901 3.370542
106010394 -0.704010 -0.334200 -0.968891 1.243410 141.189278 -154.605873 1.440227 3.365551
106010395 -0.700558 -0.334200 -0.972509 1.244285 141.405510 -154.496610 1.447554 3.360481
106010396 -0.697107 -0.334200 -0.976126 1.245178 141.621333 -154.386466 1.454884 3.355331
106010397 -0.693655 -0.334200 -0.979744 1.246092 141.836739 -154.275431 1.462217 3.350102
106010398 -0.690203 -0.334200 -0.983361 1.247024 142.051721 -154.163496 1.469552 3.344793
106010399 -0.686752 -0.334200 -0.986979 1.247976 142.266271 -154.050650 1.476889 3.339405
106010400 -0.683300 -0.334200 -0.990596 1.248947 142.480383 -153.936884 1.484229 3.333938
106010401 -1.025010 -0.307800 -0.632463 1.243140 120.581451 -163.285528 0.759524 3.541653
106010402 -1.021558 -0.307800 -0.636081 1.242144 120.802672 -163.232218 0.765447 3.543657
106010403 -1.018107 -0.307800 -0.639698 1.241167 121.024223 -163.178577 0.771393 3.545601
106010404 -1.014655 -0.307800 -0.643316 1.240210 121.246097 -163.124602 0.777361 3.547484
106010405 -1.011204 -0.307800 -0.646933 1.239272 121.468288 -163.070290 0.783352 3.549306
106010406 -1.007752 -0.307800 -0.650551 1.238354 121.690789 -163.015637 0.789365 3.551066
106010407 -1.004300 -0.307800 -0.654168 1.237455 121.913593 -162.960640 0.795399 3.552764
106010408 -1.000849 -0.307800 -0.657786 1.236576 122.136693 -162.905297 0.801454 3.554400
106010409 -0.997397 -0.307800 -0.661403 1.235717 122.360083 -162.849605 0.807531 3.555972
106010410 -0.993946 -0.307800 -0.665021 1.234877 122.583756 -162.793559 0.813629 3.557481
106010411 -0.990494 -0.307800 -0.668638 1.234057 122.807705 -162.737156 0.819747 3.558926
106010412 -0.987042 -0.307800 -0.672256 1.233256 123.031922 -162.680395 0.825886 3.560307
106010413 -0.983591 -0.307800 -0.675873 1.232476 123.256401 -162.623270 0.832046 3.561623
106010414 -0.980139 -0.307800 -0.679491 1.231715 123.481135 -162.565779 0.838225 3.562874
106010415 -0.976687 -0.307800 -0.683108 1.230974 123.706117 -162.507918 0.844424 3.564059
106010416 -0.973236 -0.307800 -0.686726 1.230252 123.931338 -162.449683 0.850642 3.565179
106010417 -0.969784 -0.307800 -0.690343 1.229551 124.156793 -162.391073 0.856880 3.566232
106010418 -0.966333 -0.307800 -0.693961 1.228870 124.382473 -162.332082 0.863137 3.567218
106010419 -0.962881 -0.307800 -0.697578 1.228208 124.608371 -162.272707 0.869412 3.568137
106010420 -0.959429 -0.307800 -0.701196 1.227567 124.834481 -162.212944 0.875706 3.568988
106010421 -0.955978 -0.307800 -0.704813 1.226946 125.060793 -162.152791 0.882018 3.569772
106010422 -0.952526 -0.307800 -0.708431 1.226345 125.287301 -162.092242 0.888348 3.570487
106010423 -0.949075 -0.307800 -0.712048 1.225763 125.513997 -162.031295 0.894695 3.571133
106010424 -0.945623 -0.307800 -0.715666 1.225202 125.740874 -161.969946 0.901060 3.571711
106010425 -0.942171 -0.307800 -0.719283 1.224662 125.967924 -161.908190 0.907442 3.572219
106010426 -0.938720 -0.307800 -0.722901 1.224141 126.195138 -161.846024 0.913841 3.572657
106010427 -0.935268 -0.307800 -0.726518 1.223640 126.422510 -161.783444 0.920257 3.573026
106010428 -0.931816 -0.307800 -0.730136 1.223160 126.650031 -161.720445 0.926689 3.573324
106010429 -0.928365 -0.307800 -0.733753 1.222700 126.877694 -161.657025 0.933137 3.573551
106010430 -0.924913 -0.307800 -0.737371 1.222261 127.105490 -161.593178 0.939600 3.573707
106010431 -0.921462 -0.307800 -0.740988 1.221841 127.333412 -161.528901 0.946079 3.573792
106010432 -0.918010 -0.307800 -0.744606 1.221442 127.561452 -161.464189 0.952574 3.573806
106010433 -0.914558 -0.307800 -0.748223 1.221063 127.789601 -161.399038 0.959083 3.573747
106010434 -0.911107 -0.307800 -0.751841 1.220705 128.017852 -161.333444 0.965607 3.573616
106010435 -0.907655 -0.307800 -0.755458 1.220367 128.246197 -161.267402 0.972146 3.573413
106010436 -0.904204 -0.307800 -0.759076 1.220050 128.474627 -161.200908 0.978699 3.573137
106010437 -0.900752 -0.307800 -0.762693 1.219752 128.703134 -161.133958 0.985265 3.572788
106010438 -0.897300 -0.307800 -0.766311 1.219476 128.931710 -161.066547 0.991845 3.572366
106010439 -0.893849 -0.307800 -0.769928 1.219219 129.160347 -160.998670 0.998439 3.571870
106010440 -0.890397 -0.307800 -0.773546 1.218984 129.389037 -160.930323 1.005046 3.571300
106010441 -0.886945 -0.307800 -0.777163 1.218768 129.617771 -160.861500 1.011665 3.570656
106010442 -0.883494 -0.307800 -0.780781 1.218573 129.846542 -160.792198 1.018298 3.569938
106010443 -0.880042 -0.307800 -0.784398 1.218399 130.075340 -160.722412 1.024942 3.569145
106010444 -0.876591 -0.307800 -0.788016 1.218245 130.304158 -160.652136 1.031599 3.568278
106010445 -0.873139 -0.307800 -0.791633 1.218112 130.532986 -160.581366 1.038267 3.567336
106010446 -0.869687 -0.307800 -0.795251 1.217999 130.761818 -160.510096 1.044947 3.566319
106010447 -0.866236 -0.307800 -0.798868 1.217906 130.990644 -160.438322 1.051638 3.565226
106010448 -0.862784 -0.307800 -0.802486 1.217835 131.219456 -160.366038 1.058341 3.564058
106010449 -0.859333 -0.307800 -0.806103 1.217783 131.448246 -160.293239 1.065054 3.562814
106010450 -0.855881 -0.307800 -0.809721 1.217752 131.677005 -160.219920 1.071777 3.561494
106010451 -0.852429 -0.307800 -0.813338 1.217742 131.905724 -160.146075 1.078512 3.560098
106010452 -0.848978 -0.307800 -0.816956 1.217752 132.134396 -160.071700 1.085256 3.558626
106010453 -0.845526 -0.307800 -0.820573 1.217783 132.363012 -159.996788 1.092010 3.557078
106010454 -0.842074 -0.307800 -0.824191 1.217834 132.591563 -159.921334 1.098773 3.555453
106010455 -0.838623 -0.307800 -0.827808 1.217906 132.820042 -159.845333 1.105546 3.553752
106010456 -0.835171 -0.307800 -0.831426 1.217999 133.048439 -159.768778 1.112329 3.551973
106010457 -0.831720 -0.307800 -0.835043 1.218112 133.276746 -159.691664 1.119120 3.550118
106010458 -0.828268 -0.307800 -0.838661 1.218245 133.504955 -159.613985 1.125920 3.548186
106010459 -0.824816 -0.307800 -0.842278 1.218399 133.733057 -159.535735 1.132728 3.546177
106010460 -0.821365 -0.307800 -0.845896 1.218573 133.961043 -159.456908 1.139545 3.544090
106010461 -0.817913 -0.307800 -0.849513 1.218768 134.188906 -159.377498 1.146370 3.541926
106010462 -0.814462 -0.307800 -0.853131 1.218984 134.416637 -159.297498 1.153203 3.539684
106010463 -0.811010 -0.307800 -0.856748 1.219219 134.644228 -159.216904 1.160044 3.537365
106010464 -0.807558 -0.307800 -0.860366 1.219476 134.871669 -159.135707 1.166892 3.534969
106010465 -0.804107 -0.307800 -0.863983 1.219752 135.098954 -159.053902 1.173747 3.532494
106010466 -0.800655 -0.307800 -0.867601 1.220049 135.326072 -158.971482 1.180610 3.529942
106010467 -0.797203 -0.307800 -0.871218 1.220367 135.553016 -158.888441 1.187480 3.527312
106010468 -0.793752 -0.307800 -0.874836 1.220705 135.779778 -158.804771 1.194356 3.524604
106010469 -0.790300 -0.307800 -0.878453 1.221063 136.006349 -158.720467 1.201239 3.521818
106010470 -0.786849 -0.307800 -0.882071 1.221442 136.232721 -158.635521 1.208129 3.518954
106010471 -0.783397 -0.307800 -0.885688 1.221841 136.458886 -158.549926 1.215025 3.516012
106010472 -0.779945 -0.307800 -0.889306 1.222261 136.684834 -158.463675 1.221927 3.512991
106010473 -0.776494 -0.307800 -0.892923 1.222700 136.910559 -158.376761 1.228835 3.509893
106010474 -0.773042 -0.307800 -0.896541 1.223160 137.136051 -158.289176 1.235749 3.506716
106010475 -0.769591 -0.307800 -0.900159 1.223640 137.361303 -158.200914 1.242669 3.503461
106010476 -0.766139 -0.307800 -0.903776 1.224141 137.586306 -158.111967 1.249595 3.500128
106010477 -0.762687 -0.307800 -0.907394 1.224661 137.811053 -158.022327 1.256526 3.496717
106010478 -0.759236 -0.307800 -0.911011 1.225202 138.035534 -157.931986 1.263463 3.493227
106010479 -0.755784 -0.307800 -0.914629 1.225763 138.259742 -157.840938 1.270404 3.489659
106010480 -0.752332 -0.307800 -0.918246 1.226344 138.483669 -157.749173 1.277352 3.486013
106010481 -0.748881 -0.307800 -0.921864 1.226946 138.707307 -157.656684 1.284304 3.482288
106010482 -0.745429 -0.307800 -0.925481 1.227567 138.930647 -157.563463 1.291261 3.478485
106010483 -0.741978 -0.307800 -0.929099 1.228208 139.153682 -157.469501 1.298223 3.474604
106010484 -0.738526 -0.307800 -0.932716 1.228870 139.376404 -157.374791 1.305190 3.470644
106010485 -0.735074 -0.307800 -0.936334 1.229551 139.598804 -157.279323 1.312162 3.466606
106010486 -0.731623 -0.307800 -0.939951 1.230252 139.820876 -157.183089 1.319139 3.462490
106010487 -0.728171 -0.307800 -0.943569 1.230973 140.042611 -157.086081 1.326120 3.458295
106010488 -0.724719 -0.307800 -0.947186 1.231715 140.264001 -156.988290 1.333106 3.454022
106010489 -0.721268 -0.307800 -0.950804 1.232475 140.485038 -156.889706 1.340097 3.449671
106010490 -0.717816 -0.307800 -0.954421 1.233256 140.705716 -156.790320 1.347092 3.445241
106010491 -0.714365 -0.307800 -0.958039 1.234057 140.926025 -156.690124 1.354091 3.440733
106010492 -0.710913 -0.307800 -0.961656 1.234877 141.145959 -156.589109 1.361096 3.436147
106010493 -0.707461 -0.307800 -0.965274 1.235717 141.365510 -156.487263 1.368104 3.431483
106010494 -0.704010 -0.307800 -0.968891 1.236576 141.584670 -156.384579 1.375117 3.426740
106010495 -0.700558 -0.307800 -0.972509 1.237455 141.803432 -156.281045 1.382135 3.421919
106010496 -0.697107 -0.307800 -0.976126 1.238354 142.021789 -156.176654 1.389157 3.417020
106010497 -0.693655 -0.307800 -0.979744 1.239272 142.239732 -156.071393 1.396184 3.412043
106010498 -0.690203 -0.307800 -0.983361 1.240210 142.457254 -155.965253 1.403216 3.406988
106010499 -0.686752 -0.307800 -0.986979 1.241167 142.674349 -155.858225 1.410251 3.401854
106010500 -0.683300 -0.307800 -0.990596 1.242144 142.891009 -155.750297 1.417292 3.396642
106010501 -1.025010 -0.281400 -0.632463 1.236868 120.753304 -164.648581 0.723896 3.579954
106010502 -1.021558 -0.281400 -0.636081 1.235867 120.976327 -164.599170 0.729468 3.582149
106010503 -1.018107 -0.281400 -0.639698 1.234885 121.199689 -164.549449 0.735060 3.584283
106010504 -1.014655 -0.281400 -0.643316 1.233923 121.423384 -164.499413 0.740673 3.586357
106010505 -1.011204 -0.281400 -0.646933 1.232981 121.647405 -164.449060 0.746308 3.588370
106010506 -1.007752 -0.281400 -0.650551 1.232058 121.871745 -164.398387 0.751962 3.590322
106010507 -1.004300 -0.281400 -0.654168 1.231154 122.096397 -164.347391 0.757637 3.592212
106010508 -1.000849 -0.281400 -0.657786 1.230271 122.321356 -164.296069 0.763332 3.594040
106010509 -0.997397 -0.281400 -0.661403 1.229407 122.546613 -164.244418 0.769047 3.595805
106010510 -0.993946 -0.281400 -0.665021 1.228563 122.772162 -164.192434 0.774782 3.597507
106010511 -0.990494 -0.281400 -0.668638 1.227738 122.997996 -164.140116 0.780536 3.599146
106010512 -0.987042 -0.281400 -0.672256 1.226934 123.224108 -164.087459 0.786310 3.600720
106010513 -0.983591 -0.281400 -0.675873 1.226149 123.450490 -164.034460 0.792102 3.602230
106010514 -0.980139 -0.281400 -0.679491 1.225384 123.677137 -163.981116 0.797913 3.603676
106010515 -0.976687 -0.281400 -0.683108 1.224639 123.904039 -163.927424 0.803743 3.605056
106010516 -0.973236 -0.281400 -0.686726 1.223914 124.131191 -163.873380 0.809591 3.606370
106010517 -0.969784 -0.281400 -0.690343 1.223209 124.358584 -163.818982 0.815457 3.607618
106010518 -0.966333 -0.281400 -0.693961 1.222524 124.586211 -163.764225 0.821341 3.608800
106010519 -0.962881 -0.281400 -0.697578 1.221860 124.814066 -163.709106 0.827243 3.609915
106010520 -0.959429 -0.281400 -0.701196 1.221215 125.042139 -163.653622 0.833162 3.610963
106010521 -0.955978 -0.281400 -0.704813 1.220590 125.270424 -163.597770 0.839098 3.611943
106010522 -0.952526 -0.281400 -0.708431 1.219986 125.498914 -163.541544 0.845051 3.612856
106010523 -0.949075 -0.281400 -0.712048 1.219402 125.727600 -163.484943 0.851020 3.613700
106010524 -0.945623 -0.281400 -0.715666 1.218838 125.956474 -163.427962 0.857006 3.614475
106010525 -0.942171 -0.281400 -0.719283 1.218294 126.185530 -163.370598 0.863008 3.615182
106010526 -0.938720 -0.281400 -0.722901 1.217771 126.414758 -163.312847 0.869027 3.615819
106010527 -0.935268 -0.281400 -0.726518 1.217268 126.644152 -163.254704 0.875060 3.616386
106010528 -0.931816 -0.281400 -0.730136 1.216785 126.873704 -163.196167 0.881110 3.616883
106010529 -0.928365 -0.281400 -0.733753 1.216323 127.103404 -163.137231 0.887174 3.617311
106010530 -0.924913 -0.281400 -0.737371 1.215881 127.333247 -163.077892 0.893253 3.617667
106010531 -0.921462 -0.281400 -0.740988 1.215459 127.563222 -163.018146 0.899347 3.617953
106010532 -0.918010 -0.281400 -0.744606 1.215058 127.793323 -162.957990 0.905456 3.618167
106010533 -0.914558 -0.281400 -0.748223 1.214677 128.023542 -162.897419 0.911579 3.618310
106010534 -0.911107 -0.281400 -0.751841 1.214317 128.253869 -162.836428 0.917715 3.618381
106010535 -0.907655 -0.281400 -0.755458 1.213977 128.484298 -162.775014 0.923866 3.618379
106010536 -0.904204 -0.281400 -0.759076 1.213658 128.714820 -162.713173 0.930030 3.618306
106010537 -0.900752 -0.281400 -0.762693 1.213359 128.945426 -162.650900 0.936207 3.618160
106010538 -0.897300 -0.281400 -0.766311 1.213081 129.176108 -162.588190 0.942397 3.617941
106010539 -0.893849 -0.281400 -0.769928 1.212824 129.406858 -162.525040 0.948600 3.617649
106010540 -0.890397 -0.281400 -0.773546 1.212587 129.637668 -162.461444 0.954816 3.617284
106010541 -0.886945 -0.281400 -0.777163 1.212370 129.868530 -162.397398 0.961044 3.616845
106010542 -0.883494 -0.281400 -0.780781 1.212174 130.099435 -162.332898 0.967284 3.616332
106010543 -0.880042 -0.281400 -0.784398 1.211999 130.330374 -162.267939 0.973536 3.615745
106010544 -0.876591 -0.281400 -0.788016 1.211844 130.561340 -162.202516 0.979799 3.615084
106010545 -0.873139 -0.281400 -0.791633 1.211710 130.792323 -162.136624 0.986074 3.614349
106010546 -0.869687 -0.281400 -0.795251 1.211596 131.023316 -162.070258 0.992360 3.613539
106010547 -0.866236 -0.281400 -0.798868 1.211504 131.254310 -162.003414 0.998658 3.612654
106010548 -0.862784 -0.281400 -0.802486 1.211431 131.485297 -161.936086 1.004966 3.611694
106010549 -0.859333 -0.281400 -0.806103 1.211380 131.716267 -161.868270 1.011284 3.610659
106010550 -0.855881 -0.281400 -0.809721 1.211349 131.947213 -161.799959 1.017613 3.609549
106010551 -0.852429 -0.281400 -0.813338 1.211339 132.178127 -161.731150 1.023952 3.608363
106010552 -0.848978 -0.281400 -0.816956 1.211349 132.408998 -161.661836 1.030301 3.607102
106010553 -0.845526 -0.281400 -0.820573 1.211380 132.639820 -161.592013 1.036660 3.605765
106010554 -0.842074 -0.281400 -0.824191 1.211431 132.870584 -161.521675 1.043028 3.604352
106010555 -0.838623 -0.281400 -0.827808 1.211504 133.101280 -161.450816 1.049405 3.602863
106010556 -0.835171 -0.281400 -0.831426 1.211596 133.331901 -161.379430 1.055792 3.601298
106010557 -0.831720 -0.281400 -0.835043 1.211710 133.562438 -161.307513 1.062188 3.599657
106010558 -0.828268 -0.281400 -0.838661 1.211844 133.792883 -161.235058 1.068592 3.597939
106010559 -0.824816 -0.281400 -0.842278 1.211999 134.023226 -161.162060 1.075005 3.596145
106010560 -0.821365 -0.281400 -0.845896 1.212174 134.253460 -161.088513 1.081427 3.594275
106010561 -0.817913 -0.281400 -0.849513 1.212370 134.483576 -161.014410 1.087857 3.592327
106010562 -0.814462 -0.281400 -0.853131 1.212586 134.713566 -160.939746 1.094295 3.590303
106010563 -0.811010 -0.281400 -0.856748 1.212824 134.943420 -160.864514 1.100741 3.588202
106010564 -0.807558 -0.281400 -0.860366 1.213081 135.173131 -160.788709 1.107194 3.586025
106010565 -0.804107 -0.281400 -0.863983 1.213359 135.402690 -160.712324 1.113656 3.583770
106010566 -0.800655 -0.281400 -0.867601 1.213658 135.632088 -160.635352 1.120125 3.581439
106010567 -0.797203 -0.281400 -0.871218 1.213977 135.861318 -160.557787 1.126601 3.579030
106010568 -0.793752 -0.281400 -0.874836 1.214317 136.090370 -160.479623 1.133084 3.576545
106010569 -0.790300 -0.281400 -0.878453 1.214677 136.319237 -160.400852 1.139575 3.573982
106010570 -0.786849 -0.281400 -0.882071 1.215058 136.547910 -160.321469 1.146073 3.571342
106010571 -0.783397 -0.281400 -0.885688 1.215459 136.776380 -160.241465 1.152577 3.568625
106010572 -0.779945 -0.281400 -0.889306 1.215881 137.004640 -160.160835 1.159089 3.565831
106010573 -0.776494 -0.281400 -0.892923 1.216323 137.232680 -160.079570 1.165607 3.562960
106010574 -0.773042 -0.281400 -0.896541 1.216785 137.460493 -159.997665 1.172131 3.560011
106010575 -0.769591 -0.281400 -0.900159 1.217268 137.688070 -159.915111 1.178663 3.556985
106010576 -0.766139 -0.281400 -0.903776 1.217771 137.915404 -159.831902 1.185200 3.553883
106010577 -0.762687 -0.281400 -0.907394 1.218294 138.142485 -159.748029 1.191744 3.550702
106010578 -0.759236 -0.281400 -0.911011 1.218838 138.369306 -159.663485 1.198294 3.547445
106010579 -0.755784 -0.281400 -0.914629 1.219402 138.595859 -159.578263 1.204851 3.544111
106010580 -0.752332 -0.281400 -0.918246 1.219986 138.822135 -159.492354 1.211413 3.540699
106010581 -0.748881 -0.281400 -0.921864 1.220590 139.048127 -159.405751 1.217982 3.537210
106010582 -0.745429 -0.281400 -0.925481 1.221215 139.273826 -159.318446 1.224557 3.533644
106010583 -0.741978 -0.281400 -0.929099 1.221860 139.499224 -159.230430 1.231137 3.530001
106010584 -0.738526 -0.281400 -0.932716 1.222524 139.724313 -159.141696 1.237724 3.526281
106010585 -0.735074 -0.281400 -0.936334 1.223209 139.949086 -159.052234 1.244317 3.522483
106010586 -0.731623 -0.281400 -0.939951 1.223914 140.173534 -158.962036 1.250915 3.518609
106010587 -0.728171 -0.281400 -0.943569 1.224639 140.397649 -158.871094 1.257520 3.514658
106010588 -0.724719 -0.281400 -0.947186 1.225384 140.621425 -158.779398 1.264131 3.510629
106010589 -0.721268 -0.281400 -0.950804 1.226149 140.844852 -158.686941 1.270747 3.506524
106010590 -0.717816 -0.281400 -0.954421 1.226933 141.067924 -158.593712 1.277370 3.502342
106010591 -0.714365 -0.281400 -0.958039 1.227738 141.290632 -158.499703 1.283998 3.498083
106010592 -0.710913 -0.281400 -0.961656 1.228562 141.512969 -158.404904 1.290633 3.493748
106010593 -0.707461 -0.281400 -0.965274 1.229407 141.734927 -158.309306 1.297274 3.489335
106010594 -0.704010 -0.281400 -0.968891 1.230271 141.956499 -158.212899 1.303920 3.484846
106010595 -0.700558 -0.281400 -0.972509 1.231154 142.177677 -158.115673 1.310573 3.480281
106010596 -0.697107 -0.281400 -0.976126 1.232058 142.398453 -158.017620 1.317232 3.475638
106010597 -0.693655 -0.281400 -0.979744 1.232980 142.618821 -157.918727 1.323898 3.470919
106010598 -0.690203 -0.281400 -0.983361 1.233923 142.838773 -157.818986 1.330570 3.466124
106010599 -0.686752 -0.281400 -0.986979 1.234885 143.058301 -157.718386 1.337248 3.461252
106010600 -0.683300 -0.281400 -0.990596 1.235866 143.277399 -157.616916 1.343933 3.456304
106010601 -1.025010 -0.255000 -0.632463 1.231130 120.912325 -166.029670 0.686088 3.615272
106010602 -1.021558 -0.255000 -0.636081 1.230124 121.137024 -165.984325 0.691279 3.617646
106010603 -1.018107 -0.255000 -0.639698 1.229138 121.362072 -165.938691 0.696489 3.619960
106010604 -1.014655 -0.255000 -0.643316 1.228172 121.587461 -165.892765 0.701718 3.622215
106010605 -1.011204 -0.255000 -0.646933 1.227225 121.813185 -165.846544 0.706966 3.624409
106010606 -1.007752 -0.255000 -0.650551 1.226297 122.039237 -165.800025 0.712234 3.626542
106010607 -1.004300 -0.255000 -0.654168 1.225390 122.265610 -165.753205 0.717520 3.628614
106010608 -1.000849 -0.255000 -0.657786 1.224502 122.492298 -165.706083 0.722825 3.630623
106010609 -0.997397 -0.255000 -0.661403 1.223634 122.719294 -165.658654 0.728147 3.632571
106010610 -0.993946 -0.255000 -0.665021 1.222786 122.946590 -165.610916 0.733489 3.634456
106010611 -0.990494 -0.255000 -0.668638 1.221958 123.174180 -165.562866 0.738848 3.636277
106010612 -0.987042 -0.255000 -0.672256 1.221149 123.402056 -165.514501 0.744224 3.638035
106010613 -0.983591 -0.255000 -0.675873 1.220361 123.630211 -165.465818 0.749619 3.639729
106010614 -0.980139 -0.255000 -0.679491 1.219592 123.858639 -165.416813 0.755030 3.641359
106010615 -0.976687 -0.255000 -0.683108 1.218844 124.087331 -165.367484 0.760459 3.642924
106010616 -0.973236 -0.255000 -0.686726 1.218115 124.316281 -165.317828 0.765905 3.644423
106010617 -0.969784 -0.255000 -0.690343 1.217407 124.545480 -165.267841 0.771367 3.645857
106010618 -0.966333 -0.255000 -0.693961 1.216719 124.774922 -165.217520 0.776846 3.647225
106010619 -0.962881 -0.255000 -0.697578 1.216051 125.004600 -165.166862 0.782341 3.648527
106010620 -0.959429 -0.255000 -0.701196 1.215403 125.234504 -165.115863 0.787852 3.649761
106010621 -0.955978 -0.255000 -0.704813 1.214776 125.464629 -165.064521 0.793378 3.650929
106010622 -0.952526 -0.255000 -0.708431 1.214169 125.694965 -165.012831 0.798921 3.652029
106010623 -0.949075 -0.255000 -0.712048 1.213582 125.925506 -164.960791 0.804479 3.653061
106010624 -0.945623 -0.255000 -0.715666 1.213015 126.156244 -164.908396 0.810051 3.654025
106010625 -0.942171 -0.255000 -0.719283 1.212469 126.387170 -164.855643 0.815639 3.654920
106010626 -0.938720 -0.255000 -0.722901 1.211943 126.618278 -164.802529 0.821242 3.655746
106010627 -0.935268 -0.255000 -0.726518 1.211437 126.849558 -164.749050 0.826859 3.656503
106010628 -0.931816 -0.255000 -0.730136 1.210952 127.081003 -164.695203 0.832490 3.657191
106010629 -0.928365 -0.255000 -0.733753 1.210488 127.312606 -164.640983 0.838136 3.657809
106010630 -0.924913 -0.255000 -0.737371 1.210043 127.544357 -164.586386 0.843795 3.658356
106010631 -0.921462 -0.255000 -0.740988 1.209620 127.776250 -164.531410 0.849468 3.658834
106010632 -0.918010 -0.255000 -0.744606 1.209217 128.008275 -164.476050 0.855154 3.659240
106010633 -0.914558 -0.255000 -0.748223 1.208834 128.240425 -164.420302 0.860854 3.659575
106010634 -0.911107 -0.255000 -0.751841 1.208472 128.472691 -164.364162 0.866567 3.659839
106010635 -0.907655 -0.255000 -0.755458 1.208131 128.705066 -164.307627 0.872292 3.660032
106010636 -0.904204 -0.255000 -0.759076 1.207810 128.937540 -164.250691 0.878030 3.660152
106010637 -0.900752 -0.255000 -0.762693 1.207510 129.170107 -164.193351 0.883780 3.660201
106010638 -0.897300 -0.255000 -0.766311 1.207230 129.402756 -164.135603 0.889543 3.660177
106010639 -0.893849 -0.255000 -0.769928 1.206971 129.635481 -164.077443 0.895317 3.660081
106010640 -0.890397 -0.255000 -0.773546 1.206733 129.868272 -164.018865 0.901103 3.659912
106010641 -0.886945 -0.255000 -0.777163 1.206516 130.101122 -163.959867 0.906901 3.659669
106010642 -0.883494 -0.255000 -0.780781 1.206319 130.334021 -163.900443 0.912710 3.659354
106010643 -0.880042 -0.255000 -0.784398 1.206143 130.566962 -163.840588 0.918530 3.658965
106010644 -0.876591 -0.255000 -0.788016 1.205987 130.799936 -163.780299 0.924361 3.658503
106010645 -0.873139 -0.255000 -0.791633 1.205852 131.032934 -163.719571 0.930203 3.657967
106010646 -0.869687 -0.255000 -0.795251 1.205738 131.265948 -163.658398 0.936055 3.657356
106010647 -0.866236 -0.255000 -0.798868 1.205645 131.498969 -163.596777 0.941918 3.656672
106010648 -0.862784 -0.255000 -0.802486 1.205572 131.731990 -163.534702 0.947791 3.655913
106010649 -0.859333 -0.255000 -0.806103 1.205521 131.965001 -163.472169 0.953674 3.655080
106010650 -0.855881 -0.255000 -0.809721 1.205490 132.197994 -163.409172 0.959567 3.654172
106010651 -0.852429 -0.255000 -0.813338 1.205479 132.430960 -163.345707 0.965469 3.653190
106010652 -0.848978 -0.255000 -0.816956 1.205490 132.663891 -163.281768 0.971381 3.652132
106010653 -0.845526 -0.255000 -0.820573 1.205521 132.896778 -163.217351 0.977302 3.651000
106010654 -0.842074 -0.255000 -0.824191 1.205572 133.129612 -163.152450 0.983233 3.649792
106010655 -0.838623 -0.255000 -0.827808 1.205645 133.362386 -163.087060 0.989172 3.648509
106010656 -0.835171 -0.255000 -0.831426 1.205738 133.595090 -163.021175 0.995120 3.647151
106010657 -0.831720 -0.255000 -0.835043 1.205852 133.827716 -162.954790 1.001077 3.645717
106010658 -0.828268 -0.255000 -0.838661 1.205987 134.060255 -162.887899 1.007043 3.644208
106010659 -0.824816 -0.255000 -0.842278 1.206143 134.292699 -162.820497 1.013017 3.642623
106010660 -0.821365 -0.255000 -0.845896 1.206319 134.525039 -162.752579 1.018999 3.640963
106010661 -0.817913 -0.255000 -0.849513 1.206516 134.757267 -162.684138 1.024989 3.639226
106010662 -0.814462 -0.255000 -0.853131 1.206733 134.989373 -162.615168 1.030988 3.637414
106010663 -0.811010 -0.255000 -0.856748 1.206971 135.221351 -162.545664 1.036994 3.635526
106010664 -0.807558 -0.255000 -0.860366 1.207230 135.453190 -162.475619 1.043008 3.633562
106010665 -0.804107 -0.255000 -0.863983 1.207510 135.684883 -162.405028 1.049029 3.631523
106010666 -0.800655 -0.255000 -0.867601 1.207810 135.916420 -162.333884 1.055059 3.629407
106010667 -0.797203 -0.255000 -0.871218 1.208131 136.147795 -162.262181 1.061095 3.627215
106010668 -0.793752 -0.255000 -0.874836 1.208472 136.378997 -162.189912 1.067139 3.624947
106010669 -0.790300 -0.255000 -0.878453 1.208834 136.610019 -162.117071 1.073191 3.622603
106010670 -0.786849 -0.255000 -0.882071 1.209217 136.840852 -162.043652 1.079249 3.620183
106010671 -0.783397 -0.255000 -0.885688 1.209620 137.071488 -161.969648 1.085315 3.617687
106010672 -0.779945 -0.255000 -0.889306 1.210043 137.301918 -161.895051 1.091387 3.615115
106010673 -0.776494 -0.255000 -0.892923 1.210487 137.532135 -161.819856 1.097467 3.612467
106010674 -0.773042 -0.255000 -0.896541 1.210952 137.762129 -161.744055 1.103554 3.609743
106010675 -0.769591 -0.255000 -0.900159 1.211437 137.991892 -161.667641 1.109647 3.606943
106010676 -0.766139 -0.255000 -0.903776 1.211943 138.221417 -161.590607 1.115747 3.604067
106010677 -0.762687 -0.255000 -0.907394 1.212469 138.450694 -161.512945 1.121854 3.601115
106010678 -0.759236 -0.255000 -0.911011 1.213015 138.679716 -161.434648 1.127968 3.598087
106010679 -0.755784 -0.255000 -0.914629 1.213581 138.908475 -161.355710 1.134089 3.594983
106010680 -0.752332 -0.255000 -0.918246 1.214168 139.136962 -161.276121 1.140216 3.591803
106010681 -0.748881 -0.255000 -0.921864 1.214776 139.365170 -161.195874 1.146350 3.588548
106010682 -0.745429 -0.255000 -0.925481 1.215403 139.593089 -161.114962 1.152491 3.585217
106010683 -0.741978 -0.255000 -0.929099 1.216051 139.820713 -161.033376 1.158638 3.581810
106010684 -0.738526 -0.255000 -0.932716 1.216719 140.048032 -160.951109 1.164793 3.578327
106010685 -0.735074 -0.255000 -0.936334 1.217407 140.275040 -160.868151 1.170954 3.574769
106010686 -0.731623 -0.255000 -0.939951 1.218115 140.501729 -160.784496 1.177121 3.571136
106010687 -0.728171 -0.255000 -0.943569 1.218844 140.728089 -160.700133 1.183296 3.567427
106010688 -0.724719 -0.255000 -0.947186 1.219592 140.954114 -160.615055 1.189478 3.563643
106010689 -0.721268 -0.255000 -0.950804 1.220361 141.179796 -160.529253 1.195666 3.559783
106010690 -0.717816 -0.255000 -0.954421 1.221149 141.405127 -160.442718 1.201862 3.555848
106010691 -0.714365 -0.255000 -0.958039 1.221957 141.630099 -160.355440 1.208064 3.551839
106010692 -0.710913 -0.255000 -0.961656 1.222786 141.854705 -160.267412 1.214274 3.547754
106010693 -0.707461 -0.255000 -0.965274 1.223634 142.078937 -160.178622 1.220491 3.543594
106010694 -0.704010 -0.255000 -0.968891 1.224502 142.302788 -160.089063 1.226715 3.539359
106010695 -0.700558 -0.255000 -0.972509 1.225390 142.526249 -159.998724 1.232947 3.535050
106010696 -0.697107 -0.255000 -0.976126 1.226297 142.749314 -159.907595 1.239186 3.530665
106010697 -0.693655 -0.255000 -0.979744 1.227224 142.971975 -159.815667 1.245433 3.526206
106010698 -0.690203 -0.255000 -0.983361 1.228171 143.194225 -159.722930 1.251687 3.521673
106010699 -0.686752 -0.255000 -0.986979 1.229138 143.416056 -159.629372 1.257950 3.517065
106010700 -0.683300 -0.255000 -0.990596 1.230124 143.637461 -159.534985 1.264221 3.512382
106010701 -1.025010 -0.228600 -0.632463 1.225934 121.057847 -167.427522 0.646198 3.647387
106010702 -1.021558 -0.228600 -0.636081 1.224924 121.284088 -167.386399 0.650980 3.649929
106010703 -1.018107 -0.228600 -0.639698 1.223934 121.510685 -167.345011 0.655780 3.652411
106010704 -1.014655 -0.228600 -0.643316 1.222963 121.737633 -167.303355 0.660597 3.654833
106010705 -1.011204 -0.228600 -0.646933 1.222012 121.964924 -167.261429 0.665432 3.657195
106010706 -1.007752 -0.228600 -0.650551 1.221081 122.192551 -167.219229 0.670283 3.659497
106010707 -1.004300 -0.228600 -0.654168 1.220169 122.420508 -167.176753 0.675152 3.661738
106010708 -1.000849 -0.228600 -0.657786 1.219278 122.648788 -167.133999 0.680037 3.663918
106010709 -0.997397 -0.228600 -0.661403 1.218406 122.877383 -167.090964 0.684939 3.666035
106010710 -0.993946 -0.228600 -0.665021 1.217554 123.106287 -167.047645 0.689857 3.668090
106010711 -0.990494 -0.228600 -0.668638 1.216722 123.335493 -167.004039 0.694791 3.670083
106010712 -0.987042 -0.228600 -0.672256 1.215910 123.564994 -166.960144 0.699741 3.672012
106010713 -0.983591 -0.228600 -0.675873 1.215119 123.794781 -166.915956 0.704707 3.673878
106010714 -0.980139 -0.228600 -0.679491 1.214347 124.024849 -166.871473 0.709689 3.675680
106010715 -0.976687 -0.228600 -0.683108 1.213595 124.255189 -166.826692 0.714686 3.677417
106010716 -0.973236 -0.228600 -0.686726 1.212864 124.485795 -166.781610 0.719698 3.679089
106010717 -0.969784 -0.228600 -0.690343 1.212152 124.716658 -166.736223 0.724725 3.680697
106010718 -0.966333 -0.228600 -0.693961 1.211461 124.947772 -166.690530 0.729767 3.682239
106010719 -0.962881 -0.228600 -0.697578 1.210790 125.179129 -166.644527 0.734824 3.683714
106010720 -0.959429 -0.228600 -0.701196 1.210140 125.410720 -166.598210 0.739895 3.685124
106010721 -0.955978 -0.228600 -0.704813 1.209509 125.642539 -166.551577 0.744980 3.686466
106010722 -0.952526 -0.228600 -0.708431 1.208900 125.874578 -166.504624 0.750079 3.687742
106010723 -0.949075 -0.228600 -0.712048 1.208310 126.106829 -166.457348 0.755192 3.688950
106010724 -0.945623 -0.228600 -0.715666 1.207741 126.339284 -166.409746 0.760319 3.690091
106010725 -0.942171 -0.228600 -0.719283 1.207192 126.571935 -166.361815 0.765459 3.691163
106010726 -0.938720 -0.228600 -0.722901 1.206664 126.804774 -166.313551 0.770613 3.692167
106010727 -0.935268 -0.228600 -0.726518 1.206156 127.037794 -166.264951 0.775779 3.693103
106010728 -0.931816 -0.228600 -0.730136 1.205669 127.270985 -166.216011 0.780959 3.693969
106010729 -0.928365 -0.228600 -0.733753 1.205203 127.504342 -166.166727 0.786151 3.694766
106010730 -0.924913 -0.228600 -0.737371 1.204756 127.737854 -166.117098 0.791356 3.695493
106010731 -0.921462 -0.228600 -0.740988 1.204331 127.971514 -166.067117 0.796573 3.696150
106010732 -0.918010 -0.228600 -0.744606 1.203926 128.205315 -166.016783 0.801802 3.696737
106010733 -0.914558 -0.228600 -0.748223 1.203542 128.439247 -165.966091 0.807043 3.697254
106010734 -0.911107 -0.228600 -0.751841 1.203178 128.673302 -165.915038 0.812295 3.697700
106010735 -0.907655 -0.228600 -0.755458 1.202835 128.907472 -165.863619 0.817560 3.698074
106010736 -0.904204 -0.228600 -0.759076 1.202513 129.141750 -165.811832 0.822835 3.698378
106010737 -0.900752 -0.228600 -0.762693 1.202212 129.376125 -165.759671 0.828122 3.698610
106010738 -0.897300 -0.228600 -0.766311 1.201931 129.610591 -165.707134 0.833420 3.698770
106010739 -0.893849 -0.228600 -0.769928 1.201671 129.845138 -165.654216 0.838728 3.698858
106010740 -0.890397 -0.228600 -0.773546 1.201432 130.079759 -165.600912 0.844047 3.698875
106010741 -0.886945 -0.228600 -0.777163 1.201213 130.314444 -165.547220 0.849377 3.698818
106010742 -0.883494 -0.228600 -0.780781 1.201015 130.549186 -165.493134 0.854717 3.698689
106010743 -0.880042 -0.228600 -0.784398 1.200838 130.783976 -165.438651 0.860067 3.698488
106010744 -0.876591 -0.228600 -0.788016 1.200682 131.018805 -165.383766 0.865427 3.698213
106010745 -0.873139 -0.228600 -0.791633 1.200547 131.253665 -165.328474 0.870797 3.697866
106010746 -0.869687 -0.228600 -0.795251 1.200432 131.488546 -165.272772 0.876176 3.697445
106010747 -0.866236 -0.228600 -0.798868 1.200339 131.723442 -165.216655 0.881565 3.696950
106010748 -0.862784 -0.228600 -0.802486 1.200266 131.958343 -165.160118 0.886964 3.696382
106010749 -0.859333 -0.228600 -0.806103 1.200214 132.193240 -165.103157 0.892371 3.695741
106010750 -0.855881 -0.228600 -0.809721 1.200182 132.428125 -165.045767 0.897787 3.695025
106010751 -0.852429 -0.228600 -0.813338 1.200172 132.662990 -164.987944 0.903213 3.694235
106010752 -0.848978 -0.228600 -0.816956 1.200182 132.897825 -164.929682 0.908647 3.693372
106010753 -0.845526 -0.228600 -0.820573 1.200214 133.132622 -164.870976 0.914089 3.692434
106010754 -0.842074 -0.228600 -0.824191 1.200266 133.367373 -164.811822 0.919541 3.691421
106010755 -0.838623 -0.228600 -0.827808 1.200339 133.602069 -164.752215 0.925000 3.690335
106010756 -0.835171 -0.228600 -0.831426 1.200432 133.836700 -164.692149 0.930468 3.689174
106010757 -0.831720 -0.228600 -0.835043 1.200547 134.071260 -164.631620 0.935943 3.687938
106010758 -0.828268 -0.228600 -0.838661 1.200682 134.305738 -164.570621 0.941427 3.686628
106010759 -0.824816 -0.228600 -0.842278 1.200838 134.540127 -164.509149 0.946919 3.685243
106010760 -0.821365 -0.228600 -0.845896 1.201015 134.774417 -164.447196 0.952418 3.683783
106010761 -0.817913 -0.228600 -0.849513 1.201213 135.008601 -164.384759 0.957925 3.682248
106010762 -0.814462 -0.228600 -0.853131 1.201432 135.242669 -164.321831 0.963440 3.680639
106010763 -0.811010 -0.228600 -0.856748 1.201671 135.476614 -164.258406 0.968962 3.678955
106010764 -0.807558 -0.228600 -0.860366 1.201931 135.710425 -164.194480 0.974491 3.677196
106010765 -0.804107 -0.228600 -0.863983 1.202212 135.944096 -164.130045 0.980028 3.675362
106010766 -0.800655 -0.228600 -0.867601 1.202513 136.177617 -164.065097 0.985572 3.673453
106010767 -0.797203 -0.228600 -0.871218 1.202835 136.410980 -163.999629 0.991123 3.671469
106010768 -0.793752 -0.228600 -0.874836 1.203178 136.644176 -163.933634 0.996681 3.669411
106010769 -0.790300 -0.228600 -0.878453 1.203542 136.877197 -163.867108 1.002247 3.667277
106010770 -0.786849 -0.228600 -0.882071 1.203926 137.110035 -163.800043 1.007819 3.665069
106010771 -0.783397 -0.228600 -0.885688 1.204331 137.342680 -163.732434 1.013399 3.662786
106010772 -0.779945 -0.228600 -0.889306 1.204756 137.575125 -163.664273 1.018985 3.660428
106010773 -0.776494 -0.228600 -0.892923 1.205202 137.807362 -163.595555 1.024578 3.657995
106010774 -0.773042 -0.228600 -0.896541 1.205669 138.039381 -163.526272 1.030178 3.655487
106010775 -0.769591 -0.228600 -0.900159 1.206156 138.271175 -163.456417 1.035785 3.652905
106010776 -0.766139 -0.228600 -0.903776 1.206664 138.502735 -163.385985 1.041399 3.650249
106010777 -0.762687 -0.228600 -0.907394 1.207192 138.734052 -163.314967 1.047020 3.647517
106010778 -0.759236 -0.228600 -0.911011 1.207741 138.965120 -163.243357 1.052648 3.644712
106010779 -0.755784 -0.228600 -0.914629 1.208310 139.195929 -163.171148 1.058282 3.641832
106010780 -0.752332 -0.228600 -0.918246 1.208899 139.426472 -163.098331 1.063924 3.638877
106010781 -0.748881 -0.228600 -0.921864 1.209509 139.656740 -163.024901 1.069572 3.635848
106010782 -0.745429 -0.228600 -0.925481 1.210140 139.886725 -162.950849 1.075227 3.632746
106010783 -0.741978 -0.228600 -0.929099 1.210790 140.116420 -162.876167 1.080890 3.629569
106010784 -0.738526 -0.228600 -0.932716 1.211461 140.345815 -162.800848 1.086559 3.626318
106010785 -0.735074 -0.228600 -0.936334 1.212152 140.574904 -162.724883 1.092236 3.622993
106010786 -0.731623 -0.228600 -0.939951 1.212863 140.803678 -162.648266 1.097920 3.619594
106010787 -0.728171 -0.228600 -0.943569 1.213595 141.032130 -162.570987 1.103611 3.616122
106010788 -0.724719 -0.228600 -0.947186 1.214347 141.260251 -162.493038 1.109309 3.612576
106010789 -0.721268 -0.228600 -0.950804 1.215118 141.488034 -162.414411 1.115015 3.608957
106010790 -0.717816 -0.228600 -0.954421 1.215910 141.715471 -162.335097 1.120728 3.605264
106010791 -0.714365 -0.228600 -0.958039 1.216722 141.942554 -162.255087 1.126449 3.601499
106010792 -0.710913 -0.228600 -0.961656 1.217554 142.169276 -162.174374 1.132178 3.597660
106010793 -0.707461 -0.228600 -0.965274 1.218406 142.395630 -162.092946 1.137915 3.593748
106010794 -0.704010 -0.228600 -0.968891 1.219278 142.621606 -162.010796 1.143660 3.589763
106010795 -0.700558 -0.228600 -0.972509 1.220169 142.847200 -161.927914 1.149413 3.585706
106010796 -0.697107 -0.228600 -0.976126 1.221081 143.072401 -161.844291 1.155174 3.581575
106010797 -0.693655 -0.228600 -0.979744 1.222012 143.297204 -161.759916 1.160944 3.577373
106010798 -0.690203 -0.228600 -0.983361 1.222963 143.521602 -161.674781 1.166723 3.573098
106010799 -0.686752 -0.228600 -0.986979 1.223933 143.745585 -161.588875 1.172510 3.568750
106010800 -0.683300 -0.228600 -0.990596 1.224924 143.969149 -161.502188 1.178307 3.564331
