# pixelID   x   y   z   l2  two_theta   azimuthal   polar_width azimuthal_width
105020001 -1.112781 -0.554040 0.212525 1.261114 80.298126 -153.531871 1.123193 3.599414
105020002 -1.111605 -0.554040 0.207665 1.259266 80.508002 -153.507685 1.114624 3.604762
105020003 -1.110429 -0.554040 0.202806 1.257435 80.718493 -153.483458 1.105963 3.610076
105020004 -1.109252 -0.554040 0.197946 1.255621 80.929598 -153.459190 1.097210 3.615355
105020005 -1.108076 -0.554040 0.193086 1.253824 81.141311 -153.434880 1.088365 3.620600
105020006 -1.106900 -0.554040 0.188227 1.252045 81.353631 -153.410529 1.079429 3.625808
105020007 -1.105723 -0.554040 0.183367 1.250283 81.566554 -153.386137 1.070401 3.630980
105020008 -1.104547 -0.554040 0.178507 1.248539 81.780077 -153.361703 1.061281 3.636115
105020009 -1.103371 -0.554040 0.173648 1.246812 81.994195 -153.337228 1.052069 3.641212
105020010 -1.102194 -0.554040 0.168788 1.245103 82.208906 -153.312710 1.042766 3.646271
105020011 -1.101018 -0.554040 0.163928 1.243412 82.424205 -153.288151 1.033372 3.651292
105020012 -1.099842 -0.554040 0.159069 1.241738 82.640089 -153.263550 1.023887 3.656273
105020013 -1.098665 -0.554040 0.154209 1.240083 82.856553 -153.238908 1.014310 3.661214
105020014 -1.097489 -0.554040 0.149350 1.238445 83.073595 -153.214223 1.004643 3.666114
105020015 -1.096313 -0.554040 0.144490 1.236826 83.291209 -153.189495 0.994885 3.670974
105020016 -1.095136 -0.554040 0.139630 1.235225 83.509392 -153.164726 0.985037 3.675792
105020017 -1.093960 -0.554040 0.134771 1.233641 83.728140 -153.139914 0.975099 3.680567
105020018 -1.092784 -0.554040 0.129911 1.232077 83.947448 -153.115059 0.965071 3.685299
105020019 -1.091607 -0.554040 0.125051 1.230530 84.167311 -153.090162 0.954953 3.689988
105020020 -1.090431 -0.554040 0.120192 1.229002 84.387725 -153.065223 0.944746 3.694633
105020021 -1.089254 -0.554040 0.115332 1.227492 84.608686 -153.040240 0.934451 3.699234
105020022 -1.088078 -0.554040 0.110472 1.226001 84.830189 -153.015215 0.924067 3.703789
105020023 -1.086902 -0.554040 0.105613 1.224528 85.052229 -152.990146 0.913594 3.708298
105020024 -1.085725 -0.554040 0.100753 1.223074 85.274801 -152.965035 0.903034 3.712761
105020025 -1.084549 -0.554040 0.095893 1.221639 85.497901 -152.939880 0.892387 3.717176
105020026 -1.083373 -0.554040 0.091034 1.220223 85.721523 -152.914682 0.881652 3.721545
105020027 -1.082196 -0.554040 0.086174 1.218825 85.945661 -152.889440 0.870832 3.725865
105020028 -1.081020 -0.554040 0.081314 1.217447 86.170312 -152.864155 0.859925 3.730136
105020029 -1.079844 -0.554040 0.076455 1.216087 86.395469 -152.838827 0.848933 3.734359
105020030 -1.078667 -0.554040 0.071595 1.214747 86.621128 -152.813454 0.837856 3.738531
105020031 -1.077491 -0.554040 0.066735 1.213425 86.847282 -152.788038 0.826695 3.742653
105020032 -1.076315 -0.554040 0.061876 1.212123 87.073926 -152.762578 0.815450 3.746724
105020033 -1.075138 -0.554040 0.057016 1.210840 87.301055 -152.737074 0.804122 3.750744
105020034 -1.073962 -0.554040 0.052156 1.209576 87.528663 -152.711525 0.792711 3.754712
105020035 -1.072786 -0.554040 0.047297 1.208332 87.756743 -152.685933 0.781219 3.758627
105020036 -1.071609 -0.554040 0.042437 1.207107 87.985290 -152.660296 0.769645 3.762489
105020037 -1.070433 -0.554040 0.037577 1.205902 88.214299 -152.634615 0.757991 3.766297
105020038 -1.069257 -0.554040 0.032718 1.204716 88.443762 -152.608889 0.746257 3.770051
105020039 -1.068080 -0.554040 0.027858 1.203550 88.673674 -152.583118 0.734444 3.773751
105020040 -1.066904 -0.554040 0.022999 1.202403 88.904029 -152.557303 0.722552 3.777395
105020041 -1.065728 -0.554040 0.018139 1.201276 89.134820 -152.531443 0.710583 3.780983
105020042 -1.064551 -0.554040 0.013279 1.200169 89.366040 -152.505538 0.698537 3.784515
105020043 -1.063375 -0.554040 0.008420 1.199082 89.597684 -152.479587 0.686415 3.787991
105020044 -1.062199 -0.554040 0.003560 1.198014 89.829745 -152.453592 0.674218 3.791409
105020045 -1.061022 -0.554040 -0.001300 1.196967 90.062215 -152.427551 0.668834 3.794769
105020046 -1.059846 -0.554040 -0.006159 1.195940 90.295089 -152.401465 0.682305 3.798071
105020047 -1.058670 -0.554040 -0.011019 1.194932 90.528359 -152.375333 0.695806 3.801315
105020048 -1.057493 -0.554040 -0.015879 1.193945 90.762019 -152.349156 0.709335 3.804499
105020049 -1.056317 -0.554040 -0.020738 1.192978 90.996062 -152.322933 0.722892 3.807623
105020050 -1.055141 -0.554040 -0.025598 1.192031 91.230480 -152.296664 0.736475 3.810687
105020051 -1.053964 -0.554040 -0.030458 1.191104 91.465267 -152.270349 0.750083 3.813691
105020052 -1.052788 -0.554040 -0.035317 1.190197 91.700415 -152.243988 0.763714 3.816634
105020053 -1.051612 -0.554040 -0.040177 1.189311 91.935918 -152.217581 0.777367 3.819515
105020054 -1.050435 -0.554040 -0.045037 1.188445 92.171767 -152.191128 0.791041 3.822334
105020055 -1.049259 -0.554040 -0.049896 1.187600 92.407955 -152.164628 0.804735 3.825091
105020056 -1.048083 -0.554040 -0.054756 1.186775 92.644475 -152.138082 0.818447 3.827785
105020057 -1.046906 -0.554040 -0.059616 1.185971 92.881320 -152.111489 0.832175 3.830416
105020058 -1.045730 -0.554040 -0.064475 1.185187 93.118481 -152.084849 0.845919 3.832983
105020059 -1.044554 -0.554040 -0.069335 1.184424 93.355951 -152.058163 0.859677 3.835486
105020060 -1.043377 -0.554040 -0.074195 1.183681 93.593723 -152.031429 0.873447 3.837925
105020061 -1.042201 -0.554040 -0.079054 1.182959 93.831789 -152.004649 0.887228 3.840299
105020062 -1.041025 -0.554040 -0.083914 1.182258 94.070140 -151.977821 0.901019 3.842608
105020063 -1.039848 -0.554040 -0.088773 1.181577 94.308769 -151.950946 0.914819 3.844852
105020064 -1.038672 -0.554040 -0.093633 1.180918 94.547668 -151.924024 0.928625 3.847029
105020065 -1.037496 -0.554040 -0.098493 1.180279 94.786829 -151.897054 0.942436 3.849141
105020066 -1.036319 -0.554040 -0.103352 1.179661 95.026243 -151.870037 0.956252 3.851186
105020067 -1.035143 -0.554040 -0.108212 1.179063 95.265903 -151.842972 0.970070 3.853164
105020068 -1.033967 -0.554040 -0.113072 1.178487 95.505801 -151.815859 0.983889 3.855075
105020069 -1.032790 -0.554040 -0.117931 1.177932 95.745928 -151.788698 0.997707 3.856918
105020070 -1.031614 -0.554040 -0.122791 1.177397 95.986276 -151.761488 1.011523 3.858694
105020071 -1.030438 -0.554040 -0.127651 1.176884 96.226836 -151.734231 1.025336 3.860401
105020072 -1.029261 -0.554040 -0.132510 1.176392 96.467601 -151.706925 1.039144 3.862041
105020073 -1.028085 -0.554040 -0.137370 1.175920 96.708562 -151.679571 1.052945 3.863611
105020074 -1.026909 -0.554040 -0.142230 1.175470 96.949710 -151.652169 1.066739 3.865113
105020075 -1.025732 -0.554040 -0.147089 1.175041 97.191037 -151.624717 1.080523 3.866546
105020076 -1.024556 -0.554040 -0.151949 1.174633 97.432534 -151.597217 1.094296 3.867910
105020077 -1.023380 -0.554040 -0.156809 1.174246 97.674193 -151.569668 1.108056 3.869203
105020078 -1.022203 -0.554040 -0.161668 1.173881 97.916005 -151.542070 1.121803 3.870428
105020079 -1.021027 -0.554040 -0.166528 1.173536 98.157961 -151.514423 1.135534 3.871582
105020080 -1.019851 -0.554040 -0.171388 1.173213 98.400054 -151.486727 1.149248 3.872666
105020081 -1.018674 -0.554040 -0.176247 1.172911 98.642273 -151.458981 1.162943 3.873680
105020082 -1.017498 -0.554040 -0.181107 1.172630 98.884611 -151.431186 1.176618 3.874623
105020083 -1.016322 -0.554040 -0.185967 1.172371 99.127059 -151.403341 1.190272 3.875496
105020084 -1.015145 -0.554040 -0.190826 1.172132 99.369607 -151.375446 1.203903 3.876297
105020085 -1.013969 -0.554040 -0.195686 1.171915 99.612248 -151.347501 1.217509 3.877028
105020086 -1.012793 -0.554040 -0.200546 1.171720 99.854972 -151.319507 1.231089 3.877688
105020087 -1.011616 -0.554040 -0.205405 1.171545 100.097770 -151.291462 1.244642 3.878277
105020088 -1.010440 -0.554040 -0.210265 1.171392 100.340633 -151.263368 1.258165 3.878794
105020089 -1.009263 -0.554040 -0.215124 1.171261 100.583553 -151.235223 1.271658 3.879240
105020090 -1.008087 -0.554040 -0.219984 1.171150 100.826521 -151.207027 1.285119 3.879615
105020091 -1.006911 -0.554040 -0.224844 1.171061 101.069528 -151.178781 1.298547 3.879918
105020092 -1.005734 -0.554040 -0.229703 1.170993 101.312564 -151.150484 1.311939 3.880149
105020093 -1.004558 -0.554040 -0.234563 1.170947 101.555622 -151.122136 1.325295 3.880309
105020094 -1.003382 -0.554040 -0.239423 1.170922 101.798692 -151.093737 1.338613 3.880398
105020095 -1.002205 -0.554040 -0.244282 1.170918 102.041764 -151.065288 1.351892 3.880414
105020096 -1.001029 -0.554040 -0.249142 1.170936 102.284831 -151.036787 1.365130 3.880359
105020097 -0.999853 -0.554040 -0.254002 1.170975 102.527884 -151.008235 1.378326 3.880233
105020098 -0.998676 -0.554040 -0.258861 1.171035 102.770912 -150.979631 1.391478 3.880034
105020099 -0.997500 -0.554040 -0.263721 1.171117 103.013908 -150.950976 1.404585 3.879765
105020100 -0.996324 -0.554040 -0.268581 1.171220 103.256863 -150.922269 1.417646 3.879423
105020101 -1.125203 -0.530939 0.209518 1.261696 80.441141 -154.739202 1.108386 3.593535
105020102 -1.124027 -0.530939 0.204658 1.259848 80.651048 -154.716065 1.099940 3.598897
105020103 -1.122850 -0.530939 0.199799 1.258018 80.861570 -154.692889 1.091404 3.604225
105020104 -1.121674 -0.530939 0.194939 1.256205 81.072705 -154.669672 1.082778 3.609519
105020105 -1.120498 -0.530939 0.190080 1.254409 81.284448 -154.646416 1.074061 3.614779
105020106 -1.119321 -0.530939 0.185220 1.252631 81.496797 -154.623120 1.065253 3.620002
105020107 -1.118145 -0.530939 0.180360 1.250870 81.709748 -154.599784 1.056355 3.625190
105020108 -1.116969 -0.530939 0.175501 1.249126 81.923298 -154.576408 1.047367 3.630340
105020109 -1.115792 -0.530939 0.170641 1.247400 82.137443 -154.552992 1.038289 3.635454
105020110 -1.114616 -0.530939 0.165781 1.245692 82.352180 -154.529535 1.029120 3.640529
105020111 -1.113440 -0.530939 0.160922 1.244002 82.567505 -154.506038 1.019862 3.645566
105020112 -1.112263 -0.530939 0.156062 1.242329 82.783413 -154.482501 1.010513 3.650564
105020113 -1.111087 -0.530939 0.151202 1.240675 82.999902 -154.458923 1.001075 3.655522
105020114 -1.109911 -0.530939 0.146343 1.239038 83.216968 -154.435304 0.991548 3.660439
105020115 -1.108734 -0.530939 0.141483 1.237419 83.434605 -154.411644 0.981931 3.665316
105020116 -1.107558 -0.530939 0.136623 1.235819 83.652811 -154.387944 0.972226 3.670152
105020117 -1.106382 -0.530939 0.131764 1.234236 83.871580 -154.364202 0.962431 3.674945
105020118 -1.105205 -0.530939 0.126904 1.232672 84.090909 -154.340420 0.952548 3.679696
105020119 -1.104029 -0.530939 0.122044 1.231126 84.310793 -154.316596 0.942577 3.684404
105020120 -1.102853 -0.530939 0.117185 1.229599 84.531228 -154.292731 0.932518 3.689068
105020121 -1.101676 -0.530939 0.112325 1.228090 84.752208 -154.268825 0.922371 3.693687
105020122 -1.100500 -0.530939 0.107465 1.226599 84.973730 -154.244877 0.912137 3.698262
105020123 -1.099324 -0.530939 0.102606 1.225127 85.195788 -154.220888 0.901816 3.702791
105020124 -1.098147 -0.530939 0.097746 1.223674 85.418378 -154.196857 0.891409 3.707273
105020125 -1.096971 -0.530939 0.092886 1.222240 85.641495 -154.172784 0.880916 3.711710
105020126 -1.095795 -0.530939 0.088027 1.220824 85.865133 -154.148670 0.870337 3.716099
105020127 -1.094618 -0.530939 0.083167 1.219427 86.089288 -154.124513 0.859673 3.720440
105020128 -1.093442 -0.530939 0.078307 1.218049 86.313954 -154.100315 0.848925 3.724732
105020129 -1.092266 -0.530939 0.073448 1.216690 86.539127 -154.076074 0.838092 3.728976
105020130 -1.091089 -0.530939 0.068588 1.215351 86.764800 -154.051791 0.827176 3.733170
105020131 -1.089913 -0.530939 0.063729 1.214030 86.990968 -154.027465 0.816176 3.737315
105020132 -1.088737 -0.530939 0.058869 1.212728 87.217625 -154.003097 0.805094 3.741408
105020133 -1.087560 -0.530939 0.054009 1.211446 87.444767 -153.978687 0.793930 3.745450
105020134 -1.086384 -0.530939 0.049150 1.210183 87.672386 -153.954234 0.782685 3.749441
105020135 -1.085208 -0.530939 0.044290 1.208939 87.900479 -153.929738 0.771359 3.753379
105020136 -1.084031 -0.530939 0.039430 1.207715 88.129037 -153.905199 0.759953 3.757265
105020137 -1.082855 -0.530939 0.034571 1.206510 88.358056 -153.880617 0.748467 3.761097
105020138 -1.081679 -0.530939 0.029711 1.205325 88.587530 -153.855992 0.736903 3.764876
105020139 -1.080502 -0.530939 0.024851 1.204159 88.817452 -153.831324 0.725261 3.768600
105020140 -1.079326 -0.530939 0.019992 1.203013 89.047816 -153.806612 0.713542 3.772269
105020141 -1.078150 -0.530939 0.015132 1.201887 89.278615 -153.781858 0.701746 3.775882
105020142 -1.076973 -0.530939 0.010272 1.200780 89.509844 -153.757059 0.689875 3.779440
105020143 -1.075797 -0.530939 0.005413 1.199694 89.741496 -153.732217 0.677929 3.782941
105020144 -1.074621 -0.530939 0.000553 1.198627 89.973564 -153.707332 0.665909 3.786385
105020145 -1.073444 -0.530939 -0.004307 1.197580 90.206041 -153.682402 0.676277 3.789772
105020146 -1.072268 -0.530939 -0.009166 1.196553 90.438922 -153.657429 0.689554 3.793100
105020147 -1.071092 -0.530939 -0.014026 1.195546 90.672198 -153.632411 0.702859 3.796371
105020148 -1.069915 -0.530939 -0.018886 1.194559 90.905864 -153.607349 0.716192 3.799582
105020149 -1.068739 -0.530939 -0.023745 1.193593 91.139912 -153.582243 0.729552 3.802734
105020150 -1.067563 -0.530939 -0.028605 1.192646 91.374335 -153.557093 0.742937 3.805827
105020151 -1.066386 -0.530939 -0.033465 1.191720 91.609127 -153.531898 0.756345 3.808859
105020152 -1.065210 -0.530939 -0.038324 1.190814 91.844279 -153.506659 0.769776 3.811830
105020153 -1.064034 -0.530939 -0.043184 1.189928 92.079785 -153.481375 0.783229 3.814740
105020154 -1.062857 -0.530939 -0.048043 1.189063 92.315638 -153.456046 0.796701 3.817588
105020155 -1.061681 -0.530939 -0.052903 1.188218 92.551829 -153.430672 0.810192 3.820375
105020156 -1.060505 -0.530939 -0.057763 1.187393 92.788352 -153.405254 0.823700 3.823098
105020157 -1.059328 -0.530939 -0.062622 1.186589 93.025199 -153.379790 0.837223 3.825759
105020158 -1.058152 -0.530939 -0.067482 1.185806 93.262363 -153.354281 0.850762 3.828357
105020159 -1.056976 -0.530939 -0.072342 1.185043 93.499835 -153.328726 0.864313 3.830891
105020160 -1.055799 -0.530939 -0.077201 1.184301 93.737609 -153.303126 0.877877 3.833361
105020161 -1.054623 -0.530939 -0.082061 1.183579 93.975675 -153.277481 0.891450 3.835767
105020162 -1.053447 -0.530939 -0.086921 1.182878 94.214028 -153.251789 0.905033 3.838108
105020163 -1.052270 -0.530939 -0.091780 1.182198 94.452658 -153.226052 0.918623 3.840383
105020164 -1.051094 -0.530939 -0.096640 1.181539 94.691557 -153.200270 0.932219 3.842593
105020165 -1.049917 -0.530939 -0.101500 1.180900 94.930718 -153.174441 0.945820 3.844737
105020166 -1.048741 -0.530939 -0.106359 1.180283 95.170133 -153.148566 0.959424 3.846815
105020167 -1.047565 -0.530939 -0.111219 1.179686 95.409793 -153.122644 0.973030 3.848827
105020168 -1.046388 -0.530939 -0.116079 1.179110 95.649691 -153.096677 0.986636 3.850771
105020169 -1.045212 -0.530939 -0.120938 1.178555 95.889817 -153.070662 1.000242 3.852649
105020170 -1.044036 -0.530939 -0.125798 1.178021 96.130165 -153.044602 1.013844 3.854459
105020171 -1.042859 -0.530939 -0.130658 1.177508 96.370724 -153.018494 1.027443 3.856201
105020172 -1.041683 -0.530939 -0.135517 1.177015 96.611488 -152.992340 1.041036 3.857875
105020173 -1.040507 -0.530939 -0.140377 1.176544 96.852448 -152.966139 1.054622 3.859481
105020174 -1.039330 -0.530939 -0.145237 1.176094 97.093595 -152.939891 1.068200 3.861019
105020175 -1.038154 -0.530939 -0.150096 1.175666 97.334921 -152.913595 1.081768 3.862487
105020176 -1.036978 -0.530939 -0.154956 1.175258 97.576417 -152.887253 1.095325 3.863887
105020177 -1.035801 -0.530939 -0.159816 1.174871 97.818075 -152.860863 1.108868 3.865217
105020178 -1.034625 -0.530939 -0.164675 1.174506 98.059885 -152.834425 1.122397 3.866478
105020179 -1.033449 -0.530939 -0.169535 1.174161 98.301841 -152.807940 1.135911 3.867670
105020180 -1.032272 -0.530939 -0.174394 1.173838 98.543932 -152.781407 1.149407 3.868791
105020181 -1.031096 -0.530939 -0.179254 1.173537 98.786150 -152.754826 1.162884 3.869843
105020182 -1.029920 -0.530939 -0.184114 1.173256 99.028487 -152.728197 1.176341 3.870824
105020183 -1.028743 -0.530939 -0.188973 1.172996 99.270933 -152.701520 1.189776 3.871735
105020184 -1.027567 -0.530939 -0.193833 1.172758 99.513480 -152.674795 1.203188 3.872576
105020185 -1.026391 -0.530939 -0.198693 1.172541 99.756119 -152.648022 1.216575 3.873345
105020186 -1.025214 -0.530939 -0.203552 1.172346 99.998842 -152.621200 1.229936 3.874045
105020187 -1.024038 -0.530939 -0.208412 1.172172 100.241639 -152.594330 1.243269 3.874673
105020188 -1.022862 -0.530939 -0.213272 1.172019 100.484501 -152.567410 1.256574 3.875230
105020189 -1.021685 -0.530939 -0.218131 1.171887 100.727420 -152.540442 1.269847 3.875716
105020190 -1.020509 -0.530939 -0.222991 1.171777 100.970387 -152.513425 1.283088 3.876132
105020191 -1.019333 -0.530939 -0.227851 1.171688 101.213393 -152.486359 1.296296 3.876475
105020192 -1.018156 -0.530939 -0.232710 1.171620 101.456430 -152.459244 1.309469 3.876748
105020193 -1.016980 -0.530939 -0.237570 1.171574 101.699487 -152.432080 1.322606 3.876949
105020194 -1.015804 -0.530939 -0.242430 1.171549 101.942556 -152.404866 1.335704 3.877080
105020195 -1.014627 -0.530939 -0.247289 1.171545 102.185629 -152.377602 1.348764 3.877138
105020196 -1.013451 -0.530939 -0.252149 1.171563 102.428696 -152.350289 1.361783 3.877126
105020197 -1.012275 -0.530939 -0.257009 1.171602 102.671749 -152.322926 1.374759 3.877041
105020198 -1.011098 -0.530939 -0.261868 1.171662 102.914778 -152.295513 1.387693 3.876886
105020199 -1.009922 -0.530939 -0.266728 1.171744 103.157775 -152.268051 1.400581 3.876659
105020200 -1.008746 -0.530939 -0.271588 1.171847 103.400731 -152.240538 1.413423 3.876361
105020201 -1.137625 -0.507839 0.206511 1.262830 80.588116 -155.943866 1.092938 3.584516
105020202 -1.136449 -0.507839 0.201652 1.260984 80.797973 -155.921794 1.084626 3.589880
105020203 -1.135272 -0.507839 0.196792 1.259155 81.008444 -155.899684 1.076224 3.595211
105020204 -1.134096 -0.507839 0.191932 1.257343 81.219525 -155.877536 1.067734 3.600507
105020205 -1.132920 -0.507839 0.187073 1.255549 81.431214 -155.855349 1.059154 3.605769
105020206 -1.131743 -0.507839 0.182213 1.253772 81.643507 -155.833125 1.050486 3.610996
105020207 -1.130567 -0.507839 0.177353 1.252013 81.856401 -155.810861 1.041729 3.616187
105020208 -1.129391 -0.507839 0.172494 1.250271 82.069893 -155.788559 1.032883 3.621341
105020209 -1.128214 -0.507839 0.167634 1.248547 82.283978 -155.766219 1.023949 3.626458
105020210 -1.127038 -0.507839 0.162774 1.246840 82.498653 -155.743839 1.014925 3.631538
105020211 -1.125862 -0.507839 0.157915 1.245152 82.713915 -155.721421 1.005814 3.636579
105020212 -1.124685 -0.507839 0.153055 1.243480 82.929760 -155.698964 0.996614 3.641582
105020213 -1.123509 -0.507839 0.148195 1.241827 83.146184 -155.676467 0.987326 3.646545
105020214 -1.122333 -0.507839 0.143336 1.240192 83.363183 -155.653932 0.977950 3.651468
105020215 -1.121156 -0.507839 0.138476 1.238575 83.580752 -155.631357 0.968486 3.656351
105020216 -1.119980 -0.507839 0.133616 1.236976 83.798888 -155.608743 0.958935 3.661193
105020217 -1.118804 -0.507839 0.128757 1.235395 84.017587 -155.586090 0.949297 3.665992
105020218 -1.117627 -0.507839 0.123897 1.233832 84.236843 -155.563397 0.939571 3.670750
105020219 -1.116451 -0.507839 0.119038 1.232288 84.456654 -155.540664 0.929759 3.675465
105020220 -1.115275 -0.507839 0.114178 1.230762 84.677013 -155.517892 0.919860 3.680136
105020221 -1.114098 -0.507839 0.109318 1.229254 84.897918 -155.495080 0.909876 3.684763
105020222 -1.112922 -0.507839 0.104459 1.227765 85.119362 -155.472228 0.899805 3.689345
105020223 -1.111746 -0.507839 0.099599 1.226295 85.341342 -155.449336 0.889650 3.693883
105020224 -1.110569 -0.507839 0.094739 1.224843 85.563851 -155.426403 0.879409 3.698374
105020225 -1.109393 -0.507839 0.089880 1.223410 85.786887 -155.403431 0.869084 3.702820
105020226 -1.108217 -0.507839 0.085020 1.221996 86.010442 -155.380418 0.858674 3.707218
105020227 -1.107040 -0.507839 0.080160 1.220600 86.234513 -155.357365 0.848181 3.711569
105020228 -1.105864 -0.507839 0.075301 1.219224 86.459094 -155.334271 0.837605 3.715872
105020229 -1.104688 -0.507839 0.070441 1.217866 86.684180 -155.311137 0.826946 3.720126
105020230 -1.103511 -0.507839 0.065581 1.216527 86.909765 -155.287962 0.816204 3.724331
105020231 -1.102335 -0.507839 0.060722 1.215208 87.135844 -155.264746 0.805381 3.728486
105020232 -1.101159 -0.507839 0.055862 1.213908 87.362412 -155.241490 0.794477 3.732591
105020233 -1.099982 -0.507839 0.051002 1.212626 87.589462 -155.218192 0.783493 3.736646
105020234 -1.098806 -0.507839 0.046143 1.211365 87.816989 -155.194853 0.772428 3.740649
105020235 -1.097630 -0.507839 0.041283 1.210122 88.044988 -155.171473 0.761284 3.744600
105020236 -1.096453 -0.507839 0.036423 1.208899 88.273451 -155.148052 0.750062 3.748498
105020237 -1.095277 -0.507839 0.031564 1.207696 88.502375 -155.124589 0.738761 3.752344
105020238 -1.094101 -0.507839 0.026704 1.206511 88.731751 -155.101085 0.727383 3.756136
105020239 -1.092924 -0.507839 0.021844 1.205347 88.961575 -155.077539 0.715928 3.759874
105020240 -1.091748 -0.507839 0.016985 1.204202 89.191839 -155.053951 0.704398 3.763558
105020241 -1.090572 -0.507839 0.012125 1.203077 89.422538 -155.030322 0.692792 3.767186
105020242 -1.089395 -0.507839 0.007265 1.201971 89.653666 -155.006650 0.681112 3.770759
105020243 -1.088219 -0.507839 0.002406 1.200886 89.885215 -154.982937 0.669358 3.774276
105020244 -1.087042 -0.507839 -0.002454 1.199820 90.117179 -154.959181 0.670083 3.777736
105020245 -1.085866 -0.507839 -0.007313 1.198774 90.349552 -154.935383 0.683118 3.781140
105020246 -1.084690 -0.507839 -0.012173 1.197748 90.582327 -154.911543 0.696181 3.784485
105020247 -1.083513 -0.507839 -0.017033 1.196742 90.815497 -154.887661 0.709273 3.787773
105020248 -1.082337 -0.507839 -0.021892 1.195757 91.049055 -154.863736 0.722390 3.791002
105020249 -1.081161 -0.507839 -0.026752 1.194791 91.282994 -154.839768 0.735534 3.794173
105020250 -1.079984 -0.507839 -0.031612 1.193845 91.517308 -154.815757 0.748701 3.797283
105020251 -1.078808 -0.507839 -0.036471 1.192920 91.751989 -154.791704 0.761891 3.800334
105020252 -1.077632 -0.507839 -0.041331 1.192015 91.987030 -154.767607 0.775102 3.803325
105020253 -1.076455 -0.507839 -0.046191 1.191130 92.222424 -154.743468 0.788334 3.806255
105020254 -1.075279 -0.507839 -0.051050 1.190266 92.458164 -154.719285 0.801584 3.809123
105020255 -1.074103 -0.507839 -0.055910 1.189422 92.694241 -154.695059 0.814853 3.811930
105020256 -1.072926 -0.507839 -0.060770 1.188598 92.930650 -154.670790 0.828137 3.814675
105020257 -1.071750 -0.507839 -0.065629 1.187795 93.167381 -154.646477 0.841436 3.817358
105020258 -1.070574 -0.507839 -0.070489 1.187012 93.404429 -154.622120 0.854750 3.819978
105020259 -1.069397 -0.507839 -0.075349 1.186250 93.641784 -154.597720 0.868075 3.822534
105020260 -1.068221 -0.507839 -0.080208 1.185509 93.879440 -154.573276 0.881411 3.825027
105020261 -1.067045 -0.507839 -0.085068 1.184788 94.117388 -154.548788 0.894757 3.827456
105020262 -1.065868 -0.507839 -0.089928 1.184088 94.355621 -154.524256 0.908111 3.829820
105020263 -1.064692 -0.507839 -0.094787 1.183408 94.594131 -154.499679 0.921471 3.832120
105020264 -1.063516 -0.507839 -0.099647 1.182749 94.832911 -154.475059 0.934837 3.834354
105020265 -1.062339 -0.507839 -0.104507 1.182111 95.071951 -154.450394 0.948207 3.836523
105020266 -1.061163 -0.507839 -0.109366 1.181494 95.311244 -154.425684 0.961580 3.838627
105020267 -1.059987 -0.507839 -0.114226 1.180898 95.550782 -154.400930 0.974953 3.840664
105020268 -1.058810 -0.507839 -0.119085 1.180323 95.790557 -154.376131 0.988327 3.842635
105020269 -1.057634 -0.507839 -0.123945 1.179768 96.030560 -154.351288 1.001698 3.844539
105020270 -1.056458 -0.507839 -0.128805 1.179235 96.270784 -154.326399 1.015067 3.846376
105020271 -1.055281 -0.507839 -0.133664 1.178722 96.511220 -154.301465 1.028431 3.848146
105020272 -1.054105 -0.507839 -0.138524 1.178231 96.751859 -154.276487 1.041789 3.849848
105020273 -1.052929 -0.507839 -0.143384 1.177760 96.992694 -154.251462 1.055139 3.851482
105020274 -1.051752 -0.507839 -0.148243 1.177310 97.233715 -154.226393 1.068481 3.853049
105020275 -1.050576 -0.507839 -0.153103 1.176882 97.474915 -154.201278 1.081812 3.854547
105020276 -1.049400 -0.507839 -0.157963 1.176475 97.716285 -154.176117 1.095131 3.855976
105020277 -1.048223 -0.507839 -0.162822 1.176088 97.957816 -154.150911 1.108437 3.857337
105020278 -1.047047 -0.507839 -0.167682 1.175723 98.199501 -154.125658 1.121728 3.858629
105020279 -1.045871 -0.507839 -0.172542 1.175379 98.441329 -154.100360 1.135004 3.859851
105020280 -1.044694 -0.507839 -0.177401 1.175057 98.683293 -154.075016 1.148261 3.861004
105020281 -1.043518 -0.507839 -0.182261 1.174755 98.925384 -154.049625 1.161500 3.862088
105020282 -1.042342 -0.507839 -0.187121 1.174475 99.167593 -154.024188 1.174717 3.863101
105020283 -1.041165 -0.507839 -0.191980 1.174216 99.409911 -153.998705 1.187913 3.864045
105020284 -1.039989 -0.507839 -0.196840 1.173978 99.652331 -153.973175 1.201086 3.864919
105020285 -1.038813 -0.507839 -0.201700 1.173761 99.894842 -153.947598 1.214233 3.865723
105020286 -1.037636 -0.507839 -0.206559 1.173566 100.137436 -153.921975 1.227355 3.866456
105020287 -1.036460 -0.507839 -0.211419 1.173392 100.380105 -153.896305 1.240448 3.867119
105020288 -1.035284 -0.507839 -0.216279 1.173239 100.622840 -153.870587 1.253512 3.867711
105020289 -1.034107 -0.507839 -0.221138 1.173107 100.865631 -153.844823 1.266546 3.868233
105020290 -1.032931 -0.507839 -0.225998 1.172997 101.108470 -153.819011 1.279547 3.868684
105020291 -1.031755 -0.507839 -0.230858 1.172908 101.351348 -153.793152 1.292515 3.869064
105020292 -1.030578 -0.507839 -0.235717 1.172841 101.594257 -153.767245 1.305448 3.869374
105020293 -1.029402 -0.507839 -0.240577 1.172794 101.837186 -153.741291 1.318345 3.869612
105020294 -1.028226 -0.507839 -0.245436 1.172769 102.080128 -153.715289 1.331204 3.869780
105020295 -1.027049 -0.507839 -0.250296 1.172766 102.323074 -153.689239 1.344024 3.869877
105020296 -1.025873 -0.507839 -0.255156 1.172783 102.566014 -153.663141 1.356803 3.869902
105020297 -1.024697 -0.507839 -0.260015 1.172822 102.808940 -153.636995 1.369541 3.869857
105020298 -1.023520 -0.507839 -0.264875 1.172882 103.051843 -153.610801 1.382235 3.869741
105020299 -1.022344 -0.507839 -0.269735 1.172964 103.294713 -153.584559 1.394884 3.869554
105020300 -1.021168 -0.507839 -0.274594 1.173067 103.537543 -153.558268 1.407488 3.869297
105020301 -1.150047 -0.484739 0.203504 1.264513 80.738832 -157.144810 1.076911 3.572402
105020302 -1.148871 -0.484739 0.198645 1.262670 80.948558 -157.123817 1.068741 3.577756
105020303 -1.147694 -0.484739 0.193785 1.260844 81.158895 -157.102786 1.060483 3.583077
105020304 -1.146518 -0.484739 0.188925 1.259035 81.369841 -157.081719 1.052138 3.588364
105020305 -1.145342 -0.484739 0.184066 1.257243 81.581392 -157.060616 1.043706 3.593617
105020306 -1.144165 -0.484739 0.179206 1.255468 81.793545 -157.039475 1.035187 3.598834
105020307 -1.142989 -0.484739 0.174346 1.253711 82.006297 -157.018298 1.026581 3.604016
105020308 -1.141813 -0.484739 0.169487 1.251972 82.219644 -156.997084 1.017887 3.609162
105020309 -1.140636 -0.484739 0.164627 1.250250 82.433583 -156.975833 1.009107 3.614272
105020310 -1.139460 -0.484739 0.159768 1.248546 82.648109 -156.954544 1.000240 3.619344
105020311 -1.138284 -0.484739 0.154908 1.246859 82.863221 -156.933218 0.991286 3.624378
105020312 -1.137107 -0.484739 0.150048 1.245191 83.078913 -156.911855 0.982245 3.629373
105020313 -1.135931 -0.484739 0.145189 1.243540 83.295181 -156.890455 0.973118 3.634330
105020314 -1.134755 -0.484739 0.140329 1.241907 83.512023 -156.869017 0.963905 3.639247
105020315 -1.133578 -0.484739 0.135469 1.240292 83.729433 -156.847541 0.954605 3.644123
105020316 -1.132402 -0.484739 0.130610 1.238695 83.947408 -156.826028 0.945220 3.648959
105020317 -1.131226 -0.484739 0.125750 1.237116 84.165943 -156.804476 0.935749 3.653754
105020318 -1.130049 -0.484739 0.120890 1.235556 84.385034 -156.782887 0.926193 3.658507
105020319 -1.128873 -0.484739 0.116031 1.234013 84.604677 -156.761260 0.916552 3.663217
105020320 -1.127696 -0.484739 0.111171 1.232490 84.824867 -156.739595 0.906826 3.667884
105020321 -1.126520 -0.484739 0.106311 1.230984 85.045600 -156.717892 0.897016 3.672507
105020322 -1.125344 -0.484739 0.101452 1.229497 85.266871 -156.696150 0.887122 3.677086
105020323 -1.124167 -0.484739 0.096592 1.228029 85.488674 -156.674370 0.877144 3.681621
105020324 -1.122991 -0.484739 0.091732 1.226579 85.711007 -156.652552 0.867083 3.686110
105020325 -1.121815 -0.484739 0.086873 1.225148 85.933862 -156.630694 0.856938 3.690553
105020326 -1.120638 -0.484739 0.082013 1.223736 86.157236 -156.608799 0.846711 3.694949
105020327 -1.119462 -0.484739 0.077153 1.222342 86.381123 -156.586864 0.836403 3.699299
105020328 -1.118286 -0.484739 0.072294 1.220968 86.605519 -156.564891 0.826012 3.703600
105020329 -1.117109 -0.484739 0.067434 1.219612 86.830417 -156.542879 0.815540 3.707854
105020330 -1.115933 -0.484739 0.062574 1.218275 87.055813 -156.520827 0.804988 3.712059
105020331 -1.114757 -0.484739 0.057715 1.216958 87.281701 -156.498737 0.794356 3.716215
105020332 -1.113580 -0.484739 0.052855 1.215659 87.508075 -156.476607 0.783644 3.720321
105020333 -1.112404 -0.484739 0.047995 1.214380 87.734930 -156.454438 0.772853 3.724376
105020334 -1.111228 -0.484739 0.043136 1.213120 87.962260 -156.432230 0.761984 3.728381
105020335 -1.110051 -0.484739 0.038276 1.211879 88.190060 -156.409982 0.751036 3.732334
105020336 -1.108875 -0.484739 0.033417 1.210658 88.418323 -156.387694 0.740012 3.736235
105020337 -1.107699 -0.484739 0.028557 1.209456 88.647044 -156.365367 0.728911 3.740083
105020338 -1.106522 -0.484739 0.023697 1.208274 88.876217 -156.342999 0.717735 3.743879
105020339 -1.105346 -0.484739 0.018838 1.207111 89.105834 -156.320592 0.706483 3.747621
105020340 -1.104170 -0.484739 0.013978 1.205968 89.335891 -156.298145 0.695156 3.751309
105020341 -1.102993 -0.484739 0.009118 1.204844 89.566381 -156.275658 0.683756 3.754942
105020342 -1.101817 -0.484739 0.004259 1.203740 89.797298 -156.253130 0.672283 3.758520
105020343 -1.100641 -0.484739 -0.000601 1.202656 90.028634 -156.230562 0.663748 3.762043
105020344 -1.099464 -0.484739 -0.005461 1.201592 90.260384 -156.207954 0.676524 3.765509
105020345 -1.098288 -0.484739 -0.010320 1.200548 90.492541 -156.185305 0.689329 3.768919
105020346 -1.097112 -0.484739 -0.015180 1.199524 90.725099 -156.162615 0.702162 3.772272
105020347 -1.095935 -0.484739 -0.020040 1.198519 90.958050 -156.139885 0.715021 3.775568
105020348 -1.094759 -0.484739 -0.024899 1.197535 91.191388 -156.117114 0.727905 3.778805
105020349 -1.093583 -0.484739 -0.029759 1.196570 91.425105 -156.094302 0.740814 3.781984
105020350 -1.092406 -0.484739 -0.034619 1.195626 91.659195 -156.071449 0.753745 3.785104
105020351 -1.091230 -0.484739 -0.039478 1.194702 91.893652 -156.048555 0.766698 3.788165
105020352 -1.090054 -0.484739 -0.044338 1.193799 92.128466 -156.025619 0.779671 3.791165
105020353 -1.088877 -0.484739 -0.049198 1.192915 92.363633 -156.002642 0.792664 3.794106
105020354 -1.087701 -0.484739 -0.054057 1.192052 92.599143 -155.979624 0.805674 3.796986
105020355 -1.086525 -0.484739 -0.058917 1.191209 92.834990 -155.956564 0.818701 3.799805
105020356 -1.085348 -0.484739 -0.063777 1.190387 93.071167 -155.933462 0.831743 3.802562
105020357 -1.084172 -0.484739 -0.068636 1.189585 93.307666 -155.910319 0.844799 3.805257
105020358 -1.082996 -0.484739 -0.073496 1.188803 93.544479 -155.887133 0.857868 3.807890
105020359 -1.081819 -0.484739 -0.078355 1.188042 93.781599 -155.863906 0.870948 3.810460
105020360 -1.080643 -0.484739 -0.083215 1.187302 94.019018 -155.840637 0.884038 3.812968
105020361 -1.079467 -0.484739 -0.088075 1.186582 94.256729 -155.817325 0.897137 3.815411
105020362 -1.078290 -0.484739 -0.092934 1.185883 94.494724 -155.793971 0.910243 3.817791
105020363 -1.077114 -0.484739 -0.097794 1.185205 94.732994 -155.770575 0.923355 3.820107
105020364 -1.075938 -0.484739 -0.102654 1.184547 94.971532 -155.747136 0.936472 3.822358
105020365 -1.074761 -0.484739 -0.107513 1.183910 95.210331 -155.723654 0.949591 3.824544
105020366 -1.073585 -0.484739 -0.112373 1.183294 95.449381 -155.700130 0.962713 3.826665
105020367 -1.072409 -0.484739 -0.117233 1.182699 95.688675 -155.676562 0.975835 3.828720
105020368 -1.071232 -0.484739 -0.122092 1.182124 95.928206 -155.652952 0.988956 3.830710
105020369 -1.070056 -0.484739 -0.126952 1.181570 96.167963 -155.629299 1.002075 3.832633
105020370 -1.068880 -0.484739 -0.131812 1.181038 96.407941 -155.605603 1.015190 3.834490
105020371 -1.067703 -0.484739 -0.136671 1.180526 96.648130 -155.581863 1.028300 3.836281
105020372 -1.066527 -0.484739 -0.141531 1.180035 96.888521 -155.558080 1.041403 3.838004
105020373 -1.065351 -0.484739 -0.146391 1.179565 97.129107 -155.534253 1.054498 3.839660
105020374 -1.064174 -0.484739 -0.151250 1.179116 97.369880 -155.510383 1.067584 3.841248
105020375 -1.062998 -0.484739 -0.156110 1.178689 97.610830 -155.486469 1.080659 3.842769
105020376 -1.061822 -0.484739 -0.160970 1.178282 97.851949 -155.462511 1.093722 3.844222
105020377 -1.060645 -0.484739 -0.165829 1.177896 98.093230 -155.438509 1.106771 3.845606
105020378 -1.059469 -0.484739 -0.170689 1.177532 98.334662 -155.414463 1.119805 3.846922
105020379 -1.058293 -0.484739 -0.175549 1.177188 98.576239 -155.390373 1.132822 3.848169
105020380 -1.057116 -0.484739 -0.180408 1.176866 98.817950 -155.366239 1.145822 3.849348
105020381 -1.055940 -0.484739 -0.185268 1.176565 99.059788 -155.342060 1.158802 3.850457
105020382 -1.054764 -0.484739 -0.190128 1.176285 99.301744 -155.317836 1.171761 3.851498
105020383 -1.053587 -0.484739 -0.194987 1.176026 99.543809 -155.293568 1.184698 3.852469
105020384 -1.052411 -0.484739 -0.199847 1.175789 99.785975 -155.269255 1.197612 3.853370
105020385 -1.051235 -0.484739 -0.204706 1.175573 100.028232 -155.244898 1.210500 3.854202
105020386 -1.050058 -0.484739 -0.209566 1.175378 100.270573 -155.220495 1.223362 3.854964
105020387 -1.048882 -0.484739 -0.214426 1.175204 100.512987 -155.196047 1.236197 3.855657
105020388 -1.047705 -0.484739 -0.219285 1.175051 100.755467 -155.171554 1.249002 3.856279
105020389 -1.046529 -0.484739 -0.224145 1.174920 100.998004 -155.147016 1.261776 3.856831
105020390 -1.045353 -0.484739 -0.229005 1.174810 101.240589 -155.122432 1.274518 3.857314
105020391 -1.044176 -0.484739 -0.233864 1.174721 101.483212 -155.097803 1.287227 3.857726
105020392 -1.043000 -0.484739 -0.238724 1.174653 101.725866 -155.073127 1.299901 3.858067
105020393 -1.041824 -0.484739 -0.243584 1.174607 101.968541 -155.048407 1.312539 3.858339
105020394 -1.040647 -0.484739 -0.248443 1.174582 102.211229 -155.023640 1.325139 3.858540
105020395 -1.039471 -0.484739 -0.253303 1.174579 102.453921 -154.998827 1.337700 3.858671
105020396 -1.038295 -0.484739 -0.258163 1.174596 102.696607 -154.973968 1.350221 3.858731
105020397 -1.037118 -0.484739 -0.263022 1.174635 102.939279 -154.949062 1.362701 3.858721
105020398 -1.035942 -0.484739 -0.267882 1.174695 103.181929 -154.924111 1.375137 3.858640
105020399 -1.034766 -0.484739 -0.272742 1.174777 103.424547 -154.899112 1.387530 3.858490
105020400 -1.033589 -0.484739 -0.277601 1.174879 103.667124 -154.874067 1.399876 3.858269
105020401 -1.162469 -0.461639 0.200498 1.266745 80.893059 -158.341003 1.060369 3.557254
105020402 -1.161292 -0.461639 0.195638 1.264905 81.102572 -158.321098 1.052350 3.562586
105020403 -1.160116 -0.461639 0.190778 1.263082 81.312694 -158.301157 1.044245 3.567885
105020404 -1.158940 -0.461639 0.185919 1.261276 81.523422 -158.281182 1.036055 3.573150
105020405 -1.157763 -0.461639 0.181059 1.259488 81.734752 -158.261171 1.027779 3.578382
105020406 -1.156587 -0.461639 0.176199 1.257716 81.946681 -158.241125 1.019418 3.583579
105020407 -1.155411 -0.461639 0.171340 1.255963 82.159206 -158.221045 1.010972 3.588740
105020408 -1.154234 -0.461639 0.166480 1.254226 82.372323 -158.200928 1.002441 3.593866
105020409 -1.153058 -0.461639 0.161620 1.252507 82.586029 -158.180777 0.993824 3.598956
105020410 -1.151882 -0.461639 0.156761 1.250806 82.800321 -158.160590 0.985123 3.604008
105020411 -1.150705 -0.461639 0.151901 1.249123 83.015194 -158.140367 0.976336 3.609023
105020412 -1.149529 -0.461639 0.147041 1.247457 83.230644 -158.120109 0.967465 3.614000
105020413 -1.148353 -0.461639 0.142182 1.245809 83.446669 -158.099815 0.958510 3.618938
105020414 -1.147176 -0.461639 0.137322 1.244179 83.663264 -158.079486 0.949469 3.623837
105020415 -1.146000 -0.461639 0.132462 1.242567 83.880424 -158.059120 0.940345 3.628696
105020416 -1.144824 -0.461639 0.127603 1.240973 84.098146 -158.038718 0.931137 3.633515
105020417 -1.143647 -0.461639 0.122743 1.239397 84.316426 -158.018281 0.921845 3.638293
105020418 -1.142471 -0.461639 0.117883 1.237840 84.535259 -157.997807 0.912469 3.643029
105020419 -1.141295 -0.461639 0.113024 1.236300 84.754641 -157.977297 0.903011 3.647723
105020420 -1.140118 -0.461639 0.108164 1.234779 84.974568 -157.956750 0.893469 3.652375
105020421 -1.138942 -0.461639 0.103304 1.233277 85.195034 -157.936167 0.883845 3.656983
105020422 -1.137766 -0.461639 0.098445 1.231793 85.416035 -157.915547 0.874139 3.661548
105020423 -1.136589 -0.461639 0.093585 1.230327 85.637567 -157.894891 0.864350 3.666068
105020424 -1.135413 -0.461639 0.088725 1.228880 85.859625 -157.874198 0.854480 3.670543
105020425 -1.134237 -0.461639 0.083866 1.227451 86.082203 -157.853468 0.844529 3.674973
105020426 -1.133060 -0.461639 0.079006 1.226042 86.305297 -157.832702 0.834498 3.679357
105020427 -1.131884 -0.461639 0.074147 1.224651 86.528902 -157.811898 0.824386 3.683694
105020428 -1.130708 -0.461639 0.069287 1.223279 86.753012 -157.791057 0.814194 3.687984
105020429 -1.129531 -0.461639 0.064427 1.221926 86.977622 -157.770179 0.803922 3.692226
105020430 -1.128355 -0.461639 0.059568 1.220592 87.202728 -157.749264 0.793572 3.696420
105020431 -1.127179 -0.461639 0.054708 1.219277 87.428323 -157.728311 0.783144 3.700565
105020432 -1.126002 -0.461639 0.049848 1.217981 87.654401 -157.707321 0.772637 3.704661
105020433 -1.124826 -0.461639 0.044989 1.216704 87.880959 -157.686293 0.762054 3.708707
105020434 -1.123650 -0.461639 0.040129 1.215446 88.107988 -157.665228 0.751393 3.712702
105020435 -1.122473 -0.461639 0.035269 1.214208 88.335485 -157.644124 0.740657 3.716647
105020436 -1.121297 -0.461639 0.030410 1.212989 88.563443 -157.622983 0.729845 3.720540
105020437 -1.120121 -0.461639 0.025550 1.211789 88.791856 -157.601804 0.718958 3.724381
105020438 -1.118944 -0.461639 0.020690 1.210609 89.020718 -157.580587 0.707997 3.728170
105020439 -1.117768 -0.461639 0.015831 1.209449 89.250023 -157.559332 0.696962 3.731905
105020440 -1.116592 -0.461639 0.010971 1.208308 89.479765 -157.538038 0.685855 3.735587
105020441 -1.115415 -0.461639 0.006111 1.207187 89.709938 -157.516707 0.674675 3.739215
105020442 -1.114239 -0.461639 0.001252 1.206085 89.940535 -157.495336 0.663424 3.742789
105020443 -1.113063 -0.461639 -0.003608 1.205003 90.171550 -157.473927 0.669799 3.746307
105020444 -1.111886 -0.461639 -0.008468 1.203941 90.402976 -157.452480 0.682330 3.749770
105020445 -1.110710 -0.461639 -0.013327 1.202899 90.634807 -157.430994 0.694888 3.753177
105020446 -1.109534 -0.461639 -0.018187 1.201876 90.867037 -157.409468 0.707473 3.756528
105020447 -1.108357 -0.461639 -0.023047 1.200874 91.099657 -157.387904 0.720083 3.759821
105020448 -1.107181 -0.461639 -0.027906 1.199891 91.332663 -157.366301 0.732717 3.763057
105020449 -1.106005 -0.461639 -0.032766 1.198929 91.566046 -157.344659 0.745374 3.766235
105020450 -1.104828 -0.461639 -0.037625 1.197987 91.799800 -157.322978 0.758052 3.769355
105020451 -1.103652 -0.461639 -0.042485 1.197064 92.033917 -157.301257 0.770751 3.772416
105020452 -1.102476 -0.461639 -0.047345 1.196162 92.268392 -157.279497 0.783469 3.775418
105020453 -1.101299 -0.461639 -0.052204 1.195281 92.503216 -157.257697 0.796205 3.778360
105020454 -1.100123 -0.461639 -0.057064 1.194419 92.738383 -157.235857 0.808957 3.781242
105020455 -1.098947 -0.461639 -0.061924 1.193578 92.973884 -157.213978 0.821725 3.784064
105020456 -1.097770 -0.461639 -0.066783 1.192757 93.209713 -157.192059 0.834508 3.786825
105020457 -1.096594 -0.461639 -0.071643 1.191957 93.445863 -157.170100 0.847303 3.789524
105020458 -1.095418 -0.461639 -0.076503 1.191177 93.682325 -157.148101 0.860110 3.792162
105020459 -1.094241 -0.461639 -0.081362 1.190418 93.919092 -157.126062 0.872927 3.794738
105020460 -1.093065 -0.461639 -0.086222 1.189679 94.156157 -157.103982 0.885753 3.797251
105020461 -1.091889 -0.461639 -0.091082 1.188961 94.393512 -157.081863 0.898587 3.799701
105020462 -1.090712 -0.461639 -0.095941 1.188263 94.631150 -157.059702 0.911428 3.802088
105020463 -1.089536 -0.461639 -0.100801 1.187586 94.869061 -157.037501 0.924273 3.804412
105020464 -1.088360 -0.461639 -0.105661 1.186929 95.107239 -157.015260 0.937122 3.806671
105020465 -1.087183 -0.461639 -0.110520 1.186294 95.345676 -156.992977 0.949974 3.808867
105020466 -1.086007 -0.461639 -0.115380 1.185679 95.584364 -156.970654 0.962827 3.810998
105020467 -1.084830 -0.461639 -0.120240 1.185085 95.823294 -156.948290 0.975679 3.813064
105020468 -1.083654 -0.461639 -0.125099 1.184511 96.062459 -156.925885 0.988530 3.815064
105020469 -1.082478 -0.461639 -0.129959 1.183959 96.301850 -156.903438 1.001377 3.817000
105020470 -1.081301 -0.461639 -0.134819 1.183427 96.541460 -156.880950 1.014221 3.818869
105020471 -1.080125 -0.461639 -0.139678 1.182916 96.781279 -156.858421 1.027058 3.820673
105020472 -1.078949 -0.461639 -0.144538 1.182426 97.021301 -156.835850 1.039889 3.822410
105020473 -1.077772 -0.461639 -0.149398 1.181958 97.261516 -156.813238 1.052710 3.824080
105020474 -1.076596 -0.461639 -0.154257 1.181510 97.501917 -156.790583 1.065522 3.825684
105020475 -1.075420 -0.461639 -0.159117 1.181083 97.742495 -156.767887 1.078323 3.827220
105020476 -1.074243 -0.461639 -0.163976 1.180677 97.983241 -156.745149 1.091111 3.828690
105020477 -1.073067 -0.461639 -0.168836 1.180292 98.224147 -156.722369 1.103885 3.830091
105020478 -1.071891 -0.461639 -0.173696 1.179928 98.465204 -156.699547 1.116643 3.831425
105020479 -1.070714 -0.461639 -0.178555 1.179586 98.706405 -156.676682 1.129385 3.832691
105020480 -1.069538 -0.461639 -0.183415 1.179264 98.947740 -156.653775 1.142108 3.833889
105020481 -1.068362 -0.461639 -0.188275 1.178963 99.189201 -156.630826 1.154812 3.835019
105020482 -1.067185 -0.461639 -0.193134 1.178684 99.430779 -156.607834 1.167495 3.836080
105020483 -1.066009 -0.461639 -0.197994 1.178426 99.672466 -156.584799 1.180155 3.837072
105020484 -1.064833 -0.461639 -0.202854 1.178189 99.914254 -156.561721 1.192792 3.837996
105020485 -1.063656 -0.461639 -0.207713 1.177973 100.156132 -156.538600 1.205403 3.838850
105020486 -1.062480 -0.461639 -0.212573 1.177778 100.398093 -156.515437 1.217988 3.839636
105020487 -1.061304 -0.461639 -0.217433 1.177605 100.640129 -156.492230 1.230545 3.840353
105020488 -1.060127 -0.461639 -0.222292 1.177453 100.882229 -156.468980 1.243073 3.841000
105020489 -1.058951 -0.461639 -0.227152 1.177322 101.124386 -156.445686 1.255570 3.841578
105020490 -1.057775 -0.461639 -0.232012 1.177212 101.366591 -156.422349 1.268035 3.842086
105020491 -1.056598 -0.461639 -0.236871 1.177123 101.608835 -156.398968 1.280467 3.842525
105020492 -1.055422 -0.461639 -0.241731 1.177056 101.851108 -156.375543 1.292864 3.842894
105020493 -1.054246 -0.461639 -0.246591 1.177010 102.093404 -156.352075 1.305225 3.843194
105020494 -1.053069 -0.461639 -0.251450 1.176985 102.335712 -156.328562 1.317549 3.843424
105020495 -1.051893 -0.461639 -0.256310 1.176981 102.578024 -156.305006 1.329834 3.843584
105020496 -1.050717 -0.461639 -0.261170 1.176999 102.820331 -156.281405 1.342079 3.843675
105020497 -1.049540 -0.461639 -0.266029 1.177037 103.062624 -156.257760 1.354283 3.843696
105020498 -1.048364 -0.461639 -0.270889 1.177098 103.304895 -156.234070 1.366445 3.843648
105020499 -1.047188 -0.461639 -0.275748 1.177179 103.547134 -156.210336 1.378562 3.843529
105020500 -1.046011 -0.461639 -0.280608 1.177281 103.789333 -156.186558 1.390634 3.843341
105020501 -1.174891 -0.438539 0.197491 1.269522 81.050553 -159.531437 1.043378 3.539146
105020502 -1.173714 -0.438539 0.192631 1.267686 81.259774 -159.512627 1.035518 3.544444
105020503 -1.172538 -0.438539 0.187771 1.265867 81.469600 -159.493783 1.027574 3.549710
105020504 -1.171362 -0.438539 0.182912 1.264065 81.680027 -159.474906 1.019547 3.554942
105020505 -1.170185 -0.438539 0.178052 1.262281 81.891054 -159.455996 1.011437 3.560141
105020506 -1.169009 -0.438539 0.173192 1.260513 82.102676 -159.437052 1.003243 3.565305
105020507 -1.167833 -0.438539 0.168333 1.258763 82.314890 -159.418075 0.994965 3.570435
105020508 -1.166656 -0.438539 0.163473 1.257031 82.527693 -159.399064 0.986605 3.575529
105020509 -1.165480 -0.438539 0.158613 1.255316 82.741081 -159.380020 0.978162 3.580587
105020510 -1.164304 -0.438539 0.153754 1.253619 82.955051 -159.360942 0.969635 3.585609
105020511 -1.163127 -0.438539 0.148894 1.251939 83.169599 -159.341831 0.961026 3.590593
105020512 -1.161951 -0.438539 0.144034 1.250277 83.384721 -159.322685 0.952334 3.595540
105020513 -1.160775 -0.438539 0.139175 1.248633 83.600413 -159.303506 0.943559 3.600449
105020514 -1.159598 -0.438539 0.134315 1.247007 83.816672 -159.284292 0.934702 3.605319
105020515 -1.158422 -0.438539 0.129456 1.245398 84.033493 -159.265044 0.925763 3.610149
105020516 -1.157246 -0.438539 0.124596 1.243808 84.250873 -159.245762 0.916742 3.614939
105020517 -1.156069 -0.438539 0.119736 1.242236 84.468806 -159.226446 0.907639 3.619689
105020518 -1.154893 -0.438539 0.114877 1.240682 84.687289 -159.207095 0.898454 3.624398
105020519 -1.153717 -0.438539 0.110017 1.239146 84.906318 -159.187710 0.889189 3.629065
105020520 -1.152540 -0.438539 0.105157 1.237628 85.125887 -159.168291 0.879842 3.633690
105020521 -1.151364 -0.438539 0.100298 1.236129 85.345993 -159.148836 0.870415 3.638272
105020522 -1.150188 -0.438539 0.095438 1.234648 85.566631 -159.129347 0.860907 3.642811
105020523 -1.149011 -0.438539 0.090578 1.233186 85.787796 -159.109823 0.851320 3.647306
105020524 -1.147835 -0.438539 0.085719 1.231742 86.009483 -159.090264 0.841653 3.651756
105020525 -1.146659 -0.438539 0.080859 1.230317 86.231688 -159.070671 0.831906 3.656162
105020526 -1.145482 -0.438539 0.075999 1.228911 86.454405 -159.051042 0.822081 3.660522
105020527 -1.144306 -0.438539 0.071140 1.227523 86.677629 -159.031377 0.812178 3.664836
105020528 -1.143130 -0.438539 0.066280 1.226154 86.901355 -159.011678 0.802196 3.669103
105020529 -1.141953 -0.438539 0.061420 1.224805 87.125579 -158.991943 0.792137 3.673323
105020530 -1.140777 -0.438539 0.056561 1.223474 87.350294 -158.972173 0.782001 3.677496
105020531 -1.139601 -0.438539 0.051701 1.222162 87.575495 -158.952367 0.771789 3.681620
105020532 -1.138424 -0.438539 0.046841 1.220869 87.801177 -158.932525 0.761501 3.685695
105020533 -1.137248 -0.438539 0.041982 1.219595 88.027335 -158.912648 0.751137 3.689721
105020534 -1.136072 -0.438539 0.037122 1.218340 88.253962 -158.892735 0.740698 3.693697
105020535 -1.134895 -0.438539 0.032262 1.217105 88.481053 -158.872786 0.730185 3.697623
105020536 -1.133719 -0.438539 0.027403 1.215889 88.708601 -158.852801 0.719598 3.701498
105020537 -1.132543 -0.438539 0.022543 1.214692 88.936602 -158.832780 0.708939 3.705322
105020538 -1.131366 -0.438539 0.017683 1.213515 89.165049 -158.812723 0.698206 3.709093
105020539 -1.130190 -0.438539 0.012824 1.212357 89.393937 -158.792629 0.687402 3.712813
105020540 -1.129014 -0.438539 0.007964 1.211219 89.623258 -158.772499 0.676527 3.716479
105020541 -1.127837 -0.438539 0.003105 1.210100 89.853007 -158.752333 0.665582 3.720092
105020542 -1.126661 -0.438539 -0.001755 1.209001 90.083177 -158.732130 0.662968 3.723651
105020543 -1.125484 -0.438539 -0.006615 1.207922 90.313763 -158.711890 0.675211 3.727155
105020544 -1.124308 -0.438539 -0.011474 1.206862 90.544757 -158.691613 0.687481 3.730605
105020545 -1.123132 -0.438539 -0.016334 1.205823 90.776153 -158.671300 0.699777 3.733999
105020546 -1.121955 -0.438539 -0.021194 1.204803 91.007945 -158.650950 0.712098 3.737337
105020547 -1.120779 -0.438539 -0.026053 1.203803 91.240125 -158.630562 0.724443 3.740619
105020548 -1.119603 -0.438539 -0.030913 1.202823 91.472688 -158.610138 0.736811 3.743845
105020549 -1.118426 -0.438539 -0.035773 1.201863 91.705625 -158.589676 0.749200 3.747013
105020550 -1.117250 -0.438539 -0.040632 1.200923 91.938931 -158.569177 0.761609 3.750124
105020551 -1.116074 -0.438539 -0.045492 1.200003 92.172599 -158.548641 0.774038 3.753176
105020552 -1.114897 -0.438539 -0.050352 1.199103 92.406621 -158.528067 0.786484 3.756170
105020553 -1.113721 -0.438539 -0.055211 1.198223 92.640989 -158.507455 0.798948 3.759105
105020554 -1.112545 -0.438539 -0.060071 1.197364 92.875698 -158.486806 0.811427 3.761980
105020555 -1.111368 -0.438539 -0.064931 1.196525 93.110740 -158.466118 0.823920 3.764796
105020556 -1.110192 -0.438539 -0.069790 1.195706 93.346107 -158.445393 0.836426 3.767552
105020557 -1.109016 -0.438539 -0.074650 1.194908 93.581793 -158.424630 0.848944 3.770246
105020558 -1.107839 -0.438539 -0.079510 1.194130 93.817789 -158.403829 0.861473 3.772880
105020559 -1.106663 -0.438539 -0.084369 1.193372 94.054088 -158.382989 0.874011 3.775453
105020560 -1.105487 -0.438539 -0.089229 1.192635 94.290683 -158.362111 0.886557 3.777964
105020561 -1.104310 -0.438539 -0.094089 1.191919 94.527565 -158.341195 0.899109 3.780413
105020562 -1.103134 -0.438539 -0.098948 1.191223 94.764728 -158.320240 0.911668 3.782799
105020563 -1.101958 -0.438539 -0.103808 1.190548 95.002164 -158.299247 0.924230 3.785122
105020564 -1.100781 -0.438539 -0.108667 1.189893 95.239864 -158.278214 0.936795 3.787383
105020565 -1.099605 -0.438539 -0.113527 1.189259 95.477821 -158.257143 0.949362 3.789580
105020566 -1.098429 -0.438539 -0.118387 1.188645 95.716027 -158.236033 0.961929 3.791713
105020567 -1.097252 -0.438539 -0.123246 1.188053 95.954475 -158.214884 0.974495 3.793782
105020568 -1.096076 -0.438539 -0.128106 1.187481 96.193155 -158.193696 0.987059 3.795786
105020569 -1.094900 -0.438539 -0.132966 1.186930 96.432060 -158.172469 0.999619 3.797726
105020570 -1.093723 -0.438539 -0.137825 1.186399 96.671182 -158.151202 1.012174 3.799601
105020571 -1.092547 -0.438539 -0.142685 1.185890 96.910513 -158.129896 1.024722 3.801410
105020572 -1.091371 -0.438539 -0.147545 1.185401 97.150045 -158.108550 1.037263 3.803154
105020573 -1.090194 -0.438539 -0.152404 1.184933 97.389768 -158.087165 1.049795 3.804832
105020574 -1.089018 -0.438539 -0.157264 1.184487 97.629676 -158.065740 1.062316 3.806444
105020575 -1.087842 -0.438539 -0.162124 1.184061 97.869760 -158.044275 1.074826 3.807990
105020576 -1.086665 -0.438539 -0.166983 1.183656 98.110011 -158.022770 1.087322 3.809469
105020577 -1.085489 -0.438539 -0.171843 1.183272 98.350421 -158.001225 1.099804 3.810882
105020578 -1.084313 -0.438539 -0.176703 1.182909 98.590982 -157.979640 1.112270 3.812227
105020579 -1.083136 -0.438539 -0.181562 1.182567 98.831684 -157.958014 1.124719 3.813505
105020580 -1.081960 -0.438539 -0.186422 1.182247 99.072521 -157.936348 1.137150 3.814717
105020581 -1.080784 -0.438539 -0.191282 1.181947 99.313482 -157.914642 1.149561 3.815860
105020582 -1.079607 -0.438539 -0.196141 1.181668 99.554561 -157.892895 1.161950 3.816936
105020583 -1.078431 -0.438539 -0.201001 1.181411 99.795747 -157.871107 1.174317 3.817944
105020584 -1.077255 -0.438539 -0.205861 1.181174 100.037033 -157.849279 1.186660 3.818884
105020585 -1.076078 -0.438539 -0.210720 1.180959 100.278409 -157.827409 1.198978 3.819756
105020586 -1.074902 -0.438539 -0.215580 1.180765 100.519868 -157.805499 1.211269 3.820559
105020587 -1.073726 -0.438539 -0.220440 1.180592 100.761401 -157.783547 1.223532 3.821295
105020588 -1.072549 -0.438539 -0.225299 1.180440 101.002998 -157.761554 1.235766 3.821961
105020589 -1.071373 -0.438539 -0.230159 1.180309 101.244652 -157.739520 1.247970 3.822560
105020590 -1.070197 -0.438539 -0.235018 1.180200 101.486353 -157.717444 1.260141 3.823089
105020591 -1.069020 -0.438539 -0.239878 1.180111 101.728093 -157.695327 1.272280 3.823550
105020592 -1.067844 -0.438539 -0.244738 1.180044 101.969864 -157.673168 1.284384 3.823943
105020593 -1.066668 -0.438539 -0.249597 1.179998 102.211655 -157.650967 1.296452 3.824266
105020594 -1.065491 -0.438539 -0.254457 1.179973 102.453460 -157.628724 1.308483 3.824520
105020595 -1.064315 -0.438539 -0.259317 1.179969 102.695268 -157.606439 1.320476 3.824706
105020596 -1.063139 -0.438539 -0.264176 1.179987 102.937072 -157.584112 1.332429 3.824823
105020597 -1.061962 -0.438539 -0.269036 1.180026 103.178863 -157.561743 1.344341 3.824871
105020598 -1.060786 -0.438539 -0.273896 1.180086 103.420631 -157.539331 1.356211 3.824850
105020599 -1.059610 -0.438539 -0.278755 1.180167 103.662368 -157.516877 1.368037 3.824760
105020600 -1.058433 -0.438539 -0.283615 1.180269 103.904066 -157.494380 1.379819 3.824602
105020601 -1.187313 -0.415439 0.194484 1.272841 81.211063 -160.715134 1.026005 3.518168
105020602 -1.186136 -0.415439 0.189624 1.271010 81.419912 -160.697423 1.018311 3.523421
105020603 -1.184960 -0.415439 0.184764 1.269196 81.629362 -160.679680 1.010536 3.528642
105020604 -1.183784 -0.415439 0.179905 1.267398 81.839409 -160.661905 1.002680 3.533830
105020605 -1.182607 -0.415439 0.175045 1.265618 82.050050 -160.644100 0.994742 3.538985
105020606 -1.181431 -0.415439 0.170186 1.263856 82.261283 -160.626262 0.986723 3.544106
105020607 -1.180255 -0.415439 0.165326 1.262111 82.473104 -160.608393 0.978624 3.549192
105020608 -1.179078 -0.415439 0.160466 1.260383 82.685509 -160.590493 0.970443 3.554244
105020609 -1.177902 -0.415439 0.155607 1.258672 82.898495 -160.572560 0.962181 3.559260
105020610 -1.176726 -0.415439 0.150747 1.256979 83.112058 -160.554596 0.953838 3.564239
105020611 -1.175549 -0.415439 0.145887 1.255304 83.326195 -160.536600 0.945414 3.569182
105020612 -1.174373 -0.415439 0.141028 1.253647 83.540902 -160.518571 0.936910 3.574088
105020613 -1.173197 -0.415439 0.136168 1.252007 83.756175 -160.500511 0.928325 3.578956
105020614 -1.172020 -0.415439 0.131308 1.250385 83.972010 -160.482418 0.919660 3.583785
105020615 -1.170844 -0.415439 0.126449 1.248781 84.188404 -160.464293 0.910915 3.588576
105020616 -1.169668 -0.415439 0.121589 1.247195 84.405351 -160.446136 0.902091 3.593327
105020617 -1.168491 -0.415439 0.116729 1.245627 84.622848 -160.427946 0.893186 3.598038
105020618 -1.167315 -0.415439 0.111870 1.244077 84.840891 -160.409724 0.884202 3.602708
105020619 -1.166139 -0.415439 0.107010 1.242546 85.059475 -160.391469 0.875139 3.607337
105020620 -1.164962 -0.415439 0.102150 1.241032 85.278596 -160.373181 0.865998 3.611925
105020621 -1.163786 -0.415439 0.097291 1.239537 85.498250 -160.354860 0.856777 3.616470
105020622 -1.162609 -0.415439 0.092431 1.238061 85.718430 -160.336507 0.847479 3.620973
105020623 -1.161433 -0.415439 0.087571 1.236602 85.939134 -160.318121 0.838102 3.625432
105020624 -1.160257 -0.415439 0.082712 1.235163 86.160357 -160.299701 0.828649 3.629847
105020625 -1.159080 -0.415439 0.077852 1.233741 86.382092 -160.281249 0.819118 3.634218
105020626 -1.157904 -0.415439 0.072992 1.232339 86.604336 -160.262763 0.809510 3.638544
105020627 -1.156728 -0.415439 0.068133 1.230955 86.827084 -160.244244 0.799826 3.642824
105020628 -1.155551 -0.415439 0.063273 1.229590 87.050329 -160.225691 0.790066 3.647058
105020629 -1.154375 -0.415439 0.058413 1.228244 87.274068 -160.207105 0.780230 3.651246
105020630 -1.153199 -0.415439 0.053554 1.226917 87.498295 -160.188486 0.770320 3.655387
105020631 -1.152022 -0.415439 0.048694 1.225609 87.723004 -160.169833 0.760335 3.659479
105020632 -1.150846 -0.415439 0.043835 1.224319 87.948190 -160.151146 0.750276 3.663524
105020633 -1.149670 -0.415439 0.038975 1.223049 88.173847 -160.132425 0.740143 3.667520
105020634 -1.148493 -0.415439 0.034115 1.221798 88.399971 -160.113671 0.729938 3.671467
105020635 -1.147317 -0.415439 0.029256 1.220566 88.626554 -160.094882 0.719660 3.675364
105020636 -1.146141 -0.415439 0.024396 1.219354 88.853592 -160.076059 0.709311 3.679211
105020637 -1.144964 -0.415439 0.019536 1.218160 89.081078 -160.057202 0.698890 3.683007
105020638 -1.143788 -0.415439 0.014677 1.216986 89.309007 -160.038311 0.688399 3.686751
105020639 -1.142612 -0.415439 0.009817 1.215832 89.537373 -160.019385 0.677838 3.690444
105020640 -1.141435 -0.415439 0.004957 1.214697 89.766169 -160.000425 0.667208 3.694085
105020641 -1.140259 -0.415439 0.000098 1.213582 89.995389 -159.981431 0.656509 3.697673
105020642 -1.139083 -0.415439 -0.004762 1.212486 90.225028 -159.962402 0.667997 3.701208
105020643 -1.137906 -0.415439 -0.009622 1.211410 90.455078 -159.943338 0.679966 3.704689
105020644 -1.136730 -0.415439 -0.014481 1.210353 90.685533 -159.924239 0.691961 3.708116
105020645 -1.135554 -0.415439 -0.019341 1.209316 90.916388 -159.905106 0.703981 3.711488
105020646 -1.134377 -0.415439 -0.024201 1.208299 91.147634 -159.885937 0.716024 3.714805
105020647 -1.133201 -0.415439 -0.029060 1.207302 91.379266 -159.866733 0.728090 3.718067
105020648 -1.132025 -0.415439 -0.033920 1.206325 91.611277 -159.847494 0.740177 3.721273
105020649 -1.130848 -0.415439 -0.038780 1.205368 91.843661 -159.828220 0.752284 3.724422
105020650 -1.129672 -0.415439 -0.043639 1.204430 92.076409 -159.808911 0.764410 3.727514
105020651 -1.128496 -0.415439 -0.048499 1.203513 92.309516 -159.789566 0.776554 3.730549
105020652 -1.127319 -0.415439 -0.053359 1.202616 92.542975 -159.770185 0.788714 3.733526
105020653 -1.126143 -0.415439 -0.058218 1.201739 92.776778 -159.750769 0.800890 3.736445
105020654 -1.124967 -0.415439 -0.063078 1.200882 93.010918 -159.731317 0.813080 3.739305
105020655 -1.123790 -0.415439 -0.067937 1.200046 93.245388 -159.711830 0.825284 3.742106
105020656 -1.122614 -0.415439 -0.072797 1.199229 93.480181 -159.692306 0.837499 3.744848
105020657 -1.121438 -0.415439 -0.077657 1.198433 93.715289 -159.672746 0.849725 3.747530
105020658 -1.120261 -0.415439 -0.082516 1.197658 93.950705 -159.653151 0.861960 3.750152
105020659 -1.119085 -0.415439 -0.087376 1.196902 94.186423 -159.633519 0.874204 3.752714
105020660 -1.117909 -0.415439 -0.092236 1.196167 94.422433 -159.613850 0.886455 3.755214
105020661 -1.116732 -0.415439 -0.097095 1.195453 94.658729 -159.594146 0.898711 3.757653
105020662 -1.115556 -0.415439 -0.101955 1.194759 94.895303 -159.574404 0.910972 3.760031
105020663 -1.114380 -0.415439 -0.106815 1.194086 95.132147 -159.554627 0.923237 3.762347
105020664 -1.113203 -0.415439 -0.111674 1.193433 95.369254 -159.534812 0.935503 3.764600
105020665 -1.112027 -0.415439 -0.116534 1.192801 95.606615 -159.514961 0.947770 3.766790
105020666 -1.110851 -0.415439 -0.121394 1.192189 95.844224 -159.495073 0.960036 3.768918
105020667 -1.109674 -0.415439 -0.126253 1.191598 96.082072 -159.475148 0.972301 3.770983
105020668 -1.108498 -0.415439 -0.131113 1.191028 96.320150 -159.455185 0.984562 3.772983
105020669 -1.107322 -0.415439 -0.135973 1.190479 96.558452 -159.435186 0.996820 3.774920
105020670 -1.106145 -0.415439 -0.140832 1.189950 96.796970 -159.415149 1.009071 3.776793
105020671 -1.104969 -0.415439 -0.145692 1.189442 97.035694 -159.395075 1.021315 3.778602
105020672 -1.103793 -0.415439 -0.150552 1.188955 97.274617 -159.374964 1.033551 3.780346
105020673 -1.102616 -0.415439 -0.155411 1.188488 97.513731 -159.354814 1.045778 3.782024
105020674 -1.101440 -0.415439 -0.160271 1.188043 97.753027 -159.334628 1.057993 3.783638
105020675 -1.100264 -0.415439 -0.165131 1.187618 97.992498 -159.314403 1.070196 3.785186
105020676 -1.099087 -0.415439 -0.169990 1.187215 98.232135 -159.294140 1.082386 3.786669
105020677 -1.097911 -0.415439 -0.174850 1.186832 98.471930 -159.273840 1.094561 3.788086
105020678 -1.096735 -0.415439 -0.179710 1.186470 98.711874 -159.253501 1.106720 3.789437
105020679 -1.095558 -0.415439 -0.184569 1.186129 98.951959 -159.233125 1.118861 3.790721
105020680 -1.094382 -0.415439 -0.189429 1.185810 99.192177 -159.212709 1.130983 3.791939
105020681 -1.093206 -0.415439 -0.194288 1.185511 99.432519 -159.192256 1.143086 3.793091
105020682 -1.092029 -0.415439 -0.199148 1.185233 99.672976 -159.171764 1.155167 3.794175
105020683 -1.090853 -0.415439 -0.204008 1.184976 99.913541 -159.151233 1.167225 3.795193
105020684 -1.089677 -0.415439 -0.208867 1.184740 100.154205 -159.130664 1.179259 3.796144
105020685 -1.088500 -0.415439 -0.213727 1.184526 100.394959 -159.110056 1.191268 3.797027
105020686 -1.087324 -0.415439 -0.218587 1.184332 100.635795 -159.089409 1.203251 3.797843
105020687 -1.086148 -0.415439 -0.223446 1.184160 100.876703 -159.068723 1.215205 3.798592
105020688 -1.084971 -0.415439 -0.228306 1.184008 101.117677 -159.047998 1.227131 3.799273
105020689 -1.083795 -0.415439 -0.233166 1.183878 101.358706 -159.027234 1.239026 3.799887
105020690 -1.082618 -0.415439 -0.238025 1.183769 101.599782 -159.006430 1.250889 3.800433
105020691 -1.081442 -0.415439 -0.242885 1.183681 101.840898 -158.985587 1.262719 3.800911
105020692 -1.080266 -0.415439 -0.247745 1.183614 102.082043 -158.964704 1.274515 3.801321
105020693 -1.079089 -0.415439 -0.252604 1.183568 102.323210 -158.943782 1.286275 3.801664
105020694 -1.077913 -0.415439 -0.257464 1.183543 102.564389 -158.922820 1.297999 3.801938
105020695 -1.076737 -0.415439 -0.262324 1.183539 102.805573 -158.901818 1.309685 3.802145
105020696 -1.075560 -0.415439 -0.267183 1.183557 103.046752 -158.880776 1.321331 3.802284
105020697 -1.074384 -0.415439 -0.272043 1.183595 103.287918 -158.859693 1.332937 3.802354
105020698 -1.073208 -0.415439 -0.276903 1.183655 103.529062 -158.838571 1.344501 3.802357
105020699 -1.072031 -0.415439 -0.281762 1.183736 103.770176 -158.817409 1.356022 3.802292
105020700 -1.070855 -0.415439 -0.286622 1.183838 104.011251 -158.796206 1.367499 3.802159
105020701 -1.199734 -0.392339 0.191477 1.276697 81.374330 -161.891150 1.008316 3.494423
105020702 -1.198558 -0.392339 0.186617 1.274872 81.582729 -161.874539 1.000795 3.499620
105020703 -1.197382 -0.392339 0.181758 1.273063 81.791723 -161.857898 0.993196 3.504785
105020704 -1.196205 -0.392339 0.176898 1.271271 82.001310 -161.841227 0.985518 3.509918
105020705 -1.195029 -0.392339 0.172038 1.269497 82.211486 -161.824527 0.977760 3.515018
105020706 -1.193853 -0.392339 0.167179 1.267739 82.422249 -161.807798 0.969924 3.520085
105020707 -1.192676 -0.392339 0.162319 1.265999 82.633595 -161.791038 0.962009 3.525117
105020708 -1.191500 -0.392339 0.157459 1.264277 82.845519 -161.774249 0.954015 3.530115
105020709 -1.190324 -0.392339 0.152600 1.262572 83.058020 -161.757429 0.945942 3.535078
105020710 -1.189147 -0.392339 0.147740 1.260884 83.271094 -161.740580 0.937791 3.540005
105020711 -1.187971 -0.392339 0.142880 1.259214 83.484736 -161.723701 0.929561 3.544896
105020712 -1.186795 -0.392339 0.138021 1.257562 83.698943 -161.706791 0.921252 3.549749
105020713 -1.185618 -0.392339 0.133161 1.255927 83.913711 -161.689851 0.912866 3.554566
105020714 -1.184442 -0.392339 0.128301 1.254310 84.129036 -161.672881 0.904402 3.559345
105020715 -1.183266 -0.392339 0.123442 1.252711 84.344915 -161.655881 0.895859 3.564085
105020716 -1.182089 -0.392339 0.118582 1.251130 84.561343 -161.638850 0.887240 3.568786
105020717 -1.180913 -0.392339 0.113722 1.249567 84.778316 -161.621788 0.878542 3.573448
105020718 -1.179737 -0.392339 0.108863 1.248022 84.995829 -161.604696 0.869768 3.578070
105020719 -1.178560 -0.392339 0.104003 1.246495 85.213879 -161.587573 0.860917 3.582651
105020720 -1.177384 -0.392339 0.099144 1.244987 85.432462 -161.570419 0.851989 3.587190
105020721 -1.176208 -0.392339 0.094284 1.243497 85.651571 -161.553234 0.842984 3.591689
105020722 -1.175031 -0.392339 0.089424 1.242025 85.871204 -161.536019 0.833904 3.596145
105020723 -1.173855 -0.392339 0.084565 1.240571 86.091355 -161.518772 0.824748 3.600558
105020724 -1.172679 -0.392339 0.079705 1.239136 86.312020 -161.501494 0.815517 3.604928
105020725 -1.171502 -0.392339 0.074845 1.237719 86.533193 -161.484185 0.806211 3.609253
105020726 -1.170326 -0.392339 0.069986 1.236321 86.754870 -161.466845 0.796830 3.613535
105020727 -1.169150 -0.392339 0.065126 1.234942 86.977046 -161.449474 0.787375 3.617772
105020728 -1.167973 -0.392339 0.060266 1.233582 87.199716 -161.432071 0.777847 3.621963
105020729 -1.166797 -0.392339 0.055407 1.232240 87.422875 -161.414636 0.768245 3.626108
105020730 -1.165621 -0.392339 0.050547 1.230917 87.646516 -161.397170 0.758570 3.630207
105020731 -1.164444 -0.392339 0.045687 1.229613 87.870636 -161.379672 0.748823 3.634259
105020732 -1.163268 -0.392339 0.040828 1.228328 88.095228 -161.362142 0.739004 3.638263
105020733 -1.162092 -0.392339 0.035968 1.227062 88.320288 -161.344581 0.729113 3.642219
105020734 -1.160915 -0.392339 0.031108 1.225815 88.545809 -161.326987 0.719152 3.646127
105020735 -1.159739 -0.392339 0.026249 1.224587 88.771786 -161.309362 0.709120 3.649985
105020736 -1.158563 -0.392339 0.021389 1.223378 88.998213 -161.291704 0.699019 3.653794
105020737 -1.157386 -0.392339 0.016529 1.222189 89.225084 -161.274014 0.688848 3.657553
105020738 -1.156210 -0.392339 0.011670 1.221019 89.452394 -161.256292 0.678609 3.661262
105020739 -1.155034 -0.392339 0.006810 1.219868 89.680136 -161.238538 0.668303 3.664919
105020740 -1.153857 -0.392339 0.001950 1.218737 89.908305 -161.220751 0.657928 3.668525
105020741 -1.152681 -0.392339 -0.002909 1.217625 90.136894 -161.202932 0.660713 3.672079
105020742 -1.151505 -0.392339 -0.007769 1.216533 90.365897 -161.185079 0.672371 3.675581
105020743 -1.150328 -0.392339 -0.012629 1.215461 90.595308 -161.167195 0.684054 3.679029
105020744 -1.149152 -0.392339 -0.017488 1.214408 90.825121 -161.149277 0.695761 3.682424
105020745 -1.147976 -0.392339 -0.022348 1.213374 91.055329 -161.131327 0.707492 3.685766
105020746 -1.146799 -0.392339 -0.027207 1.212361 91.285925 -161.113343 0.719244 3.689053
105020747 -1.145623 -0.392339 -0.032067 1.211367 91.516903 -161.095327 0.731017 3.692285
105020748 -1.144447 -0.392339 -0.036927 1.210393 91.748256 -161.077277 0.742811 3.695462
105020749 -1.143270 -0.392339 -0.041786 1.209439 91.979978 -161.059194 0.754622 3.698583
105020750 -1.142094 -0.392339 -0.046646 1.208505 92.212062 -161.041078 0.766452 3.701648
105020751 -1.140918 -0.392339 -0.051506 1.207591 92.444501 -161.022928 0.778297 3.704657
105020752 -1.139741 -0.392339 -0.056365 1.206697 92.677288 -161.004745 0.790159 3.707609
105020753 -1.138565 -0.392339 -0.061225 1.205823 92.910416 -160.986529 0.802034 3.710503
105020754 -1.137389 -0.392339 -0.066085 1.204969 93.143878 -160.968278 0.813922 3.713340
105020755 -1.136212 -0.392339 -0.070944 1.204135 93.377667 -160.949994 0.825823 3.716119
105020756 -1.135036 -0.392339 -0.075804 1.203321 93.611776 -160.931676 0.837734 3.718839
105020757 -1.133860 -0.392339 -0.080664 1.202528 93.846197 -160.913324 0.849654 3.721500
105020758 -1.132683 -0.392339 -0.085523 1.201755 94.080924 -160.894938 0.861583 3.724102
105020759 -1.131507 -0.392339 -0.090383 1.201002 94.315948 -160.876518 0.873519 3.726644
105020760 -1.130331 -0.392339 -0.095243 1.200270 94.551262 -160.858064 0.885461 3.729126
105020761 -1.129154 -0.392339 -0.100102 1.199558 94.786859 -160.839575 0.897408 3.731548
105020762 -1.127978 -0.392339 -0.104962 1.198866 95.022732 -160.821052 0.909358 3.733909
105020763 -1.126802 -0.392339 -0.109822 1.198195 95.258872 -160.802495 0.921311 3.736209
105020764 -1.125625 -0.392339 -0.114681 1.197545 95.495273 -160.783902 0.933264 3.738448
105020765 -1.124449 -0.392339 -0.119541 1.196915 95.731926 -160.765276 0.945218 3.740625
105020766 -1.123272 -0.392339 -0.124401 1.196305 95.968823 -160.746614 0.957170 3.742740
105020767 -1.122096 -0.392339 -0.129260 1.195716 96.205957 -160.727918 0.969120 3.744793
105020768 -1.120920 -0.392339 -0.134120 1.195148 96.443320 -160.709186 0.981065 3.746783
105020769 -1.119743 -0.392339 -0.138979 1.194601 96.680904 -160.690420 0.993006 3.748710
105020770 -1.118567 -0.392339 -0.143839 1.194074 96.918702 -160.671618 1.004940 3.750574
105020771 -1.117391 -0.392339 -0.148699 1.193567 97.156704 -160.652781 1.016867 3.752374
105020772 -1.116214 -0.392339 -0.153558 1.193082 97.394903 -160.633909 1.028784 3.754111
105020773 -1.115038 -0.392339 -0.158418 1.192617 97.633291 -160.615001 1.040692 3.755784
105020774 -1.113862 -0.392339 -0.163278 1.192173 97.871861 -160.596058 1.052588 3.757393
105020775 -1.112685 -0.392339 -0.168137 1.191750 98.110603 -160.577079 1.064471 3.758937
105020776 -1.111509 -0.392339 -0.172997 1.191348 98.349509 -160.558065 1.076340 3.760417
105020777 -1.110333 -0.392339 -0.177857 1.190967 98.588572 -160.539014 1.088195 3.761832
105020778 -1.109156 -0.392339 -0.182716 1.190606 98.827782 -160.519928 1.100032 3.763182
105020779 -1.107980 -0.392339 -0.187576 1.190267 99.067133 -160.500806 1.111852 3.764466
105020780 -1.106804 -0.392339 -0.192436 1.189948 99.306615 -160.481647 1.123653 3.765685
105020781 -1.105627 -0.392339 -0.197295 1.189650 99.546220 -160.462453 1.135434 3.766839
105020782 -1.104451 -0.392339 -0.202155 1.189373 99.785939 -160.443222 1.147193 3.767927
105020783 -1.103275 -0.392339 -0.207015 1.189117 100.025765 -160.423955 1.158929 3.768949
105020784 -1.102098 -0.392339 -0.211874 1.188882 100.265689 -160.404651 1.170641 3.769904
105020785 -1.100922 -0.392339 -0.216734 1.188668 100.505703 -160.385310 1.182328 3.770794
105020786 -1.099746 -0.392339 -0.221594 1.188476 100.745797 -160.365933 1.193988 3.771617
105020787 -1.098569 -0.392339 -0.226453 1.188304 100.985964 -160.346519 1.205621 3.772374
105020788 -1.097393 -0.392339 -0.231313 1.188153 101.226195 -160.327068 1.217224 3.773065
105020789 -1.096217 -0.392339 -0.236173 1.188023 101.466481 -160.307580 1.228797 3.773689
105020790 -1.095040 -0.392339 -0.241032 1.187914 101.706814 -160.288055 1.240338 3.774246
105020791 -1.093864 -0.392339 -0.245892 1.187826 101.947186 -160.268493 1.251847 3.774736
105020792 -1.092688 -0.392339 -0.250752 1.187759 102.187588 -160.248894 1.263322 3.775160
105020793 -1.091511 -0.392339 -0.255611 1.187714 102.428011 -160.229257 1.274761 3.775517
105020794 -1.090335 -0.392339 -0.260471 1.187689 102.668447 -160.209582 1.286164 3.775807
105020795 -1.089159 -0.392339 -0.265330 1.187685 102.908887 -160.189870 1.297530 3.776030
105020796 -1.087982 -0.392339 -0.270190 1.187703 103.149323 -160.170120 1.308857 3.776186
105020797 -1.086806 -0.392339 -0.275050 1.187741 103.389747 -160.150333 1.320143 3.776275
105020798 -1.085630 -0.392339 -0.279909 1.187801 103.630148 -160.130507 1.331389 3.776297
105020799 -1.084453 -0.392339 -0.284769 1.187881 103.870520 -160.110643 1.342592 3.776253
105020800 -1.083277 -0.392339 -0.289629 1.187983 104.110854 -160.090742 1.353751 3.776141
