# pixelID   x   y   z   l2  two_theta   azimuthal   polar_width azimuthal_width
103030001 -1.074520 -0.199400 1.805130 2.110177 31.191631 -169.487141 0.437230 2.121398
103030002 -1.075896 -0.199400 1.800323 2.106768 31.290799 -169.500281 0.437330 2.124910
103030003 -1.077271 -0.199400 1.795515 2.103366 31.390289 -169.513388 0.437429 2.128428
103030004 -1.078646 -0.199400 1.790708 2.099970 31.490103 -169.526463 0.437528 2.131949
103030005 -1.080022 -0.199400 1.785901 2.096581 31.590241 -169.539505 0.437625 2.135476
103030006 -1.081397 -0.199400 1.781094 2.093197 31.690704 -169.552516 0.437720 2.139007
103030007 -1.082772 -0.199400 1.776287 2.089821 31.791494 -169.565495 0.437815 2.142542
103030008 -1.084147 -0.199400 1.771480 2.086451 31.892611 -169.578441 0.437909 2.146082
103030009 -1.085523 -0.199400 1.766673 2.083087 31.994056 -169.591356 0.438001 2.149626
103030010 -1.086898 -0.199400 1.761866 2.079730 32.095830 -169.604240 0.438092 2.153175
103030011 -1.088273 -0.199400 1.757058 2.076380 32.197935 -169.617092 0.438182 2.156728
103030012 -1.089649 -0.199400 1.752251 2.073036 32.300370 -169.629912 0.438270 2.160285
103030013 -1.091024 -0.199400 1.747444 2.069699 32.403137 -169.642701 0.438357 2.163846
103030014 -1.092399 -0.199400 1.742637 2.066369 32.506238 -169.655460 0.438443 2.167411
103030015 -1.093775 -0.199400 1.737830 2.063045 32.609671 -169.668187 0.438527 2.170981
103030016 -1.095150 -0.199400 1.733023 2.059729 32.713440 -169.680883 0.438610 2.174555
103030017 -1.096525 -0.199400 1.728216 2.056419 32.817545 -169.693548 0.438692 2.178132
103030018 -1.097901 -0.199400 1.723409 2.053116 32.921985 -169.706183 0.438772 2.181714
103030019 -1.099276 -0.199400 1.718601 2.049819 33.026764 -169.718787 0.438850 2.185299
103030020 -1.100651 -0.199400 1.713794 2.046530 33.131881 -169.731360 0.438927 2.188889
103030021 -1.102027 -0.199400 1.708987 2.043247 33.237337 -169.743903 0.439002 2.192482
103030022 -1.103402 -0.199400 1.704180 2.039972 33.343134 -169.756416 0.439076 2.196079
103030023 -1.104777 -0.199400 1.699373 2.036704 33.449271 -169.768898 0.439149 2.199680
103030024 -1.106153 -0.199400 1.694566 2.033442 33.555751 -169.781351 0.439219 2.203284
103030025 -1.107528 -0.199400 1.689759 2.030188 33.662574 -169.793774 0.439288 2.206892
103030026 -1.108903 -0.199400 1.684952 2.026941 33.769741 -169.806166 0.439355 2.210504
103030027 -1.110279 -0.199400 1.680144 2.023701 33.877252 -169.818529 0.439421 2.214119
103030028 -1.111654 -0.199400 1.675337 2.020468 33.985109 -169.830863 0.439484 2.217737
103030029 -1.113029 -0.199400 1.670530 2.017242 34.093313 -169.843167 0.439546 2.221359
103030030 -1.114405 -0.199400 1.665723 2.014024 34.201864 -169.855441 0.439606 2.224984
103030031 -1.115780 -0.199400 1.660916 2.010812 34.310763 -169.867686 0.439664 2.228612
103030032 -1.117155 -0.199400 1.656109 2.007609 34.420012 -169.879902 0.439721 2.232244
103030033 -1.118531 -0.199400 1.651302 2.004412 34.529611 -169.892089 0.439775 2.235878
103030034 -1.119906 -0.199400 1.646494 2.001223 34.639560 -169.904246 0.439827 2.239516
103030035 -1.121281 -0.199400 1.641687 1.998041 34.749862 -169.916375 0.439878 2.243157
103030036 -1.122657 -0.199400 1.636880 1.994867 34.860515 -169.928475 0.439926 2.246800
103030037 -1.124032 -0.199400 1.632073 1.991700 34.971523 -169.940547 0.439973 2.250447
103030038 -1.125407 -0.199400 1.627266 1.988541 35.082885 -169.952589 0.440017 2.254096
103030039 -1.126783 -0.199400 1.622459 1.985390 35.194602 -169.964604 0.440059 2.257748
103030040 -1.128158 -0.199400 1.617652 1.982246 35.306675 -169.976589 0.440099 2.261403
103030041 -1.129533 -0.199400 1.612845 1.979109 35.419105 -169.988547 0.440137 2.265060
103030042 -1.130909 -0.199400 1.608037 1.975981 35.531892 -170.000476 0.440172 2.268720
103030043 -1.132284 -0.199400 1.603230 1.972860 35.645038 -170.012377 0.440206 2.272382
103030044 -1.133659 -0.199400 1.598423 1.969746 35.758543 -170.024251 0.440237 2.276047
103030045 -1.135035 -0.199400 1.593616 1.966641 35.872408 -170.036096 0.440266 2.279714
103030046 -1.136410 -0.199400 1.588809 1.963543 35.986635 -170.047913 0.440292 2.283383
103030047 -1.137785 -0.199400 1.584002 1.960453 36.101222 -170.059703 0.440316 2.287054
103030048 -1.139161 -0.199400 1.579195 1.957371 36.216173 -170.071465 0.440337 2.290727
103030049 -1.140536 -0.199400 1.574388 1.954297 36.331486 -170.083200 0.440357 2.294403
103030050 -1.141911 -0.199400 1.569580 1.951231 36.447164 -170.094907 0.440373 2.298080
103030051 -1.143287 -0.199400 1.564773 1.948173 36.563206 -170.106587 0.440387 2.301759
103030052 -1.144662 -0.199400 1.559966 1.945124 36.679614 -170.118240 0.440399 2.305440
103030053 -1.146037 -0.199400 1.555159 1.942082 36.796388 -170.129865 0.440408 2.309123
103030054 -1.147412 -0.199400 1.550352 1.939048 36.913529 -170.141463 0.440414 2.312807
103030055 -1.148788 -0.199400 1.545545 1.936022 37.031038 -170.153035 0.440418 2.316493
103030056 -1.150163 -0.199400 1.540738 1.933005 37.148915 -170.164579 0.440419 2.320180
103030057 -1.151538 -0.199400 1.535931 1.929996 37.267162 -170.176097 0.440417 2.323869
103030058 -1.152914 -0.199400 1.531123 1.926995 37.385778 -170.187588 0.440413 2.327558
103030059 -1.154289 -0.199400 1.526316 1.924002 37.504765 -170.199053 0.440405 2.331249
103030060 -1.155664 -0.199400 1.521509 1.921018 37.624124 -170.210491 0.440395 2.334941
103030061 -1.157040 -0.199400 1.516702 1.918042 37.743854 -170.221903 0.440382 2.338634
103030062 -1.158415 -0.199400 1.511895 1.915075 37.863957 -170.233288 0.440366 2.342328
103030063 -1.159790 -0.199400 1.507088 1.912116 37.984434 -170.244647 0.440347 2.346023
103030064 -1.161166 -0.199400 1.502281 1.909166 38.105284 -170.255980 0.440325 2.349719
103030065 -1.162541 -0.199400 1.497474 1.906224 38.226509 -170.267287 0.440300 2.353415
103030066 -1.163916 -0.199400 1.492666 1.903290 38.348109 -170.278568 0.440272 2.357111
103030067 -1.165292 -0.199400 1.487859 1.900366 38.470085 -170.289823 0.440240 2.360808
103030068 -1.166667 -0.199400 1.483052 1.897450 38.592438 -170.301052 0.440206 2.364506
103030069 -1.168042 -0.199400 1.478245 1.894543 38.715168 -170.312256 0.440168 2.368204
103030070 -1.169418 -0.199400 1.473438 1.891644 38.838276 -170.323434 0.440128 2.371901
103030071 -1.170793 -0.199400 1.468631 1.888754 38.961762 -170.334586 0.440084 2.375599
103030072 -1.172168 -0.199400 1.463824 1.885873 39.085627 -170.345713 0.440036 2.379297
103030073 -1.173544 -0.199400 1.459016 1.883001 39.209871 -170.356815 0.439986 2.382995
103030074 -1.174919 -0.199400 1.454209 1.880138 39.334496 -170.367891 0.439931 2.386692
103030075 -1.176294 -0.199400 1.449402 1.877284 39.459501 -170.378943 0.439874 2.390389
103030076 -1.177670 -0.199400 1.444595 1.874439 39.584887 -170.389969 0.439813 2.394086
103030077 -1.179045 -0.199400 1.439788 1.871603 39.710655 -170.400970 0.439749 2.397782
103030078 -1.180420 -0.199400 1.434981 1.868776 39.836805 -170.411946 0.439680 2.401477
103030079 -1.181796 -0.199400 1.430174 1.865958 39.963337 -170.422898 0.439609 2.405171
103030080 -1.183171 -0.199400 1.425367 1.863149 40.090253 -170.433824 0.439534 2.408865
103030081 -1.184546 -0.199400 1.420559 1.860349 40.217553 -170.444726 0.439455 2.412557
103030082 -1.185922 -0.199400 1.415752 1.857559 40.345236 -170.455604 0.439372 2.416249
103030083 -1.187297 -0.199400 1.410945 1.854778 40.473304 -170.466456 0.439286 2.419939
103030084 -1.188672 -0.199400 1.406138 1.852006 40.601757 -170.477285 0.439196 2.423628
103030085 -1.190048 -0.199400 1.401331 1.849244 40.730596 -170.488089 0.439102 2.427315
103030086 -1.191423 -0.199400 1.396524 1.846491 40.859821 -170.498869 0.439004 2.431001
103030087 -1.192798 -0.199400 1.391717 1.843747 40.989431 -170.509624 0.438902 2.434685
103030088 -1.194174 -0.199400 1.386910 1.841013 41.119428 -170.520356 0.438797 2.438367
103030089 -1.195549 -0.199400 1.382102 1.838289 41.249813 -170.531064 0.438687 2.442047
103030090 -1.196924 -0.199400 1.377295 1.835574 41.380584 -170.541747 0.438573 2.445726
103030091 -1.198300 -0.199400 1.372488 1.832868 41.511744 -170.552407 0.438456 2.449402
103030092 -1.199675 -0.199400 1.367681 1.830173 41.643291 -170.563043 0.438334 2.453075
103030093 -1.201050 -0.199400 1.362874 1.827487 41.775227 -170.573655 0.438208 2.456747
103030094 -1.202426 -0.199400 1.358067 1.824810 41.907552 -170.584244 0.438078 2.460415
103030095 -1.203801 -0.199400 1.353260 1.822144 42.040265 -170.594809 0.437943 2.464081
103030096 -1.205176 -0.199400 1.348453 1.819487 42.173368 -170.605350 0.437805 2.467744
103030097 -1.206551 -0.199400 1.343645 1.816841 42.306860 -170.615868 0.437662 2.471405
103030098 -1.207927 -0.199400 1.338838 1.814204 42.440742 -170.626363 0.437514 2.475062
103030099 -1.209302 -0.199400 1.334031 1.811577 42.575014 -170.636835 0.437362 2.478716
103030100 -1.210677 -0.199400 1.329224 1.808960 42.709676 -170.647283 0.437206 2.482366
103030101 -1.074520 -0.173000 1.805130 2.107846 31.086825 -170.853749 0.394729 2.131566
103030102 -1.075896 -0.173000 1.800323 2.104434 31.186063 -170.865244 0.394857 2.135083
103030103 -1.077271 -0.173000 1.795515 2.101028 31.285624 -170.876710 0.394985 2.138604
103030104 -1.078646 -0.173000 1.790708 2.097628 31.385509 -170.888147 0.395112 2.142130
103030105 -1.080022 -0.173000 1.785901 2.094235 31.485720 -170.899556 0.395238 2.145660
103030106 -1.081397 -0.173000 1.781094 2.090848 31.586256 -170.910937 0.395363 2.149195
103030107 -1.082772 -0.173000 1.776287 2.087467 31.687120 -170.922289 0.395488 2.152735
103030108 -1.084147 -0.173000 1.771480 2.084093 31.788311 -170.933614 0.395611 2.156279
103030109 -1.085523 -0.173000 1.766673 2.080726 31.889831 -170.944910 0.395734 2.159828
103030110 -1.086898 -0.173000 1.761866 2.077365 31.991681 -170.956179 0.395855 2.163381
103030111 -1.088273 -0.173000 1.757058 2.074011 32.093861 -170.967419 0.395976 2.166938
103030112 -1.089649 -0.173000 1.752251 2.070664 32.196373 -170.978632 0.396095 2.170500
103030113 -1.091024 -0.173000 1.747444 2.067323 32.299218 -170.989818 0.396214 2.174066
103030114 -1.092399 -0.173000 1.742637 2.063989 32.402397 -171.000976 0.396332 2.177636
103030115 -1.093775 -0.173000 1.737830 2.060661 32.505910 -171.012107 0.396448 2.181210
103030116 -1.095150 -0.173000 1.733023 2.057341 32.609758 -171.023210 0.396563 2.184789
103030117 -1.096525 -0.173000 1.728216 2.054027 32.713943 -171.034286 0.396678 2.188372
103030118 -1.097901 -0.173000 1.723409 2.050720 32.818465 -171.045335 0.396791 2.191958
103030119 -1.099276 -0.173000 1.718601 2.047420 32.923326 -171.056357 0.396903 2.195549
103030120 -1.100651 -0.173000 1.713794 2.044127 33.028526 -171.067353 0.397013 2.199144
103030121 -1.102027 -0.173000 1.708987 2.040840 33.134065 -171.078321 0.397123 2.202742
103030122 -1.103402 -0.173000 1.704180 2.037561 33.239946 -171.089263 0.397231 2.206345
103030123 -1.104777 -0.173000 1.699373 2.034289 33.346169 -171.100178 0.397338 2.209951
103030124 -1.106153 -0.173000 1.694566 2.031023 33.452735 -171.111067 0.397444 2.213561
103030125 -1.107528 -0.173000 1.689759 2.027765 33.559644 -171.121929 0.397548 2.217174
103030126 -1.108903 -0.173000 1.684952 2.024514 33.666898 -171.132765 0.397651 2.220791
103030127 -1.110279 -0.173000 1.680144 2.021270 33.774498 -171.143575 0.397753 2.224412
103030128 -1.111654 -0.173000 1.675337 2.018033 33.882444 -171.154359 0.397853 2.228036
103030129 -1.113029 -0.173000 1.670530 2.014804 33.990738 -171.165116 0.397952 2.231664
103030130 -1.114405 -0.173000 1.665723 2.011581 34.099380 -171.175848 0.398049 2.235295
103030131 -1.115780 -0.173000 1.660916 2.008366 34.208371 -171.186554 0.398145 2.238929
103030132 -1.117155 -0.173000 1.656109 2.005159 34.317712 -171.197234 0.398240 2.242567
103030133 -1.118531 -0.173000 1.651302 2.001958 34.427404 -171.207889 0.398332 2.246208
103030134 -1.119906 -0.173000 1.646494 1.998765 34.537448 -171.218518 0.398424 2.249852
103030135 -1.121281 -0.173000 1.641687 1.995580 34.647844 -171.229121 0.398513 2.253499
103030136 -1.122657 -0.173000 1.636880 1.992401 34.758594 -171.239699 0.398601 2.257149
103030137 -1.124032 -0.173000 1.632073 1.989231 34.869699 -171.250252 0.398687 2.260802
103030138 -1.125407 -0.173000 1.627266 1.986068 34.981158 -171.260780 0.398772 2.264458
103030139 -1.126783 -0.173000 1.622459 1.982912 35.092974 -171.271282 0.398855 2.268116
103030140 -1.128158 -0.173000 1.617652 1.979764 35.205147 -171.281760 0.398936 2.271778
103030141 -1.129533 -0.173000 1.612845 1.976624 35.317677 -171.292212 0.399015 2.275442
103030142 -1.130909 -0.173000 1.608037 1.973491 35.430566 -171.302640 0.399093 2.279108
103030143 -1.132284 -0.173000 1.603230 1.970366 35.543814 -171.313043 0.399169 2.282777
103030144 -1.133659 -0.173000 1.598423 1.967249 35.657423 -171.323421 0.399242 2.286449
103030145 -1.135035 -0.173000 1.593616 1.964140 35.771393 -171.333775 0.399314 2.290123
103030146 -1.136410 -0.173000 1.588809 1.961038 35.885724 -171.344104 0.399384 2.293799
103030147 -1.137785 -0.173000 1.584002 1.957944 36.000418 -171.354409 0.399452 2.297478
103030148 -1.139161 -0.173000 1.579195 1.954858 36.115476 -171.364690 0.399518 2.301158
103030149 -1.140536 -0.173000 1.574388 1.951781 36.230898 -171.374946 0.399582 2.304841
103030150 -1.141911 -0.173000 1.569580 1.948711 36.346685 -171.385178 0.399644 2.308526
103030151 -1.143287 -0.173000 1.564773 1.945649 36.462837 -171.395386 0.399704 2.312212
103030152 -1.144662 -0.173000 1.559966 1.942595 36.579356 -171.405570 0.399762 2.315901
103030153 -1.146037 -0.173000 1.555159 1.939549 36.696243 -171.415730 0.399818 2.319591
103030154 -1.147412 -0.173000 1.550352 1.936511 36.813498 -171.425867 0.399871 2.323283
103030155 -1.148788 -0.173000 1.545545 1.933482 36.931121 -171.435979 0.399922 2.326976
103030156 -1.150163 -0.173000 1.540738 1.930460 37.049114 -171.446068 0.399971 2.330671
103030157 -1.151538 -0.173000 1.535931 1.927447 37.167477 -171.456134 0.400018 2.334367
103030158 -1.152914 -0.173000 1.531123 1.924442 37.286211 -171.466176 0.400062 2.338065
103030159 -1.154289 -0.173000 1.526316 1.921446 37.405317 -171.476194 0.400104 2.341764
103030160 -1.155664 -0.173000 1.521509 1.918458 37.524795 -171.486189 0.400144 2.345464
103030161 -1.157040 -0.173000 1.516702 1.915478 37.644647 -171.496161 0.400181 2.349165
103030162 -1.158415 -0.173000 1.511895 1.912506 37.764872 -171.506110 0.400216 2.352867
103030163 -1.159790 -0.173000 1.507088 1.909543 37.885471 -171.516036 0.400248 2.356570
103030164 -1.161166 -0.173000 1.502281 1.906589 38.006446 -171.525939 0.400278 2.360274
103030165 -1.162541 -0.173000 1.497474 1.903643 38.127797 -171.535818 0.400305 2.363978
103030166 -1.163916 -0.173000 1.492666 1.900706 38.249524 -171.545675 0.400330 2.367683
103030167 -1.165292 -0.173000 1.487859 1.897777 38.371628 -171.555510 0.400352 2.371389
103030168 -1.166667 -0.173000 1.483052 1.894857 38.494109 -171.565321 0.400371 2.375095
103030169 -1.168042 -0.173000 1.478245 1.891946 38.616969 -171.575110 0.400387 2.378801
103030170 -1.169418 -0.173000 1.473438 1.889044 38.740208 -171.584876 0.400401 2.382507
103030171 -1.170793 -0.173000 1.468631 1.886150 38.863827 -171.594620 0.400413 2.386214
103030172 -1.172168 -0.173000 1.463824 1.883265 38.987826 -171.604342 0.400421 2.389920
103030173 -1.173544 -0.173000 1.459016 1.880389 39.112205 -171.614041 0.400426 2.393626
103030174 -1.174919 -0.173000 1.454209 1.877522 39.236966 -171.623718 0.400429 2.397332
103030175 -1.176294 -0.173000 1.449402 1.874664 39.362108 -171.633373 0.400429 2.401038
103030176 -1.177670 -0.173000 1.444595 1.871815 39.487633 -171.643006 0.400426 2.404744
103030177 -1.179045 -0.173000 1.439788 1.868974 39.613540 -171.652617 0.400419 2.408449
103030178 -1.180420 -0.173000 1.434981 1.866143 39.739832 -171.662205 0.400410 2.412153
103030179 -1.181796 -0.173000 1.430174 1.863321 39.866507 -171.671772 0.400398 2.415856
103030180 -1.183171 -0.173000 1.425367 1.860509 39.993566 -171.681318 0.400383 2.419559
103030181 -1.184546 -0.173000 1.420559 1.857705 40.121011 -171.690841 0.400364 2.423261
103030182 -1.185922 -0.173000 1.415752 1.854911 40.248840 -171.700343 0.400343 2.426961
103030183 -1.187297 -0.173000 1.410945 1.852126 40.377056 -171.709823 0.400318 2.430661
103030184 -1.188672 -0.173000 1.406138 1.849350 40.505658 -171.719282 0.400290 2.434359
103030185 -1.190048 -0.173000 1.401331 1.846584 40.634647 -171.728720 0.400258 2.438055
103030186 -1.191423 -0.173000 1.396524 1.843827 40.764023 -171.738136 0.400224 2.441750
103030187 -1.192798 -0.173000 1.391717 1.841079 40.893786 -171.747531 0.400186 2.445444
103030188 -1.194174 -0.173000 1.386910 1.838341 41.023937 -171.756904 0.400145 2.449135
103030189 -1.195549 -0.173000 1.382102 1.835613 41.154477 -171.766257 0.400100 2.452825
103030190 -1.196924 -0.173000 1.377295 1.832894 41.285406 -171.775588 0.400052 2.456513
103030191 -1.198300 -0.173000 1.372488 1.830184 41.416723 -171.784899 0.400000 2.460198
103030192 -1.199675 -0.173000 1.367681 1.827485 41.548430 -171.794189 0.399945 2.463882
103030193 -1.201050 -0.173000 1.362874 1.824795 41.680527 -171.803457 0.399886 2.467562
103030194 -1.202426 -0.173000 1.358067 1.822115 41.813014 -171.812705 0.399823 2.471241
103030195 -1.203801 -0.173000 1.353260 1.819444 41.945891 -171.821933 0.399757 2.474916
103030196 -1.205176 -0.173000 1.348453 1.816784 42.079159 -171.831139 0.399687 2.478589
103030197 -1.206551 -0.173000 1.343645 1.814133 42.212817 -171.840325 0.399614 2.482259
103030198 -1.207927 -0.173000 1.338838 1.811492 42.346867 -171.849491 0.399537 2.485926
103030199 -1.209302 -0.173000 1.334031 1.808861 42.481309 -171.858636 0.399456 2.489590
103030200 -1.210677 -0.173000 1.329224 1.806241 42.616141 -171.867761 0.399371 2.493250
103030201 -1.074520 -0.146600 1.805130 2.105844 30.996345 -172.230933 0.351444 2.140256
103030202 -1.075896 -0.146600 1.800323 2.102428 31.095644 -172.240743 0.351601 2.143776
103030203 -1.077271 -0.146600 1.795515 2.099019 31.195267 -172.250529 0.351758 2.147300
103030204 -1.078646 -0.146600 1.790708 2.095616 31.295214 -172.260290 0.351915 2.150829
103030205 -1.080022 -0.146600 1.785901 2.092219 31.395487 -172.270027 0.352071 2.154363
103030206 -1.081397 -0.146600 1.781094 2.088829 31.496087 -172.279739 0.352226 2.157901
103030207 -1.082772 -0.146600 1.776287 2.085445 31.597014 -172.289427 0.352381 2.161444
103030208 -1.084147 -0.146600 1.771480 2.082068 31.698270 -172.299091 0.352535 2.164992
103030209 -1.085523 -0.146600 1.766673 2.078698 31.799854 -172.308731 0.352689 2.168544
103030210 -1.086898 -0.146600 1.761866 2.075334 31.901770 -172.318347 0.352842 2.172101
103030211 -1.088273 -0.146600 1.757058 2.071976 32.004016 -172.327939 0.352994 2.175662
103030212 -1.089649 -0.146600 1.752251 2.068625 32.106595 -172.337508 0.353145 2.179227
103030213 -1.091024 -0.146600 1.747444 2.065281 32.209507 -172.347052 0.353296 2.182797
103030214 -1.092399 -0.146600 1.742637 2.061944 32.312754 -172.356573 0.353446 2.186371
103030215 -1.093775 -0.146600 1.737830 2.058613 32.416335 -172.366071 0.353596 2.189949
103030216 -1.095150 -0.146600 1.733023 2.055289 32.520253 -172.375545 0.353744 2.193532
103030217 -1.096525 -0.146600 1.728216 2.051972 32.624507 -172.384996 0.353892 2.197119
103030218 -1.097901 -0.146600 1.723409 2.048662 32.729100 -172.394423 0.354039 2.200709
103030219 -1.099276 -0.146600 1.718601 2.045358 32.834031 -172.403828 0.354185 2.204304
103030220 -1.100651 -0.146600 1.713794 2.042062 32.939303 -172.413209 0.354330 2.207903
103030221 -1.102027 -0.146600 1.708987 2.038772 33.044915 -172.422567 0.354475 2.211506
103030222 -1.103402 -0.146600 1.704180 2.035489 33.150869 -172.431902 0.354618 2.215113
103030223 -1.104777 -0.146600 1.699373 2.032214 33.257165 -172.441215 0.354761 2.218724
103030224 -1.106153 -0.146600 1.694566 2.028945 33.363805 -172.450504 0.354902 2.222338
103030225 -1.107528 -0.146600 1.689759 2.025684 33.470790 -172.459771 0.355043 2.225956
103030226 -1.108903 -0.146600 1.684952 2.022429 33.578119 -172.469016 0.355183 2.229578
103030227 -1.110279 -0.146600 1.680144 2.019182 33.685795 -172.478238 0.355321 2.233204
103030228 -1.111654 -0.146600 1.675337 2.015942 33.793819 -172.487437 0.355459 2.236833
103030229 -1.113029 -0.146600 1.670530 2.012709 33.902190 -172.496614 0.355595 2.240465
103030230 -1.114405 -0.146600 1.665723 2.009483 34.010911 -172.505769 0.355730 2.244101
103030231 -1.115780 -0.146600 1.660916 2.006265 34.119981 -172.514902 0.355865 2.247740
103030232 -1.117155 -0.146600 1.656109 2.003054 34.229402 -172.524013 0.355998 2.251383
103030233 -1.118531 -0.146600 1.651302 1.999850 34.339175 -172.533101 0.356129 2.255029
103030234 -1.119906 -0.146600 1.646494 1.996653 34.449300 -172.542168 0.356260 2.258678
103030235 -1.121281 -0.146600 1.641687 1.993464 34.559779 -172.551212 0.356390 2.262330
103030236 -1.122657 -0.146600 1.636880 1.990283 34.670612 -172.560235 0.356518 2.265986
103030237 -1.124032 -0.146600 1.632073 1.987109 34.781800 -172.569237 0.356645 2.269644
103030238 -1.125407 -0.146600 1.627266 1.983942 34.893344 -172.578216 0.356770 2.273305
103030239 -1.126783 -0.146600 1.622459 1.980783 35.005245 -172.587174 0.356895 2.276970
103030240 -1.128158 -0.146600 1.617652 1.977632 35.117504 -172.596111 0.357018 2.280636
103030241 -1.129533 -0.146600 1.612845 1.974488 35.230121 -172.605026 0.357139 2.284306
103030242 -1.130909 -0.146600 1.608037 1.971352 35.343097 -172.613920 0.357259 2.287978
103030243 -1.132284 -0.146600 1.603230 1.968224 35.456434 -172.622793 0.357378 2.291653
103030244 -1.133659 -0.146600 1.598423 1.965103 35.570132 -172.631644 0.357496 2.295331
103030245 -1.135035 -0.146600 1.593616 1.961991 35.684192 -172.640474 0.357611 2.299010
103030246 -1.136410 -0.146600 1.588809 1.958886 35.798615 -172.649284 0.357726 2.302693
103030247 -1.137785 -0.146600 1.584002 1.955788 35.913401 -172.658072 0.357838 2.306377
103030248 -1.139161 -0.146600 1.579195 1.952699 36.028551 -172.666839 0.357950 2.310064
103030249 -1.140536 -0.146600 1.574388 1.949618 36.144066 -172.675586 0.358059 2.313753
103030250 -1.141911 -0.146600 1.569580 1.946544 36.259948 -172.684312 0.358167 2.317443
103030251 -1.143287 -0.146600 1.564773 1.943479 36.376196 -172.693017 0.358273 2.321136
103030252 -1.144662 -0.146600 1.559966 1.940422 36.492811 -172.701702 0.358378 2.324831
103030253 -1.146037 -0.146600 1.555159 1.937373 36.609795 -172.710366 0.358481 2.328527
103030254 -1.147412 -0.146600 1.550352 1.934331 36.727147 -172.719010 0.358582 2.332226
103030255 -1.148788 -0.146600 1.545545 1.931298 36.844869 -172.727633 0.358682 2.335925
103030256 -1.150163 -0.146600 1.540738 1.928274 36.962962 -172.736237 0.358779 2.339627
103030257 -1.151538 -0.146600 1.535931 1.925257 37.081426 -172.744819 0.358875 2.343330
103030258 -1.152914 -0.146600 1.531123 1.922249 37.200262 -172.753382 0.358969 2.347034
103030259 -1.154289 -0.146600 1.526316 1.919249 37.319470 -172.761925 0.359061 2.350739
103030260 -1.155664 -0.146600 1.521509 1.916257 37.439052 -172.770448 0.359151 2.354446
103030261 -1.157040 -0.146600 1.516702 1.913274 37.559008 -172.778950 0.359240 2.358154
103030262 -1.158415 -0.146600 1.511895 1.910299 37.679338 -172.787433 0.359326 2.361863
103030263 -1.159790 -0.146600 1.507088 1.907333 37.800044 -172.795896 0.359410 2.365573
103030264 -1.161166 -0.146600 1.502281 1.904375 37.921126 -172.804339 0.359492 2.369283
103030265 -1.162541 -0.146600 1.497474 1.901426 38.042585 -172.812763 0.359572 2.372995
103030266 -1.163916 -0.146600 1.492666 1.898485 38.164422 -172.821167 0.359650 2.376707
103030267 -1.165292 -0.146600 1.487859 1.895553 38.286636 -172.829552 0.359726 2.380419
103030268 -1.166667 -0.146600 1.483052 1.892630 38.409229 -172.837917 0.359800 2.384132
103030269 -1.168042 -0.146600 1.478245 1.889715 38.532201 -172.846262 0.359872 2.387845
103030270 -1.169418 -0.146600 1.473438 1.886809 38.655554 -172.854589 0.359941 2.391559
103030271 -1.170793 -0.146600 1.468631 1.883912 38.779287 -172.862896 0.360008 2.395273
103030272 -1.172168 -0.146600 1.463824 1.881024 38.903401 -172.871184 0.360073 2.398986
103030273 -1.173544 -0.146600 1.459016 1.878144 39.027896 -172.879452 0.360135 2.402700
103030274 -1.174919 -0.146600 1.454209 1.875274 39.152774 -172.887702 0.360195 2.406414
103030275 -1.176294 -0.146600 1.449402 1.872412 39.278035 -172.895933 0.360253 2.410127
103030276 -1.177670 -0.146600 1.444595 1.869559 39.403680 -172.904145 0.360309 2.413840
103030277 -1.179045 -0.146600 1.439788 1.866716 39.529708 -172.912337 0.360361 2.417552
103030278 -1.180420 -0.146600 1.434981 1.863881 39.656121 -172.920512 0.360412 2.421264
103030279 -1.181796 -0.146600 1.430174 1.861056 39.782919 -172.928667 0.360460 2.424975
103030280 -1.183171 -0.146600 1.425367 1.858240 39.910102 -172.936804 0.360505 2.428685
103030281 -1.184546 -0.146600 1.420559 1.855433 40.037672 -172.944922 0.360548 2.432395
103030282 -1.185922 -0.146600 1.415752 1.852635 40.165628 -172.953021 0.360588 2.436103
103030283 -1.187297 -0.146600 1.410945 1.849846 40.293971 -172.961102 0.360626 2.439810
103030284 -1.188672 -0.146600 1.406138 1.847067 40.422701 -172.969165 0.360660 2.443516
103030285 -1.190048 -0.146600 1.401331 1.844298 40.551819 -172.977209 0.360692 2.447221
103030286 -1.191423 -0.146600 1.396524 1.841537 40.681326 -172.985235 0.360722 2.450924
103030287 -1.192798 -0.146600 1.391717 1.838786 40.811221 -172.993243 0.360748 2.454625
103030288 -1.194174 -0.146600 1.386910 1.836045 40.941506 -173.001233 0.360772 2.458324
103030289 -1.195549 -0.146600 1.382102 1.833313 41.072179 -173.009204 0.360793 2.462022
103030290 -1.196924 -0.146600 1.377295 1.830590 41.203243 -173.017157 0.360811 2.465718
103030291 -1.198300 -0.146600 1.372488 1.827878 41.334697 -173.025093 0.360826 2.469411
103030292 -1.199675 -0.146600 1.367681 1.825175 41.466542 -173.033010 0.360838 2.473103
103030293 -1.201050 -0.146600 1.362874 1.822481 41.598778 -173.040910 0.360848 2.476792
103030294 -1.202426 -0.146600 1.358067 1.819798 41.731404 -173.048792 0.360854 2.480478
103030295 -1.203801 -0.146600 1.353260 1.817124 41.864423 -173.056656 0.360857 2.484162
103030296 -1.205176 -0.146600 1.348453 1.814460 41.997833 -173.064502 0.360857 2.487843
103030297 -1.206551 -0.146600 1.343645 1.811806 42.131635 -173.072331 0.360854 2.491521
103030298 -1.207927 -0.146600 1.338838 1.809162 42.265830 -173.080142 0.360847 2.495197
103030299 -1.209302 -0.146600 1.334031 1.806528 42.400417 -173.087936 0.360838 2.498869
103030300 -1.210677 -0.146600 1.329224 1.803904 42.535398 -173.095712 0.360825 2.502537
103030301 -1.074520 -0.120200 1.805130 2.104171 30.920432 -173.617207 0.307481 2.147421
103030302 -1.075896 -0.120200 1.800323 2.100752 31.019783 -173.625299 0.307668 2.150943
103030303 -1.077271 -0.120200 1.795515 2.097340 31.119457 -173.633371 0.307855 2.154470
103030304 -1.078646 -0.120200 1.790708 2.093935 31.219457 -173.641422 0.308042 2.158001
103030305 -1.080022 -0.120200 1.785901 2.090535 31.319783 -173.649453 0.308229 2.161537
103030306 -1.081397 -0.120200 1.781094 2.087142 31.420435 -173.657464 0.308415 2.165078
103030307 -1.082772 -0.120200 1.776287 2.083756 31.521416 -173.665454 0.308601 2.168624
103030308 -1.084147 -0.120200 1.771480 2.080376 31.622726 -173.673425 0.308786 2.172174
103030309 -1.085523 -0.120200 1.766673 2.077003 31.724365 -173.681376 0.308971 2.175729
103030310 -1.086898 -0.120200 1.761866 2.073636 31.826335 -173.689307 0.309156 2.179289
103030311 -1.088273 -0.120200 1.757058 2.070276 31.928638 -173.697218 0.309341 2.182852
103030312 -1.089649 -0.120200 1.752251 2.066922 32.031273 -173.705109 0.309525 2.186421
103030313 -1.091024 -0.120200 1.747444 2.063575 32.134241 -173.712981 0.309709 2.189994
103030314 -1.092399 -0.120200 1.742637 2.060235 32.237545 -173.720833 0.309892 2.193571
103030315 -1.093775 -0.120200 1.737830 2.056902 32.341184 -173.728665 0.310075 2.197152
103030316 -1.095150 -0.120200 1.733023 2.053575 32.445160 -173.736478 0.310257 2.200738
103030317 -1.096525 -0.120200 1.728216 2.050255 32.549473 -173.744272 0.310439 2.204328
103030318 -1.097901 -0.120200 1.723409 2.046942 32.654124 -173.752047 0.310621 2.207922
103030319 -1.099276 -0.120200 1.718601 2.043636 32.759116 -173.759802 0.310802 2.211520
103030320 -1.100651 -0.120200 1.713794 2.040336 32.864447 -173.767538 0.310982 2.215123
103030321 -1.102027 -0.120200 1.708987 2.037044 32.970120 -173.775255 0.311162 2.218729
103030322 -1.103402 -0.120200 1.704180 2.033759 33.076135 -173.782953 0.311341 2.222339
103030323 -1.104777 -0.120200 1.699373 2.030480 33.182494 -173.790632 0.311520 2.225953
103030324 -1.106153 -0.120200 1.694566 2.027209 33.289196 -173.798292 0.311698 2.229571
103030325 -1.107528 -0.120200 1.689759 2.023944 33.396244 -173.805933 0.311875 2.233193
103030326 -1.108903 -0.120200 1.684952 2.020687 33.503637 -173.813556 0.312052 2.236819
103030327 -1.110279 -0.120200 1.680144 2.017437 33.611377 -173.821160 0.312228 2.240448
103030328 -1.111654 -0.120200 1.675337 2.014194 33.719465 -173.828745 0.312403 2.244081
103030329 -1.113029 -0.120200 1.670530 2.010958 33.827902 -173.836312 0.312578 2.247717
103030330 -1.114405 -0.120200 1.665723 2.007730 33.936688 -173.843861 0.312752 2.251357
103030331 -1.115780 -0.120200 1.660916 2.004509 34.045825 -173.851391 0.312925 2.255001
103030332 -1.117155 -0.120200 1.656109 2.001295 34.155314 -173.858902 0.313097 2.258647
103030333 -1.118531 -0.120200 1.651302 1.998088 34.265154 -173.866396 0.313269 2.262297
103030334 -1.119906 -0.120200 1.646494 1.994889 34.375348 -173.873871 0.313440 2.265951
103030335 -1.121281 -0.120200 1.641687 1.991697 34.485895 -173.881328 0.313610 2.269607
103030336 -1.122657 -0.120200 1.636880 1.988513 34.596798 -173.888767 0.313779 2.273267
103030337 -1.124032 -0.120200 1.632073 1.985336 34.708057 -173.896188 0.313947 2.276930
103030338 -1.125407 -0.120200 1.627266 1.982167 34.819672 -173.903591 0.314114 2.280595
103030339 -1.126783 -0.120200 1.622459 1.979005 34.931644 -173.910976 0.314281 2.284264
103030340 -1.128158 -0.120200 1.617652 1.975851 35.043975 -173.918344 0.314446 2.287935
103030341 -1.129533 -0.120200 1.612845 1.972704 35.156666 -173.925693 0.314610 2.291609
103030342 -1.130909 -0.120200 1.608037 1.969565 35.269716 -173.933025 0.314774 2.295286
103030343 -1.132284 -0.120200 1.603230 1.966434 35.383127 -173.940340 0.314936 2.298966
103030344 -1.133659 -0.120200 1.598423 1.963310 35.496900 -173.947637 0.315098 2.302648
103030345 -1.135035 -0.120200 1.593616 1.960195 35.611036 -173.954916 0.315258 2.306332
103030346 -1.136410 -0.120200 1.588809 1.957087 35.725535 -173.962178 0.315417 2.310019
103030347 -1.137785 -0.120200 1.584002 1.953987 35.840398 -173.969422 0.315575 2.313709
103030348 -1.139161 -0.120200 1.579195 1.950895 35.955626 -173.976650 0.315732 2.317400
103030349 -1.140536 -0.120200 1.574388 1.947811 36.071220 -173.983860 0.315888 2.321094
103030350 -1.141911 -0.120200 1.569580 1.944734 36.187180 -173.991052 0.316042 2.324790
103030351 -1.143287 -0.120200 1.564773 1.941666 36.303508 -173.998228 0.316196 2.328487
103030352 -1.144662 -0.120200 1.559966 1.938606 36.420204 -174.005387 0.316348 2.332187
103030353 -1.146037 -0.120200 1.555159 1.935554 36.537269 -174.012528 0.316499 2.335889
103030354 -1.147412 -0.120200 1.550352 1.932510 36.654704 -174.019653 0.316648 2.339592
103030355 -1.148788 -0.120200 1.545545 1.929474 36.772509 -174.026761 0.316797 2.343297
103030356 -1.150163 -0.120200 1.540738 1.926446 36.890686 -174.033852 0.316943 2.347004
103030357 -1.151538 -0.120200 1.535931 1.923427 37.009234 -174.040926 0.317089 2.350712
103030358 -1.152914 -0.120200 1.531123 1.920416 37.128155 -174.047984 0.317233 2.354422
103030359 -1.154289 -0.120200 1.526316 1.917413 37.247450 -174.055025 0.317376 2.358133
103030360 -1.155664 -0.120200 1.521509 1.914419 37.367118 -174.062049 0.317517 2.361845
103030361 -1.157040 -0.120200 1.516702 1.911432 37.487162 -174.069057 0.317657 2.365558
103030362 -1.158415 -0.120200 1.511895 1.908455 37.607581 -174.076049 0.317795 2.369273
103030363 -1.159790 -0.120200 1.507088 1.905486 37.728376 -174.083024 0.317932 2.372988
103030364 -1.161166 -0.120200 1.502281 1.902525 37.849548 -174.089982 0.318067 2.376704
103030365 -1.162541 -0.120200 1.497474 1.899573 37.971098 -174.096925 0.318201 2.380421
103030366 -1.163916 -0.120200 1.492666 1.896629 38.093026 -174.103851 0.318333 2.384139
103030367 -1.165292 -0.120200 1.487859 1.893694 38.215333 -174.110761 0.318464 2.387857
103030368 -1.166667 -0.120200 1.483052 1.890768 38.338019 -174.117654 0.318592 2.391576
103030369 -1.168042 -0.120200 1.478245 1.887850 38.461086 -174.124532 0.318720 2.395295
103030370 -1.169418 -0.120200 1.473438 1.884942 38.584533 -174.131394 0.318845 2.399015
103030371 -1.170793 -0.120200 1.468631 1.882042 38.708362 -174.138240 0.318969 2.402734
103030372 -1.172168 -0.120200 1.463824 1.879150 38.832573 -174.145070 0.319091 2.406454
103030373 -1.173544 -0.120200 1.459016 1.876268 38.957166 -174.151884 0.319211 2.410174
103030374 -1.174919 -0.120200 1.454209 1.873395 39.082143 -174.158682 0.319329 2.413893
103030375 -1.176294 -0.120200 1.449402 1.870530 39.207503 -174.165465 0.319445 2.417613
103030376 -1.177670 -0.120200 1.444595 1.867675 39.333248 -174.172231 0.319560 2.421332
103030377 -1.179045 -0.120200 1.439788 1.864828 39.459377 -174.178983 0.319672 2.425050
103030378 -1.180420 -0.120200 1.434981 1.861991 39.585892 -174.185718 0.319783 2.428768
103030379 -1.181796 -0.120200 1.430174 1.859163 39.712793 -174.192438 0.319892 2.432486
103030380 -1.183171 -0.120200 1.425367 1.856344 39.840081 -174.199143 0.319998 2.436202
103030381 -1.184546 -0.120200 1.420559 1.853534 39.967755 -174.205832 0.320103 2.439918
103030382 -1.185922 -0.120200 1.415752 1.850733 40.095817 -174.212506 0.320206 2.443632
103030383 -1.187297 -0.120200 1.410945 1.847942 40.224267 -174.219165 0.320306 2.447346
103030384 -1.188672 -0.120200 1.406138 1.845160 40.353105 -174.225808 0.320404 2.451058
103030385 -1.190048 -0.120200 1.401331 1.842387 40.482331 -174.232436 0.320501 2.454769
103030386 -1.191423 -0.120200 1.396524 1.839624 40.611948 -174.239049 0.320595 2.458479
103030387 -1.192798 -0.120200 1.391717 1.836870 40.741953 -174.245647 0.320686 2.462186
103030388 -1.194174 -0.120200 1.386910 1.834126 40.872349 -174.252230 0.320776 2.465893
103030389 -1.195549 -0.120200 1.382102 1.831391 41.003136 -174.258798 0.320863 2.469597
103030390 -1.196924 -0.120200 1.377295 1.828666 41.134313 -174.265351 0.320948 2.473299
103030391 -1.198300 -0.120200 1.372488 1.825950 41.265881 -174.271889 0.321031 2.476999
103030392 -1.199675 -0.120200 1.367681 1.823244 41.397841 -174.278412 0.321111 2.480697
103030393 -1.201050 -0.120200 1.362874 1.820548 41.530193 -174.284921 0.321189 2.484393
103030394 -1.202426 -0.120200 1.358067 1.817862 41.662938 -174.291414 0.321264 2.488086
103030395 -1.203801 -0.120200 1.353260 1.815185 41.796074 -174.297893 0.321337 2.491777
103030396 -1.205176 -0.120200 1.348453 1.812518 41.929604 -174.304358 0.321408 2.495465
103030397 -1.206551 -0.120200 1.343645 1.809861 42.063527 -174.310807 0.321476 2.499150
103030398 -1.207927 -0.120200 1.338838 1.807214 42.197843 -174.317243 0.321541 2.502832
103030399 -1.209302 -0.120200 1.334031 1.804577 42.332553 -174.323663 0.321604 2.506511
103030400 -1.210677 -0.120200 1.329224 1.801950 42.467657 -174.330070 0.321664 2.510186
103030401 -1.074520 -0.093800 1.805130 2.102828 30.859289 -175.011025 0.262952 2.153021
103030402 -1.075896 -0.093800 1.800323 2.099407 30.958681 -175.017370 0.263169 2.156545
103030403 -1.077271 -0.093800 1.795515 2.095993 31.058398 -175.023699 0.263387 2.160073
103030404 -1.078646 -0.093800 1.790708 2.092585 31.158440 -175.030013 0.263604 2.163606
103030405 -1.080022 -0.093800 1.785901 2.089184 31.258808 -175.036310 0.263822 2.167144
103030406 -1.081397 -0.093800 1.781094 2.085788 31.359504 -175.042591 0.264040 2.170687
103030407 -1.082772 -0.093800 1.776287 2.082400 31.460528 -175.048857 0.264257 2.174235
103030408 -1.084147 -0.093800 1.771480 2.079018 31.561881 -175.055106 0.264475 2.177787
103030409 -1.085523 -0.093800 1.766673 2.075642 31.663565 -175.061340 0.264692 2.181344
103030410 -1.086898 -0.093800 1.761866 2.072273 31.765579 -175.067559 0.264909 2.184906
103030411 -1.088273 -0.093800 1.757058 2.068911 31.867927 -175.073762 0.265127 2.188472
103030412 -1.089649 -0.093800 1.752251 2.065555 31.970607 -175.079949 0.265344 2.192042
103030413 -1.091024 -0.093800 1.747444 2.062206 32.073621 -175.086121 0.265561 2.195617
103030414 -1.092399 -0.093800 1.742637 2.058863 32.176971 -175.092277 0.265778 2.199197
103030415 -1.093775 -0.093800 1.737830 2.055528 32.280656 -175.098418 0.265995 2.202781
103030416 -1.095150 -0.093800 1.733023 2.052199 32.384679 -175.104544 0.266212 2.206369
103030417 -1.096525 -0.093800 1.728216 2.048877 32.489039 -175.110654 0.266428 2.209961
103030418 -1.097901 -0.093800 1.723409 2.045561 32.593739 -175.116749 0.266645 2.213558
103030419 -1.099276 -0.093800 1.718601 2.042253 32.698778 -175.122829 0.266861 2.217158
103030420 -1.100651 -0.093800 1.713794 2.038951 32.804158 -175.128894 0.267077 2.220763
103030421 -1.102027 -0.093800 1.708987 2.035657 32.909880 -175.134944 0.267293 2.224372
103030422 -1.103402 -0.093800 1.704180 2.032369 33.015945 -175.140979 0.267508 2.227985
103030423 -1.104777 -0.093800 1.699373 2.029088 33.122353 -175.146999 0.267724 2.231602
103030424 -1.106153 -0.093800 1.694566 2.025815 33.229106 -175.153004 0.267939 2.235223
103030425 -1.107528 -0.093800 1.689759 2.022548 33.336204 -175.158995 0.268153 2.238847
103030426 -1.108903 -0.093800 1.684952 2.019289 33.443649 -175.164970 0.268368 2.242476
103030427 -1.110279 -0.093800 1.680144 2.016036 33.551441 -175.170931 0.268582 2.246108
103030428 -1.111654 -0.093800 1.675337 2.012791 33.659581 -175.176877 0.268796 2.249744
103030429 -1.113029 -0.093800 1.670530 2.009553 33.768071 -175.182809 0.269009 2.253383
103030430 -1.114405 -0.093800 1.665723 2.006322 33.876910 -175.188726 0.269222 2.257026
103030431 -1.115780 -0.093800 1.660916 2.003099 33.986101 -175.194629 0.269435 2.260672
103030432 -1.117155 -0.093800 1.656109 1.999883 34.095643 -175.200517 0.269647 2.264322
103030433 -1.118531 -0.093800 1.651302 1.996674 34.205539 -175.206391 0.269859 2.267976
103030434 -1.119906 -0.093800 1.646494 1.993472 34.315787 -175.212250 0.270070 2.271632
103030435 -1.121281 -0.093800 1.641687 1.990278 34.426391 -175.218096 0.270281 2.275292
103030436 -1.122657 -0.093800 1.636880 1.987092 34.537350 -175.223927 0.270491 2.278955
103030437 -1.124032 -0.093800 1.632073 1.983913 34.648665 -175.229744 0.270701 2.282621
103030438 -1.125407 -0.093800 1.627266 1.980741 34.760337 -175.235546 0.270911 2.286290
103030439 -1.126783 -0.093800 1.622459 1.977577 34.872367 -175.241335 0.271120 2.289962
103030440 -1.128158 -0.093800 1.617652 1.974420 34.984757 -175.247110 0.271328 2.293636
103030441 -1.129533 -0.093800 1.612845 1.971272 35.097506 -175.252870 0.271536 2.297314
103030442 -1.130909 -0.093800 1.608037 1.968130 35.210615 -175.258617 0.271743 2.300995
103030443 -1.132284 -0.093800 1.603230 1.964997 35.324087 -175.264350 0.271949 2.304678
103030444 -1.133659 -0.093800 1.598423 1.961871 35.437920 -175.270069 0.272155 2.308363
103030445 -1.135035 -0.093800 1.593616 1.958753 35.552117 -175.275774 0.272360 2.312051
103030446 -1.136410 -0.093800 1.588809 1.955643 35.666677 -175.281466 0.272565 2.315742
103030447 -1.137785 -0.093800 1.584002 1.952541 35.781602 -175.287144 0.272769 2.319435
103030448 -1.139161 -0.093800 1.579195 1.949446 35.896893 -175.292808 0.272972 2.323130
103030449 -1.140536 -0.093800 1.574388 1.946360 36.012550 -175.298459 0.273174 2.326828
103030450 -1.141911 -0.093800 1.569580 1.943281 36.128575 -175.304096 0.273376 2.330528
103030451 -1.143287 -0.093800 1.564773 1.940211 36.244967 -175.309720 0.273577 2.334229
103030452 -1.144662 -0.093800 1.559966 1.937148 36.361728 -175.315330 0.273777 2.337933
103030453 -1.146037 -0.093800 1.555159 1.934094 36.478859 -175.320927 0.273976 2.341639
103030454 -1.147412 -0.093800 1.550352 1.931048 36.596360 -175.326511 0.274175 2.345346
103030455 -1.148788 -0.093800 1.545545 1.928009 36.714232 -175.332081 0.274372 2.349055
103030456 -1.150163 -0.093800 1.540738 1.924980 36.832476 -175.337638 0.274569 2.352766
103030457 -1.151538 -0.093800 1.535931 1.921958 36.951092 -175.343182 0.274765 2.356478
103030458 -1.152914 -0.093800 1.531123 1.918944 37.070082 -175.348713 0.274959 2.360192
103030459 -1.154289 -0.093800 1.526316 1.915939 37.189446 -175.354231 0.275153 2.363907
103030460 -1.155664 -0.093800 1.521509 1.912942 37.309184 -175.359735 0.275346 2.367624
103030461 -1.157040 -0.093800 1.516702 1.909954 37.429298 -175.365227 0.275538 2.371341
103030462 -1.158415 -0.093800 1.511895 1.906974 37.549789 -175.370706 0.275729 2.375060
103030463 -1.159790 -0.093800 1.507088 1.904003 37.670656 -175.376172 0.275919 2.378780
103030464 -1.161166 -0.093800 1.502281 1.901040 37.791900 -175.381624 0.276108 2.382500
103030465 -1.162541 -0.093800 1.497474 1.898085 37.913523 -175.387065 0.276296 2.386222
103030466 -1.163916 -0.093800 1.492666 1.895139 38.035525 -175.392492 0.276482 2.389944
103030467 -1.165292 -0.093800 1.487859 1.892202 38.157906 -175.397906 0.276668 2.393667
103030468 -1.166667 -0.093800 1.483052 1.889273 38.280668 -175.403308 0.276852 2.397390
103030469 -1.168042 -0.093800 1.478245 1.886354 38.403811 -175.408698 0.277035 2.401114
103030470 -1.169418 -0.093800 1.473438 1.883442 38.527335 -175.414074 0.277217 2.404838
103030471 -1.170793 -0.093800 1.468631 1.880540 38.651241 -175.419438 0.277398 2.408562
103030472 -1.172168 -0.093800 1.463824 1.877647 38.775529 -175.424790 0.277577 2.412287
103030473 -1.173544 -0.093800 1.459016 1.874762 38.900201 -175.430129 0.277755 2.416011
103030474 -1.174919 -0.093800 1.454209 1.871886 39.025257 -175.435456 0.277932 2.419735
103030475 -1.176294 -0.093800 1.449402 1.869019 39.150698 -175.440770 0.278108 2.423460
103030476 -1.177670 -0.093800 1.444595 1.866162 39.276523 -175.446072 0.278282 2.427183
103030477 -1.179045 -0.093800 1.439788 1.863313 39.402735 -175.451362 0.278455 2.430907
103030478 -1.180420 -0.093800 1.434981 1.860473 39.529332 -175.456640 0.278626 2.434630
103030479 -1.181796 -0.093800 1.430174 1.857643 39.656316 -175.461905 0.278796 2.438352
103030480 -1.183171 -0.093800 1.425367 1.854821 39.783687 -175.467158 0.278965 2.442073
103030481 -1.184546 -0.093800 1.420559 1.852009 39.911445 -175.472399 0.279132 2.445794
103030482 -1.185922 -0.093800 1.415752 1.849206 40.039592 -175.477628 0.279297 2.449514
103030483 -1.187297 -0.093800 1.410945 1.846412 40.168128 -175.482845 0.279461 2.453232
103030484 -1.188672 -0.093800 1.406138 1.843628 40.297053 -175.488050 0.279624 2.456949
103030485 -1.190048 -0.093800 1.401331 1.840853 40.426367 -175.493243 0.279784 2.460665
103030486 -1.191423 -0.093800 1.396524 1.838088 40.556071 -175.498424 0.279944 2.464380
103030487 -1.192798 -0.093800 1.391717 1.835331 40.686166 -175.503593 0.280101 2.468093
103030488 -1.194174 -0.093800 1.386910 1.832585 40.816652 -175.508750 0.280257 2.471804
103030489 -1.195549 -0.093800 1.382102 1.829848 40.947529 -175.513896 0.280411 2.475514
103030490 -1.196924 -0.093800 1.377295 1.827120 41.078797 -175.519029 0.280564 2.479221
103030491 -1.198300 -0.093800 1.372488 1.824402 41.210458 -175.524151 0.280714 2.482927
103030492 -1.199675 -0.093800 1.367681 1.821694 41.342511 -175.529262 0.280863 2.486630
103030493 -1.201050 -0.093800 1.362874 1.818996 41.474957 -175.534360 0.281011 2.490331
103030494 -1.202426 -0.093800 1.358067 1.816307 41.607795 -175.539448 0.281156 2.494029
103030495 -1.203801 -0.093800 1.353260 1.813628 41.741027 -175.544523 0.281299 2.497725
103030496 -1.205176 -0.093800 1.348453 1.810959 41.874653 -175.549587 0.281441 2.501418
103030497 -1.206551 -0.093800 1.343645 1.808300 42.008673 -175.554640 0.281580 2.505109
103030498 -1.207927 -0.093800 1.338838 1.805650 42.143087 -175.559681 0.281718 2.508796
103030499 -1.209302 -0.093800 1.334031 1.803011 42.277896 -175.564711 0.281854 2.512480
103030500 -1.210677 -0.093800 1.329224 1.800382 42.413099 -175.569729 0.281987 2.516161
103030501 -1.074520 -0.067400 1.805130 2.101816 30.813082 -176.410786 0.217972 2.157024
103030502 -1.075896 -0.067400 1.800323 2.098394 30.912506 -176.415362 0.218221 2.160549
103030503 -1.077271 -0.067400 1.795515 2.094978 31.012254 -176.419927 0.218469 2.164078
103030504 -1.078646 -0.067400 1.790708 2.091568 31.112328 -176.424480 0.218718 2.167613
103030505 -1.080022 -0.067400 1.785901 2.088165 31.212729 -176.429021 0.218967 2.171152
103030506 -1.081397 -0.067400 1.781094 2.084768 31.313457 -176.433551 0.219216 2.174696
103030507 -1.082772 -0.067400 1.776287 2.081378 31.414514 -176.438069 0.219466 2.178245
103030508 -1.084147 -0.067400 1.771480 2.077994 31.515900 -176.442576 0.219716 2.181799
103030509 -1.085523 -0.067400 1.766673 2.074617 31.617617 -176.447072 0.219966 2.185357
103030510 -1.086898 -0.067400 1.761866 2.071246 31.719666 -176.451556 0.220216 2.188920
103030511 -1.088273 -0.067400 1.757058 2.067882 31.822047 -176.456029 0.220467 2.192488
103030512 -1.089649 -0.067400 1.752251 2.064525 31.924761 -176.460491 0.220718 2.196060
103030513 -1.091024 -0.067400 1.747444 2.061174 32.027810 -176.464941 0.220969 2.199636
103030514 -1.092399 -0.067400 1.742637 2.057830 32.131194 -176.469381 0.221220 2.203217
103030515 -1.093775 -0.067400 1.737830 2.054492 32.234915 -176.473809 0.221471 2.206803
103030516 -1.095150 -0.067400 1.733023 2.051162 32.338973 -176.478226 0.221723 2.210393
103030517 -1.096525 -0.067400 1.728216 2.047838 32.443370 -176.482632 0.221974 2.213987
103030518 -1.097901 -0.067400 1.723409 2.044521 32.548105 -176.487027 0.222226 2.217585
103030519 -1.099276 -0.067400 1.718601 2.041211 32.653181 -176.491412 0.222478 2.221187
103030520 -1.100651 -0.067400 1.713794 2.037908 32.758598 -176.495785 0.222730 2.224794
103030521 -1.102027 -0.067400 1.708987 2.034611 32.864357 -176.500147 0.222982 2.228405
103030522 -1.103402 -0.067400 1.704180 2.031322 32.970459 -176.504499 0.223234 2.232020
103030523 -1.104777 -0.067400 1.699373 2.028039 33.076905 -176.508839 0.223487 2.235639
103030524 -1.106153 -0.067400 1.694566 2.024764 33.183696 -176.513169 0.223739 2.239261
103030525 -1.107528 -0.067400 1.689759 2.021496 33.290833 -176.517489 0.223991 2.242888
103030526 -1.108903 -0.067400 1.684952 2.018235 33.398316 -176.521797 0.224244 2.246518
103030527 -1.110279 -0.067400 1.680144 2.014981 33.506148 -176.526095 0.224496 2.250152
103030528 -1.111654 -0.067400 1.675337 2.011734 33.614327 -176.530383 0.224749 2.253790
103030529 -1.113029 -0.067400 1.670530 2.008494 33.722857 -176.534659 0.225001 2.257432
103030530 -1.114405 -0.067400 1.665723 2.005261 33.831737 -176.538926 0.225254 2.261077
103030531 -1.115780 -0.067400 1.660916 2.002036 33.940968 -176.543182 0.225506 2.264725
103030532 -1.117155 -0.067400 1.656109 1.998818 34.050551 -176.547427 0.225759 2.268377
103030533 -1.118531 -0.067400 1.651302 1.995608 34.160488 -176.551662 0.226011 2.272033
103030534 -1.119906 -0.067400 1.646494 1.992405 34.270778 -176.555887 0.226263 2.275692
103030535 -1.121281 -0.067400 1.641687 1.989209 34.381424 -176.560101 0.226516 2.279354
103030536 -1.122657 -0.067400 1.636880 1.986021 34.492425 -176.564305 0.226768 2.283019
103030537 -1.124032 -0.067400 1.632073 1.982840 34.603783 -176.568499 0.227020 2.286687
103030538 -1.125407 -0.067400 1.627266 1.979666 34.715499 -176.572682 0.227272 2.290359
103030539 -1.126783 -0.067400 1.622459 1.976501 34.827573 -176.576855 0.227523 2.294033
103030540 -1.128158 -0.067400 1.617652 1.973342 34.940006 -176.581019 0.227775 2.297710
103030541 -1.129533 -0.067400 1.612845 1.970192 35.052800 -176.585172 0.228026 2.301391
103030542 -1.130909 -0.067400 1.608037 1.967049 35.165954 -176.589315 0.228277 2.305073
103030543 -1.132284 -0.067400 1.603230 1.963914 35.279471 -176.593448 0.228528 2.308759
103030544 -1.133659 -0.067400 1.598423 1.960786 35.393350 -176.597571 0.228779 2.312447
103030545 -1.135035 -0.067400 1.593616 1.957667 35.507592 -176.601684 0.229030 2.316138
103030546 -1.136410 -0.067400 1.588809 1.954555 35.622199 -176.605787 0.229280 2.319832
103030547 -1.137785 -0.067400 1.584002 1.951451 35.737171 -176.609880 0.229530 2.323527
103030548 -1.139161 -0.067400 1.579195 1.948355 35.852510 -176.613964 0.229780 2.327225
103030549 -1.140536 -0.067400 1.574388 1.945266 35.968215 -176.618037 0.230029 2.330926
103030550 -1.141911 -0.067400 1.569580 1.942186 36.084287 -176.622101 0.230278 2.334628
103030551 -1.143287 -0.067400 1.564773 1.939114 36.200728 -176.626155 0.230527 2.338333
103030552 -1.144662 -0.067400 1.559966 1.936050 36.317539 -176.630200 0.230775 2.342039
103030553 -1.146037 -0.067400 1.555159 1.932993 36.434719 -176.634234 0.231023 2.345748
103030554 -1.147412 -0.067400 1.550352 1.929945 36.552270 -176.638259 0.231271 2.349458
103030555 -1.148788 -0.067400 1.545545 1.926906 36.670193 -176.642275 0.231518 2.353170
103030556 -1.150163 -0.067400 1.540738 1.923874 36.788488 -176.646281 0.231765 2.356884
103030557 -1.151538 -0.067400 1.535931 1.920850 36.907155 -176.650277 0.232011 2.360599
103030558 -1.152914 -0.067400 1.531123 1.917835 37.026197 -176.654264 0.232257 2.364316
103030559 -1.154289 -0.067400 1.526316 1.914828 37.145613 -176.658241 0.232503 2.368034
103030560 -1.155664 -0.067400 1.521509 1.911830 37.265405 -176.662209 0.232748 2.371753
103030561 -1.157040 -0.067400 1.516702 1.908840 37.385572 -176.666168 0.232992 2.375474
103030562 -1.158415 -0.067400 1.511895 1.905858 37.506116 -176.670117 0.233236 2.379196
103030563 -1.159790 -0.067400 1.507088 1.902885 37.627038 -176.674057 0.233479 2.382919
103030564 -1.161166 -0.067400 1.502281 1.899920 37.748337 -176.677987 0.233722 2.386643
103030565 -1.162541 -0.067400 1.497474 1.896964 37.870015 -176.681909 0.233964 2.390367
103030566 -1.163916 -0.067400 1.492666 1.894016 37.992073 -176.685821 0.234205 2.394093
103030567 -1.165292 -0.067400 1.487859 1.891077 38.114511 -176.689724 0.234446 2.397819
103030568 -1.166667 -0.067400 1.483052 1.888147 38.237329 -176.693617 0.234686 2.401546
103030569 -1.168042 -0.067400 1.478245 1.885225 38.360529 -176.697502 0.234926 2.405273
103030570 -1.169418 -0.067400 1.473438 1.882312 38.484111 -176.701377 0.235165 2.409000
103030571 -1.170793 -0.067400 1.468631 1.879408 38.608075 -176.705243 0.235403 2.412728
103030572 -1.172168 -0.067400 1.463824 1.876513 38.732423 -176.709101 0.235640 2.416456
103030573 -1.173544 -0.067400 1.459016 1.873627 38.857154 -176.712949 0.235877 2.420183
103030574 -1.174919 -0.067400 1.454209 1.870749 38.982270 -176.716788 0.236113 2.423911
103030575 -1.176294 -0.067400 1.449402 1.867881 39.107771 -176.720619 0.236348 2.427639
103030576 -1.177670 -0.067400 1.444595 1.865021 39.233658 -176.724440 0.236582 2.431366
103030577 -1.179045 -0.067400 1.439788 1.862171 39.359930 -176.728253 0.236815 2.435093
103030578 -1.180420 -0.067400 1.434981 1.859329 39.486590 -176.732056 0.237048 2.438819
103030579 -1.181796 -0.067400 1.430174 1.856497 39.613636 -176.735851 0.237280 2.442545
103030580 -1.183171 -0.067400 1.425367 1.853674 39.741071 -176.739637 0.237510 2.446270
103030581 -1.184546 -0.067400 1.420559 1.850860 39.868893 -176.743415 0.237740 2.449994
103030582 -1.185922 -0.067400 1.415752 1.848055 39.997104 -176.747183 0.237969 2.453718
103030583 -1.187297 -0.067400 1.410945 1.845260 40.125705 -176.750943 0.238197 2.457440
103030584 -1.188672 -0.067400 1.406138 1.842474 40.254695 -176.754694 0.238424 2.461161
103030585 -1.190048 -0.067400 1.401331 1.839697 40.384076 -176.758437 0.238649 2.464881
103030586 -1.191423 -0.067400 1.396524 1.836930 40.513847 -176.762171 0.238874 2.468599
103030587 -1.192798 -0.067400 1.391717 1.834172 40.644009 -176.765896 0.239098 2.472316
103030588 -1.194174 -0.067400 1.386910 1.831423 40.774562 -176.769613 0.239320 2.476031
103030589 -1.195549 -0.067400 1.382102 1.828685 40.905507 -176.773321 0.239542 2.479744
103030590 -1.196924 -0.067400 1.377295 1.825955 41.036845 -176.777021 0.239762 2.483455
103030591 -1.198300 -0.067400 1.372488 1.823236 41.168575 -176.780712 0.239982 2.487164
103030592 -1.199675 -0.067400 1.367681 1.820526 41.300698 -176.784395 0.240199 2.490872
103030593 -1.201050 -0.067400 1.362874 1.817826 41.433215 -176.788070 0.240416 2.494576
103030594 -1.202426 -0.067400 1.358067 1.815135 41.566125 -176.791736 0.240632 2.498279
103030595 -1.203801 -0.067400 1.353260 1.812454 41.699429 -176.795394 0.240846 2.501979
103030596 -1.205176 -0.067400 1.348453 1.809784 41.833128 -176.799043 0.241059 2.505676
103030597 -1.206551 -0.067400 1.343645 1.807123 41.967221 -176.802684 0.241271 2.509370
103030598 -1.207927 -0.067400 1.338838 1.804472 42.101709 -176.806317 0.241481 2.513061
103030599 -1.209302 -0.067400 1.334031 1.801831 42.236592 -176.809942 0.241690 2.516750
103030600 -1.210677 -0.067400 1.329224 1.799200 42.371870 -176.813558 0.241898 2.520435
103030601 -1.074520 -0.041000 1.805130 2.101135 30.781938 -177.814850 0.172663 2.159406
103030602 -1.075896 -0.041000 1.800323 2.097712 30.881382 -177.817641 0.172942 2.162931
103030603 -1.077271 -0.041000 1.795515 2.094294 30.981152 -177.820424 0.173222 2.166462
103030604 -1.078646 -0.041000 1.790708 2.090884 31.081247 -177.823200 0.173502 2.169997
103030605 -1.080022 -0.041000 1.785901 2.087479 31.181670 -177.825970 0.173783 2.173537
103030606 -1.081397 -0.041000 1.781094 2.084082 31.282420 -177.828732 0.174065 2.177082
103030607 -1.082772 -0.041000 1.776287 2.080690 31.383499 -177.831487 0.174347 2.180631
103030608 -1.084147 -0.041000 1.771480 2.077305 31.484908 -177.834236 0.174629 2.184186
103030609 -1.085523 -0.041000 1.766673 2.073927 31.586647 -177.836977 0.174912 2.187745
103030610 -1.086898 -0.041000 1.761866 2.070555 31.688718 -177.839711 0.175196 2.191309
103030611 -1.088273 -0.041000 1.757058 2.067190 31.791122 -177.842439 0.175480 2.194877
103030612 -1.089649 -0.041000 1.752251 2.063831 31.893860 -177.845160 0.175764 2.198450
103030613 -1.091024 -0.041000 1.747444 2.060479 31.996932 -177.847873 0.176049 2.202027
103030614 -1.092399 -0.041000 1.742637 2.057134 32.100340 -177.850580 0.176335 2.205609
103030615 -1.093775 -0.041000 1.737830 2.053796 32.204085 -177.853280 0.176621 2.209196
103030616 -1.095150 -0.041000 1.733023 2.050464 32.308167 -177.855974 0.176908 2.212786
103030617 -1.096525 -0.041000 1.728216 2.047139 32.412587 -177.858661 0.177195 2.216382
103030618 -1.097901 -0.041000 1.723409 2.043821 32.517347 -177.861340 0.177482 2.219981
103030619 -1.099276 -0.041000 1.718601 2.040510 32.622448 -177.864014 0.177770 2.223584
103030620 -1.100651 -0.041000 1.713794 2.037205 32.727889 -177.866680 0.178058 2.227192
103030621 -1.102027 -0.041000 1.708987 2.033908 32.833674 -177.869340 0.178347 2.230804
103030622 -1.103402 -0.041000 1.704180 2.030617 32.939801 -177.871994 0.178636 2.234420
103030623 -1.104777 -0.041000 1.699373 2.027334 33.046272 -177.874640 0.178926 2.238040
103030624 -1.106153 -0.041000 1.694566 2.024057 33.153089 -177.877280 0.179216 2.241664
103030625 -1.107528 -0.041000 1.689759 2.020788 33.260252 -177.879914 0.179506 2.245291
103030626 -1.108903 -0.041000 1.684952 2.017526 33.367762 -177.882541 0.179797 2.248923
103030627 -1.110279 -0.041000 1.680144 2.014270 33.475619 -177.885162 0.180088 2.252558
103030628 -1.111654 -0.041000 1.675337 2.011022 33.583826 -177.887776 0.180379 2.256198
103030629 -1.113029 -0.041000 1.670530 2.007781 33.692382 -177.890383 0.180671 2.259840
103030630 -1.114405 -0.041000 1.665723 2.004548 33.801289 -177.892984 0.180963 2.263487
103030631 -1.115780 -0.041000 1.660916 2.001321 33.910547 -177.895579 0.181256 2.267137
103030632 -1.117155 -0.041000 1.656109 1.998102 34.020158 -177.898168 0.181549 2.270790
103030633 -1.118531 -0.041000 1.651302 1.994891 34.130123 -177.900750 0.181842 2.274447
103030634 -1.119906 -0.041000 1.646494 1.991686 34.240442 -177.903325 0.182135 2.278107
103030635 -1.121281 -0.041000 1.641687 1.988489 34.351115 -177.905895 0.182429 2.281770
103030636 -1.122657 -0.041000 1.636880 1.985300 34.462145 -177.908458 0.182723 2.285437
103030637 -1.124032 -0.041000 1.632073 1.982118 34.573532 -177.911015 0.183018 2.289107
103030638 -1.125407 -0.041000 1.627266 1.978943 34.685277 -177.913566 0.183312 2.292780
103030639 -1.126783 -0.041000 1.622459 1.975776 34.797381 -177.916110 0.183607 2.296456
103030640 -1.128158 -0.041000 1.617652 1.972617 34.909844 -177.918648 0.183902 2.300134
103030641 -1.129533 -0.041000 1.612845 1.969465 35.022667 -177.921180 0.184197 2.303816
103030642 -1.130909 -0.041000 1.608037 1.966321 35.135852 -177.923706 0.184493 2.307501
103030643 -1.132284 -0.041000 1.603230 1.963185 35.249399 -177.926226 0.184788 2.311188
103030644 -1.133659 -0.041000 1.598423 1.960056 35.363309 -177.928740 0.185084 2.314878
103030645 -1.135035 -0.041000 1.593616 1.956936 35.477583 -177.931247 0.185380 2.318570
103030646 -1.136410 -0.041000 1.588809 1.953822 35.592221 -177.933749 0.185677 2.322265
103030647 -1.137785 -0.041000 1.584002 1.950717 35.707225 -177.936244 0.185973 2.325963
103030648 -1.139161 -0.041000 1.579195 1.947620 35.822595 -177.938734 0.186269 2.329662
103030649 -1.140536 -0.041000 1.574388 1.944531 35.938332 -177.941217 0.186566 2.333364
103030650 -1.141911 -0.041000 1.569580 1.941449 36.054438 -177.943694 0.186863 2.337068
103030651 -1.143287 -0.041000 1.564773 1.938376 36.170911 -177.946166 0.187160 2.340775
103030652 -1.144662 -0.041000 1.559966 1.935310 36.287755 -177.948632 0.187457 2.344483
103030653 -1.146037 -0.041000 1.555159 1.932253 36.404969 -177.951091 0.187754 2.348193
103030654 -1.147412 -0.041000 1.550352 1.929204 36.522553 -177.953545 0.188051 2.351905
103030655 -1.148788 -0.041000 1.545545 1.926163 36.640510 -177.955993 0.188348 2.355619
103030656 -1.150163 -0.041000 1.540738 1.923130 36.758839 -177.958435 0.188645 2.359335
103030657 -1.151538 -0.041000 1.535931 1.920105 36.877542 -177.960871 0.188942 2.363052
103030658 -1.152914 -0.041000 1.531123 1.917089 36.996618 -177.963302 0.189239 2.366771
103030659 -1.154289 -0.041000 1.526316 1.914081 37.116070 -177.965726 0.189536 2.370491
103030660 -1.155664 -0.041000 1.521509 1.911081 37.235897 -177.968145 0.189833 2.374212
103030661 -1.157040 -0.041000 1.516702 1.908090 37.356100 -177.970559 0.190130 2.377935
103030662 -1.158415 -0.041000 1.511895 1.905107 37.476681 -177.972966 0.190427 2.381659
103030663 -1.159790 -0.041000 1.507088 1.902133 37.597639 -177.975368 0.190724 2.385384
103030664 -1.161166 -0.041000 1.502281 1.899167 37.718975 -177.977764 0.191021 2.389110
103030665 -1.162541 -0.041000 1.497474 1.896209 37.840691 -177.980154 0.191318 2.392836
103030666 -1.163916 -0.041000 1.492666 1.893260 37.962786 -177.982539 0.191614 2.396564
103030667 -1.165292 -0.041000 1.487859 1.890320 38.085262 -177.984918 0.191911 2.400292
103030668 -1.166667 -0.041000 1.483052 1.887389 38.208118 -177.987292 0.192207 2.404020
103030669 -1.168042 -0.041000 1.478245 1.884466 38.331357 -177.989660 0.192503 2.407750
103030670 -1.169418 -0.041000 1.473438 1.881552 38.454978 -177.992022 0.192799 2.411479
103030671 -1.170793 -0.041000 1.468631 1.878647 38.578981 -177.994379 0.193095 2.415209
103030672 -1.172168 -0.041000 1.463824 1.875750 38.703369 -177.996730 0.193391 2.418939
103030673 -1.173544 -0.041000 1.459016 1.872863 38.828140 -177.999076 0.193686 2.422669
103030674 -1.174919 -0.041000 1.454209 1.869984 38.953297 -178.001416 0.193981 2.426399
103030675 -1.176294 -0.041000 1.449402 1.867114 39.078838 -178.003751 0.194276 2.430129
103030676 -1.177670 -0.041000 1.444595 1.864254 39.204766 -178.006080 0.194570 2.433858
103030677 -1.179045 -0.041000 1.439788 1.861402 39.331080 -178.008404 0.194864 2.437587
103030678 -1.180420 -0.041000 1.434981 1.858559 39.457781 -178.010723 0.195158 2.441316
103030679 -1.181796 -0.041000 1.430174 1.855726 39.584870 -178.013036 0.195452 2.445044
103030680 -1.183171 -0.041000 1.425367 1.852902 39.712347 -178.015344 0.195745 2.448771
103030681 -1.184546 -0.041000 1.420559 1.850087 39.840213 -178.017646 0.196037 2.452498
103030682 -1.185922 -0.041000 1.415752 1.847281 39.968467 -178.019944 0.196330 2.456224
103030683 -1.187297 -0.041000 1.410945 1.844484 40.097112 -178.022235 0.196622 2.459948
103030684 -1.188672 -0.041000 1.406138 1.841697 40.226146 -178.024522 0.196913 2.463671
103030685 -1.190048 -0.041000 1.401331 1.838919 40.355571 -178.026803 0.197204 2.467394
103030686 -1.191423 -0.041000 1.396524 1.836150 40.485387 -178.029079 0.197495 2.471114
103030687 -1.192798 -0.041000 1.391717 1.833391 40.615594 -178.031350 0.197785 2.474833
103030688 -1.194174 -0.041000 1.386910 1.830642 40.746193 -178.033615 0.198074 2.478551
103030689 -1.195549 -0.041000 1.382102 1.827902 40.877185 -178.035876 0.198363 2.482266
103030690 -1.196924 -0.041000 1.377295 1.825171 41.008569 -178.038131 0.198652 2.485980
103030691 -1.198300 -0.041000 1.372488 1.822451 41.140346 -178.040381 0.198940 2.489692
103030692 -1.199675 -0.041000 1.367681 1.819740 41.272516 -178.042625 0.199227 2.493401
103030693 -1.201050 -0.041000 1.362874 1.817038 41.405080 -178.044865 0.199514 2.497109
103030694 -1.202426 -0.041000 1.358067 1.814347 41.538039 -178.047100 0.199800 2.500814
103030695 -1.203801 -0.041000 1.353260 1.811665 41.671392 -178.049329 0.200085 2.504516
103030696 -1.205176 -0.041000 1.348453 1.808993 41.805139 -178.051553 0.200370 2.508216
103030697 -1.206551 -0.041000 1.343645 1.806331 41.939281 -178.053773 0.200654 2.511912
103030698 -1.207927 -0.041000 1.338838 1.803679 42.073819 -178.055987 0.200937 2.515606
103030699 -1.209302 -0.041000 1.334031 1.801036 42.208752 -178.058196 0.201220 2.519297
103030700 -1.210677 -0.041000 1.329224 1.798404 42.344081 -178.060400 0.201501 2.522985
103030701 -1.074520 -0.014600 1.805130 2.100786 30.765940 -179.221544 0.127147 2.160151
103030702 -1.075896 -0.014600 1.800323 2.097362 30.865396 -179.222539 0.127457 2.163677
103030703 -1.077271 -0.014600 1.795515 2.093944 30.965176 -179.223531 0.127769 2.167207
103030704 -1.078646 -0.014600 1.790708 2.090533 31.065283 -179.224521 0.128081 2.170743
103030705 -1.080022 -0.014600 1.785901 2.087128 31.165717 -179.225509 0.128393 2.174283
103030706 -1.081397 -0.014600 1.781094 2.083729 31.266478 -179.226493 0.128707 2.177828
103030707 -1.082772 -0.014600 1.776287 2.080337 31.367568 -179.227476 0.129021 2.181378
103030708 -1.084147 -0.014600 1.771480 2.076952 31.468989 -179.228456 0.129337 2.184932
103030709 -1.085523 -0.014600 1.766673 2.073573 31.570740 -179.229433 0.129653 2.188492
103030710 -1.086898 -0.014600 1.761866 2.070201 31.672823 -179.230408 0.129970 2.192056
103030711 -1.088273 -0.014600 1.757058 2.066835 31.775238 -179.231381 0.130287 2.195624
103030712 -1.089649 -0.014600 1.752251 2.063476 31.877988 -179.232351 0.130606 2.199198
103030713 -1.091024 -0.014600 1.747444 2.060123 31.981072 -179.233318 0.130925 2.202775
103030714 -1.092399 -0.014600 1.742637 2.056777 32.084492 -179.234283 0.131245 2.206357
103030715 -1.093775 -0.014600 1.737830 2.053438 32.188249 -179.235246 0.131566 2.209944
103030716 -1.095150 -0.014600 1.733023 2.050106 32.292343 -179.236206 0.131888 2.213535
103030717 -1.096525 -0.014600 1.728216 2.046781 32.396776 -179.237164 0.132210 2.217131
103030718 -1.097901 -0.014600 1.723409 2.043462 32.501549 -179.238120 0.132533 2.220730
103030719 -1.099276 -0.014600 1.718601 2.040150 32.606662 -179.239073 0.132857 2.224334
103030720 -1.100651 -0.014600 1.713794 2.036845 32.712116 -179.240023 0.133182 2.227942
103030721 -1.102027 -0.014600 1.708987 2.033547 32.817913 -179.240972 0.133508 2.231554
103030722 -1.103402 -0.014600 1.704180 2.030256 32.924054 -179.241918 0.133834 2.235171
103030723 -1.104777 -0.014600 1.699373 2.026972 33.030538 -179.242861 0.134161 2.238791
103030724 -1.106153 -0.014600 1.694566 2.023695 33.137368 -179.243803 0.134488 2.242415
103030725 -1.107528 -0.014600 1.689759 2.020425 33.244544 -179.244742 0.134817 2.246043
103030726 -1.108903 -0.014600 1.684952 2.017162 33.352067 -179.245678 0.135146 2.249676
103030727 -1.110279 -0.014600 1.680144 2.013906 33.459939 -179.246612 0.135476 2.253311
103030728 -1.111654 -0.014600 1.675337 2.010657 33.568159 -179.247544 0.135807 2.256951
103030729 -1.113029 -0.014600 1.670530 2.007416 33.676729 -179.248474 0.136138 2.260594
103030730 -1.114405 -0.014600 1.665723 2.004182 33.785650 -179.249401 0.136470 2.264241
103030731 -1.115780 -0.014600 1.660916 2.000955 33.894922 -179.250327 0.136803 2.267891
103030732 -1.117155 -0.014600 1.656109 1.997735 34.004548 -179.251249 0.137136 2.271545
103030733 -1.118531 -0.014600 1.651302 1.994523 34.114526 -179.252170 0.137470 2.275203
103030734 -1.119906 -0.014600 1.646494 1.991318 34.224860 -179.253088 0.137805 2.278863
103030735 -1.121281 -0.014600 1.641687 1.988120 34.335548 -179.254004 0.138140 2.282527
103030736 -1.122657 -0.014600 1.636880 1.984930 34.446593 -179.254918 0.138476 2.286194
103030737 -1.124032 -0.014600 1.632073 1.981748 34.557995 -179.255830 0.138813 2.289865
103030738 -1.125407 -0.014600 1.627266 1.978573 34.669754 -179.256739 0.139150 2.293538
103030739 -1.126783 -0.014600 1.622459 1.975405 34.781873 -179.257646 0.139488 2.297215
103030740 -1.128158 -0.014600 1.617652 1.972245 34.894351 -179.258551 0.139827 2.300894
103030741 -1.129533 -0.014600 1.612845 1.969093 35.007190 -179.259454 0.140166 2.304576
103030742 -1.130909 -0.014600 1.608037 1.965948 35.120390 -179.260354 0.140506 2.308261
103030743 -1.132284 -0.014600 1.603230 1.962811 35.233953 -179.261252 0.140846 2.311949
103030744 -1.133659 -0.014600 1.598423 1.959682 35.347879 -179.262149 0.141188 2.315640
103030745 -1.135035 -0.014600 1.593616 1.956560 35.462169 -179.263042 0.141529 2.319333
103030746 -1.136410 -0.014600 1.588809 1.953447 35.576823 -179.263934 0.141871 2.323029
103030747 -1.137785 -0.014600 1.584002 1.950341 35.691843 -179.264824 0.142214 2.326727
103030748 -1.139161 -0.014600 1.579195 1.947243 35.807230 -179.265711 0.142558 2.330427
103030749 -1.140536 -0.014600 1.574388 1.944153 35.922984 -179.266597 0.142902 2.334130
103030750 -1.141911 -0.014600 1.569580 1.941071 36.039106 -179.267480 0.143246 2.337835
103030751 -1.143287 -0.014600 1.564773 1.937997 36.155596 -179.268361 0.143591 2.341542
103030752 -1.144662 -0.014600 1.559966 1.934931 36.272457 -179.269240 0.143937 2.345251
103030753 -1.146037 -0.014600 1.555159 1.931873 36.389688 -179.270117 0.144283 2.348962
103030754 -1.147412 -0.014600 1.550352 1.928823 36.507290 -179.270992 0.144629 2.352674
103030755 -1.148788 -0.014600 1.545545 1.925782 36.625264 -179.271864 0.144976 2.356389
103030756 -1.150163 -0.014600 1.540738 1.922748 36.743611 -179.272735 0.145324 2.360105
103030757 -1.151538 -0.014600 1.535931 1.919723 36.862331 -179.273603 0.145672 2.363823
103030758 -1.152914 -0.014600 1.531123 1.916706 36.981426 -179.274470 0.146020 2.367543
103030759 -1.154289 -0.014600 1.526316 1.913697 37.100895 -179.275334 0.146369 2.371264
103030760 -1.155664 -0.014600 1.521509 1.910697 37.220741 -179.276197 0.146718 2.374986
103030761 -1.157040 -0.014600 1.516702 1.907705 37.340963 -179.277057 0.147068 2.378709
103030762 -1.158415 -0.014600 1.511895 1.904722 37.461562 -179.277915 0.147418 2.382434
103030763 -1.159790 -0.014600 1.507088 1.901747 37.582539 -179.278771 0.147769 2.386160
103030764 -1.161166 -0.014600 1.502281 1.898780 37.703894 -179.279625 0.148120 2.389886
103030765 -1.162541 -0.014600 1.497474 1.895822 37.825629 -179.280478 0.148471 2.393614
103030766 -1.163916 -0.014600 1.492666 1.892873 37.947743 -179.281328 0.148823 2.397342
103030767 -1.165292 -0.014600 1.487859 1.889932 38.070238 -179.282176 0.149175 2.401071
103030768 -1.166667 -0.014600 1.483052 1.887000 38.193115 -179.283022 0.149528 2.404801
103030769 -1.168042 -0.014600 1.478245 1.884077 38.316373 -179.283866 0.149881 2.408531
103030770 -1.169418 -0.014600 1.473438 1.881162 38.440014 -179.284708 0.150234 2.412261
103030771 -1.170793 -0.014600 1.468631 1.878256 38.564038 -179.285548 0.150587 2.415992
103030772 -1.172168 -0.014600 1.463824 1.875359 38.688446 -179.286387 0.150941 2.419723
103030773 -1.173544 -0.014600 1.459016 1.872471 38.813238 -179.287223 0.151295 2.423454
103030774 -1.174919 -0.014600 1.454209 1.869592 38.938415 -179.288057 0.151649 2.427185
103030775 -1.176294 -0.014600 1.449402 1.866721 39.063977 -179.288889 0.152004 2.430916
103030776 -1.177670 -0.014600 1.444595 1.863860 39.189926 -179.289720 0.152359 2.434646
103030777 -1.179045 -0.014600 1.439788 1.861008 39.316262 -179.290548 0.152714 2.438376
103030778 -1.180420 -0.014600 1.434981 1.858164 39.442984 -179.291375 0.153069 2.442106
103030779 -1.181796 -0.014600 1.430174 1.855330 39.570095 -179.292199 0.153424 2.445835
103030780 -1.183171 -0.014600 1.425367 1.852505 39.697594 -179.293022 0.153780 2.449563
103030781 -1.184546 -0.014600 1.420559 1.849690 39.825481 -179.293843 0.154136 2.453291
103030782 -1.185922 -0.014600 1.415752 1.846883 39.953758 -179.294662 0.154492 2.457017
103030783 -1.187297 -0.014600 1.410945 1.844086 40.082425 -179.295478 0.154848 2.460743
103030784 -1.188672 -0.014600 1.406138 1.841298 40.211482 -179.296294 0.155204 2.464467
103030785 -1.190048 -0.014600 1.401331 1.838520 40.340930 -179.297107 0.155560 2.468190
103030786 -1.191423 -0.014600 1.396524 1.835751 40.470769 -179.297918 0.155917 2.471912
103030787 -1.192798 -0.014600 1.391717 1.832991 40.600999 -179.298727 0.156273 2.475632
103030788 -1.194174 -0.014600 1.386910 1.830241 40.731622 -179.299535 0.156630 2.479351
103030789 -1.195549 -0.014600 1.382102 1.827500 40.862637 -179.300341 0.156986 2.483067
103030790 -1.196924 -0.014600 1.377295 1.824769 40.994045 -179.301145 0.157343 2.486782
103030791 -1.198300 -0.014600 1.372488 1.822048 41.125846 -179.301947 0.157699 2.490495
103030792 -1.199675 -0.014600 1.367681 1.819336 41.258041 -179.302747 0.158056 2.494206
103030793 -1.201050 -0.014600 1.362874 1.816634 41.390630 -179.303545 0.158413 2.497914
103030794 -1.202426 -0.014600 1.358067 1.813942 41.523613 -179.304342 0.158769 2.501620
103030795 -1.203801 -0.014600 1.353260 1.811260 41.656990 -179.305136 0.159126 2.505324
103030796 -1.205176 -0.014600 1.348453 1.808587 41.790763 -179.305929 0.159482 2.509024
103030797 -1.206551 -0.014600 1.343645 1.805924 41.924931 -179.306720 0.159839 2.512722
103030798 -1.207927 -0.014600 1.338838 1.803272 42.059494 -179.307510 0.160195 2.516417
103030799 -1.209302 -0.014600 1.334031 1.800629 42.194453 -179.308297 0.160551 2.520109
103030800 -1.210677 -0.014600 1.329224 1.797996 42.329808 -179.309083 0.160907 2.523798
