# pixelID   x   y   z   l2  two_theta   azimuthal   polar_width azimuthal_width
103010001 -0.943110 -0.662731 1.767534 2.110176 33.109969 -144.903982 1.622327 2.064227
103010002 -0.944485 -0.662731 1.762726 2.106768 33.207023 -144.943248 1.623053 2.067992
103010003 -0.945861 -0.662731 1.757919 2.103365 33.304403 -144.982439 1.623771 2.071760
103010004 -0.947236 -0.662731 1.753112 2.099969 33.402111 -145.021553 1.624480 2.075533
103010005 -0.948611 -0.662731 1.748305 2.096580 33.500147 -145.060590 1.625180 2.079310
103010006 -0.949987 -0.662731 1.743498 2.093197 33.598513 -145.099552 1.625870 2.083090
103010007 -0.951362 -0.662731 1.738691 2.089820 33.697210 -145.138438 1.626552 2.086875
103010008 -0.952737 -0.662731 1.733884 2.086450 33.796237 -145.177248 1.627224 2.090664
103010009 -0.954113 -0.662731 1.729077 2.083086 33.895597 -145.215983 1.627887 2.094456
103010010 -0.955488 -0.662731 1.724269 2.079729 33.995290 -145.254642 1.628540 2.098253
103010011 -0.956863 -0.662731 1.719462 2.076379 34.095317 -145.293227 1.629183 2.102053
103010012 -0.958239 -0.662731 1.714655 2.073035 34.195679 -145.331736 1.629817 2.105857
103010013 -0.959614 -0.662731 1.709848 2.069698 34.296377 -145.370171 1.630440 2.109665
103010014 -0.960989 -0.662731 1.705041 2.066368 34.397413 -145.408531 1.631054 2.113476
103010015 -0.962365 -0.662731 1.700234 2.063045 34.498785 -145.446817 1.631657 2.117291
103010016 -0.963740 -0.662731 1.695427 2.059728 34.600497 -145.485029 1.632250 2.121110
103010017 -0.965115 -0.662731 1.690620 2.056418 34.702549 -145.523167 1.632833 2.124932
103010018 -0.966491 -0.662731 1.685812 2.053115 34.804940 -145.561231 1.633405 2.128758
103010019 -0.967866 -0.662731 1.681005 2.049818 34.907674 -145.599222 1.633966 2.132587
103010020 -0.969241 -0.662731 1.676198 2.046529 35.010750 -145.637139 1.634517 2.136419
103010021 -0.970617 -0.662731 1.671391 2.043247 35.114169 -145.674983 1.635056 2.140255
103010022 -0.971992 -0.662731 1.666584 2.039971 35.217932 -145.712753 1.635585 2.144094
103010023 -0.973367 -0.662731 1.661777 2.036703 35.322041 -145.750451 1.636102 2.147937
103010024 -0.974742 -0.662731 1.656970 2.033441 35.426495 -145.788076 1.636608 2.151782
103010025 -0.976118 -0.662731 1.652163 2.030187 35.531297 -145.825629 1.637102 2.155631
103010026 -0.977493 -0.662731 1.647355 2.026940 35.636446 -145.863109 1.637584 2.159483
103010027 -0.978868 -0.662731 1.642548 2.023700 35.741944 -145.900517 1.638055 2.163338
103010028 -0.980244 -0.662731 1.637741 2.020467 35.847791 -145.937853 1.638514 2.167196
103010029 -0.981619 -0.662731 1.632934 2.017241 35.953989 -145.975117 1.638961 2.171056
103010030 -0.982994 -0.662731 1.628127 2.014023 36.060538 -146.012310 1.639396 2.174920
103010031 -0.984370 -0.662731 1.623320 2.010812 36.167440 -146.049431 1.639818 2.178786
103010032 -0.985745 -0.662731 1.618513 2.007608 36.274694 -146.086480 1.640228 2.182655
103010033 -0.987120 -0.662731 1.613706 2.004411 36.382302 -146.123459 1.640625 2.186527
103010034 -0.988496 -0.662731 1.608898 2.001222 36.490265 -146.160367 1.641010 2.190402
103010035 -0.989871 -0.662731 1.604091 1.998040 36.598584 -146.197204 1.641381 2.194279
103010036 -0.991246 -0.662731 1.599284 1.994866 36.707259 -146.233970 1.641740 2.198158
103010037 -0.992622 -0.662731 1.594477 1.991700 36.816292 -146.270666 1.642085 2.202040
103010038 -0.993997 -0.662731 1.589670 1.988540 36.925682 -146.307291 1.642417 2.205924
103010039 -0.995372 -0.662731 1.584863 1.985389 37.035432 -146.343847 1.642736 2.209811
103010040 -0.996748 -0.662731 1.580056 1.982245 37.145541 -146.380332 1.643040 2.213700
103010041 -0.998123 -0.662731 1.575248 1.979108 37.256011 -146.416748 1.643331 2.217591
103010042 -0.999498 -0.662731 1.570441 1.975980 37.366842 -146.453094 1.643609 2.221484
103010043 -1.000874 -0.662731 1.565634 1.972859 37.478035 -146.489371 1.643872 2.225379
103010044 -1.002249 -0.662731 1.560827 1.969745 37.589592 -146.525578 1.644120 2.229276
103010045 -1.003624 -0.662731 1.556020 1.966640 37.701512 -146.561717 1.644355 2.233175
103010046 -1.005000 -0.662731 1.551213 1.963542 37.813797 -146.597786 1.644575 2.237076
103010047 -1.006375 -0.662731 1.546406 1.960452 37.926447 -146.633787 1.644780 2.240978
103010048 -1.007750 -0.662731 1.541599 1.957370 38.039464 -146.669719 1.644970 2.244882
103010049 -1.009126 -0.662731 1.536791 1.954297 38.152847 -146.705583 1.645145 2.248788
103010050 -1.010501 -0.662731 1.531984 1.951231 38.266598 -146.741379 1.645306 2.252695
103010051 -1.011876 -0.662731 1.527177 1.948173 38.380718 -146.777106 1.645450 2.256604
103010052 -1.013252 -0.662731 1.522370 1.945123 38.495206 -146.812766 1.645580 2.260514
103010053 -1.014627 -0.662731 1.517563 1.942081 38.610065 -146.848358 1.645693 2.264425
103010054 -1.016002 -0.662731 1.512756 1.939047 38.725294 -146.883882 1.645791 2.268337
103010055 -1.017378 -0.662731 1.507949 1.936021 38.840895 -146.919339 1.645873 2.272251
103010056 -1.018753 -0.662731 1.503142 1.933004 38.956868 -146.954729 1.645939 2.276165
103010057 -1.020128 -0.662731 1.498334 1.929995 39.073213 -146.990051 1.645988 2.280081
103010058 -1.021504 -0.662731 1.493527 1.926994 39.189933 -147.025307 1.646022 2.283997
103010059 -1.022879 -0.662731 1.488720 1.924001 39.307026 -147.060496 1.646038 2.287915
103010060 -1.024254 -0.662731 1.483913 1.921017 39.424494 -147.095618 1.646038 2.291832
103010061 -1.025630 -0.662731 1.479106 1.918041 39.542338 -147.130674 1.646020 2.295751
103010062 -1.027005 -0.662731 1.474299 1.915074 39.660558 -147.165664 1.645986 2.299670
103010063 -1.028380 -0.662731 1.469492 1.912115 39.779155 -147.200587 1.645934 2.303589
103010064 -1.029756 -0.662731 1.464685 1.909165 39.898129 -147.235445 1.645865 2.307509
103010065 -1.031131 -0.662731 1.459877 1.906223 40.017482 -147.270237 1.645779 2.311429
103010066 -1.032506 -0.662731 1.455070 1.903289 40.137214 -147.304963 1.645674 2.315349
103010067 -1.033882 -0.662731 1.450263 1.900365 40.257325 -147.339624 1.645552 2.319269
103010068 -1.035257 -0.662731 1.445456 1.897449 40.377816 -147.374219 1.645411 2.323189
103010069 -1.036632 -0.662731 1.440649 1.894542 40.498687 -147.408750 1.645252 2.327109
103010070 -1.038007 -0.662731 1.435842 1.891643 40.619940 -147.443215 1.645075 2.331028
103010071 -1.039383 -0.662731 1.431035 1.888753 40.741575 -147.477616 1.644879 2.334948
103010072 -1.040758 -0.662731 1.426228 1.885872 40.863592 -147.511952 1.644665 2.338866
103010073 -1.042133 -0.662731 1.421420 1.883000 40.985992 -147.546223 1.644431 2.342785
103010074 -1.043509 -0.662731 1.416613 1.880137 41.108776 -147.580430 1.644178 2.346702
103010075 -1.044884 -0.662731 1.411806 1.877283 41.231943 -147.614573 1.643906 2.350619
103010076 -1.046259 -0.662731 1.406999 1.874438 41.355496 -147.648652 1.643614 2.354535
103010077 -1.047635 -0.662731 1.402192 1.871602 41.479433 -147.682666 1.643303 2.358450
103010078 -1.049010 -0.662731 1.397385 1.868775 41.603756 -147.716618 1.642972 2.362364
103010079 -1.050385 -0.662731 1.392578 1.865957 41.728465 -147.750505 1.642621 2.366277
103010080 -1.051761 -0.662731 1.387770 1.863148 41.853561 -147.784329 1.642250 2.370189
103010081 -1.053136 -0.662731 1.382963 1.860348 41.979044 -147.818090 1.641858 2.374099
103010082 -1.054511 -0.662731 1.378156 1.857558 42.104914 -147.851788 1.641446 2.378007
103010083 -1.055887 -0.662731 1.373349 1.854777 42.231172 -147.885423 1.641013 2.381914
103010084 -1.057262 -0.662731 1.368542 1.852005 42.357818 -147.918995 1.640559 2.385820
103010085 -1.058637 -0.662731 1.363735 1.849243 42.484854 -147.952505 1.640084 2.389723
103010086 -1.060013 -0.662731 1.358928 1.846490 42.612278 -147.985952 1.639588 2.393624
103010087 -1.061388 -0.662731 1.354121 1.843746 42.740093 -148.019336 1.639071 2.397524
103010088 -1.062763 -0.662731 1.349313 1.841012 42.868297 -148.052659 1.638532 2.401421
103010089 -1.064139 -0.662731 1.344506 1.838287 42.996891 -148.085919 1.637971 2.405316
103010090 -1.065514 -0.662731 1.339699 1.835572 43.125876 -148.119117 1.637388 2.409208
103010091 -1.066889 -0.662731 1.334892 1.832867 43.255253 -148.152254 1.636783 2.413098
103010092 -1.068265 -0.662731 1.330085 1.830171 43.385020 -148.185329 1.636155 2.416985
103010093 -1.069640 -0.662731 1.325278 1.827486 43.515179 -148.218343 1.635506 2.420869
103010094 -1.071015 -0.662731 1.320471 1.824809 43.645731 -148.251296 1.634833 2.424751
103010095 -1.072391 -0.662731 1.315664 1.822143 43.776674 -148.284187 1.634138 2.428629
103010096 -1.073766 -0.662731 1.310856 1.819486 43.908010 -148.317017 1.633419 2.432504
103010097 -1.075141 -0.662731 1.306049 1.816840 44.039739 -148.349787 1.632678 2.436376
103010098 -1.076517 -0.662731 1.301242 1.814203 44.171861 -148.382495 1.631913 2.440244
103010099 -1.077892 -0.662731 1.296435 1.811576 44.304376 -148.415144 1.631124 2.444109
103010100 -1.079267 -0.662731 1.291628 1.808959 44.437284 -148.447731 1.630312 2.447970
103010101 -0.950961 -0.637625 1.769780 2.107845 32.900462 -146.157882 1.602660 2.079602
103010102 -0.952336 -0.637625 1.764973 2.104433 32.997672 -146.196173 1.603389 2.083359
103010103 -0.953711 -0.637625 1.760165 2.101027 33.095209 -146.234387 1.604109 2.087119
103010104 -0.955087 -0.637625 1.755358 2.097627 33.193075 -146.272526 1.604820 2.090884
103010105 -0.956462 -0.637625 1.750551 2.094234 33.291269 -146.310588 1.605523 2.094653
103010106 -0.957837 -0.637625 1.745744 2.090847 33.389794 -146.348575 1.606217 2.098425
103010107 -0.959213 -0.637625 1.740937 2.087466 33.488650 -146.386486 1.606902 2.102202
103010108 -0.960588 -0.637625 1.736130 2.084093 33.587837 -146.424322 1.607578 2.105983
103010109 -0.961963 -0.637625 1.731323 2.080725 33.687357 -146.462083 1.608245 2.109768
103010110 -0.963339 -0.637625 1.726516 2.077364 33.787211 -146.499769 1.608902 2.113557
103010111 -0.964714 -0.637625 1.721708 2.074010 33.887400 -146.537380 1.609550 2.117349
103010112 -0.966089 -0.637625 1.716901 2.070663 33.987925 -146.574916 1.610189 2.121146
103010113 -0.967465 -0.637625 1.712094 2.067322 34.088786 -146.612379 1.610818 2.124946
103010114 -0.968840 -0.637625 1.707287 2.063988 34.189985 -146.649767 1.611437 2.128750
103010115 -0.970215 -0.637625 1.702480 2.060660 34.291522 -146.687081 1.612047 2.132557
103010116 -0.971590 -0.637625 1.697673 2.057340 34.393399 -146.724321 1.612646 2.136369
103010117 -0.972966 -0.637625 1.692866 2.054026 34.495616 -146.761487 1.613236 2.140183
103010118 -0.974341 -0.637625 1.688058 2.050719 34.598174 -146.798580 1.613815 2.144002
103010119 -0.975716 -0.637625 1.683251 2.047419 34.701074 -146.835600 1.614383 2.147824
103010120 -0.977092 -0.637625 1.678444 2.044126 34.804318 -146.872547 1.614941 2.151649
103010121 -0.978467 -0.637625 1.673637 2.040839 34.907905 -146.909421 1.615489 2.155478
103010122 -0.979842 -0.637625 1.668830 2.037560 35.011838 -146.946222 1.616026 2.159310
103010123 -0.981218 -0.637625 1.664023 2.034288 35.116116 -146.982951 1.616552 2.163145
103010124 -0.982593 -0.637625 1.659216 2.031022 35.220741 -147.019608 1.617067 2.166984
103010125 -0.983968 -0.637625 1.654409 2.027764 35.325714 -147.056192 1.617570 2.170826
103010126 -0.985344 -0.637625 1.649601 2.024513 35.431035 -147.092704 1.618063 2.174671
103010127 -0.986719 -0.637625 1.644794 2.021269 35.536705 -147.129145 1.618544 2.178519
103010128 -0.988094 -0.637625 1.639987 2.018032 35.642726 -147.165514 1.619013 2.182370
103010129 -0.989470 -0.637625 1.635180 2.014803 35.749098 -147.201811 1.619471 2.186224
103010130 -0.990845 -0.637625 1.630373 2.011581 35.855823 -147.238038 1.619916 2.190081
103010131 -0.992220 -0.637625 1.625566 2.008365 35.962900 -147.274193 1.620350 2.193941
103010132 -0.993596 -0.637625 1.620759 2.005158 36.070331 -147.310277 1.620772 2.197803
103010133 -0.994971 -0.637625 1.615952 2.001957 36.178116 -147.346291 1.621182 2.201669
103010134 -0.996346 -0.637625 1.611144 1.998764 36.286258 -147.382234 1.621579 2.205537
103010135 -0.997722 -0.637625 1.606337 1.995579 36.394755 -147.418107 1.621963 2.209407
103010136 -0.999097 -0.637625 1.601530 1.992401 36.503610 -147.453910 1.622335 2.213281
103010137 -1.000472 -0.637625 1.596723 1.989230 36.612823 -147.489643 1.622694 2.217156
103010138 -1.001848 -0.637625 1.591916 1.986067 36.722395 -147.525306 1.623040 2.221034
103010139 -1.003223 -0.637625 1.587109 1.982911 36.832327 -147.560899 1.623373 2.224915
103010140 -1.004598 -0.637625 1.582302 1.979763 36.942619 -147.596423 1.623693 2.228797
103010141 -1.005974 -0.637625 1.577495 1.976623 37.053273 -147.631878 1.623999 2.232682
103010142 -1.007349 -0.637625 1.572687 1.973490 37.164289 -147.667263 1.624291 2.236569
103010143 -1.008724 -0.637625 1.567880 1.970365 37.275668 -147.702580 1.624570 2.240458
103010144 -1.010100 -0.637625 1.563073 1.967248 37.387411 -147.737828 1.624835 2.244349
103010145 -1.011475 -0.637625 1.558266 1.964139 37.499519 -147.773007 1.625086 2.248242
103010146 -1.012850 -0.637625 1.553459 1.961037 37.611992 -147.808118 1.625323 2.252137
103010147 -1.014226 -0.637625 1.548652 1.957943 37.724832 -147.843161 1.625546 2.256034
103010148 -1.015601 -0.637625 1.543845 1.954857 37.838038 -147.878135 1.625754 2.259932
103010149 -1.016976 -0.637625 1.539038 1.951780 37.951613 -147.913042 1.625947 2.263832
103010150 -1.018352 -0.637625 1.534230 1.948710 38.065556 -147.947881 1.626126 2.267734
103010151 -1.019727 -0.637625 1.529423 1.945648 38.179868 -147.982653 1.626290 2.271637
103010152 -1.021102 -0.637625 1.524616 1.942594 38.294551 -148.017357 1.626439 2.275541
103010153 -1.022478 -0.637625 1.519809 1.939548 38.409605 -148.051994 1.626572 2.279447
103010154 -1.023853 -0.637625 1.515002 1.936510 38.525030 -148.086564 1.626690 2.283354
103010155 -1.025228 -0.637625 1.510195 1.933481 38.640827 -148.121067 1.626792 2.287262
103010156 -1.026604 -0.637625 1.505388 1.930459 38.756998 -148.155504 1.626879 2.291171
103010157 -1.027979 -0.637625 1.500581 1.927446 38.873542 -148.189873 1.626950 2.295081
103010158 -1.029354 -0.637625 1.495773 1.924441 38.990461 -148.224177 1.627005 2.298992
103010159 -1.030730 -0.637625 1.490966 1.921445 39.107755 -148.258414 1.627043 2.302904
103010160 -1.032105 -0.637625 1.486159 1.918457 39.225425 -148.292586 1.627065 2.306817
103010161 -1.033480 -0.637625 1.481352 1.915477 39.343472 -148.326691 1.627071 2.310730
103010162 -1.034855 -0.637625 1.476545 1.912505 39.461896 -148.360731 1.627060 2.314643
103010163 -1.036231 -0.637625 1.471738 1.909542 39.580698 -148.394705 1.627032 2.318558
103010164 -1.037606 -0.637625 1.466931 1.906588 39.699878 -148.428614 1.626987 2.322472
103010165 -1.038981 -0.637625 1.462123 1.903642 39.819438 -148.462458 1.626925 2.326387
103010166 -1.040357 -0.637625 1.457316 1.900705 39.939378 -148.496237 1.626845 2.330302
103010167 -1.041732 -0.637625 1.452509 1.897776 40.059698 -148.529951 1.626748 2.334217
103010168 -1.043107 -0.637625 1.447702 1.894856 40.180399 -148.563600 1.626633 2.338132
103010169 -1.044483 -0.637625 1.442895 1.891945 40.301482 -148.597185 1.626500 2.342047
103010170 -1.045858 -0.637625 1.438088 1.889043 40.422948 -148.630705 1.626350 2.345962
103010171 -1.047233 -0.637625 1.433281 1.886149 40.544796 -148.664161 1.626181 2.349876
103010172 -1.048609 -0.637625 1.428474 1.883264 40.667028 -148.697553 1.625994 2.353790
103010173 -1.049984 -0.637625 1.423666 1.880388 40.789644 -148.730881 1.625788 2.357704
103010174 -1.051359 -0.637625 1.418859 1.877521 40.912645 -148.764145 1.625563 2.361617
103010175 -1.052735 -0.637625 1.414052 1.874663 41.036031 -148.797346 1.625320 2.365529
103010176 -1.054110 -0.637625 1.409245 1.871814 41.159802 -148.830484 1.625057 2.369440
103010177 -1.055485 -0.637625 1.404438 1.868973 41.283960 -148.863558 1.624775 2.373351
103010178 -1.056861 -0.637625 1.399631 1.866142 41.408505 -148.896569 1.624474 2.377260
103010179 -1.058236 -0.637625 1.394824 1.863320 41.533437 -148.929517 1.624153 2.381168
103010180 -1.059611 -0.637625 1.390017 1.860508 41.658756 -148.962403 1.623813 2.385075
103010181 -1.060987 -0.637625 1.385209 1.857704 41.784464 -148.995225 1.623452 2.388981
103010182 -1.062362 -0.637625 1.380402 1.854910 41.910561 -149.027986 1.623072 2.392885
103010183 -1.063737 -0.637625 1.375595 1.852125 42.037047 -149.060684 1.622671 2.396787
103010184 -1.065113 -0.637625 1.370788 1.849349 42.163922 -149.093320 1.622250 2.400688
103010185 -1.066488 -0.637625 1.365981 1.846582 42.291188 -149.125894 1.621808 2.404587
103010186 -1.067863 -0.637625 1.361174 1.843825 42.418844 -149.158406 1.621345 2.408484
103010187 -1.069239 -0.637625 1.356367 1.841078 42.546890 -149.190856 1.620861 2.412379
103010188 -1.070614 -0.637625 1.351560 1.838340 42.675328 -149.223245 1.620356 2.416272
103010189 -1.071989 -0.637625 1.346752 1.835611 42.804158 -149.255572 1.619830 2.420162
103010190 -1.073365 -0.637625 1.341945 1.832893 42.933380 -149.287839 1.619282 2.424050
103010191 -1.074740 -0.637625 1.337138 1.830183 43.062994 -149.320044 1.618713 2.427936
103010192 -1.076115 -0.637625 1.332331 1.827484 43.193000 -149.352188 1.618122 2.431819
103010193 -1.077491 -0.637625 1.327524 1.824794 43.323400 -149.384272 1.617508 2.435699
103010194 -1.078866 -0.637625 1.322717 1.822113 43.454192 -149.416295 1.616872 2.439576
103010195 -1.080241 -0.637625 1.317910 1.819443 43.585379 -149.448257 1.616214 2.443450
103010196 -1.081617 -0.637625 1.313103 1.816783 43.716959 -149.480159 1.615534 2.447321
103010197 -1.082992 -0.637625 1.308295 1.814132 43.848933 -149.512002 1.614830 2.451188
103010198 -1.084367 -0.637625 1.303488 1.811491 43.981302 -149.543784 1.614104 2.455052
103010199 -1.085743 -0.637625 1.298681 1.808860 44.114065 -149.575506 1.613355 2.458913
103010200 -1.087118 -0.637625 1.293874 1.806240 44.247223 -149.607168 1.612582 2.462770
103010201 -0.958811 -0.612520 1.772026 2.105843 32.703217 -147.428226 1.581415 2.093840
103010202 -0.960187 -0.612520 1.767219 2.102427 32.800582 -147.465474 1.582145 2.097586
103010203 -0.961562 -0.612520 1.762411 2.099018 32.898274 -147.502647 1.582867 2.101336
103010204 -0.962937 -0.612520 1.757604 2.095615 32.996295 -147.539744 1.583581 2.105090
103010205 -0.964313 -0.612520 1.752797 2.092218 33.094645 -147.576765 1.584286 2.108848
103010206 -0.965688 -0.612520 1.747990 2.088828 33.193326 -147.613711 1.584983 2.112610
103010207 -0.967063 -0.612520 1.743183 2.085445 33.292338 -147.650583 1.585672 2.116377
103010208 -0.968438 -0.612520 1.738376 2.082067 33.391682 -147.687379 1.586351 2.120147
103010209 -0.969814 -0.612520 1.733569 2.078697 33.491360 -147.724101 1.587022 2.123922
103010210 -0.971189 -0.612520 1.728762 2.075333 33.591373 -147.760749 1.587684 2.127700
103010211 -0.972564 -0.612520 1.723954 2.071975 33.691720 -147.797322 1.588337 2.131482
103010212 -0.973940 -0.612520 1.719147 2.068624 33.792404 -147.833821 1.588981 2.135269
103010213 -0.975315 -0.612520 1.714340 2.065280 33.893424 -147.870247 1.589615 2.139059
103010214 -0.976690 -0.612520 1.709533 2.061943 33.994783 -147.906599 1.590240 2.142853
103010215 -0.978066 -0.612520 1.704726 2.058612 34.096481 -147.942878 1.590855 2.146650
103010216 -0.979441 -0.612520 1.699919 2.055288 34.198519 -147.979083 1.591461 2.150452
103010217 -0.980816 -0.612520 1.695112 2.051971 34.300897 -148.015215 1.592057 2.154256
103010218 -0.982192 -0.612520 1.690305 2.048661 34.403618 -148.051275 1.592643 2.158065
103010219 -0.983567 -0.612520 1.685497 2.045357 34.506681 -148.087262 1.593219 2.161877
103010220 -0.984942 -0.612520 1.680690 2.042061 34.610088 -148.123176 1.593785 2.165693
103010221 -0.986318 -0.612520 1.675883 2.038771 34.713839 -148.159019 1.594340 2.169512
103010222 -0.987693 -0.612520 1.671076 2.035489 34.817936 -148.194789 1.594885 2.173334
103010223 -0.989068 -0.612520 1.666269 2.032213 34.922379 -148.230487 1.595420 2.177160
103010224 -0.990444 -0.612520 1.661462 2.028944 35.027170 -148.266114 1.595944 2.180989
103010225 -0.991819 -0.612520 1.656655 2.025683 35.132309 -148.301669 1.596457 2.184822
103010226 -0.993194 -0.612520 1.651848 2.022428 35.237796 -148.337152 1.596959 2.188657
103010227 -0.994570 -0.612520 1.647040 2.019181 35.343634 -148.372565 1.597450 2.192496
103010228 -0.995945 -0.612520 1.642233 2.015941 35.449823 -148.407907 1.597930 2.196337
103010229 -0.997320 -0.612520 1.637426 2.012708 35.556364 -148.443178 1.598398 2.200182
103010230 -0.998696 -0.612520 1.632619 2.009482 35.663257 -148.478378 1.598855 2.204030
103010231 -1.000071 -0.612520 1.627812 2.006264 35.770504 -148.513508 1.599300 2.207881
103010232 -1.001446 -0.612520 1.623005 2.003053 35.878106 -148.548568 1.599734 2.211734
103010233 -1.002822 -0.612520 1.618198 1.999849 35.986062 -148.583558 1.600156 2.215590
103010234 -1.004197 -0.612520 1.613391 1.996653 36.094375 -148.618478 1.600565 2.219449
103010235 -1.005572 -0.612520 1.608583 1.993464 36.203045 -148.653328 1.600963 2.223311
103010236 -1.006948 -0.612520 1.603776 1.990282 36.312073 -148.688109 1.601348 2.227175
103010237 -1.008323 -0.612520 1.598969 1.987108 36.421460 -148.722821 1.601721 2.231042
103010238 -1.009698 -0.612520 1.594162 1.983941 36.531206 -148.757463 1.602081 2.234911
103010239 -1.011074 -0.612520 1.589355 1.980783 36.641313 -148.792037 1.602428 2.238782
103010240 -1.012449 -0.612520 1.584548 1.977631 36.751781 -148.826542 1.602763 2.242656
103010241 -1.013824 -0.612520 1.579741 1.974487 36.862612 -148.860978 1.603084 2.246532
103010242 -1.015200 -0.612520 1.574933 1.971351 36.973805 -148.895346 1.603392 2.250411
103010243 -1.016575 -0.612520 1.570126 1.968223 37.085362 -148.929645 1.603687 2.254291
103010244 -1.017950 -0.612520 1.565319 1.965102 37.197284 -148.963877 1.603969 2.258174
103010245 -1.019326 -0.612520 1.560512 1.961990 37.309571 -148.998041 1.604236 2.262058
103010246 -1.020701 -0.612520 1.555705 1.958885 37.422224 -149.032137 1.604490 2.265944
103010247 -1.022076 -0.612520 1.550898 1.955787 37.535245 -149.066166 1.604730 2.269833
103010248 -1.023452 -0.612520 1.546091 1.952698 37.648633 -149.100127 1.604956 2.273723
103010249 -1.024827 -0.612520 1.541284 1.949617 37.762390 -149.134022 1.605168 2.277614
103010250 -1.026202 -0.612520 1.536476 1.946544 37.876516 -149.167849 1.605365 2.281507
103010251 -1.027578 -0.612520 1.531669 1.943478 37.991012 -149.201609 1.605548 2.285402
103010252 -1.028953 -0.612520 1.526862 1.940421 38.105880 -149.235303 1.605716 2.289298
103010253 -1.030328 -0.612520 1.522055 1.937372 38.221119 -149.268931 1.605870 2.293196
103010254 -1.031703 -0.612520 1.517248 1.934330 38.336730 -149.302492 1.606008 2.297094
103010255 -1.033079 -0.612520 1.512441 1.931297 38.452715 -149.335987 1.606131 2.300994
103010256 -1.034454 -0.612520 1.507634 1.928273 38.569073 -149.369416 1.606239 2.304895
103010257 -1.035829 -0.612520 1.502827 1.925256 38.685807 -149.402779 1.606331 2.308798
103010258 -1.037205 -0.612520 1.498019 1.922248 38.802915 -149.436077 1.606408 2.312701
103010259 -1.038580 -0.612520 1.493212 1.919248 38.920400 -149.469310 1.606468 2.316604
103010260 -1.039955 -0.612520 1.488405 1.916256 39.038261 -149.502477 1.606513 2.320509
103010261 -1.041331 -0.612520 1.483598 1.913273 39.156500 -149.535579 1.606542 2.324414
103010262 -1.042706 -0.612520 1.478791 1.910298 39.275117 -149.568616 1.606554 2.328320
103010263 -1.044081 -0.612520 1.473984 1.907332 39.394112 -149.601589 1.606550 2.332227
103010264 -1.045457 -0.612520 1.469177 1.904374 39.513487 -149.634497 1.606530 2.336134
103010265 -1.046832 -0.612520 1.464370 1.901425 39.633243 -149.667340 1.606492 2.340041
103010266 -1.048207 -0.612520 1.459562 1.898484 39.753379 -149.700119 1.606438 2.343948
103010267 -1.049583 -0.612520 1.454755 1.895552 39.873896 -149.732835 1.606367 2.347855
103010268 -1.050958 -0.612520 1.449948 1.892629 39.994796 -149.765486 1.606278 2.351763
103010269 -1.052333 -0.612520 1.445141 1.889714 40.116078 -149.798074 1.606172 2.355670
103010270 -1.053709 -0.612520 1.440334 1.886808 40.237744 -149.830598 1.606048 2.359577
103010271 -1.055084 -0.612520 1.435527 1.883911 40.359793 -149.863058 1.605906 2.363484
103010272 -1.056459 -0.612520 1.430720 1.881023 40.482227 -149.895456 1.605747 2.367391
103010273 -1.057835 -0.612520 1.425913 1.878143 40.605046 -149.927790 1.605569 2.371297
103010274 -1.059210 -0.612520 1.421105 1.875273 40.728250 -149.960062 1.605373 2.375202
103010275 -1.060585 -0.612520 1.416298 1.872411 40.851841 -149.992270 1.605159 2.379107
103010276 -1.061961 -0.612520 1.411491 1.869558 40.975818 -150.024416 1.604926 2.383011
103010277 -1.063336 -0.612520 1.406684 1.866715 41.100183 -150.056500 1.604674 2.386914
103010278 -1.064711 -0.612520 1.401877 1.863880 41.224935 -150.088522 1.604403 2.390816
103010279 -1.066087 -0.612520 1.397070 1.861055 41.350076 -150.120481 1.604113 2.394717
103010280 -1.067462 -0.612520 1.392263 1.858239 41.475605 -150.152378 1.603804 2.398617
103010281 -1.068837 -0.612520 1.387456 1.855432 41.601524 -150.184214 1.603475 2.402515
103010282 -1.070213 -0.612520 1.382648 1.852634 41.727832 -150.215988 1.603127 2.406412
103010283 -1.071588 -0.612520 1.377841 1.849845 41.854530 -150.247701 1.602759 2.410307
103010284 -1.072963 -0.612520 1.373034 1.847066 41.981620 -150.279352 1.602370 2.414201
103010285 -1.074339 -0.612520 1.368227 1.844296 42.109100 -150.310942 1.601962 2.418092
103010286 -1.075714 -0.612520 1.363420 1.841536 42.236971 -150.342471 1.601533 2.421982
103010287 -1.077089 -0.612520 1.358613 1.838785 42.365235 -150.373940 1.601084 2.425870
103010288 -1.078465 -0.612520 1.353806 1.836044 42.493891 -150.405347 1.600614 2.429756
103010289 -1.079840 -0.612520 1.348998 1.833312 42.622939 -150.436695 1.600123 2.433639
103010290 -1.081215 -0.612520 1.344191 1.830589 42.752381 -150.467981 1.599611 2.437520
103010291 -1.082591 -0.612520 1.339384 1.827877 42.882216 -150.499208 1.599077 2.441399
103010292 -1.083966 -0.612520 1.334577 1.825174 43.012445 -150.530375 1.598523 2.445275
103010293 -1.085341 -0.612520 1.329770 1.822480 43.143068 -150.561481 1.597946 2.449148
103010294 -1.086717 -0.612520 1.324963 1.819797 43.274085 -150.592528 1.597348 2.453018
103010295 -1.088092 -0.612520 1.320156 1.817123 43.405497 -150.623516 1.596728 2.456885
103010296 -1.089467 -0.612520 1.315349 1.814459 43.537303 -150.654444 1.596086 2.460749
103010297 -1.090843 -0.612520 1.310541 1.811805 43.669505 -150.685312 1.595422 2.464610
103010298 -1.092218 -0.612520 1.305734 1.809161 43.802103 -150.716122 1.594735 2.468467
103010299 -1.093593 -0.612520 1.300927 1.806527 43.935096 -150.746872 1.594026 2.472321
103010300 -1.094968 -0.612520 1.296120 1.803902 44.068485 -150.777564 1.593293 2.476171
103010301 -0.966662 -0.587415 1.774272 2.104170 32.518603 -148.714067 1.558604 2.106876
103010302 -0.968037 -0.587415 1.769465 2.100752 32.616119 -148.750207 1.559336 2.110609
103010303 -0.969412 -0.587415 1.764658 2.097339 32.713963 -148.786271 1.560060 2.114346
103010304 -0.970788 -0.587415 1.759850 2.093934 32.812137 -148.822261 1.560776 2.118087
103010305 -0.972163 -0.587415 1.755043 2.090534 32.910640 -148.858177 1.561484 2.121832
103010306 -0.973538 -0.587415 1.750236 2.087141 33.009473 -148.894018 1.562184 2.125581
103010307 -0.974914 -0.587415 1.745429 2.083755 33.108639 -148.929785 1.562876 2.129335
103010308 -0.976289 -0.587415 1.740622 2.080375 33.208137 -148.965478 1.563559 2.133092
103010309 -0.977664 -0.587415 1.735815 2.077002 33.307969 -149.001097 1.564234 2.136854
103010310 -0.979040 -0.587415 1.731008 2.073635 33.408136 -149.036642 1.564900 2.140620
103010311 -0.980415 -0.587415 1.726201 2.070275 33.508638 -149.072115 1.565558 2.144389
103010312 -0.981790 -0.587415 1.721393 2.066921 33.609477 -149.107514 1.566207 2.148163
103010313 -0.983166 -0.587415 1.716586 2.063574 33.710654 -149.142840 1.566846 2.151940
103010314 -0.984541 -0.587415 1.711779 2.060234 33.812168 -149.178093 1.567477 2.155722
103010315 -0.985916 -0.587415 1.706972 2.056901 33.914023 -149.213274 1.568098 2.159507
103010316 -0.987292 -0.587415 1.702165 2.053574 34.016217 -149.248383 1.568710 2.163296
103010317 -0.988667 -0.587415 1.697358 2.050254 34.118753 -149.283419 1.569313 2.167088
103010318 -0.990042 -0.587415 1.692551 2.046941 34.221631 -149.318383 1.569906 2.170885
103010319 -0.991418 -0.587415 1.687744 2.043635 34.324852 -149.353276 1.570489 2.174684
103010320 -0.992793 -0.587415 1.682936 2.040335 34.428417 -149.388097 1.571063 2.178488
103010321 -0.994168 -0.587415 1.678129 2.037043 34.532328 -149.422846 1.571626 2.182295
103010322 -0.995544 -0.587415 1.673322 2.033758 34.636584 -149.457525 1.572180 2.186105
103010323 -0.996919 -0.587415 1.668515 2.030479 34.741187 -149.492132 1.572723 2.189919
103010324 -0.998294 -0.587415 1.663708 2.027208 34.846137 -149.526668 1.573256 2.193736
103010325 -0.999670 -0.587415 1.658901 2.023943 34.951437 -149.561134 1.573778 2.197556
103010326 -1.001045 -0.587415 1.654094 2.020686 35.057086 -149.595530 1.574290 2.201380
103010327 -1.002420 -0.587415 1.649286 2.017436 35.163085 -149.629855 1.574791 2.205206
103010328 -1.003796 -0.587415 1.644479 2.014193 35.269436 -149.664111 1.575282 2.209036
103010329 -1.005171 -0.587415 1.639672 2.010957 35.376139 -149.698296 1.575761 2.212869
103010330 -1.006546 -0.587415 1.634865 2.007729 35.483195 -149.732412 1.576229 2.216705
103010331 -1.007922 -0.587415 1.630058 2.004508 35.590606 -149.766458 1.576686 2.220544
103010332 -1.009297 -0.587415 1.625251 2.001294 35.698371 -149.800435 1.577132 2.224386
103010333 -1.010672 -0.587415 1.620444 1.998087 35.806492 -149.834343 1.577566 2.228230
103010334 -1.012048 -0.587415 1.615637 1.994888 35.914970 -149.868182 1.577988 2.232078
103010335 -1.013423 -0.587415 1.610829 1.991696 36.023805 -149.901952 1.578399 2.235928
103010336 -1.014798 -0.587415 1.606022 1.988512 36.132999 -149.935654 1.578797 2.239780
103010337 -1.016174 -0.587415 1.601215 1.985335 36.242552 -149.969287 1.579184 2.243636
103010338 -1.017549 -0.587415 1.596408 1.982166 36.352466 -150.002852 1.579558 2.247493
103010339 -1.018924 -0.587415 1.591601 1.979004 36.462740 -150.036350 1.579920 2.251354
103010340 -1.020300 -0.587415 1.586794 1.975850 36.573376 -150.069779 1.580269 2.255216
103010341 -1.021675 -0.587415 1.581987 1.972703 36.684375 -150.103141 1.580606 2.259081
103010342 -1.023050 -0.587415 1.577180 1.969564 36.795738 -150.136435 1.580930 2.262948
103010343 -1.024426 -0.587415 1.572372 1.966433 36.907464 -150.169662 1.581241 2.266817
103010344 -1.025801 -0.587415 1.567565 1.963310 37.019556 -150.202822 1.581539 2.270689
103010345 -1.027176 -0.587415 1.562758 1.960194 37.132014 -150.235915 1.581824 2.274562
103010346 -1.028551 -0.587415 1.557951 1.957086 37.244839 -150.268942 1.582095 2.278437
103010347 -1.029927 -0.587415 1.553144 1.953986 37.358031 -150.301902 1.582353 2.282315
103010348 -1.031302 -0.587415 1.548337 1.950894 37.471592 -150.334795 1.582597 2.286194
103010349 -1.032677 -0.587415 1.543530 1.947810 37.585522 -150.367623 1.582827 2.290074
103010350 -1.034053 -0.587415 1.538723 1.944733 37.699822 -150.400384 1.583043 2.293956
103010351 -1.035428 -0.587415 1.533915 1.941665 37.814493 -150.433079 1.583245 2.297840
103010352 -1.036803 -0.587415 1.529108 1.938605 37.929535 -150.465709 1.583433 2.301726
103010353 -1.038179 -0.587415 1.524301 1.935553 38.044950 -150.498274 1.583606 2.305612
103010354 -1.039554 -0.587415 1.519494 1.932509 38.160738 -150.530773 1.583765 2.309500
103010355 -1.040929 -0.587415 1.514687 1.929473 38.276899 -150.563207 1.583909 2.313390
103010356 -1.042305 -0.587415 1.509880 1.926445 38.393435 -150.595576 1.584038 2.317280
103010357 -1.043680 -0.587415 1.505073 1.923426 38.510346 -150.627880 1.584152 2.321172
103010358 -1.045055 -0.587415 1.500266 1.920415 38.627634 -150.660120 1.584251 2.325064
103010359 -1.046431 -0.587415 1.495458 1.917412 38.745298 -150.692295 1.584334 2.328957
103010360 -1.047806 -0.587415 1.490651 1.914418 38.863339 -150.724406 1.584402 2.332851
103010361 -1.049181 -0.587415 1.485844 1.911431 38.981759 -150.756453 1.584454 2.336746
103010362 -1.050557 -0.587415 1.481037 1.908454 39.100557 -150.788436 1.584491 2.340642
103010363 -1.051932 -0.587415 1.476230 1.905485 39.219735 -150.820356 1.584511 2.344538
103010364 -1.053307 -0.587415 1.471423 1.902524 39.339293 -150.852212 1.584515 2.348434
103010365 -1.054683 -0.587415 1.466616 1.899572 39.459232 -150.884004 1.584503 2.352331
103010366 -1.056058 -0.587415 1.461808 1.896628 39.579552 -150.915733 1.584474 2.356228
103010367 -1.057433 -0.587415 1.457001 1.893693 39.700255 -150.947399 1.584429 2.360125
103010368 -1.058809 -0.587415 1.452194 1.890767 39.821340 -150.979003 1.584366 2.364022
103010369 -1.060184 -0.587415 1.447387 1.887849 39.942808 -151.010543 1.584287 2.367919
103010370 -1.061559 -0.587415 1.442580 1.884941 40.064661 -151.042021 1.584191 2.371816
103010371 -1.062935 -0.587415 1.437773 1.882041 40.186898 -151.073437 1.584077 2.375713
103010372 -1.064310 -0.587415 1.432966 1.879149 40.309521 -151.104790 1.583945 2.379610
103010373 -1.065685 -0.587415 1.428159 1.876267 40.432529 -151.136081 1.583796 2.383506
103010374 -1.067061 -0.587415 1.423351 1.873394 40.555923 -151.167311 1.583630 2.387401
103010375 -1.068436 -0.587415 1.418544 1.870529 40.679705 -151.198478 1.583445 2.391296
103010376 -1.069811 -0.587415 1.413737 1.867674 40.803874 -151.229585 1.583242 2.395190
103010377 -1.071187 -0.587415 1.408930 1.864827 40.928431 -151.260629 1.583020 2.399083
103010378 -1.072562 -0.587415 1.404123 1.861990 41.053376 -151.291613 1.582781 2.402975
103010379 -1.073937 -0.587415 1.399316 1.859162 41.178711 -151.322535 1.582522 2.406866
103010380 -1.075313 -0.587415 1.394509 1.856343 41.304435 -151.353397 1.582245 2.410756
103010381 -1.076688 -0.587415 1.389702 1.853533 41.430549 -151.384198 1.581948 2.414644
103010382 -1.078063 -0.587415 1.384894 1.850732 41.557054 -151.414938 1.581632 2.418531
103010383 -1.079439 -0.587415 1.380087 1.847941 41.683950 -151.445618 1.581297 2.422417
103010384 -1.080814 -0.587415 1.375280 1.845159 41.811237 -151.476238 1.580943 2.426301
103010385 -1.082189 -0.587415 1.370473 1.842386 41.938916 -151.506797 1.580568 2.430183
103010386 -1.083565 -0.587415 1.365666 1.839623 42.066987 -151.537297 1.580174 2.434063
103010387 -1.084940 -0.587415 1.360859 1.836869 42.195452 -151.567736 1.579760 2.437941
103010388 -1.086315 -0.587415 1.356052 1.834125 42.324309 -151.598117 1.579325 2.441817
103010389 -1.087690 -0.587415 1.351245 1.831390 42.453560 -151.628437 1.578871 2.445691
103010390 -1.089066 -0.587415 1.346437 1.828665 42.583204 -151.658699 1.578395 2.449562
103010391 -1.090441 -0.587415 1.341630 1.825949 42.713243 -151.688901 1.577899 2.453431
103010392 -1.091816 -0.587415 1.336823 1.823243 42.843677 -151.719044 1.577382 2.457297
103010393 -1.093192 -0.587415 1.332016 1.820547 42.974505 -151.749128 1.576843 2.461161
103010394 -1.094567 -0.587415 1.327209 1.817860 43.105729 -151.779154 1.576284 2.465021
103010395 -1.095942 -0.587415 1.322402 1.815184 43.237348 -151.809121 1.575702 2.468879
103010396 -1.097318 -0.587415 1.317595 1.812517 43.369363 -151.839030 1.575100 2.472733
103010397 -1.098693 -0.587415 1.312788 1.809860 43.501775 -151.868881 1.574475 2.476585
103010398 -1.100068 -0.587415 1.307980 1.807213 43.634582 -151.898673 1.573829 2.480432
103010399 -1.101444 -0.587415 1.303173 1.804576 43.767787 -151.928408 1.573160 2.484277
103010400 -1.102819 -0.587415 1.298366 1.801949 43.901388 -151.958085 1.572469 2.488117
103010401 -0.974512 -0.562309 1.776518 2.102827 32.346963 -150.014372 1.534248 2.118649
103010402 -0.975888 -0.562309 1.771711 2.099406 32.444628 -150.049338 1.534982 2.122366
103010403 -0.977263 -0.562309 1.766904 2.095992 32.542621 -150.084231 1.535709 2.126087
103010404 -0.978638 -0.562309 1.762096 2.092584 32.640943 -150.119050 1.536427 2.129813
103010405 -0.980014 -0.562309 1.757289 2.089183 32.739595 -150.153796 1.537138 2.133543
103010406 -0.981389 -0.562309 1.752482 2.085788 32.838579 -150.188469 1.537842 2.137277
103010407 -0.982764 -0.562309 1.747675 2.082399 32.937894 -150.223068 1.538537 2.141015
103010408 -0.984140 -0.562309 1.742868 2.079017 33.037542 -150.257594 1.539224 2.144758
103010409 -0.985515 -0.562309 1.738061 2.075641 33.137525 -150.292048 1.539903 2.148504
103010410 -0.986890 -0.562309 1.733254 2.072272 33.237842 -150.326429 1.540574 2.152255
103010411 -0.988266 -0.562309 1.728447 2.068910 33.338495 -150.360738 1.541236 2.156009
103010412 -0.989641 -0.562309 1.723639 2.065554 33.439484 -150.394975 1.541890 2.159768
103010413 -0.991016 -0.562309 1.718832 2.062205 33.540812 -150.429141 1.542535 2.163531
103010414 -0.992392 -0.562309 1.714025 2.058863 33.642478 -150.463234 1.543171 2.167297
103010415 -0.993767 -0.562309 1.709218 2.055527 33.744484 -150.497256 1.543799 2.171067
103010416 -0.995142 -0.562309 1.704411 2.052198 33.846831 -150.531207 1.544417 2.174841
103010417 -0.996518 -0.562309 1.699604 2.048876 33.949519 -150.565086 1.545027 2.178619
103010418 -0.997893 -0.562309 1.694797 2.045561 34.052549 -150.598895 1.545627 2.182401
103010419 -0.999268 -0.562309 1.689990 2.042252 34.155923 -150.632633 1.546218 2.186186
103010420 -1.000644 -0.562309 1.685182 2.038950 34.259641 -150.666301 1.546799 2.189975
103010421 -1.002019 -0.562309 1.680375 2.035656 34.363705 -150.699899 1.547371 2.193767
103010422 -1.003394 -0.562309 1.675568 2.032368 34.468115 -150.733426 1.547933 2.197563
103010423 -1.004770 -0.562309 1.670761 2.029087 34.572871 -150.766883 1.548485 2.201362
103010424 -1.006145 -0.562309 1.665954 2.025814 34.677976 -150.800271 1.549027 2.205165
103010425 -1.007520 -0.562309 1.661147 2.022547 34.783430 -150.833590 1.549559 2.208971
103010426 -1.008896 -0.562309 1.656340 2.019288 34.889234 -150.866839 1.550081 2.212780
103010427 -1.010271 -0.562309 1.651533 2.016035 34.995389 -150.900019 1.550593 2.216592
103010428 -1.011646 -0.562309 1.646725 2.012790 35.101895 -150.933130 1.551094 2.220408
103010429 -1.013022 -0.562309 1.641918 2.009552 35.208754 -150.966172 1.551584 2.224227
103010430 -1.014397 -0.562309 1.637111 2.006321 35.315966 -150.999146 1.552064 2.228049
103010431 -1.015772 -0.562309 1.632304 2.003098 35.423533 -151.032051 1.552532 2.231873
103010432 -1.017148 -0.562309 1.627497 1.999882 35.531455 -151.064889 1.552990 2.235701
103010433 -1.018523 -0.562309 1.622690 1.996673 35.639734 -151.097658 1.553437 2.239532
103010434 -1.019898 -0.562309 1.617883 1.993471 35.748369 -151.130360 1.553872 2.243365
103010435 -1.021273 -0.562309 1.613076 1.990277 35.857362 -151.162994 1.554296 2.247201
103010436 -1.022649 -0.562309 1.608268 1.987091 35.966714 -151.195561 1.554708 2.251040
103010437 -1.024024 -0.562309 1.603461 1.983912 36.076426 -151.228060 1.555109 2.254881
103010438 -1.025399 -0.562309 1.598654 1.980740 36.186498 -151.260493 1.555497 2.258725
103010439 -1.026775 -0.562309 1.593847 1.977576 36.296932 -151.292859 1.555874 2.262572
103010440 -1.028150 -0.562309 1.589040 1.974419 36.407728 -151.325158 1.556239 2.266420
103010441 -1.029525 -0.562309 1.584233 1.971271 36.518887 -151.357390 1.556591 2.270272
103010442 -1.030901 -0.562309 1.579426 1.968129 36.630410 -151.389557 1.556931 2.274125
103010443 -1.032276 -0.562309 1.574619 1.964996 36.742298 -151.421657 1.557258 2.277981
103010444 -1.033651 -0.562309 1.569811 1.961870 36.854551 -151.453691 1.557573 2.281838
103010445 -1.035027 -0.562309 1.565004 1.958752 36.967171 -151.485660 1.557875 2.285698
103010446 -1.036402 -0.562309 1.560197 1.955642 37.080158 -151.517563 1.558164 2.289560
103010447 -1.037777 -0.562309 1.555390 1.952540 37.193513 -151.549401 1.558439 2.293424
103010448 -1.039153 -0.562309 1.550583 1.949445 37.307236 -151.581174 1.558702 2.297289
103010449 -1.040528 -0.562309 1.545776 1.946359 37.421330 -151.612881 1.558951 2.301156
103010450 -1.041903 -0.562309 1.540969 1.943280 37.535794 -151.644524 1.559186 2.305025
103010451 -1.043279 -0.562309 1.536161 1.940210 37.650629 -151.676103 1.559408 2.308896
103010452 -1.044654 -0.562309 1.531354 1.937147 37.765836 -151.707616 1.559616 2.312768
103010453 -1.046029 -0.562309 1.526547 1.934093 37.881416 -151.739066 1.559810 2.316641
103010454 -1.047405 -0.562309 1.521740 1.931047 37.997369 -151.770451 1.559989 2.320516
103010455 -1.048780 -0.562309 1.516933 1.928008 38.113697 -151.801773 1.560155 2.324392
103010456 -1.050155 -0.562309 1.512126 1.924979 38.230399 -151.833031 1.560305 2.328270
103010457 -1.051531 -0.562309 1.507319 1.921957 38.347478 -151.864225 1.560441 2.332148
103010458 -1.052906 -0.562309 1.502512 1.918943 38.464932 -151.895356 1.560563 2.336027
103010459 -1.054281 -0.562309 1.497704 1.915938 38.582764 -151.926423 1.560669 2.339908
103010460 -1.055657 -0.562309 1.492897 1.912941 38.700974 -151.957428 1.560760 2.343789
103010461 -1.057032 -0.562309 1.488090 1.909953 38.819563 -151.988369 1.560836 2.347671
103010462 -1.058407 -0.562309 1.483283 1.906973 38.938531 -152.019248 1.560897 2.351553
103010463 -1.059783 -0.562309 1.478476 1.904002 39.057878 -152.050065 1.560942 2.355436
103010464 -1.061158 -0.562309 1.473669 1.901039 39.177607 -152.080819 1.560971 2.359320
103010465 -1.062533 -0.562309 1.468862 1.898084 39.297717 -152.111511 1.560985 2.363204
103010466 -1.063909 -0.562309 1.464055 1.895138 39.418209 -152.142141 1.560982 2.367088
103010467 -1.065284 -0.562309 1.459247 1.892201 39.539083 -152.172709 1.560963 2.370972
103010468 -1.066659 -0.562309 1.454440 1.889272 39.660341 -152.203215 1.560927 2.374857
103010469 -1.068035 -0.562309 1.449633 1.886353 39.781983 -152.233660 1.560875 2.378741
103010470 -1.069410 -0.562309 1.444826 1.883441 39.904009 -152.264044 1.560807 2.382626
103010471 -1.070785 -0.562309 1.440019 1.880539 40.026421 -152.294366 1.560721 2.386510
103010472 -1.072161 -0.562309 1.435212 1.877646 40.149218 -152.324628 1.560619 2.390394
103010473 -1.073536 -0.562309 1.430405 1.874761 40.272401 -152.354828 1.560499 2.394277
103010474 -1.074911 -0.562309 1.425598 1.871885 40.395972 -152.384968 1.560362 2.398160
103010475 -1.076287 -0.562309 1.420790 1.869018 40.519930 -152.415048 1.560207 2.402042
103010476 -1.077662 -0.562309 1.415983 1.866161 40.644276 -152.445067 1.560034 2.405924
103010477 -1.079037 -0.562309 1.411176 1.863312 40.769010 -152.475026 1.559844 2.409804
103010478 -1.080413 -0.562309 1.406369 1.860472 40.894134 -152.504925 1.559636 2.413684
103010479 -1.081788 -0.562309 1.401562 1.857642 41.019648 -152.534764 1.559409 2.417562
103010480 -1.083163 -0.562309 1.396755 1.854820 41.145551 -152.564543 1.559164 2.421440
103010481 -1.084538 -0.562309 1.391948 1.852008 41.271845 -152.594263 1.558901 2.425316
103010482 -1.085914 -0.562309 1.387141 1.849205 41.398531 -152.623924 1.558618 2.429191
103010483 -1.087289 -0.562309 1.382333 1.846411 41.525607 -152.653525 1.558317 2.433064
103010484 -1.088664 -0.562309 1.377526 1.843627 41.653076 -152.683068 1.557997 2.436935
103010485 -1.090040 -0.562309 1.372719 1.840852 41.780938 -152.712551 1.557657 2.440805
103010486 -1.091415 -0.562309 1.367912 1.838086 41.909192 -152.741976 1.557299 2.444673
103010487 -1.092790 -0.562309 1.363105 1.835330 42.037840 -152.771342 1.556920 2.448539
103010488 -1.094166 -0.562309 1.358298 1.832584 42.166882 -152.800650 1.556522 2.452403
103010489 -1.095541 -0.562309 1.353491 1.829847 42.296318 -152.829900 1.556104 2.456265
103010490 -1.096916 -0.562309 1.348683 1.827119 42.426148 -152.859091 1.555665 2.460124
103010491 -1.098292 -0.562309 1.343876 1.824401 42.556373 -152.888225 1.555207 2.463981
103010492 -1.099667 -0.562309 1.339069 1.821693 42.686994 -152.917301 1.554728 2.467835
103010493 -1.101042 -0.562309 1.334262 1.818995 42.818010 -152.946319 1.554228 2.471686
103010494 -1.102418 -0.562309 1.329455 1.816306 42.949422 -152.975280 1.553708 2.475535
103010495 -1.103793 -0.562309 1.324648 1.813627 43.081230 -153.004184 1.553167 2.479380
103010496 -1.105168 -0.562309 1.319841 1.810958 43.213435 -153.033030 1.552604 2.483223
103010497 -1.106544 -0.562309 1.315034 1.808299 43.346036 -153.061820 1.552020 2.487062
103010498 -1.107919 -0.562309 1.310226 1.805649 43.479035 -153.090552 1.551415 2.490897
103010499 -1.109294 -0.562309 1.305419 1.803010 43.612431 -153.119228 1.550788 2.494730
103010500 -1.110670 -0.562309 1.300612 1.800381 43.746224 -153.147848 1.550139 2.498558
103010501 -0.982363 -0.537204 1.778764 2.101815 32.188616 -151.328025 1.508377 2.129100
103010502 -0.983738 -0.537204 1.773957 2.098393 32.286426 -151.361756 1.509114 2.132799
103010503 -0.985114 -0.537204 1.769150 2.094977 32.384564 -151.395414 1.509842 2.136503
103010504 -0.986489 -0.537204 1.764343 2.091567 32.483031 -151.429001 1.510564 2.140211
103010505 -0.987864 -0.537204 1.759535 2.088164 32.581829 -151.462515 1.511278 2.143923
103010506 -0.989240 -0.537204 1.754728 2.084767 32.680958 -151.495957 1.511985 2.147640
103010507 -0.990615 -0.537204 1.749921 2.081377 32.780418 -151.529327 1.512684 2.151361
103010508 -0.991990 -0.537204 1.745114 2.077993 32.880212 -151.562626 1.513375 2.155086
103010509 -0.993366 -0.537204 1.740307 2.074616 32.980340 -151.595854 1.514059 2.158816
103010510 -0.994741 -0.537204 1.735500 2.071245 33.080803 -151.629010 1.514734 2.162549
103010511 -0.996116 -0.537204 1.730693 2.067881 33.181602 -151.662096 1.515402 2.166286
103010512 -0.997492 -0.537204 1.725886 2.064524 33.282738 -151.695111 1.516061 2.170028
103010513 -0.998867 -0.537204 1.721078 2.061173 33.384212 -151.728055 1.516712 2.173773
103010514 -1.000242 -0.537204 1.716271 2.057829 33.486024 -151.760929 1.517354 2.177523
103010515 -1.001618 -0.537204 1.711464 2.054491 33.588176 -151.793733 1.517988 2.181276
103010516 -1.002993 -0.537204 1.706657 2.051161 33.690669 -151.826467 1.518614 2.185033
103010517 -1.004368 -0.537204 1.701850 2.047837 33.793504 -151.859132 1.519230 2.188794
103010518 -1.005744 -0.537204 1.697043 2.044520 33.896681 -151.891727 1.519838 2.192558
103010519 -1.007119 -0.537204 1.692236 2.041210 34.000202 -151.924252 1.520437 2.196327
103010520 -1.008494 -0.537204 1.687429 2.037907 34.104068 -151.956709 1.521026 2.200099
103010521 -1.009870 -0.537204 1.682621 2.034610 34.208279 -151.989097 1.521606 2.203874
103010522 -1.011245 -0.537204 1.677814 2.031321 34.312836 -152.021416 1.522177 2.207653
103010523 -1.012620 -0.537204 1.673007 2.028039 34.417740 -152.053666 1.522739 2.211436
103010524 -1.013996 -0.537204 1.668200 2.024763 34.522993 -152.085848 1.523290 2.215222
103010525 -1.015371 -0.537204 1.663393 2.021495 34.628595 -152.117962 1.523832 2.219011
103010526 -1.016746 -0.537204 1.658586 2.018234 34.734547 -152.150009 1.524364 2.222804
103010527 -1.018121 -0.537204 1.653779 2.014980 34.840850 -152.181987 1.524887 2.226600
103010528 -1.019497 -0.537204 1.648971 2.011733 34.947504 -152.213898 1.525399 2.230399
103010529 -1.020872 -0.537204 1.644164 2.008493 35.054512 -152.245742 1.525900 2.234201
103010530 -1.022247 -0.537204 1.639357 2.005261 35.161873 -152.277518 1.526392 2.238006
103010531 -1.023623 -0.537204 1.634550 2.002035 35.269589 -152.309228 1.526873 2.241815
103010532 -1.024998 -0.537204 1.629743 1.998817 35.377660 -152.340871 1.527343 2.245626
103010533 -1.026373 -0.537204 1.624936 1.995607 35.486088 -152.372447 1.527802 2.249440
103010534 -1.027749 -0.537204 1.620129 1.992404 35.594873 -152.403957 1.528251 2.253258
103010535 -1.029124 -0.537204 1.615322 1.989208 35.704016 -152.435401 1.528688 2.257077
103010536 -1.030499 -0.537204 1.610514 1.986020 35.813518 -152.466779 1.529114 2.260900
103010537 -1.031875 -0.537204 1.605707 1.982839 35.923381 -152.498091 1.529529 2.264725
103010538 -1.033250 -0.537204 1.600900 1.979665 36.033603 -152.529338 1.529933 2.268553
103010539 -1.034625 -0.537204 1.596093 1.976500 36.144188 -152.560519 1.530325 2.272383
103010540 -1.036001 -0.537204 1.591286 1.973341 36.255135 -152.591634 1.530705 2.276216
103010541 -1.037376 -0.537204 1.586479 1.970191 36.366445 -152.622685 1.531073 2.280051
103010542 -1.038751 -0.537204 1.581672 1.967048 36.478119 -152.653671 1.531430 2.283889
103010543 -1.040127 -0.537204 1.576865 1.963913 36.590158 -152.684592 1.531774 2.287729
103010544 -1.041502 -0.537204 1.572057 1.960785 36.702564 -152.715449 1.532106 2.291570
103010545 -1.042877 -0.537204 1.567250 1.957666 36.815336 -152.746242 1.532425 2.295414
103010546 -1.044253 -0.537204 1.562443 1.954554 36.928475 -152.776970 1.532732 2.299260
103010547 -1.045628 -0.537204 1.557636 1.951450 37.041982 -152.807634 1.533026 2.303108
103010548 -1.047003 -0.537204 1.552829 1.948354 37.155859 -152.838235 1.533307 2.306958
103010549 -1.048379 -0.537204 1.548022 1.945265 37.270106 -152.868772 1.533575 2.310810
103010550 -1.049754 -0.537204 1.543215 1.942185 37.384723 -152.899246 1.533830 2.314663
103010551 -1.051129 -0.537204 1.538408 1.939113 37.499712 -152.929656 1.534072 2.318518
103010552 -1.052505 -0.537204 1.533600 1.936049 37.615073 -152.960004 1.534300 2.322374
103010553 -1.053880 -0.537204 1.528793 1.932992 37.730807 -152.990288 1.534515 2.326232
103010554 -1.055255 -0.537204 1.523986 1.929944 37.846915 -153.020510 1.534716 2.330091
103010555 -1.056631 -0.537204 1.519179 1.926905 37.963397 -153.050670 1.534903 2.333952
103010556 -1.058006 -0.537204 1.514372 1.923873 38.080255 -153.080767 1.535076 2.337814
103010557 -1.059381 -0.537204 1.509565 1.920849 38.197489 -153.110802 1.535234 2.341677
103010558 -1.060757 -0.537204 1.504758 1.917834 38.315099 -153.140775 1.535379 2.345541
103010559 -1.062132 -0.537204 1.499951 1.914827 38.433087 -153.170686 1.535508 2.349406
103010560 -1.063507 -0.537204 1.495143 1.911829 38.551454 -153.200536 1.535624 2.353271
103010561 -1.064883 -0.537204 1.490336 1.908839 38.670199 -153.230324 1.535724 2.357138
103010562 -1.066258 -0.537204 1.485529 1.905857 38.789324 -153.260051 1.535809 2.361005
103010563 -1.067633 -0.537204 1.480722 1.902884 38.908829 -153.289716 1.535879 2.364873
103010564 -1.069009 -0.537204 1.475915 1.899919 39.028715 -153.319321 1.535934 2.368741
103010565 -1.070384 -0.537204 1.471108 1.896963 39.148983 -153.348865 1.535974 2.372610
103010566 -1.071759 -0.537204 1.466301 1.894015 39.269633 -153.378349 1.535997 2.376479
103010567 -1.073135 -0.537204 1.461494 1.891076 39.390666 -153.407772 1.536005 2.380348
103010568 -1.074510 -0.537204 1.456686 1.888146 39.512083 -153.437135 1.535998 2.384218
103010569 -1.075885 -0.537204 1.451879 1.885224 39.633884 -153.466437 1.535973 2.388087
103010570 -1.077261 -0.537204 1.447072 1.882311 39.756070 -153.495680 1.535933 2.391956
103010571 -1.078636 -0.537204 1.442265 1.879407 39.878642 -153.524863 1.535876 2.395825
103010572 -1.080011 -0.537204 1.437458 1.876512 40.001599 -153.553987 1.535803 2.399694
103010573 -1.081386 -0.537204 1.432651 1.873626 40.124944 -153.583051 1.535713 2.403563
103010574 -1.082762 -0.537204 1.427844 1.870748 40.248675 -153.612056 1.535606 2.407430
103010575 -1.084137 -0.537204 1.423036 1.867880 40.372795 -153.641002 1.535482 2.411298
103010576 -1.085512 -0.537204 1.418229 1.865020 40.497303 -153.669889 1.535341 2.415164
103010577 -1.086888 -0.537204 1.413422 1.862170 40.622200 -153.698717 1.535182 2.419030
103010578 -1.088263 -0.537204 1.408615 1.859328 40.747486 -153.727487 1.535006 2.422895
103010579 -1.089638 -0.537204 1.403808 1.856496 40.873163 -153.756198 1.534812 2.426759
103010580 -1.091014 -0.537204 1.399001 1.853673 40.999230 -153.784851 1.534600 2.430621
103010581 -1.092389 -0.537204 1.394194 1.850859 41.125688 -153.813446 1.534370 2.434483
103010582 -1.093764 -0.537204 1.389387 1.848054 41.252537 -153.841983 1.534122 2.438343
103010583 -1.095140 -0.537204 1.384579 1.845259 41.379779 -153.870462 1.533855 2.442201
103010584 -1.096515 -0.537204 1.379772 1.842472 41.507413 -153.898883 1.533570 2.446058
103010585 -1.097890 -0.537204 1.374965 1.839696 41.635440 -153.927248 1.533266 2.449913
103010586 -1.099266 -0.537204 1.370158 1.836928 41.763860 -153.955554 1.532943 2.453766
103010587 -1.100641 -0.537204 1.365351 1.834171 41.892674 -153.983804 1.532601 2.457618
103010588 -1.102016 -0.537204 1.360544 1.831422 42.021883 -154.011997 1.532240 2.461467
103010589 -1.103392 -0.537204 1.355737 1.828683 42.151486 -154.040133 1.531859 2.465314
103010590 -1.104767 -0.537204 1.350930 1.825954 42.281484 -154.068212 1.531459 2.469159
103010591 -1.106142 -0.537204 1.346122 1.823235 42.411877 -154.096235 1.531039 2.473001
103010592 -1.107518 -0.537204 1.341315 1.820525 42.542666 -154.124202 1.530599 2.476840
103010593 -1.108893 -0.537204 1.336508 1.817824 42.673851 -154.152112 1.530139 2.480677
103010594 -1.110268 -0.537204 1.331701 1.815134 42.805432 -154.179967 1.529659 2.484511
103010595 -1.111644 -0.537204 1.326894 1.812453 42.937411 -154.207765 1.529158 2.488342
103010596 -1.113019 -0.537204 1.322087 1.809782 43.069786 -154.235508 1.528637 2.492170
103010597 -1.114394 -0.537204 1.317280 1.807122 43.202558 -154.263195 1.528095 2.495995
103010598 -1.115770 -0.537204 1.312473 1.804471 43.335728 -154.290827 1.527532 2.499816
103010599 -1.117145 -0.537204 1.307665 1.801829 43.469296 -154.318404 1.526947 2.503634
103010600 -1.118520 -0.537204 1.302858 1.799198 43.603261 -154.345925 1.526342 2.507448
103010601 -0.990214 -0.512098 1.781010 2.101134 32.043853 -152.653831 1.481029 2.138176
103010602 -0.991589 -0.512098 1.776203 2.097711 32.141804 -152.686267 1.481767 2.141856
103010603 -0.992964 -0.512098 1.771396 2.094294 32.240083 -152.718631 1.482499 2.145540
103010604 -0.994340 -0.512098 1.766589 2.090883 32.338691 -152.750924 1.483224 2.149229
103010605 -0.995715 -0.512098 1.761781 2.087479 32.437629 -152.783147 1.483942 2.152922
103010606 -0.997090 -0.512098 1.756974 2.084081 32.536898 -152.815300 1.484653 2.156619
103010607 -0.998466 -0.512098 1.752167 2.080689 32.636500 -152.847382 1.485356 2.160320
103010608 -0.999841 -0.512098 1.747360 2.077304 32.736434 -152.879395 1.486052 2.164026
103010609 -1.001216 -0.512098 1.742553 2.073926 32.836703 -152.911338 1.486740 2.167736
103010610 -1.002592 -0.512098 1.737746 2.070554 32.937306 -152.943211 1.487421 2.171450
103010611 -1.003967 -0.512098 1.732939 2.067189 33.038246 -152.975015 1.488094 2.175168
103010612 -1.005342 -0.512098 1.728132 2.063831 33.139522 -153.006750 1.488759 2.178891
103010613 -1.006718 -0.512098 1.723324 2.060479 33.241136 -153.038417 1.489416 2.182617
103010614 -1.008093 -0.512098 1.718517 2.057133 33.343089 -153.070014 1.490065 2.186347
103010615 -1.009468 -0.512098 1.713710 2.053795 33.445382 -153.101543 1.490706 2.190081
103010616 -1.010844 -0.512098 1.708903 2.050463 33.548016 -153.133004 1.491339 2.193819
103010617 -1.012219 -0.512098 1.704096 2.047138 33.650991 -153.164397 1.491963 2.197561
103010618 -1.013594 -0.512098 1.699289 2.043820 33.754309 -153.195722 1.492578 2.201307
103010619 -1.014969 -0.512098 1.694482 2.040509 33.857971 -153.226979 1.493185 2.205056
103010620 -1.016345 -0.512098 1.689675 2.037204 33.961977 -153.258169 1.493783 2.208809
103010621 -1.017720 -0.512098 1.684867 2.033907 34.066328 -153.289292 1.494373 2.212566
103010622 -1.019095 -0.512098 1.680060 2.030616 34.171026 -153.320347 1.494953 2.216326
103010623 -1.020471 -0.512098 1.675253 2.027333 34.276071 -153.351336 1.495524 2.220090
103010624 -1.021846 -0.512098 1.670446 2.024056 34.381465 -153.382258 1.496085 2.223857
103010625 -1.023221 -0.512098 1.665639 2.020787 34.487208 -153.413113 1.496638 2.227628
103010626 -1.024597 -0.512098 1.660832 2.017525 34.593300 -153.443903 1.497181 2.231402
103010627 -1.025972 -0.512098 1.656025 2.014269 34.699744 -153.474626 1.497714 2.235179
103010628 -1.027347 -0.512098 1.651218 2.011021 34.806540 -153.505283 1.498237 2.238959
103010629 -1.028723 -0.512098 1.646410 2.007780 34.913688 -153.535875 1.498751 2.242743
103010630 -1.030098 -0.512098 1.641603 2.004547 35.021190 -153.566401 1.499254 2.246530
103010631 -1.031473 -0.512098 1.636796 2.001320 35.129047 -153.596862 1.499748 2.250320
103010632 -1.032849 -0.512098 1.631989 1.998101 35.237260 -153.627258 1.500231 2.254113
103010633 -1.034224 -0.512098 1.627182 1.994890 35.345829 -153.657589 1.500704 2.257909
103010634 -1.035599 -0.512098 1.622375 1.991685 35.454755 -153.687855 1.501166 2.261707
103010635 -1.036975 -0.512098 1.617568 1.988488 35.564039 -153.718057 1.501617 2.265509
103010636 -1.038350 -0.512098 1.612761 1.985299 35.673683 -153.748194 1.502058 2.269313
103010637 -1.039725 -0.512098 1.607953 1.982117 35.783686 -153.778268 1.502488 2.273120
103010638 -1.041101 -0.512098 1.603146 1.978942 35.894050 -153.808277 1.502907 2.276930
103010639 -1.042476 -0.512098 1.598339 1.975776 36.004776 -153.838222 1.503314 2.280742
103010640 -1.043851 -0.512098 1.593532 1.972616 36.115865 -153.868104 1.503710 2.284556
103010641 -1.045227 -0.512098 1.588725 1.969464 36.227317 -153.897923 1.504095 2.288373
103010642 -1.046602 -0.512098 1.583918 1.966320 36.339133 -153.927678 1.504468 2.292193
103010643 -1.047977 -0.512098 1.579111 1.963184 36.451314 -153.957370 1.504829 2.296014
103010644 -1.049353 -0.512098 1.574304 1.960055 36.563861 -153.987000 1.505179 2.299838
103010645 -1.050728 -0.512098 1.569496 1.956935 36.676775 -154.016566 1.505516 2.303664
103010646 -1.052103 -0.512098 1.564689 1.953821 36.790056 -154.046071 1.505841 2.307492
103010647 -1.053479 -0.512098 1.559882 1.950716 36.903706 -154.075512 1.506154 2.311322
103010648 -1.054854 -0.512098 1.555075 1.947619 37.017725 -154.104892 1.506455 2.315154
103010649 -1.056229 -0.512098 1.550268 1.944530 37.132114 -154.134210 1.506743 2.318987
103010650 -1.057605 -0.512098 1.545461 1.941448 37.246874 -154.163466 1.507018 2.322823
103010651 -1.058980 -0.512098 1.540654 1.938375 37.362005 -154.192661 1.507280 2.326660
103010652 -1.060355 -0.512098 1.535846 1.935309 37.477509 -154.221794 1.507529 2.330498
103010653 -1.061731 -0.512098 1.531039 1.932252 37.593386 -154.250866 1.507765 2.334338
103010654 -1.063106 -0.512098 1.526232 1.929203 37.709637 -154.279877 1.507988 2.338180
103010655 -1.064481 -0.512098 1.521425 1.926162 37.826262 -154.308827 1.508197 2.342023
103010656 -1.065857 -0.512098 1.516618 1.923129 37.943263 -154.337717 1.508393 2.345867
103010657 -1.067232 -0.512098 1.511811 1.920104 38.060640 -154.366545 1.508574 2.349712
103010658 -1.068607 -0.512098 1.507004 1.917088 38.178394 -154.395314 1.508742 2.353558
103010659 -1.069983 -0.512098 1.502197 1.914080 38.296526 -154.424022 1.508896 2.357406
103010660 -1.071358 -0.512098 1.497389 1.911080 38.415036 -154.452671 1.509035 2.361254
103010661 -1.072733 -0.512098 1.492582 1.908089 38.533925 -154.481259 1.509161 2.365103
103010662 -1.074109 -0.512098 1.487775 1.905106 38.653194 -154.509788 1.509271 2.368953
103010663 -1.075484 -0.512098 1.482968 1.902132 38.772843 -154.538258 1.509367 2.372803
103010664 -1.076859 -0.512098 1.478161 1.899166 38.892874 -154.566668 1.509448 2.376654
103010665 -1.078234 -0.512098 1.473354 1.896208 39.013286 -154.595019 1.509514 2.380505
103010666 -1.079610 -0.512098 1.468547 1.893259 39.134081 -154.623311 1.509565 2.384357
103010667 -1.080985 -0.512098 1.463740 1.890319 39.255259 -154.651545 1.509601 2.388208
103010668 -1.082360 -0.512098 1.458932 1.887388 39.376821 -154.679719 1.509621 2.392060
103010669 -1.083736 -0.512098 1.454125 1.884465 39.498767 -154.707836 1.509625 2.395912
103010670 -1.085111 -0.512098 1.449318 1.881551 39.621098 -154.735894 1.509614 2.399764
103010671 -1.086486 -0.512098 1.444511 1.878646 39.743815 -154.763893 1.509587 2.403616
103010672 -1.087862 -0.512098 1.439704 1.875749 39.866918 -154.791835 1.509543 2.407468
103010673 -1.089237 -0.512098 1.434897 1.872862 39.990408 -154.819720 1.509484 2.411319
103010674 -1.090612 -0.512098 1.430090 1.869983 40.114286 -154.847546 1.509408 2.415169
103010675 -1.091988 -0.512098 1.425283 1.867113 40.238551 -154.875315 1.509315 2.419020
103010676 -1.093363 -0.512098 1.420475 1.864253 40.363205 -154.903027 1.509205 2.422869
103010677 -1.094738 -0.512098 1.415668 1.861401 40.488249 -154.930682 1.509079 2.426718
103010678 -1.096114 -0.512098 1.410861 1.858558 40.613682 -154.958280 1.508936 2.430565
103010679 -1.097489 -0.512098 1.406054 1.855725 40.739505 -154.985821 1.508775 2.434412
103010680 -1.098864 -0.512098 1.401247 1.852901 40.865719 -155.013305 1.508597 2.438257
103010681 -1.100240 -0.512098 1.396440 1.850085 40.992324 -155.040733 1.508401 2.442102
103010682 -1.101615 -0.512098 1.391633 1.847280 41.119321 -155.068104 1.508188 2.445945
103010683 -1.102990 -0.512098 1.386826 1.844483 41.246711 -155.095420 1.507956 2.449786
103010684 -1.104366 -0.512098 1.382018 1.841696 41.374493 -155.122679 1.507707 2.453626
103010685 -1.105741 -0.512098 1.377211 1.838918 41.502668 -155.149883 1.507439 2.457464
103010686 -1.107116 -0.512098 1.372404 1.836149 41.631236 -155.177031 1.507153 2.461300
103010687 -1.108492 -0.512098 1.367597 1.833390 41.760199 -155.204123 1.506849 2.465135
103010688 -1.109867 -0.512098 1.362790 1.830641 41.889556 -155.231161 1.506525 2.468967
103010689 -1.111242 -0.512098 1.357983 1.827901 42.019308 -155.258142 1.506183 2.472797
103010690 -1.112618 -0.512098 1.353176 1.825170 42.149455 -155.285069 1.505822 2.476625
103010691 -1.113993 -0.512098 1.348369 1.822450 42.279998 -155.311941 1.505441 2.480450
103010692 -1.115368 -0.512098 1.343561 1.819738 42.410936 -155.338759 1.505041 2.484273
103010693 -1.116744 -0.512098 1.338754 1.817037 42.542271 -155.365521 1.504621 2.488093
103010694 -1.118119 -0.512098 1.333947 1.814345 42.674003 -155.392230 1.504182 2.491910
103010695 -1.119494 -0.512098 1.329140 1.811664 42.806131 -155.418884 1.503723 2.495724
103010696 -1.120870 -0.512098 1.324333 1.808992 42.938657 -155.445484 1.503244 2.499536
103010697 -1.122245 -0.512098 1.319526 1.806330 43.071580 -155.472030 1.502744 2.503344
103010698 -1.123620 -0.512098 1.314719 1.803677 43.204901 -155.498522 1.502224 2.507148
103010699 -1.124996 -0.512098 1.309911 1.801035 43.338620 -155.524961 1.501683 2.510949
103010700 -1.126371 -0.512098 1.305104 1.798403 43.472737 -155.551346 1.501122 2.514747
103010701 -0.998064 -0.486993 1.783256 2.100785 31.912935 -153.990523 1.452248 2.145829
103010702 -0.999440 -0.486993 1.778449 2.097361 32.011022 -154.021605 1.452990 2.149488
103010703 -1.000815 -0.486993 1.773642 2.093943 32.109436 -154.052617 1.453725 2.153150
103010704 -1.002190 -0.486993 1.768835 2.090532 32.208180 -154.083561 1.454454 2.156818
103010705 -1.003566 -0.486993 1.764028 2.087127 32.307254 -154.114436 1.455176 2.160489
103010706 -1.004941 -0.486993 1.759220 2.083729 32.406658 -154.145242 1.455891 2.164165
103010707 -1.006316 -0.486993 1.754413 2.080337 32.506395 -154.175981 1.456599 2.167846
103010708 -1.007692 -0.486993 1.749606 2.076951 32.606465 -154.206651 1.457300 2.171530
103010709 -1.009067 -0.486993 1.744799 2.073572 32.706868 -154.237253 1.457994 2.175219
103010710 -1.010442 -0.486993 1.739992 2.070200 32.807606 -154.267788 1.458681 2.178912
103010711 -1.011817 -0.486993 1.735185 2.066834 32.908681 -154.298256 1.459360 2.182609
103010712 -1.013193 -0.486993 1.730378 2.063475 33.010091 -154.328656 1.460031 2.186310
103010713 -1.014568 -0.486993 1.725571 2.060122 33.111840 -154.358989 1.460695 2.190015
103010714 -1.015943 -0.486993 1.720763 2.056777 33.213928 -154.389256 1.461351 2.193724
103010715 -1.017319 -0.486993 1.715956 2.053437 33.316355 -154.419456 1.462000 2.197438
103010716 -1.018694 -0.486993 1.711149 2.050105 33.419122 -154.449590 1.462640 2.201155
103010717 -1.020069 -0.486993 1.706342 2.046780 33.522232 -154.479657 1.463272 2.204876
103010718 -1.021445 -0.486993 1.701535 2.043461 33.625683 -154.509659 1.463896 2.208600
103010719 -1.022820 -0.486993 1.696728 2.040149 33.729479 -154.539595 1.464512 2.212329
103010720 -1.024195 -0.486993 1.691921 2.036844 33.833618 -154.569465 1.465119 2.216061
103010721 -1.025571 -0.486993 1.687114 2.033546 33.938103 -154.599270 1.465718 2.219797
103010722 -1.026946 -0.486993 1.682306 2.030255 34.042935 -154.629010 1.466308 2.223536
103010723 -1.028321 -0.486993 1.677499 2.026971 34.148113 -154.658684 1.466889 2.227279
103010724 -1.029697 -0.486993 1.672692 2.023694 34.253640 -154.688294 1.467461 2.231026
103010725 -1.031072 -0.486993 1.667885 2.020424 34.359515 -154.717840 1.468024 2.234776
103010726 -1.032447 -0.486993 1.663078 2.017161 34.465741 -154.747321 1.468578 2.238529
103010727 -1.033823 -0.486993 1.658271 2.013905 34.572318 -154.776738 1.469123 2.242286
103010728 -1.035198 -0.486993 1.653464 2.010656 34.679246 -154.806091 1.469659 2.246046
103010729 -1.036573 -0.486993 1.648656 2.007415 34.786527 -154.835380 1.470185 2.249809
103010730 -1.037949 -0.486993 1.643849 2.004181 34.894162 -154.864605 1.470701 2.253575
103010731 -1.039324 -0.486993 1.639042 2.000954 35.002152 -154.893768 1.471207 2.257345
103010732 -1.040699 -0.486993 1.634235 1.997734 35.110496 -154.922866 1.471704 2.261117
103010733 -1.042075 -0.486993 1.629428 1.994522 35.219198 -154.951902 1.472190 2.264893
103010734 -1.043450 -0.486993 1.624621 1.991317 35.328256 -154.980875 1.472667 2.268671
103010735 -1.044825 -0.486993 1.619814 1.988119 35.437672 -155.009786 1.473133 2.272452
103010736 -1.046201 -0.486993 1.615007 1.984929 35.547448 -155.038634 1.473589 2.276236
103010737 -1.047576 -0.486993 1.610199 1.981747 35.657583 -155.067419 1.474034 2.280023
103010738 -1.048951 -0.486993 1.605392 1.978572 35.768079 -155.096143 1.474468 2.283812
103010739 -1.050327 -0.486993 1.600585 1.975404 35.878937 -155.124805 1.474892 2.287604
103010740 -1.051702 -0.486993 1.595778 1.972244 35.990157 -155.153405 1.475304 2.291398
103010741 -1.053077 -0.486993 1.590971 1.969092 36.101741 -155.181943 1.475706 2.295195
103010742 -1.054453 -0.486993 1.586164 1.965947 36.213688 -155.210420 1.476096 2.298994
103010743 -1.055828 -0.486993 1.581357 1.962810 36.326001 -155.238836 1.476476 2.302796
103010744 -1.057203 -0.486993 1.576550 1.959681 36.438680 -155.267191 1.476843 2.306599
103010745 -1.058579 -0.486993 1.571742 1.956559 36.551725 -155.295485 1.477199 2.310405
103010746 -1.059954 -0.486993 1.566935 1.953446 36.665138 -155.323719 1.477543 2.314213
103010747 -1.061329 -0.486993 1.562128 1.950340 36.778919 -155.351892 1.477876 2.318023
103010748 -1.062705 -0.486993 1.557321 1.947242 36.893069 -155.380005 1.478196 2.321835
103010749 -1.064080 -0.486993 1.552514 1.944152 37.007589 -155.408057 1.478504 2.325648
103010750 -1.065455 -0.486993 1.547707 1.941070 37.122480 -155.436050 1.478800 2.329464
103010751 -1.066831 -0.486993 1.542900 1.937996 37.237742 -155.463983 1.479083 2.333281
103010752 -1.068206 -0.486993 1.538093 1.934930 37.353377 -155.491857 1.479353 2.337100
103010753 -1.069581 -0.486993 1.533285 1.931872 37.469385 -155.519671 1.479611 2.340920
103010754 -1.070956 -0.486993 1.528478 1.928822 37.585766 -155.547426 1.479856 2.344742
103010755 -1.072332 -0.486993 1.523671 1.925781 37.702523 -155.575123 1.480088 2.348565
103010756 -1.073707 -0.486993 1.518864 1.922747 37.819654 -155.602760 1.480307 2.352389
103010757 -1.075082 -0.486993 1.514057 1.919722 37.937162 -155.630338 1.480513 2.356214
103010758 -1.076458 -0.486993 1.509250 1.916705 38.055047 -155.657858 1.480704 2.360041
103010759 -1.077833 -0.486993 1.504443 1.913696 38.173309 -155.685320 1.480883 2.363869
103010760 -1.079208 -0.486993 1.499636 1.910696 38.291949 -155.712724 1.481047 2.367697
103010761 -1.080584 -0.486993 1.494828 1.907704 38.410969 -155.740070 1.481198 2.371526
103010762 -1.081959 -0.486993 1.490021 1.904721 38.530368 -155.767357 1.481334 2.375356
103010763 -1.083334 -0.486993 1.485214 1.901746 38.650148 -155.794588 1.481457 2.379187
103010764 -1.084710 -0.486993 1.480407 1.898779 38.770309 -155.821761 1.481564 2.383018
103010765 -1.086085 -0.486993 1.475600 1.895821 38.890852 -155.848876 1.481658 2.386850
103010766 -1.087460 -0.486993 1.470793 1.892872 39.011777 -155.875934 1.481736 2.390682
103010767 -1.088836 -0.486993 1.465986 1.889931 39.133085 -155.902936 1.481800 2.394514
103010768 -1.090211 -0.486993 1.461179 1.886999 39.254777 -155.929881 1.481849 2.398347
103010769 -1.091586 -0.486993 1.456371 1.884075 39.376853 -155.956769 1.481883 2.402179
103010770 -1.092962 -0.486993 1.451564 1.881161 39.499315 -155.983600 1.481901 2.406012
103010771 -1.094337 -0.486993 1.446757 1.878255 39.622162 -156.010376 1.481904 2.409844
103010772 -1.095712 -0.486993 1.441950 1.875358 39.745395 -156.037095 1.481891 2.413676
103010773 -1.097088 -0.486993 1.437143 1.872470 39.869016 -156.063758 1.481862 2.417508
103010774 -1.098463 -0.486993 1.432336 1.869591 39.993023 -156.090366 1.481818 2.421339
103010775 -1.099838 -0.486993 1.427529 1.866720 40.117419 -156.116917 1.481757 2.425170
103010776 -1.101214 -0.486993 1.422721 1.863859 40.242203 -156.143414 1.481680 2.429000
103010777 -1.102589 -0.486993 1.417914 1.861007 40.367377 -156.169855 1.481587 2.432829
103010778 -1.103964 -0.486993 1.413107 1.858163 40.492940 -156.196241 1.481477 2.436658
103010779 -1.105340 -0.486993 1.408300 1.855329 40.618893 -156.222572 1.481350 2.440485
103010780 -1.106715 -0.486993 1.403493 1.852504 40.745238 -156.248848 1.481207 2.444311
103010781 -1.108090 -0.486993 1.398686 1.849689 40.871973 -156.275069 1.481046 2.448136
103010782 -1.109466 -0.486993 1.393879 1.846882 40.999100 -156.301236 1.480868 2.451960
103010783 -1.110841 -0.486993 1.389072 1.844085 41.126619 -156.327349 1.480673 2.455782
103010784 -1.112216 -0.486993 1.384264 1.841297 41.254531 -156.353408 1.480460 2.459603
103010785 -1.113592 -0.486993 1.379457 1.838519 41.382837 -156.379412 1.480230 2.463422
103010786 -1.114967 -0.486993 1.374650 1.835750 41.511535 -156.405363 1.479981 2.467239
103010787 -1.116342 -0.486993 1.369843 1.832990 41.640628 -156.431259 1.479715 2.471054
103010788 -1.117718 -0.486993 1.365036 1.830240 41.770115 -156.457103 1.479430 2.474868
103010789 -1.119093 -0.486993 1.360229 1.827499 41.899997 -156.482893 1.479127 2.478679
103010790 -1.120468 -0.486993 1.355422 1.824768 42.030275 -156.508629 1.478805 2.482487
103010791 -1.121844 -0.486993 1.350615 1.822047 42.160947 -156.534313 1.478465 2.486294
103010792 -1.123219 -0.486993 1.345807 1.819335 42.292016 -156.559944 1.478105 2.490097
103010793 -1.124594 -0.486993 1.341000 1.816633 42.423481 -156.585522 1.477727 2.493898
103010794 -1.125970 -0.486993 1.336193 1.813941 42.555343 -156.611047 1.477330 2.497697
103010795 -1.127345 -0.486993 1.331386 1.811258 42.687602 -156.636520 1.476913 2.501492
103010796 -1.128720 -0.486993 1.326579 1.808586 42.820258 -156.661940 1.476476 2.505284
103010797 -1.130096 -0.486993 1.321772 1.805923 42.953311 -156.687308 1.476020 2.509073
103010798 -1.131471 -0.486993 1.316965 1.803270 43.086762 -156.712625 1.475544 2.512859
103010799 -1.132846 -0.486993 1.312158 1.800628 43.220612 -156.737889 1.475048 2.516641
103010800 -1.134221 -0.486993 1.307350 1.797995 43.354859 -156.763102 1.474532 2.520419
