# pixelID   x   y   z   l2  two_theta   azimuthal   polar_width azimuthal_width
110050001 1.103668 0.121600 -0.299709 1.150084 105.105499 6.287381 0.363908 3.927323
110050002 1.104844 0.121600 -0.294849 1.149958 104.856554 6.280741 0.362026 3.927799
110050003 1.106020 0.121600 -0.289989 1.149853 104.607558 6.274114 0.360134 3.928199
110050004 1.107196 0.121600 -0.285130 1.149769 104.358522 6.267501 0.358232 3.928526
110050005 1.108373 0.121600 -0.280270 1.149708 104.109454 6.260902 0.356320 3.928778
110050006 1.109549 0.121600 -0.275410 1.149668 103.860364 6.254317 0.354398 3.928956
110050007 1.110725 0.121600 -0.270551 1.149650 103.611261 6.247746 0.352467 3.929060
110050008 1.111902 0.121600 -0.265691 1.149654 103.362155 6.241188 0.350526 3.929089
110050009 1.113078 0.121600 -0.260831 1.149679 103.113055 6.234644 0.348576 3.929043
110050010 1.114254 0.121600 -0.255972 1.149727 102.863971 6.228114 0.346617 3.928924
110050011 1.115431 0.121600 -0.251112 1.149796 102.614912 6.221597 0.344650 3.928730
110050012 1.116607 0.121600 -0.246252 1.149886 102.365887 6.215094 0.342673 3.928461
110050013 1.117783 0.121600 -0.241393 1.149999 102.116906 6.208605 0.340689 3.928119
110050014 1.118960 0.121600 -0.236533 1.150133 101.867978 6.202129 0.338696 3.927702
110050015 1.120136 0.121600 -0.231674 1.150289 101.619113 6.195666 0.336696 3.927211
110050016 1.121312 0.121600 -0.226814 1.150466 101.370320 6.189217 0.334688 3.926646
110050017 1.122489 0.121600 -0.221954 1.150666 101.121608 6.182781 0.332672 3.926007
110050018 1.123665 0.121600 -0.217095 1.150887 100.872987 6.176359 0.330650 3.925294
110050019 1.124841 0.121600 -0.212235 1.151129 100.624466 6.169950 0.328620 3.924508
110050020 1.126018 0.121600 -0.207375 1.151394 100.376054 6.163554 0.326584 3.923648
110050021 1.127194 0.121600 -0.202516 1.151679 100.127761 6.157171 0.324541 3.922714
110050022 1.128370 0.121600 -0.197656 1.151987 99.879595 6.150801 0.322491 3.921708
110050023 1.129547 0.121600 -0.192796 1.152316 99.631567 6.144445 0.320436 3.920628
110050024 1.130723 0.121600 -0.187937 1.152667 99.383685 6.138101 0.318375 3.919475
110050025 1.131899 0.121600 -0.183077 1.153039 99.135958 6.131771 0.316308 3.918250
110050026 1.133076 0.121600 -0.178217 1.153433 98.888395 6.125453 0.314236 3.916952
110050027 1.134252 0.121600 -0.173358 1.153849 98.641007 6.119149 0.312159 3.915582
110050028 1.135428 0.121600 -0.168498 1.154286 98.393800 6.112857 0.310077 3.914140
110050029 1.136605 0.121600 -0.163638 1.154744 98.146786 6.106579 0.307990 3.912626
110050030 1.137781 0.121600 -0.158779 1.155224 97.899972 6.100313 0.305899 3.911041
110050031 1.138957 0.121600 -0.153919 1.155726 97.653367 6.094060 0.303803 3.909384
110050032 1.140134 0.121600 -0.149059 1.156248 97.406981 6.087819 0.301704 3.907656
110050033 1.141310 0.121600 -0.144200 1.156792 97.160822 6.081592 0.299601 3.905858
110050034 1.142486 0.121600 -0.139340 1.157358 96.914898 6.075377 0.297494 3.903989
110050035 1.143663 0.121600 -0.134480 1.157945 96.669220 6.069175 0.295384 3.902050
110050036 1.144839 0.121600 -0.129621 1.158553 96.423794 6.062985 0.293271 3.900042
110050037 1.146015 0.121600 -0.124761 1.159182 96.178631 6.056808 0.291156 3.897964
110050038 1.147192 0.121600 -0.119901 1.159833 95.933738 6.050643 0.289037 3.895817
110050039 1.148368 0.121600 -0.115042 1.160504 95.689124 6.044491 0.286917 3.893601
110050040 1.149544 0.121600 -0.110182 1.161197 95.444798 6.038352 0.284794 3.891317
110050041 1.150721 0.121600 -0.105322 1.161911 95.200767 6.032225 0.282670 3.888965
110050042 1.151897 0.121600 -0.100463 1.162646 94.957040 6.026110 0.280544 3.886546
110050043 1.153073 0.121600 -0.095603 1.163402 94.713626 6.020007 0.278416 3.884059
110050044 1.154250 0.121600 -0.090744 1.164179 94.470532 6.013917 0.276287 3.881505
110050045 1.155426 0.121600 -0.085884 1.164977 94.227767 6.007839 0.274158 3.878885
110050046 1.156602 0.121600 -0.081024 1.165796 93.985338 6.001773 0.272027 3.876199
110050047 1.157779 0.121600 -0.076165 1.166636 93.743254 5.995720 0.269897 3.873447
110050048 1.158955 0.121600 -0.071305 1.167496 93.501522 5.989679 0.267765 3.870631
110050049 1.160131 0.121600 -0.066445 1.168378 93.260151 5.983649 0.265634 3.867749
110050050 1.161308 0.121600 -0.061586 1.169280 93.019148 5.977632 0.263503 3.864804
110050051 1.162484 0.121600 -0.056726 1.170202 92.778521 5.971627 0.261373 3.861795
110050052 1.163660 0.121600 -0.051866 1.171146 92.538277 5.965634 0.259243 3.858722
110050053 1.164837 0.121600 -0.047007 1.172109 92.298424 5.959653 0.257114 3.855587
110050054 1.166013 0.121600 -0.042147 1.173094 92.058969 5.953684 0.254986 3.852389
110050055 1.167189 0.121600 -0.037287 1.174099 91.819920 5.947727 0.252860 3.849130
110050056 1.168366 0.121600 -0.032428 1.175124 91.581284 5.941781 0.250734 3.845809
110050057 1.169542 0.121600 -0.027568 1.176170 91.343068 5.935848 0.248611 3.842428
110050058 1.170718 0.121600 -0.022708 1.177236 91.105279 5.929926 0.246490 3.838986
110050059 1.171895 0.121600 -0.017849 1.178322 90.867924 5.924016 0.244370 3.835484
110050060 1.173071 0.121600 -0.012989 1.179428 90.631011 5.918117 0.242253 3.831924
110050061 1.174247 0.121600 -0.008129 1.180555 90.394546 5.912231 0.240139 3.828304
110050062 1.175424 0.121600 -0.003270 1.181701 90.158536 5.906356 0.238027 3.824626
110050063 1.176600 0.121600 0.001590 1.182868 89.922987 5.900493 0.237144 3.820891
110050064 1.177776 0.121600 0.006450 1.184055 89.687907 5.894641 0.238769 3.817099
110050065 1.178953 0.121600 0.011309 1.185261 89.453301 5.888801 0.240375 3.813250
110050066 1.180129 0.121600 0.016169 1.186487 89.219176 5.882972 0.241964 3.809345
110050067 1.181305 0.121600 0.021029 1.187734 88.985539 5.877155 0.243534 3.805385
110050068 1.182482 0.121600 0.025888 1.188999 88.752395 5.871349 0.245085 3.801370
110050069 1.183658 0.121600 0.030748 1.190285 88.519751 5.865555 0.246619 3.797301
110050070 1.184834 0.121600 0.035608 1.191590 88.287613 5.859772 0.248134 3.793178
110050071 1.186011 0.121600 0.040467 1.192915 88.055986 5.854000 0.249630 3.789002
110050072 1.187187 0.121600 0.045327 1.194259 87.824877 5.848240 0.251108 3.784773
110050073 1.188363 0.121600 0.050186 1.195622 87.594292 5.842491 0.252567 3.780493
110050074 1.189540 0.121600 0.055046 1.197005 87.364235 5.836753 0.254008 3.776161
110050075 1.190716 0.121600 0.059906 1.198407 87.134714 5.831027 0.255430 3.771779
110050076 1.191892 0.121600 0.064765 1.199828 86.905732 5.825312 0.256834 3.767346
110050077 1.193069 0.121600 0.069625 1.201269 86.677296 5.819608 0.258219 3.762864
110050078 1.194245 0.121600 0.074485 1.202728 86.449411 5.813915 0.259586 3.758333
110050079 1.195421 0.121600 0.079344 1.204207 86.222081 5.808233 0.260934 3.753754
110050080 1.196598 0.121600 0.084204 1.205704 85.995313 5.802562 0.262263 3.749127
110050081 1.197774 0.121600 0.089064 1.207220 85.769111 5.796902 0.263574 3.744453
110050082 1.198950 0.121600 0.093923 1.208755 85.543480 5.791253 0.264867 3.739733
110050083 1.200127 0.121600 0.098783 1.210309 85.318425 5.785615 0.266141 3.734967
110050084 1.201303 0.121600 0.103643 1.211882 85.093951 5.779988 0.267396 3.730155
110050085 1.202479 0.121600 0.108502 1.213473 84.870061 5.774372 0.268633 3.725299
110050086 1.203656 0.121600 0.113362 1.215082 84.646762 5.768767 0.269851 3.720399
110050087 1.204832 0.121600 0.118222 1.216710 84.424056 5.763173 0.271051 3.715456
110050088 1.206008 0.121600 0.123081 1.218356 84.201950 5.757589 0.272233 3.710470
110050089 1.207185 0.121600 0.127941 1.220020 83.980446 5.752016 0.273396 3.705442
110050090 1.208361 0.121600 0.132801 1.221703 83.759548 5.746454 0.274541 3.700372
110050091 1.209537 0.121600 0.137660 1.223404 83.539262 5.740903 0.275668 3.695261
110050092 1.210714 0.121600 0.142520 1.225123 83.319591 5.735362 0.276777 3.690111
110050093 1.211890 0.121600 0.147380 1.226860 83.100539 5.729832 0.277867 3.684920
110050094 1.213066 0.121600 0.152239 1.228614 82.882109 5.724313 0.278939 3.679691
110050095 1.214242 0.121600 0.157099 1.230387 82.664305 5.718804 0.279994 3.674423
110050096 1.215419 0.121600 0.161959 1.232177 82.447131 5.713306 0.281030 3.669118
110050097 1.216595 0.121600 0.166818 1.233985 82.230591 5.707818 0.282048 3.663775
110050098 1.217771 0.121600 0.171678 1.235810 82.014687 5.702341 0.283049 3.658396
110050099 1.218948 0.121600 0.176538 1.237653 81.799423 5.696874 0.284031 3.652981
110050100 1.220124 0.121600 0.181397 1.239514 81.584803 5.691418 0.284996 3.647531
110050101 1.103668 0.148000 -0.299709 1.153174 105.064060 7.637706 0.386511 3.907057
110050102 1.104844 0.148000 -0.294849 1.153048 104.815821 7.629670 0.384233 3.907550
110050103 1.106020 0.148000 -0.289989 1.152943 104.567531 7.621651 0.381944 3.907969
110050104 1.107196 0.148000 -0.285130 1.152860 104.319201 7.613648 0.379645 3.908314
110050105 1.108373 0.148000 -0.280270 1.152799 104.070840 7.605662 0.377336 3.908585
110050106 1.109549 0.148000 -0.275410 1.152759 103.822456 7.597693 0.375017 3.908783
110050107 1.110725 0.148000 -0.270551 1.152741 103.574060 7.589741 0.372689 3.908908
110050108 1.111902 0.148000 -0.265691 1.152745 103.325660 7.581805 0.370351 3.908958
110050109 1.113078 0.148000 -0.260831 1.152771 103.077267 7.573885 0.368004 3.908935
110050110 1.114254 0.148000 -0.255972 1.152818 102.828889 7.565982 0.365649 3.908838
110050111 1.115431 0.148000 -0.251112 1.152886 102.580536 7.558095 0.363285 3.908668
110050112 1.116607 0.148000 -0.246252 1.152977 102.332216 7.550225 0.360913 3.908424
110050113 1.117783 0.148000 -0.241393 1.153089 102.083940 7.542371 0.358533 3.908106
110050114 1.118960 0.148000 -0.236533 1.153223 101.835717 7.534533 0.356145 3.907715
110050115 1.120136 0.148000 -0.231674 1.153378 101.587556 7.526711 0.353750 3.907251
110050116 1.121312 0.148000 -0.226814 1.153555 101.339466 7.518905 0.351347 3.906713
110050117 1.122489 0.148000 -0.221954 1.153754 101.091457 7.511116 0.348938 3.906101
110050118 1.123665 0.148000 -0.217095 1.153975 100.843538 7.503342 0.346521 3.905417
110050119 1.124841 0.148000 -0.212235 1.154217 100.595718 7.495585 0.344099 3.904660
110050120 1.126018 0.148000 -0.207375 1.154480 100.348006 7.487843 0.341670 3.903830
110050121 1.127194 0.148000 -0.202516 1.154765 100.100412 7.480117 0.339235 3.902927
110050122 1.128370 0.148000 -0.197656 1.155072 99.852944 7.472407 0.336795 3.901951
110050123 1.129547 0.148000 -0.192796 1.155400 99.605613 7.464713 0.334349 3.900903
110050124 1.130723 0.148000 -0.187937 1.155750 99.358426 7.457035 0.331899 3.899783
110050125 1.131899 0.148000 -0.183077 1.156122 99.111393 7.449372 0.329443 3.898591
110050126 1.133076 0.148000 -0.178217 1.156515 98.864524 7.441725 0.326983 3.897327
110050127 1.134252 0.148000 -0.173358 1.156929 98.617826 7.434094 0.324519 3.895992
110050128 1.135428 0.148000 -0.168498 1.157365 98.371310 7.426478 0.322050 3.894585
110050129 1.136605 0.148000 -0.163638 1.157822 98.124983 7.418878 0.319578 3.893107
110050130 1.137781 0.148000 -0.158779 1.158301 97.878856 7.411293 0.317103 3.891558
110050131 1.138957 0.148000 -0.153919 1.158801 97.632936 7.403723 0.314624 3.889938
110050132 1.140134 0.148000 -0.149059 1.159322 97.387233 7.396169 0.312142 3.888249
110050133 1.141310 0.148000 -0.144200 1.159865 97.141755 7.388630 0.309658 3.886489
110050134 1.142486 0.148000 -0.139340 1.160429 96.896511 7.381107 0.307171 3.884659
110050135 1.143663 0.148000 -0.134480 1.161014 96.651509 7.373598 0.304682 3.882760
110050136 1.144839 0.148000 -0.129621 1.161620 96.406759 7.366105 0.302192 3.880792
110050137 1.146015 0.148000 -0.124761 1.162248 96.162269 7.358627 0.299700 3.878755
110050138 1.147192 0.148000 -0.119901 1.162897 95.918047 7.351164 0.297206 3.876649
110050139 1.148368 0.148000 -0.115042 1.163567 95.674101 7.343716 0.294712 3.874475
110050140 1.149544 0.148000 -0.110182 1.164258 95.430441 7.336283 0.292217 3.872234
110050141 1.150721 0.148000 -0.105322 1.164970 95.187074 7.328865 0.289721 3.869925
110050142 1.151897 0.148000 -0.100463 1.165703 94.944009 7.321462 0.287225 3.867549
110050143 1.153073 0.148000 -0.095603 1.166457 94.701253 7.314074 0.284729 3.865107
110050144 1.154250 0.148000 -0.090744 1.167232 94.458816 7.306701 0.282233 3.862598
110050145 1.155426 0.148000 -0.085884 1.168028 94.216704 7.299342 0.279738 3.860024
110050146 1.156602 0.148000 -0.081024 1.168845 93.974926 7.291998 0.277244 3.857384
110050147 1.157779 0.148000 -0.076165 1.169682 93.733491 7.284669 0.274751 3.854679
110050148 1.158955 0.148000 -0.071305 1.170541 93.492405 7.277354 0.272259 3.851909
110050149 1.160131 0.148000 -0.066445 1.171420 93.251676 7.270054 0.269769 3.849076
110050150 1.161308 0.148000 -0.061586 1.172319 93.011313 7.262769 0.267280 3.846178
110050151 1.162484 0.148000 -0.056726 1.173239 92.771322 7.255498 0.264794 3.843218
110050152 1.163660 0.148000 -0.051866 1.174180 92.531712 7.248242 0.262310 3.840194
110050153 1.164837 0.148000 -0.047007 1.175142 92.292490 7.241000 0.259829 3.837109
110050154 1.166013 0.148000 -0.042147 1.176124 92.053663 7.233772 0.257350 3.833961
110050155 1.167189 0.148000 -0.037287 1.177126 91.815238 7.226559 0.254875 3.830753
110050156 1.168366 0.148000 -0.032428 1.178148 91.577223 7.219360 0.252403 3.827483
110050157 1.169542 0.148000 -0.027568 1.179191 91.339625 7.212175 0.249934 3.824153
110050158 1.170718 0.148000 -0.022708 1.180255 91.102451 7.205004 0.247469 3.820763
110050159 1.171895 0.148000 -0.017849 1.181338 90.865708 7.197848 0.245008 3.817314
110050160 1.173071 0.148000 -0.012989 1.182442 90.629403 7.190706 0.242552 3.813807
110050161 1.174247 0.148000 -0.008129 1.183565 90.393543 7.183578 0.240100 3.810240
110050162 1.175424 0.148000 -0.003270 1.184709 90.158134 7.176463 0.237652 3.806617
110050163 1.176600 0.148000 0.001590 1.185873 89.923183 7.169363 0.236654 3.802936
110050164 1.177776 0.148000 0.006450 1.187056 89.688696 7.162277 0.238614 3.799198
110050165 1.178953 0.148000 0.011309 1.188260 89.454681 7.155205 0.240554 3.795404
110050166 1.180129 0.148000 0.016169 1.189483 89.221143 7.148147 0.242474 3.791555
110050167 1.181305 0.148000 0.021029 1.190726 88.988089 7.141102 0.244374 3.787650
110050168 1.182482 0.148000 0.025888 1.191989 88.755524 7.134071 0.246254 3.783691
110050169 1.183658 0.148000 0.030748 1.193271 88.523456 7.127054 0.248113 3.779679
110050170 1.184834 0.148000 0.035608 1.194573 88.291890 7.120051 0.249951 3.775613
110050171 1.186011 0.148000 0.040467 1.195894 88.060831 7.113062 0.251769 3.771494
110050172 1.187187 0.148000 0.045327 1.197235 87.830287 7.106086 0.253567 3.767323
110050173 1.188363 0.148000 0.050186 1.198595 87.600262 7.099123 0.255344 3.763101
110050174 1.189540 0.148000 0.055046 1.199974 87.370762 7.092175 0.257100 3.758827
110050175 1.190716 0.148000 0.059906 1.201373 87.141793 7.085239 0.258836 3.754504
110050176 1.191892 0.148000 0.064765 1.202791 86.913360 7.078317 0.260551 3.750130
110050177 1.193069 0.148000 0.069625 1.204228 86.685469 7.071409 0.262245 3.745707
110050178 1.194245 0.148000 0.074485 1.205684 86.458125 7.064514 0.263918 3.741236
110050179 1.195421 0.148000 0.079344 1.207158 86.231332 7.057633 0.265571 3.736716
110050180 1.196598 0.148000 0.084204 1.208652 86.005097 7.050764 0.267204 3.732150
110050181 1.197774 0.148000 0.089064 1.210165 85.779423 7.043910 0.268815 3.727536
110050182 1.198950 0.148000 0.093923 1.211696 85.554317 7.037068 0.270406 3.722876
110050183 1.200127 0.148000 0.098783 1.213246 85.329783 7.030239 0.271976 3.718171
110050184 1.201303 0.148000 0.103643 1.214815 85.105824 7.023424 0.273525 3.713421
110050185 1.202479 0.148000 0.108502 1.216402 84.882447 7.016622 0.275053 3.708626
110050186 1.203656 0.148000 0.113362 1.218007 84.659656 7.009833 0.276561 3.703787
110050187 1.204832 0.148000 0.118222 1.219631 84.437455 7.003057 0.278049 3.698906
110050188 1.206008 0.148000 0.123081 1.221273 84.215848 6.996294 0.279515 3.693982
110050189 1.207185 0.148000 0.127941 1.222934 83.994839 6.989544 0.280961 3.689016
110050190 1.208361 0.148000 0.132801 1.224613 83.774433 6.982807 0.282386 3.684008
110050191 1.209537 0.148000 0.137660 1.226309 83.554634 6.976083 0.283791 3.678960
110050192 1.210714 0.148000 0.142520 1.228024 83.335446 6.969371 0.285175 3.673872
110050193 1.211890 0.148000 0.147380 1.229757 83.116872 6.962673 0.286539 3.668745
110050194 1.213066 0.148000 0.152239 1.231507 82.898917 6.955987 0.287883 3.663579
110050195 1.214242 0.148000 0.157099 1.233276 82.681583 6.949314 0.289206 3.658374
110050196 1.215419 0.148000 0.161959 1.235062 82.464875 6.942654 0.290509 3.653132
110050197 1.216595 0.148000 0.166818 1.236865 82.248797 6.936007 0.291791 3.647853
110050198 1.217771 0.148000 0.171678 1.238687 82.033350 6.929372 0.293053 3.642538
110050199 1.218948 0.148000 0.176538 1.240525 81.818539 6.922750 0.294296 3.637186
110050200 1.220124 0.148000 0.181397 1.242382 81.604368 6.916140 0.295518 3.631800
110050201 1.103668 0.174400 -0.299709 1.156859 105.014951 8.979551 0.408344 3.882824
110050202 1.104844 0.174400 -0.294849 1.156733 104.767547 8.970146 0.405680 3.883337
110050203 1.106020 0.174400 -0.289989 1.156629 104.520094 8.960761 0.403005 3.883777
110050204 1.107196 0.174400 -0.285130 1.156546 104.272601 8.951395 0.400321 3.884144
110050205 1.108373 0.174400 -0.280270 1.156485 104.025077 8.942048 0.397626 3.884438
110050206 1.109549 0.174400 -0.275410 1.156445 103.777530 8.932721 0.394921 3.884660
110050207 1.110725 0.174400 -0.270551 1.156427 103.529971 8.923413 0.392207 3.884809
110050208 1.111902 0.174400 -0.265691 1.156431 103.282409 8.914124 0.389484 3.884885
110050209 1.113078 0.174400 -0.260831 1.156456 103.034852 8.904854 0.386752 3.884888
110050210 1.114254 0.174400 -0.255972 1.156503 102.787311 8.895604 0.384012 3.884818
110050211 1.115431 0.174400 -0.251112 1.156572 102.539794 8.886372 0.381263 3.884675
110050212 1.116607 0.174400 -0.246252 1.156662 102.292310 8.877160 0.378506 3.884460
110050213 1.117783 0.174400 -0.241393 1.156774 102.044870 8.867966 0.375742 3.884172
110050214 1.118960 0.174400 -0.236533 1.156907 101.797482 8.858791 0.372970 3.883811
110050215 1.120136 0.174400 -0.231674 1.157062 101.550155 8.849636 0.370191 3.883378
110050216 1.121312 0.174400 -0.226814 1.157239 101.302898 8.840498 0.367405 3.882872
110050217 1.122489 0.174400 -0.221954 1.157437 101.055722 8.831380 0.364613 3.882294
110050218 1.123665 0.174400 -0.217095 1.157657 100.808634 8.822280 0.361814 3.881643
110050219 1.124841 0.174400 -0.212235 1.157898 100.561644 8.813199 0.359010 3.880920
110050220 1.126018 0.174400 -0.207375 1.158161 100.314762 8.804136 0.356200 3.880125
110050221 1.127194 0.174400 -0.202516 1.158445 100.067996 8.795092 0.353385 3.879258
110050222 1.128370 0.174400 -0.197656 1.158751 99.821355 8.786066 0.350564 3.878320
110050223 1.129547 0.174400 -0.192796 1.159078 99.574849 8.777059 0.347740 3.877310
110050224 1.130723 0.174400 -0.187937 1.159427 99.328487 8.768070 0.344910 3.876228
110050225 1.131899 0.174400 -0.183077 1.159797 99.082276 8.759099 0.342077 3.875075
110050226 1.133076 0.174400 -0.178217 1.160189 98.836228 8.750146 0.339240 3.873851
110050227 1.134252 0.174400 -0.173358 1.160602 98.590349 8.741212 0.336400 3.872557
110050228 1.135428 0.174400 -0.168498 1.161036 98.344650 8.732295 0.333556 3.871191
110050229 1.136605 0.174400 -0.163638 1.161492 98.099140 8.723397 0.330710 3.869756
110050230 1.137781 0.174400 -0.158779 1.161969 97.853826 8.714517 0.327861 3.868250
110050231 1.138957 0.174400 -0.153919 1.162467 97.608717 8.705654 0.325010 3.866674
110050232 1.140134 0.174400 -0.149059 1.162987 97.363823 8.696809 0.322157 3.865029
110050233 1.141310 0.174400 -0.144200 1.163528 97.119153 8.687983 0.319303 3.863315
110050234 1.142486 0.174400 -0.139340 1.164090 96.874713 8.679174 0.316447 3.861531
110050235 1.143663 0.174400 -0.134480 1.164674 96.630515 8.670382 0.313590 3.859679
110050236 1.144839 0.174400 -0.129621 1.165278 96.386565 8.661608 0.310733 3.857758
110050237 1.146015 0.174400 -0.124761 1.165904 96.142872 8.652852 0.307875 3.855770
110050238 1.147192 0.174400 -0.119901 1.166551 95.899445 8.644114 0.305017 3.853713
110050239 1.148368 0.174400 -0.115042 1.167219 95.656292 8.635393 0.302159 3.851589
110050240 1.149544 0.174400 -0.110182 1.167907 95.413421 8.626689 0.299302 3.849398
110050241 1.150721 0.174400 -0.105322 1.168617 95.170841 8.618003 0.296446 3.847140
110050242 1.151897 0.174400 -0.100463 1.169348 94.928559 8.609334 0.293591 3.844816
110050243 1.153073 0.174400 -0.095603 1.170100 94.686585 8.600683 0.290737 3.842426
110050244 1.154250 0.174400 -0.090744 1.170872 94.444925 8.592048 0.287885 3.839971
110050245 1.155426 0.174400 -0.085884 1.171666 94.203588 8.583431 0.285035 3.837450
110050246 1.156602 0.174400 -0.081024 1.172480 93.962583 8.574831 0.282187 3.834865
110050247 1.157779 0.174400 -0.076165 1.173315 93.721915 8.566248 0.279341 3.832215
110050248 1.158955 0.174400 -0.071305 1.174171 93.481594 8.557682 0.276499 3.829501
110050249 1.160131 0.174400 -0.066445 1.175047 93.241628 8.549133 0.273660 3.826724
110050250 1.161308 0.174400 -0.061586 1.175944 93.002023 8.540602 0.270824 3.823884
110050251 1.162484 0.174400 -0.056726 1.176861 92.762787 8.532086 0.267992 3.820981
110050252 1.163660 0.174400 -0.051866 1.177799 92.523928 8.523588 0.265164 3.818016
110050253 1.164837 0.174400 -0.047007 1.178758 92.285454 8.515107 0.262340 3.814989
110050254 1.166013 0.174400 -0.042147 1.179736 92.047371 8.506642 0.259520 3.811901
110050255 1.167189 0.174400 -0.037287 1.180736 91.809687 8.498194 0.256706 3.808752
110050256 1.168366 0.174400 -0.032428 1.181755 91.572408 8.489763 0.253896 3.805543
110050257 1.169542 0.174400 -0.027568 1.182795 91.335543 8.481348 0.251092 3.802274
110050258 1.170718 0.174400 -0.022708 1.183855 91.099098 8.472950 0.248293 3.798946
110050259 1.171895 0.174400 -0.017849 1.184935 90.863080 8.464568 0.245500 3.795559
110050260 1.173071 0.174400 -0.012989 1.186035 90.627496 8.456203 0.242714 3.792114
110050261 1.174247 0.174400 -0.008129 1.187155 90.392352 8.447854 0.239933 3.788611
110050262 1.175424 0.174400 -0.003270 1.188296 90.157656 8.439521 0.237159 3.785051
110050263 1.176600 0.174400 0.001590 1.189456 89.923414 8.431205 0.236050 3.781434
110050264 1.177776 0.174400 0.006450 1.190636 89.689632 8.422905 0.238337 3.777761
110050265 1.178953 0.174400 0.011309 1.191836 89.456317 8.414621 0.240603 3.774032
110050266 1.180129 0.174400 0.016169 1.193055 89.223475 8.406354 0.242846 3.770249
110050267 1.181305 0.174400 0.021029 1.194295 88.991113 8.398102 0.245067 3.766410
110050268 1.182482 0.174400 0.025888 1.195554 88.759236 8.389867 0.247266 3.762518
110050269 1.183658 0.174400 0.030748 1.196832 88.527850 8.381647 0.249443 3.758573
110050270 1.184834 0.174400 0.035608 1.198130 88.296963 8.373444 0.251597 3.754574
110050271 1.186011 0.174400 0.040467 1.199447 88.066578 8.365256 0.253729 3.750523
110050272 1.187187 0.174400 0.045327 1.200784 87.836703 8.357085 0.255839 3.746420
110050273 1.188363 0.174400 0.050186 1.202140 87.607343 8.348929 0.257925 3.742267
110050274 1.189540 0.174400 0.055046 1.203516 87.378504 8.340789 0.259990 3.738062
110050275 1.190716 0.174400 0.059906 1.204910 87.150191 8.332665 0.262031 3.733808
110050276 1.191892 0.174400 0.064765 1.206324 86.922409 8.324556 0.264050 3.729504
110050277 1.193069 0.174400 0.069625 1.207756 86.695164 8.316463 0.266047 3.725152
110050278 1.194245 0.174400 0.074485 1.209208 86.468461 8.308386 0.268020 3.720751
110050279 1.195421 0.174400 0.079344 1.210679 86.242306 8.300324 0.269971 3.716302
110050280 1.196598 0.174400 0.084204 1.212168 86.016703 8.292278 0.271899 3.711806
110050281 1.197774 0.174400 0.089064 1.213676 85.791657 8.284247 0.273804 3.707264
110050282 1.198950 0.174400 0.093923 1.215203 85.567173 8.276232 0.275687 3.702676
110050283 1.200127 0.174400 0.098783 1.216749 85.343256 8.268232 0.277546 3.698043
110050284 1.201303 0.174400 0.103643 1.218313 85.119911 8.260247 0.279383 3.693365
110050285 1.202479 0.174400 0.108502 1.219895 84.897142 8.252278 0.281196 3.688643
110050286 1.203656 0.174400 0.113362 1.221496 84.674954 8.244324 0.282987 3.683878
110050287 1.204832 0.174400 0.118222 1.223115 84.453351 8.236385 0.284756 3.679069
110050288 1.206008 0.174400 0.123081 1.224753 84.232337 8.228462 0.286501 3.674218
110050289 1.207185 0.174400 0.127941 1.226409 84.011917 8.220553 0.288224 3.669326
110050290 1.208361 0.174400 0.132801 1.228083 83.792094 8.212660 0.289923 3.664393
110050291 1.209537 0.174400 0.137660 1.229775 83.572874 8.204781 0.291600 3.659419
110050292 1.210714 0.174400 0.142520 1.231485 83.354259 8.196918 0.293255 3.654405
110050293 1.211890 0.174400 0.147380 1.233213 83.136253 8.189069 0.294886 3.649352
110050294 1.213066 0.174400 0.152239 1.234958 82.918861 8.181236 0.296496 3.644261
110050295 1.214242 0.174400 0.157099 1.236722 82.702086 8.173417 0.298082 3.639131
110050296 1.215419 0.174400 0.161959 1.238503 82.485931 8.165613 0.299646 3.633964
110050297 1.216595 0.174400 0.166818 1.240301 82.270401 8.157824 0.301187 3.628760
110050298 1.217771 0.174400 0.171678 1.242118 82.055497 8.150050 0.302707 3.623520
110050299 1.218948 0.174400 0.176538 1.243951 81.841225 8.142290 0.304203 3.618245
110050300 1.220124 0.174400 0.181397 1.245802 81.627586 8.134546 0.305678 3.612934
110050301 1.103668 0.200800 -0.299709 1.161132 104.958399 10.311539 0.429317 3.854779
110050302 1.104844 0.200800 -0.294849 1.161007 104.711958 10.300796 0.426281 3.855314
110050303 1.106020 0.200800 -0.289989 1.160903 104.465468 10.290074 0.423233 3.855778
110050304 1.107196 0.200800 -0.285130 1.160820 104.218938 10.279375 0.420176 3.856171
110050305 1.108373 0.200800 -0.280270 1.160759 103.972377 10.268697 0.417108 3.856491
110050306 1.109549 0.200800 -0.275410 1.160720 103.725794 10.258042 0.414030 3.856740
110050307 1.110725 0.200800 -0.270551 1.160702 103.479199 10.247408 0.410944 3.856917
110050308 1.111902 0.200800 -0.265691 1.160706 103.232600 10.236796 0.407848 3.857021
110050309 1.113078 0.200800 -0.260831 1.160731 102.986007 10.226206 0.404744 3.857054
110050310 1.114254 0.200800 -0.255972 1.160778 102.739429 10.215638 0.401631 3.857016
110050311 1.115431 0.200800 -0.251112 1.160846 102.492874 10.205091 0.398510 3.856905
110050312 1.116607 0.200800 -0.246252 1.160936 102.246353 10.194566 0.395381 3.856722
110050313 1.117783 0.200800 -0.241393 1.161047 101.999875 10.184062 0.392245 3.856468
110050314 1.118960 0.200800 -0.236533 1.161180 101.753447 10.173579 0.389102 3.856142
110050315 1.120136 0.200800 -0.231674 1.161335 101.507081 10.163118 0.385952 3.855744
110050316 1.121312 0.200800 -0.226814 1.161511 101.260784 10.152678 0.382796 3.855275
110050317 1.122489 0.200800 -0.221954 1.161708 101.014565 10.142260 0.379634 3.854734
110050318 1.123665 0.200800 -0.217095 1.161927 100.768435 10.131862 0.376466 3.854122
110050319 1.124841 0.200800 -0.212235 1.162167 100.522402 10.121486 0.373293 3.853438
110050320 1.126018 0.200800 -0.207375 1.162429 100.276474 10.111130 0.370115 3.852684
110050321 1.127194 0.200800 -0.202516 1.162712 100.030661 10.100796 0.366932 3.851858
110050322 1.128370 0.200800 -0.197656 1.163017 99.784973 10.090482 0.363745 3.850962
110050323 1.129547 0.200800 -0.192796 1.163343 99.539417 10.080189 0.360554 3.849994
110050324 1.130723 0.200800 -0.187937 1.163690 99.294003 10.069917 0.357359 3.848957
110050325 1.131899 0.200800 -0.183077 1.164059 99.048740 10.059666 0.354161 3.847849
110050326 1.133076 0.200800 -0.178217 1.164450 98.803637 10.049435 0.350959 3.846671
110050327 1.134252 0.200800 -0.173358 1.164861 98.558701 10.039225 0.347756 3.845423
110050328 1.135428 0.200800 -0.168498 1.165294 98.313943 10.029035 0.344550 3.844105
110050329 1.136605 0.200800 -0.163638 1.165748 98.069371 10.018866 0.341342 3.842718
110050330 1.137781 0.200800 -0.158779 1.166223 97.824994 10.008718 0.338132 3.841261
110050331 1.138957 0.200800 -0.153919 1.166720 97.580820 9.998589 0.334921 3.839736
110050332 1.140134 0.200800 -0.149059 1.167238 97.336858 9.988481 0.331709 3.838142
110050333 1.141310 0.200800 -0.144200 1.167777 97.093117 9.978393 0.328497 3.836479
110050334 1.142486 0.200800 -0.139340 1.168337 96.849605 9.968325 0.325285 3.834748
110050335 1.143663 0.200800 -0.134480 1.168918 96.606330 9.958277 0.322072 3.832950
110050336 1.144839 0.200800 -0.129621 1.169521 96.363301 9.948250 0.318860 3.831084
110050337 1.146015 0.200800 -0.124761 1.170144 96.120527 9.938242 0.315649 3.829150
110050338 1.147192 0.200800 -0.119901 1.170789 95.878015 9.928254 0.312439 3.827150
110050339 1.148368 0.200800 -0.115042 1.171454 95.635775 9.918286 0.309230 3.825083
110050340 1.149544 0.200800 -0.110182 1.172140 95.393813 9.908338 0.306023 3.822950
110050341 1.150721 0.200800 -0.105322 1.172848 95.152139 9.898410 0.302818 3.820750
110050342 1.151897 0.200800 -0.100463 1.173576 94.910761 9.888501 0.299616 3.818486
110050343 1.153073 0.200800 -0.095603 1.174325 94.669686 9.878612 0.296416 3.816156
110050344 1.154250 0.200800 -0.090744 1.175095 94.428922 9.868742 0.293219 3.813761
110050345 1.155426 0.200800 -0.085884 1.175885 94.188478 9.858892 0.290026 3.811302
110050346 1.156602 0.200800 -0.081024 1.176696 93.948361 9.849062 0.286836 3.808779
110050347 1.157779 0.200800 -0.076165 1.177528 93.708579 9.839251 0.283650 3.806192
110050348 1.158955 0.200800 -0.071305 1.178381 93.469139 9.829459 0.280469 3.803542
110050349 1.160131 0.200800 -0.066445 1.179254 93.230050 9.819686 0.277292 3.800829
110050350 1.161308 0.200800 -0.061586 1.180148 92.991319 9.809933 0.274121 3.798054
110050351 1.162484 0.200800 -0.056726 1.181062 92.752953 9.800199 0.270954 3.795217
110050352 1.163660 0.200800 -0.051866 1.181997 92.514960 9.790484 0.267793 3.792319
110050353 1.164837 0.200800 -0.047007 1.182952 92.277347 9.780787 0.264638 3.789359
110050354 1.166013 0.200800 -0.042147 1.183927 92.040121 9.771110 0.261489 3.786339
110050355 1.167189 0.200800 -0.037287 1.184923 91.803290 9.761452 0.258346 3.783259
110050356 1.168366 0.200800 -0.032428 1.185939 91.566860 9.751813 0.255210 3.780120
110050357 1.169542 0.200800 -0.027568 1.186975 91.330839 9.742193 0.252081 3.776921
110050358 1.170718 0.200800 -0.022708 1.188031 91.095234 9.732591 0.248960 3.773663
110050359 1.171895 0.200800 -0.017849 1.189107 90.860052 9.723008 0.245845 3.770347
110050360 1.173071 0.200800 -0.012989 1.190204 90.625298 9.713444 0.242739 3.766974
110050361 1.174247 0.200800 -0.008129 1.191320 90.390981 9.703899 0.239641 3.763544
110050362 1.175424 0.200800 -0.003270 1.192456 90.157106 9.694372 0.236551 3.760056
110050363 1.176600 0.200800 0.001590 1.193612 89.923681 9.684863 0.235334 3.756513
110050364 1.177776 0.200800 0.006450 1.194788 89.690711 9.675373 0.237939 3.752914
110050365 1.178953 0.200800 0.011309 1.195984 89.458203 9.665901 0.240520 3.749260
110050366 1.180129 0.200800 0.016169 1.197199 89.226163 9.656448 0.243077 3.745552
110050367 1.181305 0.200800 0.021029 1.198434 88.994598 9.647013 0.245610 3.741789
110050368 1.182482 0.200800 0.025888 1.199689 88.763513 9.637596 0.248119 3.737973
110050369 1.183658 0.200800 0.030748 1.200963 88.532915 9.628198 0.250605 3.734104
110050370 1.184834 0.200800 0.035608 1.202257 88.302810 9.618818 0.253066 3.730183
110050371 1.186011 0.200800 0.040467 1.203569 88.073202 9.609455 0.255503 3.726210
110050372 1.187187 0.200800 0.045327 1.204902 87.844099 9.600111 0.257915 3.722186
110050373 1.188363 0.200800 0.050186 1.206253 87.615506 9.590785 0.260303 3.718111
110050374 1.189540 0.200800 0.055046 1.207624 87.387428 9.581476 0.262667 3.713985
110050375 1.190716 0.200800 0.059906 1.209014 87.159871 9.572186 0.265006 3.709811
110050376 1.191892 0.200800 0.064765 1.210422 86.932840 9.562913 0.267321 3.705587
110050377 1.193069 0.200800 0.069625 1.211850 86.706340 9.553658 0.269611 3.701315
110050378 1.194245 0.200800 0.074485 1.213297 86.480378 9.544421 0.271876 3.696995
110050379 1.195421 0.200800 0.079344 1.214763 86.254957 9.535202 0.274117 3.692627
110050380 1.196598 0.200800 0.084204 1.216247 86.030083 9.526000 0.276333 3.688213
110050381 1.197774 0.200800 0.089064 1.217750 85.805761 9.516816 0.278524 3.683753
110050382 1.198950 0.200800 0.093923 1.219272 85.581995 9.507649 0.280690 3.679247
110050383 1.200127 0.200800 0.098783 1.220812 85.358791 9.498500 0.282831 3.674697
110050384 1.201303 0.200800 0.103643 1.222371 85.136153 9.489368 0.284948 3.670102
110050385 1.202479 0.200800 0.108502 1.223948 84.914085 9.480253 0.287039 3.665463
110050386 1.203656 0.200800 0.113362 1.225544 84.692593 9.471156 0.289106 3.660781
110050387 1.204832 0.200800 0.118222 1.227158 84.471679 9.462077 0.291148 3.656057
110050388 1.206008 0.200800 0.123081 1.228790 84.251350 9.453014 0.293165 3.651290
110050389 1.207185 0.200800 0.127941 1.230441 84.031609 9.443969 0.295158 3.646483
110050390 1.208361 0.200800 0.132801 1.232109 83.812459 9.434940 0.297125 3.641634
110050391 1.209537 0.200800 0.137660 1.233795 83.593906 9.425929 0.299068 3.636745
110050392 1.210714 0.200800 0.142520 1.235500 83.375953 9.416935 0.300985 3.631817
110050393 1.211890 0.200800 0.147380 1.237222 83.158603 9.407958 0.302879 3.626850
110050394 1.213066 0.200800 0.152239 1.238962 82.941861 9.398998 0.304747 3.621844
110050395 1.214242 0.200800 0.157099 1.240720 82.725731 9.390054 0.306591 3.616800
110050396 1.215419 0.200800 0.161959 1.242495 82.510215 9.381128 0.308410 3.611719
110050397 1.216595 0.200800 0.166818 1.244288 82.295317 9.372218 0.310204 3.606602
110050398 1.217771 0.200800 0.171678 1.246098 82.081041 9.363326 0.311974 3.601448
110050399 1.218948 0.200800 0.176538 1.247926 81.867389 9.354449 0.313719 3.596260
110050400 1.220124 0.200800 0.181397 1.249771 81.654366 9.345590 0.315440 3.591036
110050401 1.103668 0.227200 -0.299709 1.165988 104.894663 11.632356 0.449352 3.823097
110050402 1.104844 0.227200 -0.294849 1.165863 104.649307 11.620308 0.445956 3.823658
110050403 1.106020 0.227200 -0.289989 1.165759 104.403902 11.608285 0.442550 3.824149
110050404 1.107196 0.227200 -0.285130 1.165677 104.158457 11.596286 0.439134 3.824569
110050405 1.108373 0.227200 -0.280270 1.165616 103.912981 11.584311 0.435708 3.824919
110050406 1.109549 0.227200 -0.275410 1.165577 103.667484 11.572361 0.432272 3.825197
110050407 1.110725 0.227200 -0.270551 1.165559 103.421974 11.560435 0.428827 3.825405
110050408 1.111902 0.227200 -0.265691 1.165563 103.176461 11.548534 0.425373 3.825542
110050409 1.113078 0.227200 -0.260831 1.165588 102.930953 11.536656 0.421910 3.825608
110050410 1.114254 0.227200 -0.255972 1.165635 102.685460 11.524803 0.418439 3.825603
110050411 1.115431 0.227200 -0.251112 1.165703 102.439990 11.512974 0.414961 3.825528
110050412 1.116607 0.227200 -0.246252 1.165792 102.194553 11.501168 0.411475 3.825382
110050413 1.117783 0.227200 -0.241393 1.165903 101.949158 11.489387 0.407982 3.825165
110050414 1.118960 0.227200 -0.236533 1.166036 101.703814 11.477629 0.404482 3.824877
110050415 1.120136 0.227200 -0.231674 1.166189 101.458529 11.465895 0.400976 3.824519
110050416 1.121312 0.227200 -0.226814 1.166364 101.213313 11.454185 0.397464 3.824091
110050417 1.122489 0.227200 -0.221954 1.166561 100.968174 11.442498 0.393946 3.823592
110050418 1.123665 0.227200 -0.217095 1.166779 100.723122 11.430835 0.390423 3.823022
110050419 1.124841 0.227200 -0.212235 1.167018 100.478166 11.419195 0.386895 3.822382
110050420 1.126018 0.227200 -0.207375 1.167279 100.233314 11.407578 0.383363 3.821673
110050421 1.127194 0.227200 -0.202516 1.167561 99.988576 11.395985 0.379827 3.820893
110050422 1.128370 0.227200 -0.197656 1.167865 99.743960 11.384415 0.376287 3.820044
110050423 1.129547 0.227200 -0.192796 1.168189 99.499475 11.372868 0.372743 3.819124
110050424 1.130723 0.227200 -0.187937 1.168535 99.255130 11.361345 0.369197 3.818136
110050425 1.131899 0.227200 -0.183077 1.168903 99.010934 11.349844 0.365648 3.817078
110050426 1.133076 0.227200 -0.178217 1.169291 98.766896 11.338366 0.362097 3.815951
110050427 1.134252 0.227200 -0.173358 1.169701 98.523023 11.326911 0.358544 3.814755
110050428 1.135428 0.227200 -0.168498 1.170132 98.279326 11.315479 0.354989 3.813490
110050429 1.136605 0.227200 -0.163638 1.170584 98.035812 11.304070 0.351434 3.812157
110050430 1.137781 0.227200 -0.158779 1.171058 97.792490 11.292683 0.347877 3.810755
110050431 1.138957 0.227200 -0.153919 1.171552 97.549369 11.281319 0.344320 3.809286
110050432 1.140134 0.227200 -0.149059 1.172068 97.306457 11.269978 0.340764 3.807749
110050433 1.141310 0.227200 -0.144200 1.172605 97.063764 11.258659 0.337207 3.806144
110050434 1.142486 0.227200 -0.139340 1.173163 96.821296 11.247363 0.333652 3.804472
110050435 1.143663 0.227200 -0.134480 1.173742 96.579063 11.236088 0.330098 3.802733
110050436 1.144839 0.227200 -0.129621 1.174341 96.337072 11.224837 0.326545 3.800928
110050437 1.146015 0.227200 -0.124761 1.174962 96.095333 11.213607 0.322993 3.799056
110050438 1.147192 0.227200 -0.119901 1.175604 95.853853 11.202399 0.319445 3.797118
110050439 1.148368 0.227200 -0.115042 1.176267 95.612641 11.191214 0.315898 3.795115
110050440 1.149544 0.227200 -0.110182 1.176950 95.371705 11.180051 0.312355 3.793046
110050441 1.150721 0.227200 -0.105322 1.177655 95.131052 11.168909 0.308815 3.790912
110050442 1.151897 0.227200 -0.100463 1.178380 94.890691 11.157790 0.305278 3.788714
110050443 1.153073 0.227200 -0.095603 1.179126 94.650630 11.146692 0.301746 3.786451
110050444 1.154250 0.227200 -0.090744 1.179893 94.410876 11.135616 0.298218 3.784124
110050445 1.155426 0.227200 -0.085884 1.180680 94.171438 11.124562 0.294694 3.781734
110050446 1.156602 0.227200 -0.081024 1.181488 93.932323 11.113530 0.291176 3.779280
110050447 1.157779 0.227200 -0.076165 1.182317 93.693539 11.102519 0.287663 3.776764
110050448 1.158955 0.227200 -0.071305 1.183166 93.455093 11.091529 0.284155 3.774185
110050449 1.160131 0.227200 -0.066445 1.184035 93.216993 11.080561 0.280654 3.771544
110050450 1.161308 0.227200 -0.061586 1.184925 92.979247 11.069615 0.277159 3.768842
110050451 1.162484 0.227200 -0.056726 1.185836 92.741862 11.058690 0.273670 3.766079
110050452 1.163660 0.227200 -0.051866 1.186767 92.504845 11.047786 0.270189 3.763255
110050453 1.164837 0.227200 -0.047007 1.187718 92.268203 11.036903 0.266715 3.760371
110050454 1.166013 0.227200 -0.042147 1.188689 92.031944 11.026042 0.263249 3.757427
110050455 1.167189 0.227200 -0.037287 1.189681 91.796075 11.015201 0.259790 3.754423
110050456 1.168366 0.227200 -0.032428 1.190693 91.560602 11.004382 0.256340 3.751361
110050457 1.169542 0.227200 -0.027568 1.191725 91.325534 10.993583 0.252899 3.748240
110050458 1.170718 0.227200 -0.022708 1.192777 91.090876 10.982806 0.249466 3.745061
110050459 1.171895 0.227200 -0.017849 1.193849 90.856635 10.972049 0.246042 3.741825
110050460 1.173071 0.227200 -0.012989 1.194941 90.622819 10.961313 0.242628 3.738532
110050461 1.174247 0.227200 -0.008129 1.196053 90.389434 10.950598 0.239224 3.735183
110050462 1.175424 0.227200 -0.003270 1.197185 90.156486 10.939903 0.235830 3.731777
110050463 1.176600 0.227200 0.001590 1.198336 89.923981 10.929230 0.234510 3.728316
110050464 1.177776 0.227200 0.006450 1.199508 89.691928 10.918576 0.237421 3.724800
110050465 1.178953 0.227200 0.011309 1.200699 89.460330 10.907943 0.240307 3.721230
110050466 1.180129 0.227200 0.016169 1.201909 89.229196 10.897331 0.243167 3.717605
110050467 1.181305 0.227200 0.021029 1.203139 88.998530 10.886739 0.246002 3.713927
110050468 1.182482 0.227200 0.025888 1.204389 88.768339 10.876167 0.248811 3.710197
110050469 1.183658 0.227200 0.030748 1.205658 88.538629 10.865616 0.251595 3.706414
110050470 1.184834 0.227200 0.035608 1.206947 88.309407 10.855085 0.254352 3.702579
110050471 1.186011 0.227200 0.040467 1.208254 88.080676 10.844574 0.257084 3.698693
110050472 1.187187 0.227200 0.045327 1.209581 87.852444 10.834083 0.259790 3.694756
110050473 1.188363 0.227200 0.050186 1.210928 87.624716 10.823612 0.262470 3.690769
110050474 1.189540 0.227200 0.055046 1.212293 87.397498 10.813161 0.265123 3.686732
110050475 1.190716 0.227200 0.059906 1.213677 87.170794 10.802730 0.267750 3.682646
110050476 1.191892 0.227200 0.064765 1.215081 86.944610 10.792319 0.270351 3.678512
110050477 1.193069 0.227200 0.069625 1.216503 86.718952 10.781927 0.272925 3.674330
110050478 1.194245 0.227200 0.074485 1.217944 86.493825 10.771556 0.275473 3.670100
110050479 1.195421 0.227200 0.079344 1.219404 86.269233 10.761204 0.277995 3.665824
110050480 1.196598 0.227200 0.084204 1.220883 86.045183 10.750871 0.280489 3.661501
110050481 1.197774 0.227200 0.089064 1.222381 85.821677 10.740559 0.282957 3.657133
110050482 1.198950 0.227200 0.093923 1.223897 85.598723 10.730266 0.285399 3.652719
110050483 1.200127 0.227200 0.098783 1.225431 85.376323 10.719992 0.287813 3.648261
110050484 1.201303 0.227200 0.103643 1.226984 85.154483 10.709738 0.290201 3.643759
110050485 1.202479 0.227200 0.108502 1.228556 84.933208 10.699503 0.292563 3.639214
110050486 1.203656 0.227200 0.113362 1.230145 84.712501 10.689287 0.294897 3.634625
110050487 1.204832 0.227200 0.118222 1.231753 84.492367 10.679091 0.297205 3.629995
110050488 1.206008 0.227200 0.123081 1.233379 84.272811 10.668914 0.299486 3.625323
110050489 1.207185 0.227200 0.127941 1.235024 84.053837 10.658756 0.301740 3.620610
110050490 1.208361 0.227200 0.132801 1.236686 83.835448 10.648617 0.303967 3.615856
110050491 1.209537 0.227200 0.137660 1.238366 83.617648 10.638498 0.306168 3.611063
110050492 1.210714 0.227200 0.142520 1.240064 83.400442 10.628397 0.308342 3.606230
110050493 1.211890 0.227200 0.147380 1.241780 83.183834 10.618315 0.310489 3.601358
110050494 1.213066 0.227200 0.152239 1.243514 82.967827 10.608252 0.312609 3.596449
110050495 1.214242 0.227200 0.157099 1.245265 82.752424 10.598208 0.314703 3.591501
110050496 1.215419 0.227200 0.161959 1.247034 82.537630 10.588183 0.316770 3.586517
110050497 1.216595 0.227200 0.166818 1.248820 82.323447 10.578176 0.318810 3.581496
110050498 1.217771 0.227200 0.171678 1.250624 82.109880 10.568188 0.320824 3.576440
110050499 1.218948 0.227200 0.176538 1.252445 81.896930 10.558219 0.322812 3.571348
110050500 1.220124 0.227200 0.181397 1.254284 81.684603 10.548268 0.324772 3.566222
110050501 1.103668 0.253600 -0.299709 1.171418 104.824028 12.940757 0.468377 3.787972
110050502 1.104844 0.253600 -0.294849 1.171294 104.579873 12.927442 0.464639 3.788561
110050503 1.106020 0.253600 -0.289989 1.171191 104.335669 12.914154 0.460890 3.789081
110050504 1.107196 0.253600 -0.285130 1.171109 104.091426 12.900893 0.457130 3.789531
110050505 1.108373 0.253600 -0.280270 1.171048 103.847153 12.887658 0.453361 3.789912
110050506 1.109549 0.253600 -0.275410 1.171009 103.602858 12.874450 0.449582 3.790223
110050507 1.110725 0.253600 -0.270551 1.170992 103.358551 12.861269 0.445795 3.790464
110050508 1.111902 0.253600 -0.265691 1.170995 103.114241 12.848114 0.441998 3.790636
110050509 1.113078 0.253600 -0.260831 1.171020 102.869935 12.834986 0.438193 3.790739
110050510 1.114254 0.253600 -0.255972 1.171067 102.625644 12.821884 0.434380 3.790771
110050511 1.115431 0.253600 -0.251112 1.171135 102.381376 12.808808 0.430559 3.790734
110050512 1.116607 0.253600 -0.246252 1.171224 102.137140 12.795759 0.426731 3.790628
110050513 1.117783 0.253600 -0.241393 1.171334 101.892945 12.782736 0.422897 3.790452
110050514 1.118960 0.253600 -0.236533 1.171466 101.648800 12.769738 0.419056 3.790206
110050515 1.120136 0.253600 -0.231674 1.171619 101.404713 12.756767 0.415209 3.789891
110050516 1.121312 0.253600 -0.226814 1.171793 101.160695 12.743822 0.411357 3.789507
110050517 1.122489 0.253600 -0.221954 1.171989 100.916752 12.730902 0.407499 3.789053
110050518 1.123665 0.253600 -0.217095 1.172206 100.672896 12.718008 0.403637 3.788531
110050519 1.124841 0.253600 -0.212235 1.172444 100.429133 12.705140 0.399770 3.787939
110050520 1.126018 0.253600 -0.207375 1.172703 100.185473 12.692297 0.395899 3.787278
110050521 1.127194 0.253600 -0.202516 1.172984 99.941925 12.679480 0.392025 3.786548
110050522 1.128370 0.253600 -0.197656 1.173286 99.698497 12.666688 0.388147 3.785750
110050523 1.129547 0.253600 -0.192796 1.173609 99.455199 12.653922 0.384267 3.784883
110050524 1.130723 0.253600 -0.187937 1.173954 99.212038 12.641181 0.380385 3.783948
110050525 1.131899 0.253600 -0.183077 1.174320 98.969025 12.628465 0.376500 3.782945
110050526 1.133076 0.253600 -0.178217 1.174706 98.726166 12.615775 0.372615 3.781873
110050527 1.134252 0.253600 -0.173358 1.175114 98.483471 12.603109 0.368728 3.780734
110050528 1.135428 0.253600 -0.168498 1.175543 98.240949 12.590468 0.364840 3.779528
110050529 1.136605 0.253600 -0.163638 1.175994 97.998607 12.577853 0.360952 3.778253
110050530 1.137781 0.253600 -0.158779 1.176465 97.756455 12.565262 0.357064 3.776912
110050531 1.138957 0.253600 -0.153919 1.176957 97.514501 12.552696 0.353176 3.775504
110050532 1.140134 0.253600 -0.149059 1.177470 97.272753 12.540154 0.349290 3.774029
110050533 1.141310 0.253600 -0.144200 1.178005 97.031220 12.527638 0.345405 3.772487
110050534 1.142486 0.253600 -0.139340 1.178560 96.789909 12.515146 0.341521 3.770880
110050535 1.143663 0.253600 -0.134480 1.179136 96.548830 12.502678 0.337640 3.769207
110050536 1.144839 0.253600 -0.129621 1.179733 96.307991 12.490235 0.333761 3.767467
110050537 1.146015 0.253600 -0.124761 1.180351 96.067399 12.477816 0.329884 3.765663
110050538 1.147192 0.253600 -0.119901 1.180990 95.827063 12.465421 0.326012 3.763794
110050539 1.148368 0.253600 -0.115042 1.181650 95.586990 12.453051 0.322142 3.761860
110050540 1.149544 0.253600 -0.110182 1.182330 95.347190 12.440705 0.318277 3.759861
110050541 1.150721 0.253600 -0.105322 1.183032 95.107669 12.428382 0.314416 3.757799
110050542 1.151897 0.253600 -0.100463 1.183754 94.868436 12.416084 0.310560 3.755673
110050543 1.153073 0.253600 -0.095603 1.184496 94.629499 12.403810 0.306709 3.753483
110050544 1.154250 0.253600 -0.090744 1.185259 94.390865 12.391560 0.302864 3.751231
110050545 1.155426 0.253600 -0.085884 1.186043 94.152542 12.379333 0.299025 3.748916
110050546 1.156602 0.253600 -0.081024 1.186847 93.914538 12.367130 0.295192 3.746539
110050547 1.157779 0.253600 -0.076165 1.187672 93.676860 12.354951 0.291365 3.744099
110050548 1.158955 0.253600 -0.071305 1.188518 93.439516 12.342795 0.287545 3.741599
110050549 1.160131 0.253600 -0.066445 1.189383 93.202513 12.330663 0.283733 3.739037
110050550 1.161308 0.253600 -0.061586 1.190269 92.965859 12.318555 0.279929 3.736415
110050551 1.162484 0.253600 -0.056726 1.191176 92.729561 12.306469 0.276132 3.733732
110050552 1.163660 0.253600 -0.051866 1.192103 92.493626 12.294407 0.272344 3.730989
110050553 1.164837 0.253600 -0.047007 1.193049 92.258061 12.282369 0.268565 3.728188
110050554 1.166013 0.253600 -0.042147 1.194017 92.022874 12.270353 0.264795 3.725327
110050555 1.167189 0.253600 -0.037287 1.195004 91.788072 12.258361 0.261034 3.722407
110050556 1.168366 0.253600 -0.032428 1.196011 91.553661 12.246392 0.257283 3.719430
110050557 1.169542 0.253600 -0.027568 1.197039 91.319649 12.234445 0.253542 3.716395
110050558 1.170718 0.253600 -0.022708 1.198086 91.086041 12.222522 0.249811 3.713303
110050559 1.171895 0.253600 -0.017849 1.199153 90.852846 12.210622 0.246092 3.710154
110050560 1.173071 0.253600 -0.012989 1.200240 90.620069 12.198744 0.242383 3.706949
110050561 1.174247 0.253600 -0.008129 1.201347 90.387717 12.186889 0.238685 3.703688
110050562 1.175424 0.253600 -0.003270 1.202474 90.155797 12.175057 0.234999 3.700372
110050563 1.176600 0.253600 0.001590 1.203621 89.924315 12.163247 0.233580 3.697001
110050564 1.177776 0.253600 0.006450 1.204787 89.693278 12.151460 0.236786 3.693576
110050565 1.178953 0.253600 0.011309 1.205973 89.462690 12.139695 0.239965 3.690097
110050566 1.180129 0.253600 0.016169 1.207178 89.232560 12.127953 0.243117 3.686564
110050567 1.181305 0.253600 0.021029 1.208403 89.002893 12.116233 0.246242 3.682980
110050568 1.182482 0.253600 0.025888 1.209647 88.773694 12.104536 0.249340 3.679342
110050569 1.183658 0.253600 0.030748 1.210911 88.544970 12.092860 0.252410 3.675654
110050570 1.184834 0.253600 0.035608 1.212193 88.316726 12.081207 0.255453 3.671913
110050571 1.186011 0.253600 0.040467 1.213496 88.088969 12.069576 0.258469 3.668123
110050572 1.187187 0.253600 0.045327 1.214817 87.861704 12.057967 0.261457 3.664282
110050573 1.188363 0.253600 0.050186 1.216157 87.634936 12.046380 0.264418 3.660391
110050574 1.189540 0.253600 0.055046 1.217517 87.408672 12.034815 0.267350 3.656452
110050575 1.190716 0.253600 0.059906 1.218895 87.182915 12.023272 0.270255 3.652464
110050576 1.191892 0.253600 0.064765 1.220293 86.957672 12.011750 0.273131 3.648428
110050577 1.193069 0.253600 0.069625 1.221709 86.732949 12.000250 0.275980 3.644344
110050578 1.194245 0.253600 0.074485 1.223144 86.508749 11.988772 0.278800 3.640214
110050579 1.195421 0.253600 0.079344 1.224598 86.285078 11.977316 0.281592 3.636037
110050580 1.196598 0.253600 0.084204 1.226071 86.061941 11.965881 0.284356 3.631815
110050581 1.197774 0.253600 0.089064 1.227562 85.839343 11.954468 0.287092 3.627547
110050582 1.198950 0.253600 0.093923 1.229071 85.617289 11.943076 0.289799 3.623235
110050583 1.200127 0.253600 0.098783 1.230599 85.395783 11.931705 0.292477 3.618878
110050584 1.201303 0.253600 0.103643 1.232146 85.174830 11.920356 0.295127 3.614478
110050585 1.202479 0.253600 0.108502 1.233711 84.954434 11.909028 0.297749 3.610036
110050586 1.203656 0.253600 0.113362 1.235294 84.734600 11.897721 0.300342 3.605550
110050587 1.204832 0.253600 0.118222 1.236895 84.515333 11.886435 0.302906 3.601023
110050588 1.206008 0.253600 0.123081 1.238514 84.296636 11.875171 0.305442 3.596455
110050589 1.207185 0.253600 0.127941 1.240152 84.078513 11.863927 0.307950 3.591845
110050590 1.208361 0.253600 0.132801 1.241807 83.860969 11.852705 0.310428 3.587196
110050591 1.209537 0.253600 0.137660 1.243480 83.644007 11.841503 0.312879 3.582507
110050592 1.210714 0.253600 0.142520 1.245172 83.427632 11.830322 0.315300 3.577780
110050593 1.211890 0.253600 0.147380 1.246880 83.211847 11.819162 0.317693 3.573013
110050594 1.213066 0.253600 0.152239 1.248607 82.996656 11.808023 0.320058 3.568209
110050595 1.214242 0.253600 0.157099 1.250351 82.782063 11.796904 0.322393 3.563368
110050596 1.215419 0.253600 0.161959 1.252113 82.568071 11.785806 0.324701 3.558490
110050597 1.216595 0.253600 0.166818 1.253892 82.354683 11.774729 0.326980 3.553575
110050598 1.217771 0.253600 0.171678 1.255689 82.141904 11.763672 0.329230 3.548626
110050599 1.218948 0.253600 0.176538 1.257502 81.929735 11.752635 0.331452 3.543641
110050600 1.220124 0.253600 0.181397 1.259333 81.718181 11.741619 0.333646 3.538622
110050601 1.103668 0.280000 -0.299709 1.177415 104.746801 14.235572 0.486335 3.749610
110050602 1.104844 0.280000 -0.294849 1.177292 104.503958 14.221030 0.482270 3.750229
110050603 1.106020 0.280000 -0.289989 1.177189 104.261067 14.206518 0.478195 3.750780
110050604 1.107196 0.280000 -0.285130 1.177108 104.018138 14.192034 0.474109 3.751262
110050605 1.108373 0.280000 -0.280270 1.177048 103.775179 14.177580 0.470014 3.751676
110050606 1.109549 0.280000 -0.275410 1.177009 103.532199 14.163154 0.465909 3.752022
110050607 1.110725 0.280000 -0.270551 1.176991 103.289206 14.148757 0.461795 3.752300
110050608 1.111902 0.280000 -0.265691 1.176995 103.046209 14.134389 0.457672 3.752509
110050609 1.113078 0.280000 -0.260831 1.177020 102.803218 14.120049 0.453542 3.752650
110050610 1.114254 0.280000 -0.255972 1.177066 102.560240 14.105738 0.449403 3.752723
110050611 1.115431 0.280000 -0.251112 1.177133 102.317285 14.091455 0.445257 3.752727
110050612 1.116607 0.280000 -0.246252 1.177222 102.074361 14.077200 0.441105 3.752663
110050613 1.117783 0.280000 -0.241393 1.177332 101.831478 14.062974 0.436945 3.752531
110050614 1.118960 0.280000 -0.236533 1.177463 101.588644 14.048775 0.432780 3.752330
110050615 1.120136 0.280000 -0.231674 1.177615 101.345867 14.034605 0.428609 3.752061
110050616 1.121312 0.280000 -0.226814 1.177789 101.103157 14.020463 0.424433 3.751725
110050617 1.122489 0.280000 -0.221954 1.177983 100.860522 14.006349 0.420252 3.751320
110050618 1.123665 0.280000 -0.217095 1.178199 100.617971 13.992262 0.416067 3.750847
110050619 1.124841 0.280000 -0.212235 1.178436 100.375513 13.978204 0.411878 3.750307
110050620 1.126018 0.280000 -0.207375 1.178694 100.133155 13.964173 0.407685 3.749698
110050621 1.127194 0.280000 -0.202516 1.178974 99.890908 13.950169 0.403489 3.749023
110050622 1.128370 0.280000 -0.197656 1.179274 99.648779 13.936193 0.399291 3.748279
110050623 1.129547 0.280000 -0.192796 1.179596 99.406778 13.922245 0.395091 3.747469
110050624 1.130723 0.280000 -0.187937 1.179939 99.164912 13.908323 0.390889 3.746591
110050625 1.131899 0.280000 -0.183077 1.180302 98.923190 13.894429 0.386686 3.745646
110050626 1.133076 0.280000 -0.178217 1.180687 98.681621 13.880563 0.382481 3.744635
110050627 1.134252 0.280000 -0.173358 1.181093 98.440214 13.866723 0.378277 3.743557
110050628 1.135428 0.280000 -0.168498 1.181520 98.198975 13.852910 0.374072 3.742412
110050629 1.136605 0.280000 -0.163638 1.181968 97.957916 13.839125 0.369868 3.741202
110050630 1.137781 0.280000 -0.158779 1.182437 97.717042 13.825366 0.365665 3.739925
110050631 1.138957 0.280000 -0.153919 1.182926 97.476363 13.811634 0.361463 3.738582
110050632 1.140134 0.280000 -0.149059 1.183437 97.235888 13.797929 0.357262 3.737174
110050633 1.141310 0.280000 -0.144200 1.183969 96.995623 13.784250 0.353064 3.735701
110050634 1.142486 0.280000 -0.139340 1.184521 96.755578 13.770598 0.348869 3.734163
110050635 1.143663 0.280000 -0.134480 1.185095 96.515761 13.756973 0.344676 3.732560
110050636 1.144839 0.280000 -0.129621 1.185689 96.276180 13.743373 0.340487 3.730892
110050637 1.146015 0.280000 -0.124761 1.186304 96.036842 13.729801 0.336302 3.729160
110050638 1.147192 0.280000 -0.119901 1.186939 95.797756 13.716254 0.332120 3.727365
110050639 1.148368 0.280000 -0.115042 1.187596 95.558930 13.702734 0.327944 3.725506
110050640 1.149544 0.280000 -0.110182 1.188273 95.320372 13.689240 0.323773 3.723583
110050641 1.150721 0.280000 -0.105322 1.188971 95.082089 13.675771 0.319607 3.721598
110050642 1.151897 0.280000 -0.100463 1.189689 94.844090 13.662329 0.315447 3.719549
110050643 1.153073 0.280000 -0.095603 1.190428 94.606382 13.648913 0.311293 3.717439
110050644 1.154250 0.280000 -0.090744 1.191187 94.368972 13.635523 0.307145 3.715267
110050645 1.155426 0.280000 -0.085884 1.191967 94.131869 13.622158 0.303005 3.713033
110050646 1.156602 0.280000 -0.081024 1.192767 93.895079 13.608819 0.298873 3.710737
110050647 1.157779 0.280000 -0.076165 1.193588 93.658611 13.595505 0.294748 3.708381
110050648 1.158955 0.280000 -0.071305 1.194429 93.422472 13.582217 0.290631 3.705965
110050649 1.160131 0.280000 -0.066445 1.195291 93.186669 13.568955 0.286523 3.703488
110050650 1.161308 0.280000 -0.061586 1.196172 92.951210 13.555718 0.282424 3.700952
110050651 1.162484 0.280000 -0.056726 1.197074 92.716101 13.542506 0.278334 3.698356
110050652 1.163660 0.280000 -0.051866 1.197996 92.481350 13.529320 0.274254 3.695701
110050653 1.164837 0.280000 -0.047007 1.198939 92.246964 13.516158 0.270184 3.692988
110050654 1.166013 0.280000 -0.042147 1.199901 92.012950 13.503022 0.266124 3.690217
110050655 1.167189 0.280000 -0.037287 1.200884 91.779315 13.489911 0.262075 3.687389
110050656 1.168366 0.280000 -0.032428 1.201886 91.546065 13.476825 0.258037 3.684503
110050657 1.169542 0.280000 -0.027568 1.202908 91.313208 13.463764 0.254011 3.681560
110050658 1.170718 0.280000 -0.022708 1.203951 91.080750 13.450727 0.249996 3.678561
110050659 1.171895 0.280000 -0.017849 1.205013 90.848699 13.437715 0.245994 3.675506
110050660 1.173071 0.280000 -0.012989 1.206095 90.617059 13.424728 0.242004 3.672396
110050661 1.174247 0.280000 -0.008129 1.207196 90.385839 13.411766 0.238027 3.669231
110050662 1.175424 0.280000 -0.003270 1.208318 90.155044 13.398828 0.234063 3.666011
110050663 1.176600 0.280000 0.001590 1.209459 89.924681 13.385915 0.232550 3.662738
110050664 1.177776 0.280000 0.006450 1.210619 89.694755 13.373026 0.236037 3.659410
110050665 1.178953 0.280000 0.011309 1.211799 89.465274 13.360161 0.239496 3.656030
110050666 1.180129 0.280000 0.016169 1.212999 89.236243 13.347321 0.242927 3.652598
110050667 1.181305 0.280000 0.021029 1.214218 89.007668 13.334505 0.246330 3.649113
110050668 1.182482 0.280000 0.025888 1.215456 88.779555 13.321713 0.249704 3.645577
110050669 1.183658 0.280000 0.030748 1.216713 88.551911 13.308945 0.253050 3.641990
110050670 1.184834 0.280000 0.035608 1.217990 88.324740 13.296201 0.256366 3.638352
110050671 1.186011 0.280000 0.040467 1.219286 88.098048 13.283481 0.259654 3.634664
110050672 1.187187 0.280000 0.045327 1.220601 87.871842 13.270785 0.262913 3.630927
110050673 1.188363 0.280000 0.050186 1.221935 87.646126 13.258113 0.266142 3.627141
110050674 1.189540 0.280000 0.055046 1.223288 87.420906 13.245464 0.269343 3.623306
110050675 1.190716 0.280000 0.059906 1.224660 87.196187 13.232839 0.272513 3.619424
110050676 1.191892 0.280000 0.064765 1.226051 86.971975 13.220238 0.275655 3.615494
110050677 1.193069 0.280000 0.069625 1.227461 86.748274 13.207661 0.278766 3.611517
110050678 1.194245 0.280000 0.074485 1.228889 86.525090 13.195106 0.281848 3.607494
110050679 1.195421 0.280000 0.079344 1.230336 86.302428 13.182576 0.284900 3.603425
110050680 1.196598 0.280000 0.084204 1.231802 86.080293 13.170068 0.287923 3.599311
110050681 1.197774 0.280000 0.089064 1.233286 85.858689 13.157584 0.290915 3.595152
110050682 1.198950 0.280000 0.093923 1.234789 85.637622 13.145123 0.293877 3.590950
110050683 1.200127 0.280000 0.098783 1.236310 85.417095 13.132685 0.296810 3.586703
110050684 1.201303 0.280000 0.103643 1.237849 85.197114 13.120271 0.299712 3.582413
110050685 1.202479 0.280000 0.108502 1.239407 84.977682 13.107879 0.302584 3.578081
110050686 1.203656 0.280000 0.113362 1.240983 84.758805 13.095511 0.305426 3.573707
110050687 1.204832 0.280000 0.118222 1.242576 84.540487 13.083165 0.308237 3.569292
110050688 1.206008 0.280000 0.123081 1.244188 84.322731 13.070842 0.311019 3.564835
110050689 1.207185 0.280000 0.127941 1.245818 84.105542 13.058542 0.313770 3.560339
110050690 1.208361 0.280000 0.132801 1.247466 83.888925 13.046265 0.316491 3.555802
110050691 1.209537 0.280000 0.137660 1.249132 83.672882 13.034010 0.319181 3.551227
110050692 1.210714 0.280000 0.142520 1.250815 83.457417 13.021778 0.321842 3.546612
110050693 1.211890 0.280000 0.147380 1.252517 83.242536 13.009569 0.324472 3.541960
110050694 1.213066 0.280000 0.152239 1.254235 83.028240 12.997382 0.327072 3.537270
110050695 1.214242 0.280000 0.157099 1.255972 82.814535 12.985217 0.329641 3.532543
110050696 1.215419 0.280000 0.161959 1.257726 82.601423 12.973075 0.332180 3.527780
110050697 1.216595 0.280000 0.166818 1.259497 82.388907 12.960955 0.334690 3.522981
110050698 1.217771 0.280000 0.171678 1.261285 82.176992 12.948857 0.337168 3.518147
110050699 1.218948 0.280000 0.176538 1.263091 81.965680 12.936782 0.339617 3.513278
110050700 1.220124 0.280000 0.181397 1.264914 81.754975 12.924728 0.342036 3.508374
110050701 1.103668 0.306400 -0.299709 1.183971 104.663309 15.515710 0.503177 3.708232
110050702 1.104844 0.306400 -0.294849 1.183848 104.421884 15.499985 0.498803 3.708882
110050703 1.106020 0.306400 -0.289989 1.183746 104.180413 15.484291 0.494419 3.709465
110050704 1.107196 0.306400 -0.285130 1.183665 103.938903 15.468628 0.490025 3.709981
110050705 1.108373 0.306400 -0.280270 1.183606 103.697364 15.452996 0.485621 3.710431
110050706 1.109549 0.306400 -0.275410 1.183567 103.455803 15.437395 0.481208 3.710813
110050707 1.110725 0.306400 -0.270551 1.183550 103.214230 15.421824 0.476786 3.711129
110050708 1.111902 0.306400 -0.265691 1.183553 102.972654 15.406284 0.472355 3.711377
110050709 1.113078 0.306400 -0.260831 1.183578 102.731082 15.390775 0.467916 3.711559
110050710 1.114254 0.306400 -0.255972 1.183624 102.489524 15.375296 0.463470 3.711674
110050711 1.115431 0.306400 -0.251112 1.183691 102.247988 15.359848 0.459016 3.711721
110050712 1.116607 0.306400 -0.246252 1.183779 102.006482 15.344429 0.454556 3.711702
110050713 1.117783 0.306400 -0.241393 1.183888 101.765016 15.329041 0.450090 3.711616
110050714 1.118960 0.306400 -0.236533 1.184019 101.523598 15.313683 0.445618 3.711463
110050715 1.120136 0.306400 -0.231674 1.184170 101.282237 15.298355 0.441140 3.711243
110050716 1.121312 0.306400 -0.226814 1.184342 101.040941 15.283057 0.436658 3.710957
110050717 1.122489 0.306400 -0.221954 1.184536 100.799719 15.267789 0.432172 3.710604
110050718 1.123665 0.306400 -0.217095 1.184751 100.558579 15.252550 0.427681 3.710184
110050719 1.124841 0.306400 -0.212235 1.184986 100.317530 15.237341 0.423187 3.709697
110050720 1.126018 0.306400 -0.207375 1.185243 100.076581 15.222162 0.418690 3.709145
110050721 1.127194 0.306400 -0.202516 1.185521 99.835739 15.207012 0.414191 3.708526
110050722 1.128370 0.306400 -0.197656 1.185820 99.595014 15.191892 0.409689 3.707841
110050723 1.129547 0.306400 -0.192796 1.186140 99.354414 15.176801 0.405186 3.707090
110050724 1.130723 0.306400 -0.187937 1.186480 99.113947 15.161739 0.400682 3.706273
110050725 1.131899 0.306400 -0.183077 1.186842 98.873622 15.146707 0.396177 3.705391
110050726 1.133076 0.306400 -0.178217 1.187225 98.633447 15.131703 0.391672 3.704442
110050727 1.134252 0.306400 -0.173358 1.187629 98.393431 15.116729 0.387167 3.703429
110050728 1.135428 0.306400 -0.168498 1.188053 98.153581 15.101783 0.382663 3.702351
110050729 1.136605 0.306400 -0.163638 1.188499 97.913906 15.086866 0.378160 3.701207
110050730 1.137781 0.306400 -0.158779 1.188965 97.674414 15.071978 0.373658 3.699999
110050731 1.138957 0.306400 -0.153919 1.189452 97.435114 15.057119 0.369158 3.698726
110050732 1.140134 0.306400 -0.149059 1.189960 97.196014 15.042288 0.364661 3.697389
110050733 1.141310 0.306400 -0.144200 1.190489 96.957121 15.027486 0.360167 3.695988
110050734 1.142486 0.306400 -0.139340 1.191038 96.718444 15.012712 0.355677 3.694523
110050735 1.143663 0.306400 -0.134480 1.191608 96.479991 14.997967 0.351190 3.692995
110050736 1.144839 0.306400 -0.129621 1.192199 96.241770 14.983250 0.346707 3.691403
110050737 1.146015 0.306400 -0.124761 1.192811 96.003788 14.968561 0.342229 3.689749
110050738 1.147192 0.306400 -0.119901 1.193443 95.766055 14.953900 0.337756 3.688031
110050739 1.148368 0.306400 -0.115042 1.194096 95.528576 14.939267 0.333289 3.686251
110050740 1.149544 0.306400 -0.110182 1.194769 95.291361 14.924662 0.328828 3.684409
110050741 1.150721 0.306400 -0.105322 1.195463 95.054417 14.910085 0.324373 3.682506
110050742 1.151897 0.306400 -0.100463 1.196177 94.817751 14.895536 0.319925 3.680540
110050743 1.153073 0.306400 -0.095603 1.196912 94.581372 14.881015 0.315485 3.678514
110050744 1.154250 0.306400 -0.090744 1.197668 94.345286 14.866521 0.311052 3.676427
110050745 1.155426 0.306400 -0.085884 1.198443 94.109502 14.852055 0.306627 3.674279
110050746 1.156602 0.306400 -0.081024 1.199239 93.874027 14.837616 0.302210 3.672071
110050747 1.157779 0.306400 -0.076165 1.200056 93.638867 14.823205 0.297803 3.669803
110050748 1.158955 0.306400 -0.071305 1.200892 93.404031 14.808821 0.293405 3.667476
110050749 1.160131 0.306400 -0.066445 1.201749 93.169526 14.794464 0.289016 3.665090
110050750 1.161308 0.306400 -0.061586 1.202626 92.935359 14.780134 0.284638 3.662645
110050751 1.162484 0.306400 -0.056726 1.203523 92.701537 14.765832 0.280270 3.660142
110050752 1.163660 0.306400 -0.051866 1.204440 92.468066 14.751557 0.275913 3.657581
110050753 1.164837 0.306400 -0.047007 1.205378 92.234955 14.737308 0.271568 3.654962
110050754 1.166013 0.306400 -0.042147 1.206335 92.002210 14.723087 0.267234 3.652286
110050755 1.167189 0.306400 -0.037287 1.207312 91.769837 14.708892 0.262912 3.649554
110050756 1.168366 0.306400 -0.032428 1.208309 91.537845 14.694724 0.258602 3.646766
110050757 1.169542 0.306400 -0.027568 1.209326 91.306238 14.680583 0.254305 3.643921
110050758 1.170718 0.306400 -0.022708 1.210363 91.075024 14.666468 0.250021 3.641022
110050759 1.171895 0.306400 -0.017849 1.211419 90.844210 14.652380 0.245751 3.638067
110050760 1.173071 0.306400 -0.012989 1.212495 90.613802 14.638318 0.241494 3.635058
110050761 1.174247 0.306400 -0.008129 1.213591 90.383806 14.624283 0.237252 3.631994
110050762 1.175424 0.306400 -0.003270 1.214707 90.154228 14.610274 0.233024 3.628878
110050763 1.176600 0.306400 0.001590 1.215842 89.925076 14.596291 0.231422 3.625708
110050764 1.177776 0.306400 0.006450 1.216996 89.696355 14.582335 0.235178 3.622485
110050765 1.178953 0.306400 0.011309 1.218170 89.468071 14.568404 0.238904 3.619210
110050766 1.180129 0.306400 0.016169 1.219363 89.240230 14.554499 0.242601 3.615884
110050767 1.181305 0.306400 0.021029 1.220576 89.012838 14.540621 0.246268 3.612506
110050768 1.182482 0.306400 0.025888 1.221808 88.785901 14.526768 0.249905 3.609077
110050769 1.183658 0.306400 0.030748 1.223059 88.559425 14.512941 0.253513 3.605598
110050770 1.184834 0.306400 0.035608 1.224329 88.333415 14.499140 0.257091 3.602070
110050771 1.186011 0.306400 0.040467 1.225618 88.107878 14.485365 0.260638 3.598492
110050772 1.187187 0.306400 0.045327 1.226926 87.882818 14.471615 0.264155 3.594865
110050773 1.188363 0.306400 0.050186 1.228254 87.658241 14.457890 0.267641 3.591190
110050774 1.189540 0.306400 0.055046 1.229600 87.434153 14.444191 0.271097 3.587468
110050775 1.190716 0.306400 0.059906 1.230965 87.210558 14.430518 0.274522 3.583698
110050776 1.191892 0.306400 0.064765 1.232348 86.987462 14.416869 0.277916 3.579881
110050777 1.193069 0.306400 0.069625 1.233751 86.764870 14.403246 0.281279 3.576018
110050778 1.194245 0.306400 0.074485 1.235172 86.542787 14.389649 0.284610 3.572109
110050779 1.195421 0.306400 0.079344 1.236612 86.321218 14.376076 0.287911 3.568155
110050780 1.196598 0.306400 0.084204 1.238070 86.100168 14.362528 0.291181 3.564157
110050781 1.197774 0.306400 0.089064 1.239547 85.879642 14.349006 0.294419 3.560114
110050782 1.198950 0.306400 0.093923 1.241042 85.659643 14.335508 0.297625 3.556028
110050783 1.200127 0.306400 0.098783 1.242555 85.440178 14.322035 0.300800 3.551899
110050784 1.201303 0.306400 0.103643 1.244087 85.221250 14.308587 0.303944 3.547727
110050785 1.202479 0.306400 0.108502 1.245636 85.002864 14.295163 0.307056 3.543513
110050786 1.203656 0.306400 0.113362 1.247204 84.785024 14.281764 0.310136 3.539258
110050787 1.204832 0.306400 0.118222 1.248790 84.567735 14.268390 0.313184 3.534961
110050788 1.206008 0.306400 0.123081 1.250394 84.351000 14.255040 0.316201 3.530625
110050789 1.207185 0.306400 0.127941 1.252016 84.134824 14.241715 0.319186 3.526248
110050790 1.208361 0.306400 0.132801 1.253656 83.919210 14.228414 0.322139 3.521832
110050791 1.209537 0.306400 0.137660 1.255313 83.704164 14.215137 0.325061 3.517377
110050792 1.210714 0.306400 0.142520 1.256988 83.489688 14.201885 0.327950 3.512885
110050793 1.211890 0.306400 0.147380 1.258681 83.275786 14.188657 0.330808 3.508354
110050794 1.213066 0.306400 0.152239 1.260392 83.062462 14.175453 0.333634 3.503786
110050795 1.214242 0.306400 0.157099 1.262120 82.849719 14.162273 0.336428 3.499182
110050796 1.215419 0.306400 0.161959 1.263865 82.637562 14.149117 0.339190 3.494541
110050797 1.216595 0.306400 0.166818 1.265628 82.425993 14.135985 0.341921 3.489865
110050798 1.217771 0.306400 0.171678 1.267407 82.215015 14.122876 0.344619 3.485154
110050799 1.218948 0.306400 0.176538 1.269205 82.004633 14.109792 0.347286 3.480409
110050800 1.220124 0.306400 0.181397 1.271019 81.794849 14.096731 0.349921 3.475629
