# pixelID   x   y   z   l2  two_theta   azimuthal   polar_width azimuthal_width
109010001 0.679849 -0.413400 -0.994214 1.273403 141.329623 -31.302804 1.654851 3.126415
109010002 0.683300 -0.413400 -0.990596 1.272431 141.124089 -31.174145 1.646928 3.132648
109010003 0.686752 -0.413400 -0.986979 1.271477 140.918104 -31.046434 1.638998 3.138800
109010004 0.690203 -0.413400 -0.983361 1.270543 140.711674 -30.919662 1.631063 3.144870
109010005 0.693655 -0.413400 -0.979744 1.269628 140.504807 -30.793820 1.623122 3.150860
109010006 0.697107 -0.413400 -0.976126 1.268732 140.297509 -30.668898 1.615176 3.156769
109010007 0.700558 -0.413400 -0.972509 1.267854 140.089789 -30.544888 1.607224 3.162596
109010008 0.704010 -0.413400 -0.968891 1.266996 139.881653 -30.421781 1.599267 3.168343
109010009 0.707462 -0.413400 -0.965274 1.266157 139.673109 -30.299569 1.591306 3.174009
109010010 0.710913 -0.413400 -0.961656 1.265338 139.464163 -30.178242 1.583340 3.179593
109010011 0.714365 -0.413400 -0.958039 1.264537 139.254824 -30.057793 1.575369 3.185097
109010012 0.717816 -0.413400 -0.954421 1.263756 139.045099 -29.938212 1.567395 3.190521
109010013 0.721268 -0.413400 -0.950804 1.262994 138.834994 -29.819492 1.559416 3.195863
109010014 0.724720 -0.413400 -0.947186 1.262252 138.624518 -29.701624 1.551434 3.201125
109010015 0.728171 -0.413400 -0.943569 1.261529 138.413678 -29.584601 1.543448 3.206306
109010016 0.731623 -0.413400 -0.939951 1.260825 138.202481 -29.468413 1.535459 3.211406
109010017 0.735074 -0.413400 -0.936334 1.260141 137.990936 -29.353053 1.527467 3.216426
109010018 0.738526 -0.413400 -0.932716 1.259476 137.779049 -29.238513 1.519473 3.221365
109010019 0.741978 -0.413400 -0.929099 1.258831 137.566829 -29.124786 1.511476 3.226223
109010020 0.745429 -0.413400 -0.925481 1.258205 137.354282 -29.011863 1.503477 3.231001
109010021 0.748881 -0.413400 -0.921864 1.257599 137.141417 -28.899737 1.495476 3.235699
109010022 0.752333 -0.413400 -0.918246 1.257012 136.928242 -28.788401 1.487474 3.240317
109010023 0.755784 -0.413400 -0.914629 1.256445 136.714763 -28.677846 1.479470 3.244854
109010024 0.759236 -0.413400 -0.911011 1.255898 136.500989 -28.568066 1.471465 3.249311
109010025 0.762687 -0.413400 -0.907394 1.255370 136.286928 -28.459054 1.463459 3.253687
109010026 0.766139 -0.413400 -0.903776 1.254862 136.072587 -28.350801 1.455453 3.257984
109010027 0.769591 -0.413400 -0.900159 1.254374 135.857975 -28.243301 1.447447 3.262200
109010028 0.773042 -0.413400 -0.896541 1.253906 135.643099 -28.136546 1.439440 3.266337
109010029 0.776494 -0.413400 -0.892924 1.253457 135.427967 -28.030531 1.431435 3.270394
109010030 0.779945 -0.413400 -0.889306 1.253028 135.212586 -27.925247 1.423430 3.274371
109010031 0.783397 -0.413400 -0.885689 1.252619 134.996966 -27.820689 1.415426 3.278268
109010032 0.786849 -0.413400 -0.882071 1.252230 134.781113 -27.716848 1.407423 3.282085
109010033 0.790300 -0.413400 -0.878454 1.251861 134.565036 -27.613719 1.399422 3.285823
109010034 0.793752 -0.413400 -0.874836 1.251511 134.348742 -27.511295 1.391424 3.289482
109010035 0.797204 -0.413400 -0.871219 1.251181 134.132241 -27.409569 1.383427 3.293061
109010036 0.800655 -0.413400 -0.867601 1.250872 133.915539 -27.308535 1.375433 3.296560
109010037 0.804107 -0.413400 -0.863984 1.250582 133.698644 -27.208187 1.367443 3.299981
109010038 0.807558 -0.413400 -0.860366 1.250312 133.481565 -27.108517 1.359455 3.303323
109010039 0.811010 -0.413400 -0.856749 1.250062 133.264310 -27.009520 1.351472 3.306585
109010040 0.814462 -0.413400 -0.853131 1.249832 133.046887 -26.911190 1.343492 3.309769
109010041 0.817913 -0.413400 -0.849514 1.249622 132.829304 -26.813521 1.335517 3.312875
109010042 0.821365 -0.413400 -0.845896 1.249432 132.611568 -26.716506 1.327546 3.315901
109010043 0.824816 -0.413400 -0.842279 1.249262 132.393689 -26.620139 1.319581 3.318849
109010044 0.828268 -0.413400 -0.838661 1.249112 132.175673 -26.524414 1.311621 3.321719
109010045 0.831720 -0.413400 -0.835044 1.248982 131.957529 -26.429327 1.303666 3.324511
109010046 0.835171 -0.413400 -0.831426 1.248871 131.739266 -26.334870 1.295718 3.327225
109010047 0.838623 -0.413400 -0.827809 1.248781 131.520890 -26.241038 1.287777 3.329861
109010048 0.842075 -0.413400 -0.824191 1.248711 131.302411 -26.147825 1.279842 3.332420
109010049 0.845526 -0.413400 -0.820574 1.248661 131.083836 -26.055226 1.271915 3.334901
109010050 0.848978 -0.413400 -0.816956 1.248631 130.865174 -25.963235 1.263995 3.337304
109010051 0.852429 -0.413400 -0.813339 1.248621 130.646432 -25.871847 1.256083 3.339631
109010052 0.855881 -0.413400 -0.809721 1.248631 130.427618 -25.781056 1.248180 3.341880
109010053 0.859333 -0.413400 -0.806104 1.248661 130.208741 -25.690857 1.240285 3.344053
109010054 0.862784 -0.413400 -0.802486 1.248711 129.989808 -25.601245 1.232400 3.346149
109010055 0.866236 -0.413400 -0.798869 1.248781 129.770828 -25.512214 1.224524 3.348169
109010056 0.869687 -0.413400 -0.795251 1.248872 129.551808 -25.423758 1.216658 3.350112
109010057 0.873139 -0.413400 -0.791633 1.248982 129.332757 -25.335874 1.208802 3.351980
109010058 0.876591 -0.413400 -0.788016 1.249112 129.113682 -25.248555 1.200956 3.353772
109010059 0.880042 -0.413400 -0.784398 1.249262 128.894591 -25.161797 1.193122 3.355488
109010060 0.883494 -0.413400 -0.780781 1.249432 128.675493 -25.075595 1.185299 3.357129
109010061 0.886946 -0.413400 -0.777163 1.249622 128.456396 -24.989944 1.177488 3.358695
109010062 0.890397 -0.413400 -0.773546 1.249832 128.237306 -24.904838 1.169689 3.360186
109010063 0.893849 -0.413400 -0.769928 1.250062 128.018233 -24.820274 1.161903 3.361603
109010064 0.897300 -0.413400 -0.766311 1.250312 127.799183 -24.736246 1.154130 3.362945
109010065 0.900752 -0.413400 -0.762693 1.250582 127.580165 -24.652749 1.146370 3.364214
109010066 0.904204 -0.413400 -0.759076 1.250872 127.361187 -24.569779 1.138623 3.365408
109010067 0.907655 -0.413400 -0.755458 1.251181 127.142256 -24.487332 1.130891 3.366529
109010068 0.911107 -0.413400 -0.751841 1.251511 126.923381 -24.405402 1.123173 3.367577
109010069 0.914558 -0.413400 -0.748223 1.251861 126.704568 -24.323986 1.115470 3.368552
109010070 0.918010 -0.413400 -0.744606 1.252230 126.485826 -24.243078 1.107782 3.369454
109010071 0.921462 -0.413400 -0.740988 1.252619 126.267161 -24.162675 1.100110 3.370284
109010072 0.924913 -0.413400 -0.737371 1.253028 126.048583 -24.082771 1.092454 3.371041
109010073 0.928365 -0.413400 -0.733753 1.253457 125.830099 -24.003363 1.084814 3.371727
109010074 0.931817 -0.413400 -0.730136 1.253906 125.611715 -23.924446 1.077190 3.372342
109010075 0.935268 -0.413400 -0.726518 1.254374 125.393440 -23.846016 1.069584 3.372885
109010076 0.938720 -0.413400 -0.722901 1.254863 125.175280 -23.768069 1.061996 3.373358
109010077 0.942171 -0.413400 -0.719283 1.255371 124.957245 -23.690600 1.054425 3.373760
109010078 0.945623 -0.413400 -0.715666 1.255898 124.739340 -23.613606 1.046872 3.374092
109010079 0.949075 -0.413400 -0.712048 1.256445 124.521574 -23.537083 1.039338 3.374354
109010080 0.952526 -0.413400 -0.708431 1.257012 124.303953 -23.461026 1.031823 3.374547
109010081 0.955978 -0.413400 -0.704813 1.257599 124.086485 -23.385431 1.024328 3.374670
109010082 0.959430 -0.413400 -0.701196 1.258205 123.869177 -23.310295 1.016851 3.374725
109010083 0.962881 -0.413400 -0.697578 1.258831 123.652037 -23.235613 1.009395 3.374711
109010084 0.966333 -0.413400 -0.693961 1.259476 123.435071 -23.161382 1.001960 3.374630
109010085 0.969784 -0.413400 -0.690343 1.260141 123.218287 -23.087598 0.994545 3.374481
109010086 0.973236 -0.413400 -0.686726 1.260825 123.001691 -23.014257 0.987151 3.374264
109010087 0.976688 -0.413400 -0.683108 1.261529 122.785291 -22.941356 0.979778 3.373981
109010088 0.980139 -0.413400 -0.679491 1.262252 122.569094 -22.868890 0.972428 3.373631
109010089 0.983591 -0.413400 -0.675873 1.262995 122.353107 -22.796856 0.965099 3.373215
109010090 0.987042 -0.413400 -0.672256 1.263756 122.137335 -22.725251 0.957793 3.372733
109010091 0.990494 -0.413400 -0.668638 1.264538 121.921788 -22.654070 0.950509 3.372187
109010092 0.993946 -0.413400 -0.665021 1.265338 121.706470 -22.583311 0.943249 3.371575
109010093 0.997397 -0.413400 -0.661403 1.266158 121.491388 -22.512969 0.936012 3.370898
109010094 1.000849 -0.413400 -0.657786 1.266997 121.276551 -22.443041 0.928799 3.370158
109010095 1.004301 -0.413400 -0.654168 1.267855 121.061963 -22.373525 0.921610 3.369354
109010096 1.007752 -0.413400 -0.650551 1.268732 120.847631 -22.304416 0.914446 3.368487
109010097 1.011204 -0.413400 -0.646933 1.269628 120.633563 -22.235710 0.907306 3.367557
109010098 1.014655 -0.413400 -0.643316 1.270543 120.419763 -22.167406 0.900191 3.366564
109010099 1.018107 -0.413400 -0.639698 1.271478 120.206240 -22.099499 0.893101 3.365510
109010100 1.021559 -0.413400 -0.636081 1.272431 119.992998 -22.031986 0.886037 3.364395
109010101 0.679849 -0.387000 -0.994214 1.265079 141.803146 -29.650453 1.606717 3.195436
109010102 0.683300 -0.387000 -0.990596 1.264100 141.594839 -29.525867 1.598940 3.201458
109010103 0.686752 -0.387000 -0.986979 1.263141 141.386082 -29.402231 1.591159 3.207399
109010104 0.690203 -0.387000 -0.983361 1.262200 141.176881 -29.279534 1.583376 3.213259
109010105 0.693655 -0.387000 -0.979744 1.261279 140.967244 -29.157768 1.575590 3.219037
109010106 0.697107 -0.387000 -0.976126 1.260377 140.757177 -29.036922 1.567801 3.224735
109010107 0.700558 -0.387000 -0.972509 1.259494 140.546690 -28.916987 1.560010 3.230352
109010108 0.704010 -0.387000 -0.968891 1.258630 140.335787 -28.797955 1.552216 3.235888
109010109 0.707462 -0.387000 -0.965274 1.257785 140.124478 -28.679815 1.544420 3.241344
109010110 0.710913 -0.387000 -0.961656 1.256960 139.912768 -28.562560 1.536622 3.246718
109010111 0.714365 -0.387000 -0.958039 1.256155 139.700667 -28.446179 1.528821 3.252012
109010112 0.717816 -0.387000 -0.954421 1.255368 139.488180 -28.330665 1.521020 3.257225
109010113 0.721268 -0.387000 -0.950804 1.254601 139.275317 -28.216008 1.513216 3.262357
109010114 0.724720 -0.387000 -0.947186 1.253854 139.062083 -28.102200 1.505411 3.267409
109010115 0.728171 -0.387000 -0.943569 1.253126 138.848488 -27.989233 1.497605 3.272380
109010116 0.731623 -0.387000 -0.939951 1.252417 138.634537 -27.877097 1.489798 3.277271
109010117 0.735074 -0.387000 -0.936334 1.251729 138.420240 -27.765786 1.481991 3.282081
109010118 0.738526 -0.387000 -0.932716 1.251059 138.205604 -27.655289 1.474182 3.286811
109010119 0.741978 -0.387000 -0.929099 1.250410 137.990636 -27.545601 1.466374 3.291460
109010120 0.745429 -0.387000 -0.925481 1.249780 137.775344 -27.436711 1.458565 3.296028
109010121 0.748881 -0.387000 -0.921864 1.249169 137.559736 -27.328613 1.450756 3.300517
109010122 0.752333 -0.387000 -0.918246 1.248579 137.343820 -27.221298 1.442948 3.304925
109010123 0.755784 -0.387000 -0.914629 1.248008 137.127603 -27.114760 1.435140 3.309253
109010124 0.759236 -0.387000 -0.911011 1.247457 136.911094 -27.008989 1.427333 3.313500
109010125 0.762687 -0.387000 -0.907394 1.246926 136.694301 -26.903979 1.419527 3.317668
109010126 0.766139 -0.387000 -0.903776 1.246415 136.477230 -26.799722 1.411722 3.321755
109010127 0.769591 -0.387000 -0.900159 1.245923 136.259891 -26.696211 1.403919 3.325762
109010128 0.773042 -0.387000 -0.896541 1.245451 136.042291 -26.593439 1.396118 3.329690
109010129 0.776494 -0.387000 -0.892924 1.245000 135.824438 -26.491398 1.388318 3.333537
109010130 0.779945 -0.387000 -0.889306 1.244568 135.606340 -26.390080 1.380521 3.337305
109010131 0.783397 -0.387000 -0.885689 1.244156 135.388006 -26.289480 1.372727 3.340993
109010132 0.786849 -0.387000 -0.882071 1.243764 135.169442 -26.189590 1.364935 3.344601
109010133 0.790300 -0.387000 -0.878454 1.243392 134.950658 -26.090403 1.357146 3.348130
109010134 0.793752 -0.387000 -0.874836 1.243040 134.731661 -25.991912 1.349361 3.351579
109010135 0.797204 -0.387000 -0.871219 1.242708 134.512459 -25.894112 1.341580 3.354949
109010136 0.800655 -0.387000 -0.867601 1.242397 134.293061 -25.796994 1.333803 3.358240
109010137 0.804107 -0.387000 -0.863984 1.242105 134.073475 -25.700552 1.326030 3.361451
109010138 0.807558 -0.387000 -0.860366 1.241833 133.853709 -25.604780 1.318261 3.364584
109010139 0.811010 -0.387000 -0.856749 1.241581 133.633770 -25.509672 1.310497 3.367637
109010140 0.814462 -0.387000 -0.853131 1.241350 133.413667 -25.415221 1.302739 3.370611
109010141 0.817913 -0.387000 -0.849514 1.241138 133.193409 -25.321421 1.294986 3.373507
109010142 0.821365 -0.387000 -0.845896 1.240947 132.973003 -25.228265 1.287239 3.376324
109010143 0.824816 -0.387000 -0.842279 1.240776 132.752458 -25.135748 1.279498 3.379063
109010144 0.828268 -0.387000 -0.838661 1.240625 132.531781 -25.043864 1.271763 3.381723
109010145 0.831720 -0.387000 -0.835044 1.240494 132.310981 -24.952605 1.264036 3.384306
109010146 0.835171 -0.387000 -0.831426 1.240383 132.090066 -24.861968 1.256315 3.386810
109010147 0.838623 -0.387000 -0.827809 1.240292 131.869045 -24.771945 1.248602 3.389236
109010148 0.842075 -0.387000 -0.824191 1.240222 131.647925 -24.682530 1.240896 3.391584
109010149 0.845526 -0.387000 -0.820574 1.240171 131.426714 -24.593719 1.233199 3.393855
109010150 0.848978 -0.387000 -0.816956 1.240141 131.205422 -24.505506 1.225510 3.396049
109010151 0.852429 -0.387000 -0.813339 1.240131 130.984055 -24.417884 1.217830 3.398165
109010152 0.855881 -0.387000 -0.809721 1.240141 130.762622 -24.330849 1.210159 3.400204
109010153 0.859333 -0.387000 -0.806104 1.240171 130.541132 -24.244395 1.202497 3.402167
109010154 0.862784 -0.387000 -0.802486 1.240222 130.319592 -24.158516 1.194845 3.404052
109010155 0.866236 -0.387000 -0.798869 1.240292 130.098011 -24.073207 1.187204 3.405862
109010156 0.869687 -0.387000 -0.795251 1.240383 129.876396 -23.988463 1.179572 3.407595
109010157 0.873139 -0.387000 -0.791633 1.240494 129.654756 -23.904279 1.171952 3.409252
109010158 0.876591 -0.387000 -0.788016 1.240625 129.433099 -23.820649 1.164343 3.410833
109010159 0.880042 -0.387000 -0.784398 1.240776 129.211432 -23.737568 1.156745 3.412338
109010160 0.883494 -0.387000 -0.780781 1.240947 128.989765 -23.655032 1.149159 3.413768
109010161 0.886946 -0.387000 -0.777163 1.241138 128.768105 -23.573035 1.141586 3.415123
109010162 0.890397 -0.387000 -0.773546 1.241350 128.546459 -23.491573 1.134025 3.416403
109010163 0.893849 -0.387000 -0.769928 1.241581 128.324837 -23.410640 1.126476 3.417608
109010164 0.897300 -0.387000 -0.766311 1.241833 128.103246 -23.330231 1.118942 3.418739
109010165 0.900752 -0.387000 -0.762693 1.242105 127.881694 -23.250343 1.111420 3.419796
109010166 0.904204 -0.387000 -0.759076 1.242397 127.660188 -23.170970 1.103913 3.420779
109010167 0.907655 -0.387000 -0.755458 1.242709 127.438738 -23.092107 1.096420 3.421688
109010168 0.911107 -0.387000 -0.751841 1.243040 127.217350 -23.013750 1.088942 3.422524
109010169 0.914558 -0.387000 -0.748223 1.243392 126.996032 -22.935895 1.081479 3.423287
109010170 0.918010 -0.387000 -0.744606 1.243764 126.774793 -22.858536 1.074031 3.423977
109010171 0.921462 -0.387000 -0.740988 1.244156 126.553640 -22.781670 1.066599 3.424595
109010172 0.924913 -0.387000 -0.737371 1.244568 126.332580 -22.705291 1.059184 3.425140
109010173 0.928365 -0.387000 -0.733753 1.245000 126.111623 -22.629397 1.051784 3.425614
109010174 0.931817 -0.387000 -0.730136 1.245452 125.890774 -22.553981 1.044402 3.426016
109010175 0.935268 -0.387000 -0.726518 1.245923 125.670042 -22.479041 1.037036 3.426347
109010176 0.938720 -0.387000 -0.722901 1.246415 125.449435 -22.404571 1.029688 3.426607
109010177 0.942171 -0.387000 -0.719283 1.246926 125.228959 -22.330568 1.022358 3.426797
109010178 0.945623 -0.387000 -0.715666 1.247457 125.008624 -22.257027 1.015046 3.426916
109010179 0.949075 -0.387000 -0.712048 1.248008 124.788435 -22.183945 1.007753 3.426965
109010180 0.952526 -0.387000 -0.708431 1.248579 124.568401 -22.111317 1.000479 3.426945
109010181 0.955978 -0.387000 -0.704813 1.249170 124.348528 -22.039140 0.993223 3.426856
109010182 0.959430 -0.387000 -0.701196 1.249780 124.128825 -21.967409 0.985988 3.426698
109010183 0.962881 -0.387000 -0.697578 1.250410 123.909298 -21.896121 0.978772 3.426471
109010184 0.966333 -0.387000 -0.693961 1.251059 123.689955 -21.825271 0.971577 3.426177
109010185 0.969784 -0.387000 -0.690343 1.251729 123.470802 -21.754856 0.964402 3.425814
109010186 0.973236 -0.387000 -0.686726 1.252418 123.251848 -21.684872 0.957247 3.425385
109010187 0.976688 -0.387000 -0.683108 1.253126 123.033100 -21.615315 0.950115 3.424888
109010188 0.980139 -0.387000 -0.679491 1.253854 122.814563 -21.546182 0.943003 3.424325
109010189 0.983591 -0.387000 -0.675873 1.254601 122.596246 -21.477469 0.935914 3.423696
109010190 0.987042 -0.387000 -0.672256 1.255368 122.378154 -21.409173 0.928846 3.423001
109010191 0.990494 -0.387000 -0.668638 1.256155 122.160296 -21.341289 0.921801 3.422241
109010192 0.993946 -0.387000 -0.665021 1.256960 121.942678 -21.273814 0.914779 3.421416
109010193 0.997397 -0.387000 -0.661403 1.257786 121.725307 -21.206745 0.907780 3.420526
109010194 1.000849 -0.387000 -0.657786 1.258630 121.508189 -21.140078 0.900805 3.419573
109010195 1.004301 -0.387000 -0.654168 1.259494 121.291332 -21.073811 0.893853 3.418555
109010196 1.007752 -0.387000 -0.650551 1.260377 121.074741 -21.007938 0.886925 3.417475
109010197 1.011204 -0.387000 -0.646933 1.261279 120.858423 -20.942458 0.880021 3.416332
109010198 1.014655 -0.387000 -0.643316 1.262200 120.642385 -20.877366 0.873142 3.415126
109010199 1.018107 -0.387000 -0.639698 1.263141 120.426633 -20.812660 0.866288 3.413859
109010200 1.021559 -0.387000 -0.636081 1.264100 120.211174 -20.748336 0.859459 3.412530
109010201 0.679849 -0.360600 -0.994214 1.257254 142.258650 -27.942025 1.552337 3.262918
109010202 0.683300 -0.360600 -0.990596 1.256269 142.047627 -27.822085 1.544752 3.268710
109010203 0.686752 -0.360600 -0.986979 1.255304 141.836155 -27.703089 1.537167 3.274422
109010204 0.690203 -0.360600 -0.983361 1.254357 141.624242 -27.585026 1.529582 3.280053
109010205 0.693655 -0.360600 -0.979744 1.253430 141.411894 -27.467888 1.521996 3.285604
109010206 0.697107 -0.360600 -0.976126 1.252522 141.199120 -27.351664 1.514411 3.291075
109010207 0.700558 -0.360600 -0.972509 1.251634 140.985926 -27.236344 1.506825 3.296465
109010208 0.704010 -0.360600 -0.968891 1.250765 140.772319 -27.121920 1.499240 3.301774
109010209 0.707462 -0.360600 -0.965274 1.249915 140.558308 -27.008380 1.491655 3.307004
109010210 0.710913 -0.360600 -0.961656 1.249085 140.343899 -26.895717 1.484070 3.312153
109010211 0.714365 -0.360600 -0.958039 1.248274 140.129100 -26.783920 1.476486 3.317222
109010212 0.717816 -0.360600 -0.954421 1.247483 139.913919 -26.672981 1.468902 3.322210
109010213 0.721268 -0.360600 -0.950804 1.246711 139.698362 -26.562891 1.461319 3.327119
109010214 0.724720 -0.360600 -0.947186 1.245959 139.482439 -26.453640 1.453736 3.331947
109010215 0.728171 -0.360600 -0.943569 1.245226 139.266156 -26.345220 1.446155 3.336695
109010216 0.731623 -0.360600 -0.939951 1.244513 139.049521 -26.237623 1.438575 3.341363
109010217 0.735074 -0.360600 -0.936334 1.243820 138.832541 -26.130839 1.430996 3.345950
109010218 0.738526 -0.360600 -0.932716 1.243146 138.615225 -26.024861 1.423418 3.350458
109010219 0.741978 -0.360600 -0.929099 1.242493 138.397581 -25.919680 1.415842 3.354886
109010220 0.745429 -0.360600 -0.925481 1.241859 138.179616 -25.815287 1.408268 3.359233
109010221 0.748881 -0.360600 -0.921864 1.241244 137.961337 -25.711674 1.400696 3.363501
109010222 0.752333 -0.360600 -0.918246 1.240650 137.742754 -25.608835 1.393125 3.367688
109010223 0.755784 -0.360600 -0.914629 1.240076 137.523873 -25.506759 1.385557 3.371796
109010224 0.759236 -0.360600 -0.911011 1.239521 137.304703 -25.405440 1.377992 3.375824
109010225 0.762687 -0.360600 -0.907394 1.238987 137.085251 -25.304871 1.370429 3.379772
109010226 0.766139 -0.360600 -0.903776 1.238472 136.865527 -25.205042 1.362869 3.383640
109010227 0.769591 -0.360600 -0.900159 1.237977 136.645536 -25.105947 1.355312 3.387429
109010228 0.773042 -0.360600 -0.896541 1.237503 136.425289 -25.007578 1.347759 3.391138
109010229 0.776494 -0.360600 -0.892924 1.237048 136.204793 -24.909928 1.340209 3.394767
109010230 0.779945 -0.360600 -0.889306 1.236613 135.984055 -24.812990 1.332662 3.398317
109010231 0.783397 -0.360600 -0.885689 1.236199 135.763084 -24.716756 1.325120 3.401787
109010232 0.786849 -0.360600 -0.882071 1.235804 135.541889 -24.621219 1.317582 3.405178
109010233 0.790300 -0.360600 -0.878454 1.235430 135.320476 -24.526372 1.310048 3.408490
109010234 0.793752 -0.360600 -0.874836 1.235076 135.098856 -24.432208 1.302519 3.411722
109010235 0.797204 -0.360600 -0.871219 1.234742 134.877034 -24.338721 1.294995 3.414876
109010236 0.800655 -0.360600 -0.867601 1.234428 134.655021 -24.245904 1.287476 3.417950
109010237 0.804107 -0.360600 -0.863984 1.234134 134.432824 -24.153749 1.279962 3.420945
109010238 0.807558 -0.360600 -0.860366 1.233861 134.210451 -24.062251 1.272454 3.423861
109010239 0.811010 -0.360600 -0.856749 1.233608 133.987910 -23.971403 1.264952 3.426699
109010240 0.814462 -0.360600 -0.853131 1.233375 133.765210 -23.881198 1.257456 3.429458
109010241 0.817913 -0.360600 -0.849514 1.233162 133.542360 -23.791630 1.249967 3.432138
109010242 0.821365 -0.360600 -0.845896 1.232969 133.319366 -23.702692 1.242484 3.434740
109010243 0.824816 -0.360600 -0.842279 1.232797 133.096238 -23.614379 1.235008 3.437264
109010244 0.828268 -0.360600 -0.838661 1.232645 132.872984 -23.526685 1.227540 3.439709
109010245 0.831720 -0.360600 -0.835044 1.232513 132.649612 -23.439603 1.220079 3.442076
109010246 0.835171 -0.360600 -0.831426 1.232401 132.426130 -23.353127 1.212626 3.444366
109010247 0.838623 -0.360600 -0.827809 1.232310 132.202547 -23.267251 1.205181 3.446577
109010248 0.842075 -0.360600 -0.824191 1.232239 131.978871 -23.181970 1.197745 3.448712
109010249 0.845526 -0.360600 -0.820574 1.232188 131.755111 -23.097278 1.190318 3.450768
109010250 0.848978 -0.360600 -0.816956 1.232158 131.531273 -23.013169 1.182899 3.452747
109010251 0.852429 -0.360600 -0.813339 1.232148 131.307368 -22.929637 1.175490 3.454650
109010252 0.855881 -0.360600 -0.809721 1.232158 131.083402 -22.846677 1.168090 3.456475
109010253 0.859333 -0.360600 -0.806104 1.232188 130.859385 -22.764283 1.160701 3.458223
109010254 0.862784 -0.360600 -0.802486 1.232239 130.635324 -22.682450 1.153321 3.459895
109010255 0.866236 -0.360600 -0.798869 1.232310 130.411228 -22.601173 1.145953 3.461491
109010256 0.869687 -0.360600 -0.795251 1.232401 130.187105 -22.520446 1.138595 3.463010
109010257 0.873139 -0.360600 -0.791633 1.232513 129.962964 -22.440264 1.131248 3.464454
109010258 0.876591 -0.360600 -0.788016 1.232645 129.738811 -22.360621 1.123913 3.465821
109010259 0.880042 -0.360600 -0.784398 1.232797 129.514657 -22.281513 1.116590 3.467113
109010260 0.883494 -0.360600 -0.780781 1.232969 129.290508 -22.202935 1.109279 3.468330
109010261 0.886946 -0.360600 -0.777163 1.233162 129.066372 -22.124881 1.101980 3.469472
109010262 0.890397 -0.360600 -0.773546 1.233375 128.842259 -22.047347 1.094695 3.470539
109010263 0.893849 -0.360600 -0.769928 1.233608 128.618176 -21.970328 1.087422 3.471531
109010264 0.897300 -0.360600 -0.766311 1.233861 128.394132 -21.893818 1.080163 3.472449
109010265 0.900752 -0.360600 -0.762693 1.234134 128.170133 -21.817814 1.072917 3.473293
109010266 0.904204 -0.360600 -0.759076 1.234428 127.946189 -21.742310 1.065686 3.474063
109010267 0.907655 -0.360600 -0.755458 1.234742 127.722307 -21.667301 1.058469 3.474759
109010268 0.911107 -0.360600 -0.751841 1.235076 127.498495 -21.592784 1.051267 3.475382
109010269 0.914558 -0.360600 -0.748223 1.235430 127.274761 -21.518753 1.044080 3.475932
109010270 0.918010 -0.360600 -0.744606 1.235805 127.051114 -21.445204 1.036908 3.476410
109010271 0.921462 -0.360600 -0.740988 1.236199 126.827560 -21.372133 1.029752 3.476815
109010272 0.924913 -0.360600 -0.737371 1.236613 126.604109 -21.299535 1.022612 3.477148
109010273 0.928365 -0.360600 -0.733753 1.237048 126.380767 -21.227406 1.015488 3.477409
109010274 0.931817 -0.360600 -0.730136 1.237503 126.157542 -21.155741 1.008382 3.477598
109010275 0.935268 -0.360600 -0.726518 1.237977 125.934442 -21.084537 1.001292 3.477717
109010276 0.938720 -0.360600 -0.722901 1.238472 125.711476 -21.013789 0.994219 3.477764
109010277 0.942171 -0.360600 -0.719283 1.238987 125.488650 -20.943493 0.987164 3.477741
109010278 0.945623 -0.360600 -0.715666 1.239521 125.265972 -20.873644 0.980128 3.477648
109010279 0.949075 -0.360600 -0.712048 1.240076 125.043449 -20.804239 0.973109 3.477485
109010280 0.952526 -0.360600 -0.708431 1.240650 124.821090 -20.735274 0.966109 3.477253
109010281 0.955978 -0.360600 -0.704813 1.241245 124.598902 -20.666745 0.959128 3.476952
109010282 0.959430 -0.360600 -0.701196 1.241859 124.376892 -20.598648 0.952166 3.476582
109010283 0.962881 -0.360600 -0.697578 1.242493 124.155067 -20.530978 0.945224 3.476143
109010284 0.966333 -0.360600 -0.693961 1.243146 123.933436 -20.463733 0.938302 3.475636
109010285 0.969784 -0.360600 -0.690343 1.243820 123.712004 -20.396908 0.931399 3.475062
109010286 0.973236 -0.360600 -0.686726 1.244513 123.490780 -20.330500 0.924518 3.474421
109010287 0.976688 -0.360600 -0.683108 1.245226 123.269771 -20.264504 0.917657 3.473713
109010288 0.980139 -0.360600 -0.679491 1.245959 123.048983 -20.198918 0.910817 3.472938
109010289 0.983591 -0.360600 -0.675873 1.246711 122.828424 -20.133738 0.903998 3.472097
109010290 0.987042 -0.360600 -0.672256 1.247483 122.608101 -20.068959 0.897201 3.471191
109010291 0.990494 -0.360600 -0.668638 1.248274 122.388021 -20.004579 0.890427 3.470219
109010292 0.993946 -0.360600 -0.665021 1.249085 122.168191 -19.940594 0.883674 3.469183
109010293 0.997397 -0.360600 -0.661403 1.249915 121.948618 -19.877000 0.876944 3.468082
109010294 1.000849 -0.360600 -0.657786 1.250765 121.729308 -19.813795 0.870237 3.466918
109010295 1.004301 -0.360600 -0.654168 1.251634 121.510268 -19.750974 0.863553 3.465689
109010296 1.007752 -0.360600 -0.650551 1.252523 121.291505 -19.688534 0.856892 3.464398
109010297 1.011204 -0.360600 -0.646933 1.253431 121.073025 -19.626473 0.850255 3.463044
109010298 1.014655 -0.360600 -0.643316 1.254358 120.854836 -19.564786 0.843641 3.461628
109010299 1.018107 -0.360600 -0.639698 1.255304 120.636943 -19.503471 0.837052 3.460150
109010300 1.021559 -0.360600 -0.636081 1.256269 120.419354 -19.442524 0.830488 3.458611
109010301 0.679849 -0.334200 -0.994214 1.249938 142.694049 -26.177810 1.491570 3.328390
109010302 0.683300 -0.334200 -0.990596 1.248947 142.480383 -26.063112 1.484228 3.333937
109010303 0.686752 -0.334200 -0.986979 1.247976 142.266272 -25.949346 1.476889 3.339405
109010304 0.690203 -0.334200 -0.983361 1.247024 142.051721 -25.836500 1.469552 3.344793
109010305 0.693655 -0.334200 -0.979744 1.246092 141.836739 -25.724565 1.462217 3.350101
109010306 0.697107 -0.334200 -0.976126 1.245179 141.621333 -25.613531 1.454884 3.355331
109010307 0.700558 -0.334200 -0.972509 1.244285 141.405511 -25.503387 1.447554 3.360480
109010308 0.704010 -0.334200 -0.968891 1.243411 141.189279 -25.394123 1.440226 3.365550
109010309 0.707462 -0.334200 -0.965274 1.242556 140.972645 -25.285731 1.432901 3.370541
109010310 0.710913 -0.334200 -0.961656 1.241721 140.755616 -25.178199 1.425578 3.375452
109010311 0.714365 -0.334200 -0.958039 1.240905 140.538201 -25.071520 1.418258 3.380284
109010312 0.717816 -0.334200 -0.954421 1.240109 140.320406 -24.965683 1.410941 3.385037
109010313 0.721268 -0.334200 -0.950804 1.239332 140.102240 -24.860679 1.403626 3.389710
109010314 0.724720 -0.334200 -0.947186 1.238576 139.883709 -24.756499 1.396315 3.394303
109010315 0.728171 -0.334200 -0.943569 1.237839 139.664822 -24.653135 1.389006 3.398817
109010316 0.731623 -0.334200 -0.939951 1.237122 139.445587 -24.550576 1.381700 3.403252
109010317 0.735074 -0.334200 -0.936334 1.236424 139.226011 -24.448815 1.374397 3.407608
109010318 0.738526 -0.334200 -0.932716 1.235747 139.006101 -24.347843 1.367098 3.411884
109010319 0.741978 -0.334200 -0.929099 1.235089 138.785867 -24.247652 1.359801 3.416080
109010320 0.745429 -0.334200 -0.925481 1.234451 138.565315 -24.148232 1.352508 3.420198
109010321 0.748881 -0.334200 -0.921864 1.233833 138.344454 -24.049576 1.345219 3.424236
109010322 0.752333 -0.334200 -0.918246 1.233236 138.123291 -23.951676 1.337934 3.428195
109010323 0.755784 -0.334200 -0.914629 1.232658 137.901835 -23.854523 1.330652 3.432074
109010324 0.759236 -0.334200 -0.911011 1.232100 137.680093 -23.758109 1.323374 3.435874
109010325 0.762687 -0.334200 -0.907394 1.231562 137.458074 -23.662427 1.316101 3.439596
109010326 0.766139 -0.334200 -0.903776 1.231044 137.235785 -23.567469 1.308831 3.443238
109010327 0.769591 -0.334200 -0.900159 1.230547 137.013235 -23.473226 1.301566 3.446800
109010328 0.773042 -0.334200 -0.896541 1.230069 136.790432 -23.379693 1.294306 3.450284
109010329 0.776494 -0.334200 -0.892924 1.229612 136.567384 -23.286860 1.287050 3.453689
109010330 0.779945 -0.334200 -0.889306 1.229175 136.344099 -23.194721 1.279800 3.457015
109010331 0.783397 -0.334200 -0.885689 1.228757 136.120585 -23.103269 1.272554 3.460261
109010332 0.786849 -0.334200 -0.882071 1.228361 135.896851 -23.012496 1.265314 3.463429
109010333 0.790300 -0.334200 -0.878454 1.227984 135.672904 -22.922395 1.258079 3.466518
109010334 0.793752 -0.334200 -0.874836 1.227628 135.448754 -22.832959 1.250850 3.469529
109010335 0.797204 -0.334200 -0.871219 1.227292 135.224407 -22.744181 1.243627 3.472460
109010336 0.800655 -0.334200 -0.867601 1.226976 134.999873 -22.656055 1.236410 3.475313
109010337 0.804107 -0.334200 -0.863984 1.226680 134.775160 -22.568574 1.229200 3.478088
109010338 0.807558 -0.334200 -0.860366 1.226405 134.550277 -22.481731 1.221996 3.480784
109010339 0.811010 -0.334200 -0.856749 1.226150 134.325230 -22.395519 1.214798 3.483402
109010340 0.814462 -0.334200 -0.853131 1.225916 134.100030 -22.309932 1.207608 3.485941
109010341 0.817913 -0.334200 -0.849514 1.225702 133.874683 -22.224964 1.200425 3.488402
109010342 0.821365 -0.334200 -0.845896 1.225508 133.649199 -22.140608 1.193249 3.490786
109010343 0.824816 -0.334200 -0.842279 1.225335 133.423586 -22.056858 1.186081 3.493091
109010344 0.828268 -0.334200 -0.838661 1.225182 133.197852 -21.973708 1.178921 3.495319
109010345 0.831720 -0.334200 -0.835044 1.225049 132.972006 -21.891152 1.171769 3.497468
109010346 0.835171 -0.334200 -0.831426 1.224937 132.746055 -21.809184 1.164626 3.499541
109010347 0.838623 -0.334200 -0.827809 1.224845 132.520009 -21.727798 1.157491 3.501535
109010348 0.842075 -0.334200 -0.824191 1.224773 132.293876 -21.646988 1.150365 3.503453
109010349 0.845526 -0.334200 -0.820574 1.224722 132.067663 -21.566748 1.143249 3.505293
109010350 0.848978 -0.334200 -0.816956 1.224692 131.841380 -21.487073 1.136141 3.507057
109010351 0.852429 -0.334200 -0.813339 1.224682 131.615035 -21.407957 1.129044 3.508743
109010352 0.855881 -0.334200 -0.809721 1.224692 131.388636 -21.329394 1.121957 3.510353
109010353 0.859333 -0.334200 -0.806104 1.224722 131.162191 -21.251379 1.114879 3.511887
109010354 0.862784 -0.334200 -0.802486 1.224773 130.935710 -21.173907 1.107813 3.513344
109010355 0.866236 -0.334200 -0.798869 1.224845 130.709199 -21.096971 1.100757 3.514725
109010356 0.869687 -0.334200 -0.795251 1.224937 130.482668 -21.020568 1.093712 3.516030
109010357 0.873139 -0.334200 -0.791633 1.225049 130.256124 -20.944691 1.086679 3.517259
109010358 0.876591 -0.334200 -0.788016 1.225182 130.029577 -20.869336 1.079657 3.518413
109010359 0.880042 -0.334200 -0.784398 1.225335 129.803034 -20.794497 1.072647 3.519492
109010360 0.883494 -0.334200 -0.780781 1.225508 129.576504 -20.720169 1.065650 3.520495
109010361 0.886946 -0.334200 -0.777163 1.225702 129.349994 -20.646347 1.058665 3.521424
109010362 0.890397 -0.334200 -0.773546 1.225916 129.123514 -20.573027 1.051693 3.522278
109010363 0.893849 -0.334200 -0.769928 1.226151 128.897071 -20.500204 1.044734 3.523057
109010364 0.897300 -0.334200 -0.766311 1.226405 128.670673 -20.427872 1.037788 3.523763
109010365 0.900752 -0.334200 -0.762693 1.226681 128.444329 -20.356028 1.030856 3.524394
109010366 0.904204 -0.334200 -0.759076 1.226976 128.218047 -20.284666 1.023938 3.524952
109010367 0.907655 -0.334200 -0.755458 1.227292 127.991834 -20.213781 1.017034 3.525437
109010368 0.911107 -0.334200 -0.751841 1.227628 127.765699 -20.143370 1.010145 3.525848
109010369 0.914558 -0.334200 -0.748223 1.227984 127.539650 -20.073427 1.003271 3.526187
109010370 0.918010 -0.334200 -0.744606 1.228361 127.313695 -20.003948 0.996412 3.526453
109010371 0.921462 -0.334200 -0.740988 1.228758 127.087842 -19.934930 0.989568 3.526647
109010372 0.924913 -0.334200 -0.737371 1.229175 126.862099 -19.866366 0.982741 3.526769
109010373 0.928365 -0.334200 -0.733753 1.229612 126.636474 -19.798254 0.975929 3.526819
109010374 0.931817 -0.334200 -0.730136 1.230069 126.410974 -19.730589 0.969133 3.526798
109010375 0.935268 -0.334200 -0.726518 1.230547 126.185607 -19.663367 0.962355 3.526706
109010376 0.938720 -0.334200 -0.722901 1.231044 125.960382 -19.596583 0.955593 3.526543
109010377 0.942171 -0.334200 -0.719283 1.231562 125.735305 -19.530233 0.948848 3.526311
109010378 0.945623 -0.334200 -0.715666 1.232100 125.510386 -19.464314 0.942121 3.526008
109010379 0.949075 -0.334200 -0.712048 1.232658 125.285630 -19.398821 0.935412 3.525635
109010380 0.952526 -0.334200 -0.708431 1.233236 125.061047 -19.333751 0.928721 3.525193
109010381 0.955978 -0.334200 -0.704813 1.233834 124.836643 -19.269099 0.922048 3.524682
109010382 0.959430 -0.334200 -0.701196 1.234451 124.612426 -19.204862 0.915394 3.524103
109010383 0.962881 -0.334200 -0.697578 1.235089 124.388403 -19.141036 0.908759 3.523455
109010384 0.966333 -0.334200 -0.693961 1.235747 124.164583 -19.077617 0.902144 3.522740
109010385 0.969784 -0.334200 -0.690343 1.236424 123.940972 -19.014601 0.895548 3.521957
109010386 0.973236 -0.334200 -0.686726 1.237122 123.717577 -18.951985 0.888971 3.521107
109010387 0.976688 -0.334200 -0.683108 1.237839 123.494407 -18.889765 0.882415 3.520191
109010388 0.980139 -0.334200 -0.679491 1.238576 123.271467 -18.827938 0.875879 3.519208
109010389 0.983591 -0.334200 -0.675873 1.239333 123.048766 -18.766499 0.869364 3.518159
109010390 0.987042 -0.334200 -0.672256 1.240109 122.826310 -18.705446 0.862870 3.517045
109010391 0.990494 -0.334200 -0.668638 1.240905 122.604107 -18.644774 0.856397 3.515866
109010392 0.993946 -0.334200 -0.665021 1.241721 122.382163 -18.584481 0.849946 3.514623
109010393 0.997397 -0.334200 -0.661403 1.242556 122.160485 -18.524564 0.843516 3.513315
109010394 1.000849 -0.334200 -0.657786 1.243411 121.939081 -18.465017 0.837108 3.511943
109010395 1.004301 -0.334200 -0.654168 1.244285 121.717957 -18.405839 0.830723 3.510508
109010396 1.007752 -0.334200 -0.650551 1.245179 121.497120 -18.347027 0.824360 3.509010
109010397 1.011204 -0.334200 -0.646933 1.246092 121.276576 -18.288576 0.818020 3.507450
109010398 1.014655 -0.334200 -0.643316 1.247025 121.056332 -18.230483 0.811703 3.505828
109010399 1.018107 -0.334200 -0.639698 1.247976 120.836395 -18.172746 0.805409 3.504144
109010400 1.021559 -0.334200 -0.636081 1.248948 120.616772 -18.115362 0.799139 3.502399
109010401 0.679849 -0.307800 -0.994214 1.243140 143.107227 -24.358539 1.424337 3.391352
109010402 0.683300 -0.307800 -0.990596 1.242144 142.891010 -24.249700 1.417292 3.396642
109010403 0.686752 -0.307800 -0.986979 1.241167 142.674350 -24.141772 1.410251 3.401854
109010404 0.690203 -0.307800 -0.983361 1.240210 142.457255 -24.034743 1.403215 3.406987
109010405 0.693655 -0.307800 -0.979744 1.239272 142.239732 -23.928604 1.396184 3.412043
109010406 0.697107 -0.307800 -0.976126 1.238354 142.021789 -23.823343 1.389157 3.417020
109010407 0.700558 -0.307800 -0.972509 1.237455 141.803433 -23.718951 1.382135 3.421919
109010408 0.704010 -0.307800 -0.968891 1.236576 141.584671 -23.615418 1.375117 3.426740
109010409 0.707462 -0.307800 -0.965274 1.235717 141.365511 -23.512734 1.368104 3.431482
109010410 0.710913 -0.307800 -0.961656 1.234877 141.145960 -23.410888 1.361095 3.436147
109010411 0.714365 -0.307800 -0.958039 1.234057 140.926026 -23.309872 1.354091 3.440733
109010412 0.717816 -0.307800 -0.954421 1.233256 140.705716 -23.209676 1.347091 3.445241
109010413 0.721268 -0.307800 -0.950804 1.232476 140.485039 -23.110291 1.340096 3.449670
109010414 0.724720 -0.307800 -0.947186 1.231715 140.264002 -23.011707 1.333106 3.454022
109010415 0.728171 -0.307800 -0.943569 1.230974 140.042612 -22.913916 1.326120 3.458295
109010416 0.731623 -0.307800 -0.939951 1.230252 139.820877 -22.816907 1.319138 3.462489
109010417 0.735074 -0.307800 -0.936334 1.229551 139.598805 -22.720674 1.312162 3.466606
109010418 0.738526 -0.307800 -0.932716 1.228870 139.376405 -22.625206 1.305190 3.470644
109010419 0.741978 -0.307800 -0.929099 1.228209 139.153683 -22.530496 1.298223 3.474603
109010420 0.745429 -0.307800 -0.925481 1.227567 138.930648 -22.436534 1.291261 3.478485
109010421 0.748881 -0.307800 -0.921864 1.226946 138.707308 -22.343313 1.284303 3.482288
109010422 0.752333 -0.307800 -0.918246 1.226345 138.483670 -22.250824 1.277351 3.486012
109010423 0.755784 -0.307800 -0.914629 1.225763 138.259743 -22.159059 1.270404 3.489659
109010424 0.759236 -0.307800 -0.911011 1.225202 138.035535 -22.068011 1.263462 3.493227
109010425 0.762687 -0.307800 -0.907394 1.224662 137.811054 -21.977670 1.256526 3.496716
109010426 0.766139 -0.307800 -0.903776 1.224141 137.586307 -21.888030 1.249595 3.500128
109010427 0.769591 -0.307800 -0.900159 1.223641 137.361304 -21.799083 1.242669 3.503461
109010428 0.773042 -0.307800 -0.896541 1.223160 137.136053 -21.710821 1.235749 3.506716
109010429 0.776494 -0.307800 -0.892924 1.222700 136.910560 -21.623237 1.228835 3.509893
109010430 0.779945 -0.307800 -0.889306 1.222261 136.684836 -21.536323 1.221927 3.512991
109010431 0.783397 -0.307800 -0.885689 1.221841 136.458887 -21.450072 1.215025 3.516011
109010432 0.786849 -0.307800 -0.882071 1.221442 136.232723 -21.364477 1.208129 3.518953
109010433 0.790300 -0.307800 -0.878454 1.221064 136.006351 -21.279530 1.201239 3.521817
109010434 0.793752 -0.307800 -0.874836 1.220705 135.779780 -21.195226 1.194356 3.524603
109010435 0.797204 -0.307800 -0.871219 1.220367 135.553018 -21.111557 1.187479 3.527311
109010436 0.800655 -0.307800 -0.867601 1.220050 135.326073 -21.028515 1.180610 3.529941
109010437 0.804107 -0.307800 -0.863984 1.219753 135.098955 -20.946095 1.173747 3.532494
109010438 0.807558 -0.307800 -0.860366 1.219476 134.871671 -20.864290 1.166891 3.534968
109010439 0.811010 -0.307800 -0.856749 1.219220 134.644229 -20.783094 1.160043 3.537365
109010440 0.814462 -0.307800 -0.853131 1.218984 134.416639 -20.702499 1.153203 3.539684
109010441 0.817913 -0.307800 -0.849514 1.218768 134.188908 -20.622500 1.146370 3.541925
109010442 0.821365 -0.307800 -0.845896 1.218573 133.961045 -20.543090 1.139545 3.544089
109010443 0.824816 -0.307800 -0.842279 1.218399 133.733058 -20.464263 1.132728 3.546176
109010444 0.828268 -0.307800 -0.838661 1.218245 133.504956 -20.386013 1.125920 3.548186
109010445 0.831720 -0.307800 -0.835044 1.218112 133.276747 -20.308334 1.119120 3.550118
109010446 0.835171 -0.307800 -0.831426 1.217999 133.048440 -20.231220 1.112328 3.551973
109010447 0.838623 -0.307800 -0.827809 1.217907 132.820044 -20.154665 1.105546 3.553751
109010448 0.842075 -0.307800 -0.824191 1.217835 132.591565 -20.078663 1.098773 3.555453
109010449 0.845526 -0.307800 -0.820574 1.217783 132.363014 -20.003210 1.092009 3.557078
109010450 0.848978 -0.307800 -0.816956 1.217753 132.134398 -19.928298 1.085255 3.558626
109010451 0.852429 -0.307800 -0.813339 1.217742 131.905726 -19.853922 1.078511 3.560098
109010452 0.855881 -0.307800 -0.809721 1.217753 131.677006 -19.780078 1.071777 3.561494
109010453 0.859333 -0.307800 -0.806104 1.217783 131.448248 -19.706759 1.065054 3.562814
109010454 0.862784 -0.307800 -0.802486 1.217835 131.219458 -19.633960 1.058340 3.564057
109010455 0.866236 -0.307800 -0.798869 1.217907 130.990646 -19.561676 1.051638 3.565226
109010456 0.869687 -0.307800 -0.795251 1.217999 130.761820 -19.489902 1.044947 3.566318
109010457 0.873139 -0.307800 -0.791633 1.218112 130.532989 -19.418632 1.038267 3.567336
109010458 0.876591 -0.307800 -0.788016 1.218245 130.304160 -19.347862 1.031598 3.568278
109010459 0.880042 -0.307800 -0.784398 1.218399 130.075342 -19.277586 1.024942 3.569145
109010460 0.883494 -0.307800 -0.780781 1.218573 129.846544 -19.207799 1.018297 3.569938
109010461 0.886946 -0.307800 -0.777163 1.218768 129.617774 -19.138497 1.011665 3.570656
109010462 0.890397 -0.307800 -0.773546 1.218984 129.389039 -19.069675 1.005046 3.571299
109010463 0.893849 -0.307800 -0.769928 1.219220 129.160350 -19.001328 0.998439 3.571869
109010464 0.897300 -0.307800 -0.766311 1.219476 128.931712 -18.933451 0.991845 3.572365
109010465 0.900752 -0.307800 -0.762693 1.219753 128.703136 -18.866040 0.985265 3.572787
109010466 0.904204 -0.307800 -0.759076 1.220050 128.474629 -18.799090 0.978698 3.573137
109010467 0.907655 -0.307800 -0.755458 1.220367 128.246199 -18.732596 0.972146 3.573413
109010468 0.911107 -0.307800 -0.751841 1.220705 128.017854 -18.666554 0.965607 3.573616
109010469 0.914558 -0.307800 -0.748223 1.221064 127.789603 -18.600960 0.959083 3.573747
109010470 0.918010 -0.307800 -0.744606 1.221442 127.561454 -18.535809 0.952574 3.573805
109010471 0.921462 -0.307800 -0.740988 1.221841 127.333414 -18.471097 0.946079 3.573792
109010472 0.924913 -0.307800 -0.737371 1.222261 127.105492 -18.406820 0.939600 3.573707
109010473 0.928365 -0.307800 -0.733753 1.222700 126.877696 -18.342973 0.933136 3.573551
109010474 0.931817 -0.307800 -0.730136 1.223160 126.650034 -18.279553 0.926689 3.573323
109010475 0.935268 -0.307800 -0.726518 1.223641 126.422512 -18.216554 0.920257 3.573025
109010476 0.938720 -0.307800 -0.722901 1.224141 126.195141 -18.153974 0.913841 3.572657
109010477 0.942171 -0.307800 -0.719283 1.224662 125.967926 -18.091808 0.907442 3.572218
109010478 0.945623 -0.307800 -0.715666 1.225203 125.740877 -18.030052 0.901060 3.571710
109010479 0.949075 -0.307800 -0.712048 1.225764 125.514000 -17.968703 0.894695 3.571133
109010480 0.952526 -0.307800 -0.708431 1.226345 125.287304 -17.907756 0.888348 3.570486
109010481 0.955978 -0.307800 -0.704813 1.226946 125.060796 -17.847207 0.882018 3.569771
109010482 0.959430 -0.307800 -0.701196 1.227567 124.834483 -17.787054 0.875706 3.568988
109010483 0.962881 -0.307800 -0.697578 1.228209 124.608374 -17.727292 0.869412 3.568136
109010484 0.966333 -0.307800 -0.693961 1.228870 124.382476 -17.667917 0.863137 3.567217
109010485 0.969784 -0.307800 -0.690343 1.229551 124.156796 -17.608925 0.856880 3.566231
109010486 0.973236 -0.307800 -0.686726 1.230253 123.931341 -17.550315 0.850642 3.565178
109010487 0.976688 -0.307800 -0.683108 1.230974 123.706120 -17.492081 0.844424 3.564059
109010488 0.980139 -0.307800 -0.679491 1.231715 123.481138 -17.434220 0.838225 3.562874
109010489 0.983591 -0.307800 -0.675873 1.232476 123.256404 -17.376728 0.832046 3.561623
109010490 0.987042 -0.307800 -0.672256 1.233256 123.031925 -17.319604 0.825886 3.560307
109010491 0.990494 -0.307800 -0.668638 1.234057 122.807708 -17.262842 0.819747 3.558926
109010492 0.993946 -0.307800 -0.665021 1.234877 122.583759 -17.206440 0.813629 3.557481
109010493 0.997397 -0.307800 -0.661403 1.235717 122.360086 -17.150394 0.807531 3.555972
109010494 1.000849 -0.307800 -0.657786 1.236577 122.136696 -17.094701 0.801454 3.554399
109010495 1.004301 -0.307800 -0.654168 1.237456 121.913596 -17.039358 0.795399 3.552764
109010496 1.007752 -0.307800 -0.650551 1.238354 121.690792 -16.984361 0.789364 3.551066
109010497 1.011204 -0.307800 -0.646933 1.239273 121.468291 -16.929709 0.783352 3.549306
109010498 1.014655 -0.307800 -0.643316 1.240210 121.246101 -16.875396 0.777361 3.547484
109010499 1.018107 -0.307800 -0.639698 1.241167 121.024226 -16.821421 0.771393 3.545600
109010500 1.021559 -0.307800 -0.636081 1.242144 120.802675 -16.767780 0.765447 3.543657
109010501 0.679849 -0.281400 -0.994214 1.236867 143.496059 -22.485431 1.350625 3.451278
109010502 0.683300 -0.281400 -0.990596 1.235867 143.277399 -22.383081 1.343933 3.456303
109010503 0.686752 -0.281400 -0.986979 1.234885 143.058302 -22.281611 1.337248 3.461252
109010504 0.690203 -0.281400 -0.983361 1.233923 142.838774 -22.181011 1.330570 3.466124
109010505 0.693655 -0.281400 -0.979744 1.232981 142.618822 -22.081270 1.323898 3.470919
109010506 0.697107 -0.281400 -0.976126 1.232058 142.398454 -21.982377 1.317232 3.475638
109010507 0.700558 -0.281400 -0.972509 1.231154 142.177677 -21.884323 1.310573 3.480280
109010508 0.704010 -0.281400 -0.968891 1.230271 141.956499 -21.787098 1.303920 3.484846
109010509 0.707462 -0.281400 -0.965274 1.229407 141.734927 -21.690691 1.297273 3.489335
109010510 0.710913 -0.281400 -0.961656 1.228563 141.512969 -21.595093 1.290633 3.493747
109010511 0.714365 -0.281400 -0.958039 1.227738 141.290632 -21.500294 1.283998 3.498083
109010512 0.717816 -0.281400 -0.954421 1.226934 141.067924 -21.406285 1.277369 3.502342
109010513 0.721268 -0.281400 -0.950804 1.226149 140.844853 -21.313056 1.270747 3.506524
109010514 0.724720 -0.281400 -0.947186 1.225384 140.621425 -21.220599 1.264130 3.510629
109010515 0.728171 -0.281400 -0.943569 1.224639 140.397650 -21.128903 1.257520 3.514657
109010516 0.731623 -0.281400 -0.939951 1.223914 140.173534 -21.037961 1.250915 3.518609
109010517 0.735074 -0.281400 -0.936334 1.223209 139.949086 -20.947764 1.244316 3.522483
109010518 0.738526 -0.281400 -0.932716 1.222525 139.724314 -20.858302 1.237724 3.526280
109010519 0.741978 -0.281400 -0.929099 1.221860 139.499224 -20.769567 1.231137 3.530000
109010520 0.745429 -0.281400 -0.925481 1.221215 139.273826 -20.681551 1.224556 3.533643
109010521 0.748881 -0.281400 -0.921864 1.220591 139.048128 -20.594246 1.217982 3.537209
109010522 0.752333 -0.281400 -0.918246 1.219986 138.822136 -20.507643 1.211413 3.540698
109010523 0.755784 -0.281400 -0.914629 1.219402 138.595860 -20.421734 1.204850 3.544110
109010524 0.759236 -0.281400 -0.911011 1.218838 138.369307 -20.336512 1.198294 3.547445
109010525 0.762687 -0.281400 -0.907394 1.218294 138.142486 -20.251968 1.191744 3.550702
109010526 0.766139 -0.281400 -0.903776 1.217771 137.915405 -20.168096 1.185200 3.553882
109010527 0.769591 -0.281400 -0.900159 1.217268 137.688071 -20.084886 1.178662 3.556985
109010528 0.773042 -0.281400 -0.896541 1.216785 137.460494 -20.002332 1.172131 3.560011
109010529 0.776494 -0.281400 -0.892924 1.216323 137.232681 -19.920427 1.165607 3.562959
109010530 0.779945 -0.281400 -0.889306 1.215881 137.004641 -19.839163 1.159088 3.565831
109010531 0.783397 -0.281400 -0.885689 1.215459 136.776381 -19.758532 1.152577 3.568625
109010532 0.786849 -0.281400 -0.882071 1.215058 136.547911 -19.678529 1.146073 3.571342
109010533 0.790300 -0.281400 -0.878454 1.214677 136.319238 -19.599145 1.139575 3.573981
109010534 0.793752 -0.281400 -0.874836 1.214317 136.090372 -19.520375 1.133084 3.576544
109010535 0.797204 -0.281400 -0.871219 1.213977 135.861319 -19.442210 1.126601 3.579030
109010536 0.800655 -0.281400 -0.867601 1.213658 135.632090 -19.364646 1.120124 3.581438
109010537 0.804107 -0.281400 -0.863984 1.213360 135.402691 -19.287674 1.113655 3.583770
109010538 0.807558 -0.281400 -0.860366 1.213081 135.173132 -19.211288 1.107194 3.586024
109010539 0.811010 -0.281400 -0.856749 1.212824 134.943421 -19.135483 1.100740 3.588202
109010540 0.814462 -0.281400 -0.853131 1.212587 134.713567 -19.060252 1.094294 3.590303
109010541 0.817913 -0.281400 -0.849514 1.212370 134.483578 -18.985588 1.087856 3.592327
109010542 0.821365 -0.281400 -0.845896 1.212174 134.253462 -18.911485 1.081427 3.594274
109010543 0.824816 -0.281400 -0.842279 1.211999 134.023228 -18.837937 1.075005 3.596145
109010544 0.828268 -0.281400 -0.838661 1.211844 133.792884 -18.764939 1.068592 3.597939
109010545 0.831720 -0.281400 -0.835044 1.211710 133.562440 -18.692485 1.062187 3.599656
109010546 0.835171 -0.281400 -0.831426 1.211597 133.331903 -18.620567 1.055792 3.601298
109010547 0.838623 -0.281400 -0.827809 1.211504 133.101282 -18.549182 1.049405 3.602863
109010548 0.842075 -0.281400 -0.824191 1.211432 132.870586 -18.478323 1.043027 3.604352
109010549 0.845526 -0.281400 -0.820574 1.211380 132.639822 -18.407985 1.036659 3.605765
109010550 0.848978 -0.281400 -0.816956 1.211349 132.409000 -18.338161 1.030301 3.607102
109010551 0.852429 -0.281400 -0.813339 1.211339 132.178128 -18.268848 1.023952 3.608363
109010552 0.855881 -0.281400 -0.809721 1.211349 131.947215 -18.200039 1.017613 3.609549
109010553 0.859333 -0.281400 -0.806104 1.211380 131.716269 -18.131728 1.011284 3.610659
109010554 0.862784 -0.281400 -0.802486 1.211432 131.485299 -18.063912 1.004965 3.611694
109010555 0.866236 -0.281400 -0.798869 1.211504 131.254312 -17.996584 0.998657 3.612654
109010556 0.869687 -0.281400 -0.795251 1.211597 131.023318 -17.929740 0.992360 3.613538
109010557 0.873139 -0.281400 -0.791633 1.211710 130.792325 -17.863374 0.986074 3.614348
109010558 0.876591 -0.281400 -0.788016 1.211844 130.561342 -17.797482 0.979799 3.615084
109010559 0.880042 -0.281400 -0.784398 1.211999 130.330376 -17.732059 0.973536 3.615745
109010560 0.883494 -0.281400 -0.780781 1.212174 130.099437 -17.667100 0.967284 3.616331
109010561 0.886946 -0.281400 -0.777163 1.212370 129.868532 -17.602600 0.961044 3.616844
109010562 0.890397 -0.281400 -0.773546 1.212587 129.637671 -17.538554 0.954816 3.617283
109010563 0.893849 -0.281400 -0.769928 1.212824 129.406860 -17.474958 0.948600 3.617648
109010564 0.897300 -0.281400 -0.766311 1.213081 129.176110 -17.411808 0.942397 3.617940
109010565 0.900752 -0.281400 -0.762693 1.213360 128.945428 -17.349098 0.936207 3.618159
109010566 0.904204 -0.281400 -0.759076 1.213658 128.714822 -17.286825 0.930029 3.618305
109010567 0.907655 -0.281400 -0.755458 1.213978 128.484300 -17.224984 0.923866 3.618379
109010568 0.911107 -0.281400 -0.751841 1.214317 128.253872 -17.163570 0.917715 3.618380
109010569 0.914558 -0.281400 -0.748223 1.214678 128.023544 -17.102579 0.911578 3.618309
109010570 0.918010 -0.281400 -0.744606 1.215058 127.793326 -17.042008 0.905456 3.618166
109010571 0.921462 -0.281400 -0.740988 1.215459 127.563225 -16.981852 0.899347 3.617952
109010572 0.924913 -0.281400 -0.737371 1.215881 127.333249 -16.922106 0.893253 3.617667
109010573 0.928365 -0.281400 -0.733753 1.216323 127.103407 -16.862767 0.887174 3.617310
109010574 0.931817 -0.281400 -0.730136 1.216785 126.873706 -16.803831 0.881109 3.616883
109010575 0.935268 -0.281400 -0.726518 1.217268 126.644155 -16.745294 0.875060 3.616386
109010576 0.938720 -0.281400 -0.722901 1.217771 126.414761 -16.687151 0.869026 3.615818
109010577 0.942171 -0.281400 -0.719283 1.218295 126.185532 -16.629400 0.863008 3.615181
109010578 0.945623 -0.281400 -0.715666 1.218838 125.956477 -16.572036 0.857006 3.614475
109010579 0.949075 -0.281400 -0.712048 1.219402 125.727602 -16.515055 0.851020 3.613699
109010580 0.952526 -0.281400 -0.708431 1.219986 125.498917 -16.458454 0.845051 3.612855
109010581 0.955978 -0.281400 -0.704813 1.220591 125.270427 -16.402229 0.839098 3.611943
109010582 0.959430 -0.281400 -0.701196 1.221215 125.042142 -16.346376 0.833162 3.610963
109010583 0.962881 -0.281400 -0.697578 1.221860 124.814068 -16.290892 0.827243 3.609915
109010584 0.966333 -0.281400 -0.693961 1.222525 124.586214 -16.235773 0.821341 3.608800
109010585 0.969784 -0.281400 -0.690343 1.223210 124.358587 -16.181017 0.815457 3.607618
109010586 0.973236 -0.281400 -0.686726 1.223914 124.131194 -16.126618 0.809591 3.606369
109010587 0.976688 -0.281400 -0.683108 1.224639 123.904042 -16.072574 0.803743 3.605055
109010588 0.980139 -0.281400 -0.679491 1.225384 123.677140 -16.018882 0.797913 3.603675
109010589 0.983591 -0.281400 -0.675873 1.226149 123.450493 -15.965539 0.792102 3.602230
109010590 0.987042 -0.281400 -0.672256 1.226934 123.224111 -15.912540 0.786310 3.600720
109010591 0.990494 -0.281400 -0.668638 1.227738 122.997999 -15.859883 0.780536 3.599145
109010592 0.993946 -0.281400 -0.665021 1.228563 122.772165 -15.807564 0.774782 3.597507
109010593 0.997397 -0.281400 -0.661403 1.229407 122.546616 -15.755580 0.769047 3.595805
109010594 1.000849 -0.281400 -0.657786 1.230271 122.321359 -15.703929 0.763332 3.594040
109010595 1.004301 -0.281400 -0.654168 1.231155 122.096401 -15.652607 0.757637 3.592212
109010596 1.007752 -0.281400 -0.650551 1.232058 121.871748 -15.601611 0.751962 3.590322
109010597 1.011204 -0.281400 -0.646933 1.232981 121.647408 -15.550938 0.746307 3.588370
109010598 1.014655 -0.281400 -0.643316 1.233923 121.423387 -15.500585 0.740673 3.586357
109010599 1.018107 -0.281400 -0.639698 1.234885 121.199693 -15.450550 0.735060 3.584283
109010600 1.021559 -0.281400 -0.636081 1.235867 120.976330 -15.400828 0.729468 3.582148
109010601 0.679849 -0.255000 -0.994214 1.231130 143.858434 -20.560240 1.270499 3.507625
109010602 0.683300 -0.255000 -0.990596 1.230124 143.637462 -20.465012 1.264220 3.512382
109010603 0.686752 -0.255000 -0.986979 1.229138 143.416056 -20.370625 1.257950 3.517064
109010604 0.690203 -0.255000 -0.983361 1.228171 143.194225 -20.277067 1.251687 3.521672
109010605 0.693655 -0.255000 -0.979744 1.227225 142.971975 -20.184330 1.245432 3.526206
109010606 0.697107 -0.255000 -0.976126 1.226297 142.749314 -20.092402 1.239185 3.530665
109010607 0.700558 -0.255000 -0.972509 1.225390 142.526249 -20.001273 1.232946 3.535049
109010608 0.704010 -0.255000 -0.968891 1.224502 142.302788 -19.910934 1.226715 3.539359
109010609 0.707462 -0.255000 -0.965274 1.223634 142.078938 -19.821375 1.220490 3.543593
109010610 0.710913 -0.255000 -0.961656 1.222786 141.854706 -19.732586 1.214273 3.547753
109010611 0.714365 -0.255000 -0.958039 1.221958 141.630100 -19.644557 1.208064 3.551838
109010612 0.717816 -0.255000 -0.954421 1.221149 141.405128 -19.557280 1.201861 3.555848
109010613 0.721268 -0.255000 -0.950804 1.220361 141.179797 -19.470744 1.195666 3.559783
109010614 0.724720 -0.255000 -0.947186 1.219592 140.954115 -19.384942 1.189477 3.563642
109010615 0.728171 -0.255000 -0.943569 1.218844 140.728090 -19.299864 1.183296 3.567426
109010616 0.731623 -0.255000 -0.939951 1.218115 140.501729 -19.215502 1.177121 3.571135
109010617 0.735074 -0.255000 -0.936334 1.217407 140.275041 -19.131846 1.170953 3.574769
109010618 0.738526 -0.255000 -0.932716 1.216719 140.048033 -19.048889 1.164792 3.578327
109010619 0.741978 -0.255000 -0.929099 1.216051 139.820713 -18.966621 1.158638 3.581809
109010620 0.745429 -0.255000 -0.925481 1.215403 139.593090 -18.885035 1.152491 3.585216
109010621 0.748881 -0.255000 -0.921864 1.214776 139.365170 -18.804123 1.146350 3.588547
109010622 0.752333 -0.255000 -0.918246 1.214169 139.136963 -18.723877 1.140216 3.591803
109010623 0.755784 -0.255000 -0.914629 1.213582 138.908476 -18.644288 1.134088 3.594982
109010624 0.759236 -0.255000 -0.911011 1.213015 138.679717 -18.565349 1.127968 3.598086
109010625 0.762687 -0.255000 -0.907394 1.212469 138.450695 -18.487053 1.121854 3.601114
109010626 0.766139 -0.255000 -0.903776 1.211943 138.221418 -18.409391 1.115747 3.604066
109010627 0.769591 -0.255000 -0.900159 1.211437 137.991893 -18.332357 1.109647 3.606942
109010628 0.773042 -0.255000 -0.896541 1.210952 137.762130 -18.255943 1.103553 3.609742
109010629 0.776494 -0.255000 -0.892924 1.210488 137.532136 -18.180142 1.097467 3.612466
109010630 0.779945 -0.255000 -0.889306 1.210044 137.301919 -18.104946 1.091387 3.615115
109010631 0.783397 -0.255000 -0.885689 1.209620 137.071489 -18.030350 1.085314 3.617687
109010632 0.786849 -0.255000 -0.882071 1.209217 136.840853 -17.956345 1.079249 3.620183
109010633 0.790300 -0.255000 -0.878454 1.208834 136.610020 -17.882926 1.073190 3.622603
109010634 0.793752 -0.255000 -0.874836 1.208472 136.378998 -17.810086 1.067139 3.624946
109010635 0.797204 -0.255000 -0.871219 1.208131 136.147796 -17.737817 1.061095 3.627214
109010636 0.800655 -0.255000 -0.867601 1.207810 135.916422 -17.666114 1.055058 3.629406
109010637 0.804107 -0.255000 -0.863984 1.207510 135.684884 -17.594970 1.049029 3.631522
109010638 0.807558 -0.255000 -0.860366 1.207230 135.453191 -17.524379 1.043008 3.633562
109010639 0.811010 -0.255000 -0.856749 1.206972 135.221352 -17.454334 1.036994 3.635526
109010640 0.814462 -0.255000 -0.853131 1.206733 134.989375 -17.384830 1.030987 3.637414
109010641 0.817913 -0.255000 -0.849514 1.206516 134.757268 -17.315860 1.024989 3.639226
109010642 0.821365 -0.255000 -0.845896 1.206319 134.525040 -17.247419 1.018999 3.640962
109010643 0.824816 -0.255000 -0.842279 1.206143 134.292700 -17.179500 1.013017 3.642623
109010644 0.828268 -0.255000 -0.838661 1.205987 134.060256 -17.112099 1.007043 3.644208
109010645 0.831720 -0.255000 -0.835044 1.205853 133.827717 -17.045208 1.001077 3.645717
109010646 0.835171 -0.255000 -0.831426 1.205739 133.595091 -16.978823 0.995120 3.647150
109010647 0.838623 -0.255000 -0.827809 1.205645 133.362387 -16.912938 0.989172 3.648509
109010648 0.842075 -0.255000 -0.824191 1.205573 133.129614 -16.847548 0.983233 3.649792
109010649 0.845526 -0.255000 -0.820574 1.205521 132.896779 -16.782647 0.977302 3.650999
109010650 0.848978 -0.255000 -0.816956 1.205490 132.663892 -16.718230 0.971381 3.652132
109010651 0.852429 -0.255000 -0.813339 1.205479 132.430962 -16.654291 0.965469 3.653189
109010652 0.855881 -0.255000 -0.809721 1.205490 132.197996 -16.590826 0.959567 3.654172
109010653 0.859333 -0.255000 -0.806104 1.205521 131.965003 -16.527829 0.953674 3.655080
109010654 0.862784 -0.255000 -0.802486 1.205573 131.731992 -16.465296 0.947791 3.655913
109010655 0.866236 -0.255000 -0.798869 1.205645 131.498971 -16.403221 0.941918 3.656671
109010656 0.869687 -0.255000 -0.795251 1.205739 131.265950 -16.341600 0.936055 3.657356
109010657 0.873139 -0.255000 -0.791633 1.205853 131.032936 -16.280427 0.930203 3.657966
109010658 0.876591 -0.255000 -0.788016 1.205987 130.799938 -16.219699 0.924361 3.658502
109010659 0.880042 -0.255000 -0.784398 1.206143 130.566964 -16.159410 0.918530 3.658965
109010660 0.883494 -0.255000 -0.780781 1.206319 130.334023 -16.099555 0.912710 3.659354
109010661 0.886946 -0.255000 -0.777163 1.206516 130.101124 -16.040131 0.906901 3.659669
109010662 0.890397 -0.255000 -0.773546 1.206733 129.868274 -15.981133 0.901103 3.659911
109010663 0.893849 -0.255000 -0.769928 1.206972 129.635483 -15.922555 0.895317 3.660080
109010664 0.897300 -0.255000 -0.766311 1.207231 129.402758 -15.864395 0.889542 3.660177
109010665 0.900752 -0.255000 -0.762693 1.207510 129.170109 -15.806647 0.883780 3.660200
109010666 0.904204 -0.255000 -0.759076 1.207810 128.937543 -15.749307 0.878030 3.660152
109010667 0.907655 -0.255000 -0.755458 1.208131 128.705068 -15.692372 0.872292 3.660031
109010668 0.911107 -0.255000 -0.751841 1.208472 128.472693 -15.635836 0.866566 3.659839
109010669 0.914558 -0.255000 -0.748223 1.208834 128.240427 -15.579696 0.860854 3.659575
109010670 0.918010 -0.255000 -0.744606 1.209217 128.008277 -15.523948 0.855154 3.659239
109010671 0.921462 -0.255000 -0.740988 1.209620 127.776252 -15.468588 0.849468 3.658833
109010672 0.924913 -0.255000 -0.737371 1.210044 127.544360 -15.413612 0.843795 3.658356
109010673 0.928365 -0.255000 -0.733753 1.210488 127.312608 -15.359016 0.838136 3.657808
109010674 0.931817 -0.255000 -0.730136 1.210952 127.081006 -15.304796 0.832490 3.657191
109010675 0.935268 -0.255000 -0.726518 1.211437 126.849560 -15.250948 0.826859 3.656503
109010676 0.938720 -0.255000 -0.722901 1.211943 126.618280 -15.197469 0.821242 3.655746
109010677 0.942171 -0.255000 -0.719283 1.212469 126.387173 -15.144355 0.815639 3.654919
109010678 0.945623 -0.255000 -0.715666 1.213015 126.156246 -15.091603 0.810051 3.654024
109010679 0.949075 -0.255000 -0.712048 1.213582 125.925509 -15.039208 0.804478 3.653060
109010680 0.952526 -0.255000 -0.708431 1.214169 125.694968 -14.987167 0.798921 3.652028
109010681 0.955978 -0.255000 -0.704813 1.214776 125.464631 -14.935477 0.793378 3.650928
109010682 0.959430 -0.255000 -0.701196 1.215403 125.234507 -14.884135 0.787851 3.649761
109010683 0.962881 -0.255000 -0.697578 1.216051 125.004602 -14.833136 0.782340 3.648526
109010684 0.966333 -0.255000 -0.693961 1.216719 124.774925 -14.782478 0.776845 3.647225
109010685 0.969784 -0.255000 -0.690343 1.217407 124.545483 -14.732157 0.771367 3.645857
109010686 0.973236 -0.255000 -0.686726 1.218116 124.316283 -14.682170 0.765904 3.644423
109010687 0.976688 -0.255000 -0.683108 1.218844 124.087334 -14.632514 0.760459 3.642923
109010688 0.980139 -0.255000 -0.679491 1.219592 123.858642 -14.583185 0.755030 3.641359
109010689 0.983591 -0.255000 -0.675873 1.220361 123.630214 -14.534181 0.749619 3.639729
109010690 0.987042 -0.255000 -0.672256 1.221149 123.402059 -14.485497 0.744224 3.638035
109010691 0.990494 -0.255000 -0.668638 1.221958 123.174183 -14.437132 0.738848 3.636277
109010692 0.993946 -0.255000 -0.665021 1.222786 122.946593 -14.389082 0.733488 3.634455
109010693 0.997397 -0.255000 -0.661403 1.223634 122.719297 -14.341344 0.728147 3.632570
109010694 1.000849 -0.255000 -0.657786 1.224502 122.492301 -14.293916 0.722824 3.630623
109010695 1.004301 -0.255000 -0.654168 1.225390 122.265613 -14.246793 0.717520 3.628613
109010696 1.007752 -0.255000 -0.650551 1.226298 122.039240 -14.199974 0.712234 3.626541
109010697 1.011204 -0.255000 -0.646933 1.227225 121.813188 -14.153455 0.706966 3.624408
109010698 1.014655 -0.255000 -0.643316 1.228172 121.587464 -14.107234 0.701718 3.622214
109010699 1.018107 -0.255000 -0.639698 1.229138 121.362075 -14.061307 0.696489 3.619960
109010700 1.021559 -0.255000 -0.636081 1.230124 121.137028 -14.015673 0.691279 3.617645
109010701 0.679849 -0.228600 -0.994214 1.225934 144.192285 -18.585287 1.184112 3.559839
109010702 0.683300 -0.228600 -0.990596 1.224924 143.969149 -18.497809 1.178306 3.564331
109010703 0.686752 -0.228600 -0.986979 1.223933 143.745586 -18.411122 1.172510 3.568750
109010704 0.690203 -0.228600 -0.983361 1.222963 143.521602 -18.325216 1.166722 3.573097
109010705 0.693655 -0.228600 -0.979744 1.222012 143.297205 -18.240081 1.160944 3.577372
109010706 0.697107 -0.228600 -0.976126 1.221081 143.072402 -18.155706 1.155174 3.581575
109010707 0.700558 -0.228600 -0.972509 1.220169 142.847200 -18.072083 1.149413 3.585705
109010708 0.704010 -0.228600 -0.968891 1.219278 142.621607 -17.989201 1.143660 3.589763
109010709 0.707462 -0.228600 -0.965274 1.218406 142.395630 -17.907051 1.137915 3.593747
109010710 0.710913 -0.228600 -0.961656 1.217554 142.169277 -17.825624 1.132178 3.597659
109010711 0.714365 -0.228600 -0.958039 1.216722 141.942554 -17.744910 1.126449 3.601498
109010712 0.717816 -0.228600 -0.954421 1.215910 141.715471 -17.664901 1.120728 3.605264
109010713 0.721268 -0.228600 -0.950804 1.215119 141.488034 -17.585587 1.115015 3.608957
109010714 0.724720 -0.228600 -0.947186 1.214347 141.260251 -17.506960 1.109309 3.612576
109010715 0.728171 -0.228600 -0.943569 1.213595 141.032130 -17.429011 1.103610 3.616122
109010716 0.731623 -0.228600 -0.939951 1.212864 140.803679 -17.351732 1.097919 3.619594
109010717 0.735074 -0.228600 -0.936334 1.212152 140.574905 -17.275114 1.092235 3.622992
109010718 0.738526 -0.228600 -0.932716 1.211461 140.345816 -17.199150 1.086559 3.626317
109010719 0.741978 -0.228600 -0.929099 1.210790 140.116420 -17.123831 1.080889 3.629568
109010720 0.745429 -0.228600 -0.925481 1.210140 139.886726 -17.049149 1.075227 3.632745
109010721 0.748881 -0.228600 -0.921864 1.209510 139.656741 -16.975097 1.069572 3.635848
109010722 0.752333 -0.228600 -0.918246 1.208900 139.426473 -16.901666 1.063923 3.638877
109010723 0.755784 -0.228600 -0.914629 1.208310 139.195930 -16.828850 1.058282 3.641831
109010724 0.759236 -0.228600 -0.911011 1.207741 138.965121 -16.756641 1.052647 3.644711
109010725 0.762687 -0.228600 -0.907394 1.207192 138.734053 -16.685031 1.047020 3.647517
109010726 0.766139 -0.228600 -0.903776 1.206664 138.502735 -16.614013 1.041399 3.650248
109010727 0.769591 -0.228600 -0.900159 1.206156 138.271175 -16.543580 1.035785 3.652905
109010728 0.773042 -0.228600 -0.896541 1.205669 138.039382 -16.473726 1.030178 3.655487
109010729 0.776494 -0.228600 -0.892924 1.205203 137.807363 -16.404443 1.024578 3.657994
109010730 0.779945 -0.228600 -0.889306 1.204757 137.575126 -16.335725 1.018985 3.660427
109010731 0.783397 -0.228600 -0.885689 1.204331 137.342681 -16.267564 1.013398 3.662785
109010732 0.786849 -0.228600 -0.882071 1.203926 137.110036 -16.199954 1.007819 3.665068
109010733 0.790300 -0.228600 -0.878454 1.203542 136.877198 -16.132890 1.002247 3.667277
109010734 0.793752 -0.228600 -0.874836 1.203178 136.644177 -16.066363 0.996681 3.669410
109010735 0.797204 -0.228600 -0.871219 1.202836 136.410981 -16.000369 0.991123 3.671469
109010736 0.800655 -0.228600 -0.867601 1.202513 136.177618 -15.934901 0.985572 3.673452
109010737 0.804107 -0.228600 -0.863984 1.202212 135.944097 -15.869953 0.980028 3.675361
109010738 0.807558 -0.228600 -0.860366 1.201931 135.710427 -15.805518 0.974491 3.677195
109010739 0.811010 -0.228600 -0.856749 1.201671 135.476615 -15.741592 0.968961 3.678954
109010740 0.814462 -0.228600 -0.853131 1.201432 135.242671 -15.678167 0.963439 3.680638
109010741 0.817913 -0.228600 -0.849514 1.201213 135.008603 -15.615239 0.957925 3.682248
109010742 0.821365 -0.228600 -0.845896 1.201016 134.774419 -15.552802 0.952418 3.683782
109010743 0.824816 -0.228600 -0.842279 1.200839 134.540128 -15.490850 0.946918 3.685242
109010744 0.828268 -0.228600 -0.838661 1.200682 134.305740 -15.429377 0.941427 3.686627
109010745 0.831720 -0.228600 -0.835044 1.200547 134.071261 -15.368379 0.935943 3.687937
109010746 0.835171 -0.228600 -0.831426 1.200433 133.836702 -15.307849 0.930467 3.689173
109010747 0.838623 -0.228600 -0.827809 1.200339 133.602070 -15.247783 0.925000 3.690334
109010748 0.842075 -0.228600 -0.824191 1.200266 133.367375 -15.188176 0.919540 3.691421
109010749 0.845526 -0.228600 -0.820574 1.200214 133.132624 -15.129022 0.914089 3.692433
109010750 0.848978 -0.228600 -0.816956 1.200183 132.897827 -15.070317 0.908647 3.693371
109010751 0.852429 -0.228600 -0.813339 1.200172 132.662992 -15.012054 0.903213 3.694235
109010752 0.855881 -0.228600 -0.809721 1.200183 132.428127 -14.954231 0.897787 3.695024
109010753 0.859333 -0.228600 -0.806104 1.200214 132.193242 -14.896841 0.892371 3.695740
109010754 0.862784 -0.228600 -0.802486 1.200266 131.958345 -14.839880 0.886963 3.696382
109010755 0.866236 -0.228600 -0.798869 1.200339 131.723444 -14.783343 0.881565 3.696950
109010756 0.869687 -0.228600 -0.795251 1.200433 131.488548 -14.727226 0.876176 3.697444
109010757 0.873139 -0.228600 -0.791633 1.200547 131.253666 -14.671524 0.870797 3.697865
109010758 0.876591 -0.228600 -0.788016 1.200682 131.018807 -14.616233 0.865427 3.698213
109010759 0.880042 -0.228600 -0.784398 1.200839 130.783978 -14.561348 0.860067 3.698487
109010760 0.883494 -0.228600 -0.780781 1.201016 130.549188 -14.506864 0.854717 3.698689
109010761 0.886946 -0.228600 -0.777163 1.201213 130.314446 -14.452778 0.849377 3.698818
109010762 0.890397 -0.228600 -0.773546 1.201432 130.079761 -14.399086 0.844047 3.698874
109010763 0.893849 -0.228600 -0.769928 1.201671 129.845140 -14.345783 0.838728 3.698858
109010764 0.897300 -0.228600 -0.766311 1.201931 129.610593 -14.292864 0.833419 3.698770
109010765 0.900752 -0.228600 -0.762693 1.202212 129.376127 -14.240327 0.828122 3.698609
109010766 0.904204 -0.228600 -0.759076 1.202513 129.141752 -14.188166 0.822835 3.698377
109010767 0.907655 -0.228600 -0.755458 1.202836 128.907475 -14.136379 0.817559 3.698074
109010768 0.911107 -0.228600 -0.751841 1.203178 128.673304 -14.084960 0.812295 3.697699
109010769 0.914558 -0.228600 -0.748223 1.203542 128.439249 -14.033907 0.807042 3.697253
109010770 0.918010 -0.228600 -0.744606 1.203926 128.205317 -13.983215 0.801802 3.696737
109010771 0.921462 -0.228600 -0.740988 1.204331 127.971517 -13.932881 0.796572 3.696150
109010772 0.924913 -0.228600 -0.737371 1.204757 127.737856 -13.882901 0.791356 3.695492
109010773 0.928365 -0.228600 -0.733753 1.205203 127.504344 -13.833271 0.786151 3.694765
109010774 0.931817 -0.228600 -0.730136 1.205669 127.270988 -13.783988 0.780959 3.693968
109010775 0.935268 -0.228600 -0.726518 1.206157 127.037796 -13.735048 0.775779 3.693102
109010776 0.938720 -0.228600 -0.722901 1.206664 126.804776 -13.686447 0.770613 3.692167
109010777 0.942171 -0.228600 -0.719283 1.207192 126.571937 -13.638183 0.765459 3.691163
109010778 0.945623 -0.228600 -0.715666 1.207741 126.339286 -13.590252 0.760319 3.690090
109010779 0.949075 -0.228600 -0.712048 1.208310 126.106831 -13.542650 0.755192 3.688950
109010780 0.952526 -0.228600 -0.708431 1.208900 125.874581 -13.495375 0.750079 3.687742
109010781 0.955978 -0.228600 -0.704813 1.209510 125.642542 -13.448422 0.744980 3.686466
109010782 0.959430 -0.228600 -0.701196 1.210140 125.410723 -13.401789 0.739894 3.685123
109010783 0.962881 -0.228600 -0.697578 1.210790 125.179131 -13.355472 0.734823 3.683714
109010784 0.966333 -0.228600 -0.693961 1.211461 124.947775 -13.309468 0.729767 3.682238
109010785 0.969784 -0.228600 -0.690343 1.212152 124.716661 -13.263775 0.724725 3.680696
109010786 0.973236 -0.228600 -0.686726 1.212864 124.485798 -13.218389 0.719698 3.679089
109010787 0.976688 -0.228600 -0.683108 1.213595 124.255192 -13.173307 0.714686 3.677416
109010788 0.980139 -0.228600 -0.679491 1.214347 124.024852 -13.128526 0.709689 3.675679
109010789 0.983591 -0.228600 -0.675873 1.215119 123.794784 -13.084043 0.704707 3.673877
109010790 0.987042 -0.228600 -0.672256 1.215911 123.564997 -13.039855 0.699741 3.672012
109010791 0.990494 -0.228600 -0.668638 1.216722 123.335496 -12.995960 0.694791 3.670082
109010792 0.993946 -0.228600 -0.665021 1.217554 123.106290 -12.952354 0.689857 3.668090
109010793 0.997397 -0.228600 -0.661403 1.218406 122.877386 -12.909035 0.684939 3.666035
109010794 1.000849 -0.228600 -0.657786 1.219278 122.648791 -12.865999 0.680037 3.663917
109010795 1.004301 -0.228600 -0.654168 1.220170 122.420511 -12.823245 0.675152 3.661738
109010796 1.007752 -0.228600 -0.650551 1.221081 122.192554 -12.780770 0.670283 3.659497
109010797 1.011204 -0.228600 -0.646933 1.222012 121.964927 -12.738570 0.665432 3.657195
109010798 1.014655 -0.228600 -0.643316 1.222963 121.737636 -12.696643 0.660597 3.654833
109010799 1.018107 -0.228600 -0.639698 1.223934 121.510689 -12.654987 0.655780 3.652410
109010800 1.021559 -0.228600 -0.636081 1.224924 121.284091 -12.613599 0.650980 3.649928
