# pixelID   x   y   z   l2  two_theta   azimuthal   polar_width azimuthal_width
111010001 1.062720 -0.748940 0.521137 1.400667 68.157080 -35.173838 1.250878 3.204191
111010002 1.062720 -0.748940 0.526137 1.402535 67.967486 -35.173838 1.257701 3.199925
111010003 1.062720 -0.748940 0.531137 1.404418 67.778399 -35.173838 1.264455 3.195637
111010004 1.062720 -0.748940 0.536137 1.406317 67.589820 -35.173838 1.271141 3.191325
111010005 1.062720 -0.748940 0.541137 1.408231 67.401751 -35.173838 1.277759 3.186990
111010006 1.062720 -0.748940 0.546137 1.410160 67.214195 -35.173838 1.284309 3.182633
111010007 1.062720 -0.748940 0.551137 1.412104 67.027153 -35.173838 1.290791 3.178254
111010008 1.062720 -0.748940 0.556137 1.414063 66.840628 -35.173838 1.297204 3.173853
111010009 1.062720 -0.748940 0.561137 1.416037 66.654620 -35.173838 1.303550 3.169431
111010010 1.062720 -0.748940 0.566137 1.418025 66.469133 -35.173838 1.309828 3.164988
111010011 1.062720 -0.748940 0.571137 1.420029 66.284166 -35.173838 1.316038 3.160525
111010012 1.062720 -0.748940 0.576137 1.422047 66.099724 -35.173838 1.322180 3.156041
111010013 1.062720 -0.748940 0.581137 1.424080 65.915805 -35.173838 1.328255 3.151538
111010014 1.062720 -0.748940 0.586137 1.426128 65.732413 -35.173838 1.334263 3.147015
111010015 1.062720 -0.748940 0.591137 1.428190 65.549549 -35.173838 1.340203 3.142473
111010016 1.062720 -0.748940 0.596137 1.430267 65.367214 -35.173838 1.346077 3.137912
111010017 1.062720 -0.748940 0.601137 1.432358 65.185410 -35.173838 1.351883 3.133333
111010018 1.062720 -0.748940 0.606137 1.434464 65.004137 -35.173838 1.357623 3.128736
111010019 1.062720 -0.748940 0.611137 1.436584 64.823398 -35.173838 1.363295 3.124122
111010020 1.062720 -0.748940 0.616137 1.438718 64.643193 -35.173838 1.368902 3.119490
111010021 1.062720 -0.748940 0.621137 1.440866 64.463523 -35.173838 1.374442 3.114841
111010022 1.062720 -0.748940 0.626137 1.443029 64.284391 -35.173838 1.379916 3.110175
111010023 1.062720 -0.748940 0.631137 1.445205 64.105796 -35.173838 1.385325 3.105493
111010024 1.062720 -0.748940 0.636137 1.447396 63.927740 -35.173838 1.390668 3.100796
111010025 1.062720 -0.748940 0.641137 1.449600 63.750224 -35.173838 1.395945 3.096083
111010026 1.062720 -0.748940 0.646137 1.451819 63.573249 -35.173838 1.401157 3.091354
111010027 1.062720 -0.748940 0.651137 1.454051 63.396815 -35.173838 1.406304 3.086611
111010028 1.062720 -0.748940 0.656137 1.456297 63.220924 -35.173838 1.411386 3.081853
111010029 1.062720 -0.748940 0.661137 1.458556 63.045576 -35.173838 1.416404 3.077081
111010030 1.062720 -0.748940 0.666137 1.460830 62.870773 -35.173838 1.421357 3.072295
111010031 1.062720 -0.748940 0.671137 1.463116 62.696514 -35.173838 1.426247 3.067495
111010032 1.062720 -0.748940 0.676137 1.465417 62.522801 -35.173838 1.431072 3.062683
111010033 1.062720 -0.748940 0.681137 1.467730 62.349633 -35.173838 1.435835 3.057857
111010034 1.062720 -0.748940 0.686137 1.470057 62.177013 -35.173838 1.440534 3.053019
111010035 1.062720 -0.748940 0.691137 1.472398 62.004939 -35.173838 1.445170 3.048168
111010036 1.062720 -0.748940 0.696137 1.474751 61.833413 -35.173838 1.449743 3.043306
111010037 1.062720 -0.748940 0.701137 1.477118 61.662436 -35.173838 1.454254 3.038432
111010038 1.062720 -0.748940 0.706137 1.479498 61.492007 -35.173838 1.458702 3.033547
111010039 1.062720 -0.748940 0.711137 1.481891 61.322127 -35.173838 1.463089 3.028651
111010040 1.062720 -0.748940 0.716137 1.484297 61.152796 -35.173838 1.467415 3.023744
111010041 1.062720 -0.748940 0.721137 1.486716 60.984014 -35.173838 1.471679 3.018826
111010042 1.062720 -0.748940 0.726137 1.489147 60.815783 -35.173838 1.475882 3.013899
111010043 1.062720 -0.748940 0.731137 1.491592 60.648101 -35.173838 1.480025 3.008962
111010044 1.062720 -0.748940 0.736137 1.494049 60.480969 -35.173838 1.484107 3.004016
111010045 1.062720 -0.748940 0.741137 1.496519 60.314388 -35.173838 1.488130 2.999060
111010046 1.062720 -0.748940 0.746137 1.499001 60.148357 -35.173838 1.492092 2.994096
111010047 1.062720 -0.748940 0.751137 1.501496 59.982877 -35.173838 1.495996 2.989123
111010048 1.062720 -0.748940 0.756137 1.504004 59.817947 -35.173838 1.499840 2.984141
111010049 1.062720 -0.748940 0.761137 1.506524 59.653567 -35.173838 1.503626 2.979152
111010050 1.062720 -0.748940 0.766137 1.509056 59.489738 -35.173838 1.507353 2.974155
111010051 1.062720 -0.748940 0.771137 1.511601 59.326458 -35.173838 1.511023 2.969151
111010052 1.062720 -0.748940 0.776137 1.514158 59.163729 -35.173838 1.514635 2.964139
111010053 1.062720 -0.748940 0.781137 1.516727 59.001550 -35.173838 1.518189 2.959121
111010054 1.062720 -0.748940 0.786137 1.519308 58.839921 -35.173838 1.521687 2.954096
111010055 1.062720 -0.748940 0.791137 1.521901 58.678841 -35.173838 1.525128 2.949064
111010056 1.062720 -0.748940 0.796137 1.524506 58.518311 -35.173838 1.528513 2.944027
111010057 1.062720 -0.748940 0.801137 1.527123 58.358329 -35.173838 1.531842 2.938984
111010058 1.062720 -0.748940 0.806137 1.529752 58.198896 -35.173838 1.535115 2.933935
111010059 1.062720 -0.748940 0.811137 1.532393 58.040011 -35.173838 1.538333 2.928882
111010060 1.062720 -0.748940 0.816137 1.535045 57.881675 -35.173838 1.541497 2.923823
111010061 1.062720 -0.748940 0.821137 1.537710 57.723885 -35.173838 1.544606 2.918759
111010062 1.062720 -0.748940 0.826137 1.540385 57.566643 -35.173838 1.547660 2.913691
111010063 1.062720 -0.748940 0.831137 1.543073 57.409947 -35.173838 1.550662 2.908619
111010064 1.062720 -0.748940 0.836137 1.545772 57.253797 -35.173838 1.553610 2.903543
111010065 1.062720 -0.748940 0.841137 1.548482 57.098193 -35.173838 1.556505 2.898463
111010066 1.062720 -0.748940 0.846137 1.551204 56.943134 -35.173838 1.559347 2.893380
111010067 1.062720 -0.748940 0.851137 1.553937 56.788618 -35.173838 1.562137 2.888293
111010068 1.062720 -0.748940 0.856137 1.556681 56.634647 -35.173838 1.564875 2.883204
111010069 1.062720 -0.748940 0.861137 1.559436 56.481219 -35.173838 1.567562 2.878111
111010070 1.062720 -0.748940 0.866137 1.562203 56.328332 -35.173838 1.570198 2.873016
111010071 1.062720 -0.748940 0.871137 1.564981 56.175988 -35.173838 1.572783 2.867919
111010072 1.062720 -0.748940 0.876137 1.567769 56.024184 -35.173838 1.575318 2.862820
111010073 1.062720 -0.748940 0.881137 1.570569 55.872921 -35.173838 1.577803 2.857719
111010074 1.062720 -0.748940 0.886137 1.573380 55.722197 -35.173838 1.580238 2.852616
111010075 1.062720 -0.748940 0.891137 1.576201 55.572011 -35.173838 1.582624 2.847512
111010076 1.062720 -0.748940 0.896137 1.579033 55.422364 -35.173838 1.584962 2.842406
111010077 1.062720 -0.748940 0.901137 1.581876 55.273253 -35.173838 1.587250 2.837300
111010078 1.062720 -0.748940 0.906137 1.584730 55.124678 -35.173838 1.589491 2.832193
111010079 1.062720 -0.748940 0.911137 1.587594 54.976638 -35.173838 1.591685 2.827085
111010080 1.062720 -0.748940 0.916137 1.590469 54.829133 -35.173838 1.593831 2.821977
111010081 1.062720 -0.748940 0.921137 1.593354 54.682160 -35.173838 1.595930 2.816869
111010082 1.062720 -0.748940 0.926137 1.596250 54.535720 -35.173838 1.597982 2.811761
111010083 1.062720 -0.748940 0.931137 1.599156 54.389812 -35.173838 1.599989 2.806653
111010084 1.062720 -0.748940 0.936137 1.602073 54.244433 -35.173838 1.601950 2.801546
111010085 1.062720 -0.748940 0.941137 1.604999 54.099584 -35.173838 1.603865 2.796439
111010086 1.062720 -0.748940 0.946137 1.607936 53.955263 -35.173838 1.605736 2.791333
111010087 1.062720 -0.748940 0.951137 1.610884 53.811469 -35.173838 1.607562 2.786229
111010088 1.062720 -0.748940 0.956137 1.613841 53.668202 -35.173838 1.609343 2.781125
111010089 1.062720 -0.748940 0.961137 1.616808 53.525459 -35.173838 1.611081 2.776023
111010090 1.062720 -0.748940 0.966137 1.619786 53.383240 -35.173838 1.612776 2.770922
111010091 1.062720 -0.748940 0.971137 1.622773 53.241544 -35.173838 1.614427 2.765823
111010092 1.062720 -0.748940 0.976137 1.625770 53.100370 -35.173838 1.616036 2.760727
111010093 1.062720 -0.748940 0.981137 1.628777 52.959716 -35.173838 1.617602 2.755632
111010094 1.062720 -0.748940 0.986137 1.631794 52.819581 -35.173838 1.619127 2.750539
111010095 1.062720 -0.748940 0.991137 1.634820 52.679964 -35.173838 1.620610 2.745449
111010096 1.062720 -0.748940 0.996137 1.637856 52.540864 -35.173838 1.622052 2.740362
111010097 1.062720 -0.748940 1.001137 1.640902 52.402279 -35.173838 1.623453 2.735277
111010098 1.062720 -0.748940 1.006137 1.643957 52.264209 -35.173838 1.624814 2.730196
111010099 1.062720 -0.748940 1.011137 1.647022 52.126652 -35.173838 1.626134 2.725117
111010100 1.062720 -0.748940 1.016137 1.650097 51.989607 -35.173838 1.627415 2.720042
111010101 1.074438 -0.725283 0.521137 1.397153 68.099307 -34.020720 1.244789 3.221572
111010102 1.074438 -0.725283 0.526137 1.399026 67.909315 -34.020720 1.251549 3.217262
111010103 1.074438 -0.725283 0.531137 1.400914 67.719832 -34.020720 1.258241 3.212929
111010104 1.074438 -0.725283 0.536137 1.402817 67.530861 -34.020720 1.264864 3.208572
111010105 1.074438 -0.725283 0.541137 1.404736 67.342405 -34.020720 1.271420 3.204192
111010106 1.074438 -0.725283 0.546137 1.406670 67.154465 -34.020720 1.277908 3.199790
111010107 1.074438 -0.725283 0.551137 1.408618 66.967042 -34.020720 1.284327 3.195365
111010108 1.074438 -0.725283 0.556137 1.410582 66.780140 -34.020720 1.290679 3.190919
111010109 1.074438 -0.725283 0.561137 1.412561 66.593759 -34.020720 1.296963 3.186451
111010110 1.074438 -0.725283 0.566137 1.414555 66.407902 -34.020720 1.303180 3.181962
111010111 1.074438 -0.725283 0.571137 1.416563 66.222570 -34.020720 1.309329 3.177453
111010112 1.074438 -0.725283 0.576137 1.418586 66.037764 -34.020720 1.315410 3.172923
111010113 1.074438 -0.725283 0.581137 1.420624 65.853487 -34.020720 1.321425 3.168374
111010114 1.074438 -0.725283 0.586137 1.422677 65.669739 -34.020720 1.327372 3.163805
111010115 1.074438 -0.725283 0.591137 1.424744 65.486523 -34.020720 1.333251 3.159217
111010116 1.074438 -0.725283 0.596137 1.426826 65.303840 -34.020720 1.339065 3.154609
111010117 1.074438 -0.725283 0.601137 1.428922 65.121691 -34.020720 1.344811 3.149984
111010118 1.074438 -0.725283 0.606137 1.431033 64.940078 -34.020720 1.350491 3.145340
111010119 1.074438 -0.725283 0.611137 1.433158 64.759001 -34.020720 1.356104 3.140679
111010120 1.074438 -0.725283 0.616137 1.435297 64.578462 -34.020720 1.361651 3.136000
111010121 1.074438 -0.725283 0.621137 1.437451 64.398462 -34.020720 1.367132 3.131304
111010122 1.074438 -0.725283 0.626137 1.439618 64.219003 -34.020720 1.372547 3.126592
111010123 1.074438 -0.725283 0.631137 1.441800 64.040085 -34.020720 1.377897 3.121863
111010124 1.074438 -0.725283 0.636137 1.443996 63.861709 -34.020720 1.383181 3.117119
111010125 1.074438 -0.725283 0.641137 1.446205 63.683877 -34.020720 1.388400 3.112358
111010126 1.074438 -0.725283 0.646137 1.448429 63.506589 -34.020720 1.393554 3.107583
111010127 1.074438 -0.725283 0.651137 1.450666 63.329846 -34.020720 1.398643 3.102792
111010128 1.074438 -0.725283 0.656137 1.452917 63.153649 -34.020720 1.403668 3.097987
111010129 1.074438 -0.725283 0.661137 1.455182 62.977999 -34.020720 1.408628 3.093168
111010130 1.074438 -0.725283 0.666137 1.457461 62.802896 -34.020720 1.413525 3.088335
111010131 1.074438 -0.725283 0.671137 1.459753 62.628342 -34.020720 1.418357 3.083488
111010132 1.074438 -0.725283 0.676137 1.462058 62.454337 -34.020720 1.423126 3.078628
111010133 1.074438 -0.725283 0.681137 1.464377 62.280881 -34.020720 1.427832 3.073755
111010134 1.074438 -0.725283 0.686137 1.466710 62.107975 -34.020720 1.432475 3.068869
111010135 1.074438 -0.725283 0.691137 1.469055 61.935620 -34.020720 1.437055 3.063971
111010136 1.074438 -0.725283 0.696137 1.471414 61.763816 -34.020720 1.441573 3.059062
111010137 1.074438 -0.725283 0.701137 1.473786 61.592564 -34.020720 1.446028 3.054140
111010138 1.074438 -0.725283 0.706137 1.476172 61.421863 -34.020720 1.450422 3.049208
111010139 1.074438 -0.725283 0.711137 1.478570 61.251715 -34.020720 1.454754 3.044264
111010140 1.074438 -0.725283 0.716137 1.480981 61.082119 -34.020720 1.459025 3.039310
111010141 1.074438 -0.725283 0.721137 1.483406 60.913076 -34.020720 1.463235 3.034345
111010142 1.074438 -0.725283 0.726137 1.485843 60.744586 -34.020720 1.467384 3.029370
111010143 1.074438 -0.725283 0.731137 1.488293 60.576649 -34.020720 1.471473 3.024386
111010144 1.074438 -0.725283 0.736137 1.490755 60.409266 -34.020720 1.475502 3.019392
111010145 1.074438 -0.725283 0.741137 1.493231 60.242436 -34.020720 1.479471 3.014389
111010146 1.074438 -0.725283 0.746137 1.495718 60.076160 -34.020720 1.483381 3.009377
111010147 1.074438 -0.725283 0.751137 1.498219 59.910438 -34.020720 1.487232 3.004357
111010148 1.074438 -0.725283 0.756137 1.500732 59.745269 -34.020720 1.491024 2.999329
111010149 1.074438 -0.725283 0.761137 1.503257 59.580654 -34.020720 1.494758 2.994292
111010150 1.074438 -0.725283 0.766137 1.505795 59.416592 -34.020720 1.498434 2.989248
111010151 1.074438 -0.725283 0.771137 1.508345 59.253084 -34.020720 1.502052 2.984196
111010152 1.074438 -0.725283 0.776137 1.510908 59.090129 -34.020720 1.505613 2.979138
111010153 1.074438 -0.725283 0.781137 1.513482 58.927727 -34.020720 1.509116 2.974072
111010154 1.074438 -0.725283 0.786137 1.516069 58.765878 -34.020720 1.512563 2.969000
111010155 1.074438 -0.725283 0.791137 1.518668 58.604581 -34.020720 1.515954 2.963922
111010156 1.074438 -0.725283 0.796137 1.521278 58.443837 -34.020720 1.519289 2.958838
111010157 1.074438 -0.725283 0.801137 1.523901 58.283645 -34.020720 1.522568 2.953748
111010158 1.074438 -0.725283 0.806137 1.526535 58.124005 -34.020720 1.525792 2.948653
111010159 1.074438 -0.725283 0.811137 1.529182 57.964915 -34.020720 1.528962 2.943552
111010160 1.074438 -0.725283 0.816137 1.531840 57.806377 -34.020720 1.532076 2.938447
111010161 1.074438 -0.725283 0.821137 1.534509 57.648389 -34.020720 1.535137 2.933337
111010162 1.074438 -0.725283 0.826137 1.537191 57.490952 -34.020720 1.538144 2.928222
111010163 1.074438 -0.725283 0.831137 1.539884 57.334063 -34.020720 1.541097 2.923104
111010164 1.074438 -0.725283 0.836137 1.542588 57.177724 -34.020720 1.543998 2.917981
111010165 1.074438 -0.725283 0.841137 1.545304 57.021933 -34.020720 1.546846 2.912855
111010166 1.074438 -0.725283 0.846137 1.548031 56.866689 -34.020720 1.549641 2.907725
111010167 1.074438 -0.725283 0.851137 1.550770 56.711993 -34.020720 1.552385 2.902593
111010168 1.074438 -0.725283 0.856137 1.553520 56.557844 -34.020720 1.555077 2.897457
111010169 1.074438 -0.725283 0.861137 1.556281 56.404240 -34.020720 1.557718 2.892319
111010170 1.074438 -0.725283 0.866137 1.559053 56.251182 -34.020720 1.560308 2.887178
111010171 1.074438 -0.725283 0.871137 1.561836 56.098668 -34.020720 1.562848 2.882035
111010172 1.074438 -0.725283 0.876137 1.564631 55.946697 -34.020720 1.565338 2.876890
111010173 1.074438 -0.725283 0.881137 1.567436 55.795270 -34.020720 1.567778 2.871743
111010174 1.074438 -0.725283 0.886137 1.570252 55.644384 -34.020720 1.570170 2.866595
111010175 1.074438 -0.725283 0.891137 1.573079 55.494040 -34.020720 1.572512 2.861446
111010176 1.074438 -0.725283 0.896137 1.575917 55.344236 -34.020720 1.574805 2.856295
111010177 1.074438 -0.725283 0.901137 1.578766 55.194972 -34.020720 1.577051 2.851143
111010178 1.074438 -0.725283 0.906137 1.581625 55.046247 -34.020720 1.579249 2.845991
111010179 1.074438 -0.725283 0.911137 1.584495 54.898059 -34.020720 1.581400 2.840839
111010180 1.074438 -0.725283 0.916137 1.587375 54.750408 -34.020720 1.583503 2.835686
111010181 1.074438 -0.725283 0.921137 1.590266 54.603293 -34.020720 1.585561 2.830533
111010182 1.074438 -0.725283 0.926137 1.593168 54.456713 -34.020720 1.587572 2.825380
111010183 1.074438 -0.725283 0.931137 1.596079 54.310667 -34.020720 1.589537 2.820228
111010184 1.074438 -0.725283 0.936137 1.599001 54.165154 -34.020720 1.591457 2.815076
111010185 1.074438 -0.725283 0.941137 1.601934 54.020172 -34.020720 1.593332 2.809925
111010186 1.074438 -0.725283 0.946137 1.604876 53.875721 -34.020720 1.595162 2.804775
111010187 1.074438 -0.725283 0.951137 1.607829 53.731800 -34.020720 1.596948 2.799626
111010188 1.074438 -0.725283 0.956137 1.610792 53.588407 -34.020720 1.598690 2.794479
111010189 1.074438 -0.725283 0.961137 1.613765 53.445542 -34.020720 1.600388 2.789333
111010190 1.074438 -0.725283 0.966137 1.616748 53.303203 -34.020720 1.602044 2.784188
111010191 1.074438 -0.725283 0.971137 1.619741 53.161389 -34.020720 1.603657 2.779046
111010192 1.074438 -0.725283 0.976137 1.622744 53.020099 -34.020720 1.605227 2.773905
111010193 1.074438 -0.725283 0.981137 1.625756 52.879332 -34.020720 1.606756 2.768767
111010194 1.074438 -0.725283 0.986137 1.628779 52.739087 -34.020720 1.608243 2.763632
111010195 1.074438 -0.725283 0.991137 1.631811 52.599362 -34.020720 1.609688 2.758498
111010196 1.074438 -0.725283 0.996137 1.634852 52.460156 -34.020720 1.611093 2.753368
111010197 1.074438 -0.725283 1.001137 1.637904 52.321468 -34.020720 1.612457 2.748241
111010198 1.074438 -0.725283 1.006137 1.640965 52.183296 -34.020720 1.613782 2.743116
111010199 1.074438 -0.725283 1.011137 1.644035 52.045640 -34.020720 1.615066 2.737995
111010200 1.074438 -0.725283 1.016137 1.647115 51.908497 -34.020720 1.616312 2.732877
111010201 1.086157 -0.701627 0.521137 1.394131 68.049358 -32.861318 1.237330 3.236634
111010202 1.086157 -0.701627 0.526137 1.396007 67.859021 -32.861318 1.244021 3.232285
111010203 1.086157 -0.701627 0.531137 1.397899 67.669197 -32.861318 1.250644 3.227913
111010204 1.086157 -0.701627 0.536137 1.399807 67.479889 -32.861318 1.257199 3.223516
111010205 1.086157 -0.701627 0.541137 1.401729 67.291098 -32.861318 1.263686 3.219097
111010206 1.086157 -0.701627 0.546137 1.403667 67.102826 -32.861318 1.270106 3.214656
111010207 1.086157 -0.701627 0.551137 1.405620 66.915076 -32.861318 1.276458 3.210192
111010208 1.086157 -0.701627 0.556137 1.407588 66.727848 -32.861318 1.282742 3.205706
111010209 1.086157 -0.701627 0.561137 1.409571 66.541145 -32.861318 1.288959 3.201198
111010210 1.086157 -0.701627 0.566137 1.411569 66.354969 -32.861318 1.295108 3.196670
111010211 1.086157 -0.701627 0.571137 1.413582 66.169321 -32.861318 1.301191 3.192120
111010212 1.086157 -0.701627 0.576137 1.415609 65.984202 -32.861318 1.307206 3.187551
111010213 1.086157 -0.701627 0.581137 1.417652 65.799615 -32.861318 1.313154 3.182961
111010214 1.086157 -0.701627 0.586137 1.419709 65.615562 -32.861318 1.319035 3.178352
111010215 1.086157 -0.701627 0.591137 1.421780 65.432042 -32.861318 1.324850 3.173723
111010216 1.086157 -0.701627 0.596137 1.423866 65.249059 -32.861318 1.330598 3.169076
111010217 1.086157 -0.701627 0.601137 1.425967 65.066613 -32.861318 1.336280 3.164410
111010218 1.086157 -0.701627 0.606137 1.428082 64.884705 -32.861318 1.341895 3.159725
111010219 1.086157 -0.701627 0.611137 1.430211 64.703337 -32.861318 1.347444 3.155023
111010220 1.086157 -0.701627 0.616137 1.432355 64.522510 -32.861318 1.352927 3.150304
111010221 1.086157 -0.701627 0.621137 1.434513 64.342226 -32.861318 1.358345 3.145567
111010222 1.086157 -0.701627 0.626137 1.436685 64.162485 -32.861318 1.363697 3.140814
111010223 1.086157 -0.701627 0.631137 1.438871 63.983288 -32.861318 1.368984 3.136045
111010224 1.086157 -0.701627 0.636137 1.441071 63.804636 -32.861318 1.374206 3.131259
111010225 1.086157 -0.701627 0.641137 1.443285 63.626531 -32.861318 1.379362 3.126458
111010226 1.086157 -0.701627 0.646137 1.445513 63.448974 -32.861318 1.384454 3.121641
111010227 1.086157 -0.701627 0.651137 1.447755 63.271965 -32.861318 1.389482 3.116810
111010228 1.086157 -0.701627 0.656137 1.450011 63.095504 -32.861318 1.394446 3.111963
111010229 1.086157 -0.701627 0.661137 1.452280 62.919594 -32.861318 1.399345 3.107103
111010230 1.086157 -0.701627 0.666137 1.454563 62.744234 -32.861318 1.404181 3.102229
111010231 1.086157 -0.701627 0.671137 1.456860 62.569425 -32.861318 1.408954 3.097341
111010232 1.086157 -0.701627 0.676137 1.459170 62.395168 -32.861318 1.413663 3.092439
111010233 1.086157 -0.701627 0.681137 1.461494 62.221464 -32.861318 1.418309 3.087525
111010234 1.086157 -0.701627 0.686137 1.463831 62.048312 -32.861318 1.422893 3.082599
111010235 1.086157 -0.701627 0.691137 1.466181 61.875715 -32.861318 1.427414 3.077659
111010236 1.086157 -0.701627 0.696137 1.468544 61.703671 -32.861318 1.431874 3.072709
111010237 1.086157 -0.701627 0.701137 1.470921 61.532182 -32.861318 1.436271 3.067746
111010238 1.086157 -0.701627 0.706137 1.473311 61.361247 -32.861318 1.440607 3.062772
111010239 1.086157 -0.701627 0.711137 1.475714 61.190868 -32.861318 1.444882 3.057787
111010240 1.086157 -0.701627 0.716137 1.478130 61.021044 -32.861318 1.449096 3.052792
111010241 1.086157 -0.701627 0.721137 1.480559 60.851776 -32.861318 1.453249 3.047786
111010242 1.086157 -0.701627 0.726137 1.483001 60.683064 -32.861318 1.457343 3.042770
111010243 1.086157 -0.701627 0.731137 1.485455 60.514908 -32.861318 1.461376 3.037744
111010244 1.086157 -0.701627 0.736137 1.487923 60.347308 -32.861318 1.465349 3.032709
111010245 1.086157 -0.701627 0.741137 1.490403 60.180264 -32.861318 1.469263 3.027665
111010246 1.086157 -0.701627 0.746137 1.492895 60.013777 -32.861318 1.473118 3.022612
111010247 1.086157 -0.701627 0.751137 1.495401 59.847846 -32.861318 1.476915 3.017551
111010248 1.086157 -0.701627 0.756137 1.497918 59.682472 -32.861318 1.480653 3.012481
111010249 1.086157 -0.701627 0.761137 1.500448 59.517654 -32.861318 1.484333 3.007404
111010250 1.086157 -0.701627 0.766137 1.502991 59.353393 -32.861318 1.487956 3.002319
111010251 1.086157 -0.701627 0.771137 1.505546 59.189687 -32.861318 1.491521 2.997226
111010252 1.086157 -0.701627 0.776137 1.508113 59.026538 -32.861318 1.495029 2.992127
111010253 1.086157 -0.701627 0.781137 1.510692 58.863944 -32.861318 1.498481 2.987020
111010254 1.086157 -0.701627 0.786137 1.513284 58.701906 -32.861318 1.501876 2.981908
111010255 1.086157 -0.701627 0.791137 1.515887 58.540423 -32.861318 1.505216 2.976789
111010256 1.086157 -0.701627 0.796137 1.518503 58.379496 -32.861318 1.508500 2.971664
111010257 1.086157 -0.701627 0.801137 1.521130 58.219122 -32.861318 1.511728 2.966533
111010258 1.086157 -0.701627 0.806137 1.523769 58.059304 -32.861318 1.514902 2.961397
111010259 1.086157 -0.701627 0.811137 1.526420 57.900039 -32.861318 1.518022 2.956256
111010260 1.086157 -0.701627 0.816137 1.529083 57.741327 -32.861318 1.521087 2.951110
111010261 1.086157 -0.701627 0.821137 1.531758 57.583169 -32.861318 1.524098 2.945959
111010262 1.086157 -0.701627 0.826137 1.534444 57.425563 -32.861318 1.527057 2.940805
111010263 1.086157 -0.701627 0.831137 1.537142 57.268509 -32.861318 1.529962 2.935646
111010264 1.086157 -0.701627 0.836137 1.539851 57.112007 -32.861318 1.532814 2.930483
111010265 1.086157 -0.701627 0.841137 1.542572 56.956055 -32.861318 1.535615 2.925316
111010266 1.086157 -0.701627 0.846137 1.545304 56.800654 -32.861318 1.538363 2.920147
111010267 1.086157 -0.701627 0.851137 1.548047 56.645803 -32.861318 1.541060 2.914974
111010268 1.086157 -0.701627 0.856137 1.550802 56.491500 -32.861318 1.543706 2.909798
111010269 1.086157 -0.701627 0.861137 1.553568 56.337746 -32.861318 1.546301 2.904620
111010270 1.086157 -0.701627 0.866137 1.556345 56.184540 -32.861318 1.548846 2.899439
111010271 1.086157 -0.701627 0.871137 1.559133 56.031880 -32.861318 1.551340 2.894257
111010272 1.086157 -0.701627 0.876137 1.561932 55.879766 -32.861318 1.553785 2.889072
111010273 1.086157 -0.701627 0.881137 1.564742 55.728198 -32.861318 1.556181 2.883886
111010274 1.086157 -0.701627 0.886137 1.567563 55.577174 -32.861318 1.558528 2.878698
111010275 1.086157 -0.701627 0.891137 1.570395 55.426694 -32.861318 1.560827 2.873509
111010276 1.086157 -0.701627 0.896137 1.573238 55.276757 -32.861318 1.563077 2.868319
111010277 1.086157 -0.701627 0.901137 1.576091 55.127361 -32.861318 1.565280 2.863128
111010278 1.086157 -0.701627 0.906137 1.578955 54.978506 -32.861318 1.567436 2.857937
111010279 1.086157 -0.701627 0.911137 1.581830 54.830192 -32.861318 1.569544 2.852745
111010280 1.086157 -0.701627 0.916137 1.584715 54.682417 -32.861318 1.571606 2.847553
111010281 1.086157 -0.701627 0.921137 1.587611 54.535179 -32.861318 1.573622 2.842362
111010282 1.086157 -0.701627 0.926137 1.590517 54.388479 -32.861318 1.575592 2.837170
111010283 1.086157 -0.701627 0.931137 1.593434 54.242315 -32.861318 1.577517 2.831979
111010284 1.086157 -0.701627 0.936137 1.596361 54.096686 -32.861318 1.579396 2.826789
111010285 1.086157 -0.701627 0.941137 1.599298 53.951591 -32.861318 1.581231 2.821599
111010286 1.086157 -0.701627 0.946137 1.602246 53.807028 -32.861318 1.583022 2.816411
111010287 1.086157 -0.701627 0.951137 1.605203 53.662998 -32.861318 1.584769 2.811224
111010288 1.086157 -0.701627 0.956137 1.608171 53.519498 -32.861318 1.586472 2.806038
111010289 1.086157 -0.701627 0.961137 1.611149 53.376528 -32.861318 1.588133 2.800854
111010290 1.086157 -0.701627 0.966137 1.614137 53.234086 -32.861318 1.589750 2.795671
111010291 1.086157 -0.701627 0.971137 1.617134 53.092172 -32.861318 1.591326 2.790491
111010292 1.086157 -0.701627 0.976137 1.620142 52.950783 -32.861318 1.592859 2.785313
111010293 1.086157 -0.701627 0.981137 1.623159 52.809919 -32.861318 1.594351 2.780137
111010294 1.086157 -0.701627 0.986137 1.626186 52.669579 -32.861318 1.595801 2.774964
111010295 1.086157 -0.701627 0.991137 1.629223 52.529761 -32.861318 1.597211 2.769793
111010296 1.086157 -0.701627 0.996137 1.632270 52.390465 -32.861318 1.598580 2.764626
111010297 1.086157 -0.701627 1.001137 1.635326 52.251688 -32.861318 1.599909 2.759461
111010298 1.086157 -0.701627 1.006137 1.638392 52.113430 -32.861318 1.601198 2.754299
111010299 1.086157 -0.701627 1.011137 1.641467 51.975689 -32.861318 1.602448 2.749141
111010300 1.086157 -0.701627 1.016137 1.644552 51.838463 -32.861318 1.603659 2.743987
111010301 1.097875 -0.677970 0.521137 1.391602 68.007397 -31.696539 1.228509 3.249308
111010302 1.097875 -0.677970 0.526137 1.393482 67.816772 -31.696539 1.235124 3.244926
111010303 1.097875 -0.677970 0.531137 1.395378 67.626662 -31.696539 1.241672 3.240521
111010304 1.097875 -0.677970 0.536137 1.397289 67.437071 -31.696539 1.248152 3.236091
111010305 1.097875 -0.677970 0.541137 1.399215 67.247999 -31.696539 1.254565 3.231639
111010306 1.097875 -0.677970 0.546137 1.401156 67.059449 -31.696539 1.260911 3.227164
111010307 1.097875 -0.677970 0.551137 1.403113 66.871423 -31.696539 1.267189 3.222667
111010308 1.097875 -0.677970 0.556137 1.405084 66.683923 -31.696539 1.273400 3.218147
111010309 1.097875 -0.677970 0.561137 1.407071 66.496950 -31.696539 1.279544 3.213606
111010310 1.097875 -0.677970 0.566137 1.409072 66.310506 -31.696539 1.285622 3.209044
111010311 1.097875 -0.677970 0.571137 1.411088 66.124593 -31.696539 1.291632 3.204461
111010312 1.097875 -0.677970 0.576137 1.413119 65.939213 -31.696539 1.297576 3.199857
111010313 1.097875 -0.677970 0.581137 1.415165 65.754366 -31.696539 1.303453 3.195234
111010314 1.097875 -0.677970 0.586137 1.417226 65.570055 -31.696539 1.309264 3.190591
111010315 1.097875 -0.677970 0.591137 1.419301 65.386282 -31.696539 1.315008 3.185928
111010316 1.097875 -0.677970 0.596137 1.421391 65.203046 -31.696539 1.320686 3.181246
111010317 1.097875 -0.677970 0.601137 1.423495 65.020351 -31.696539 1.326298 3.176546
111010318 1.097875 -0.677970 0.606137 1.425614 64.838197 -31.696539 1.331844 3.171828
111010319 1.097875 -0.677970 0.611137 1.427747 64.656585 -31.696539 1.337325 3.167091
111010320 1.097875 -0.677970 0.616137 1.429894 64.475517 -31.696539 1.342740 3.162338
111010321 1.097875 -0.677970 0.621137 1.432056 64.294994 -31.696539 1.348090 3.157567
111010322 1.097875 -0.677970 0.626137 1.434232 64.115017 -31.696539 1.353375 3.152779
111010323 1.097875 -0.677970 0.631137 1.436421 63.935586 -31.696539 1.358595 3.147975
111010324 1.097875 -0.677970 0.636137 1.438625 63.756704 -31.696539 1.363750 3.143155
111010325 1.097875 -0.677970 0.641137 1.440843 63.578371 -31.696539 1.368841 3.138319
111010326 1.097875 -0.677970 0.646137 1.443075 63.400587 -31.696539 1.373868 3.133468
111010327 1.097875 -0.677970 0.651137 1.445321 63.223355 -31.696539 1.378830 3.128601
111010328 1.097875 -0.677970 0.656137 1.447580 63.046674 -31.696539 1.383729 3.123721
111010329 1.097875 -0.677970 0.661137 1.449853 62.870545 -31.696539 1.388565 3.118825
111010330 1.097875 -0.677970 0.666137 1.452140 62.694969 -31.696539 1.393337 3.113916
111010331 1.097875 -0.677970 0.671137 1.454441 62.519947 -31.696539 1.398046 3.108994
111010332 1.097875 -0.677970 0.676137 1.456755 62.345480 -31.696539 1.402693 3.104058
111010333 1.097875 -0.677970 0.681137 1.459082 62.171567 -31.696539 1.407277 3.099109
111010334 1.097875 -0.677970 0.686137 1.461423 61.998210 -31.696539 1.411798 3.094147
111010335 1.097875 -0.677970 0.691137 1.463777 61.825410 -31.696539 1.416258 3.089173
111010336 1.097875 -0.677970 0.696137 1.466144 61.653165 -31.696539 1.420657 3.084188
111010337 1.097875 -0.677970 0.701137 1.468525 61.481478 -31.696539 1.424994 3.079190
111010338 1.097875 -0.677970 0.706137 1.470919 61.310347 -31.696539 1.429269 3.074181
111010339 1.097875 -0.677970 0.711137 1.473326 61.139775 -31.696539 1.433485 3.069162
111010340 1.097875 -0.677970 0.716137 1.475746 60.969760 -31.696539 1.437639 3.064132
111010341 1.097875 -0.677970 0.721137 1.478178 60.800303 -31.696539 1.441734 3.059091
111010342 1.097875 -0.677970 0.726137 1.480624 60.631405 -31.696539 1.445769 3.054040
111010343 1.097875 -0.677970 0.731137 1.483083 60.463065 -31.696539 1.449744 3.048980
111010344 1.097875 -0.677970 0.736137 1.485554 60.295284 -31.696539 1.453660 3.043910
111010345 1.097875 -0.677970 0.741137 1.488038 60.128062 -31.696539 1.457517 3.038831
111010346 1.097875 -0.677970 0.746137 1.490535 59.961398 -31.696539 1.461316 3.033744
111010347 1.097875 -0.677970 0.751137 1.493044 59.795293 -31.696539 1.465056 3.028648
111010348 1.097875 -0.677970 0.756137 1.495565 59.629747 -31.696539 1.468739 3.023543
111010349 1.097875 -0.677970 0.761137 1.498100 59.464760 -31.696539 1.472364 3.018431
111010350 1.097875 -0.677970 0.766137 1.500646 59.300331 -31.696539 1.475932 3.013311
111010351 1.097875 -0.677970 0.771137 1.503205 59.136461 -31.696539 1.479443 3.008184
111010352 1.097875 -0.677970 0.776137 1.505776 58.973149 -31.696539 1.482897 3.003050
111010353 1.097875 -0.677970 0.781137 1.508359 58.810395 -31.696539 1.486296 2.997909
111010354 1.097875 -0.677970 0.786137 1.510955 58.648198 -31.696539 1.489638 2.992762
111010355 1.097875 -0.677970 0.791137 1.513562 58.486560 -31.696539 1.492926 2.987609
111010356 1.097875 -0.677970 0.796137 1.516182 58.325478 -31.696539 1.496158 2.982449
111010357 1.097875 -0.677970 0.801137 1.518813 58.164954 -31.696539 1.499335 2.977285
111010358 1.097875 -0.677970 0.806137 1.521456 58.004986 -31.696539 1.502458 2.972114
111010359 1.097875 -0.677970 0.811137 1.524112 57.845574 -31.696539 1.505527 2.966939
111010360 1.097875 -0.677970 0.816137 1.526778 57.686718 -31.696539 1.508542 2.961759
111010361 1.097875 -0.677970 0.821137 1.529457 57.528417 -31.696539 1.511504 2.956574
111010362 1.097875 -0.677970 0.826137 1.532147 57.370671 -31.696539 1.514413 2.951385
111010363 1.097875 -0.677970 0.831137 1.534849 57.213479 -31.696539 1.517269 2.946192
111010364 1.097875 -0.677970 0.836137 1.537562 57.056840 -31.696539 1.520074 2.940995
111010365 1.097875 -0.677970 0.841137 1.540287 56.900755 -31.696539 1.522826 2.935795
111010366 1.097875 -0.677970 0.846137 1.543023 56.745222 -31.696539 1.525527 2.930591
111010367 1.097875 -0.677970 0.851137 1.545771 56.590240 -31.696539 1.528177 2.925385
111010368 1.097875 -0.677970 0.856137 1.548529 56.435810 -31.696539 1.530777 2.920175
111010369 1.097875 -0.677970 0.861137 1.551299 56.281930 -31.696539 1.533326 2.914963
111010370 1.097875 -0.677970 0.866137 1.554080 56.128600 -31.696539 1.535825 2.909749
111010371 1.097875 -0.677970 0.871137 1.556873 55.975819 -31.696539 1.538274 2.904533
111010372 1.097875 -0.677970 0.876137 1.559676 55.823586 -31.696539 1.540675 2.899315
111010373 1.097875 -0.677970 0.881137 1.562490 55.671900 -31.696539 1.543026 2.894095
111010374 1.097875 -0.677970 0.886137 1.565315 55.520760 -31.696539 1.545330 2.888874
111010375 1.097875 -0.677970 0.891137 1.568151 55.370167 -31.696539 1.547585 2.883652
111010376 1.097875 -0.677970 0.896137 1.570998 55.220118 -31.696539 1.549793 2.878429
111010377 1.097875 -0.677970 0.901137 1.573855 55.070612 -31.696539 1.551953 2.873205
111010378 1.097875 -0.677970 0.906137 1.576723 54.921650 -31.696539 1.554066 2.867980
111010379 1.097875 -0.677970 0.911137 1.579602 54.773230 -31.696539 1.556133 2.862756
111010380 1.097875 -0.677970 0.916137 1.582492 54.625350 -31.696539 1.558154 2.857531
111010381 1.097875 -0.677970 0.921137 1.585391 54.478011 -31.696539 1.560130 2.852307
111010382 1.097875 -0.677970 0.926137 1.588302 54.331211 -31.696539 1.562059 2.847082
111010383 1.097875 -0.677970 0.931137 1.591222 54.184948 -31.696539 1.563944 2.841859
111010384 1.097875 -0.677970 0.936137 1.594153 54.039223 -31.696539 1.565784 2.836636
111010385 1.097875 -0.677970 0.941137 1.597095 53.894033 -31.696539 1.567581 2.831414
111010386 1.097875 -0.677970 0.946137 1.600046 53.749378 -31.696539 1.569333 2.826193
111010387 1.097875 -0.677970 0.951137 1.603008 53.605256 -31.696539 1.571042 2.820974
111010388 1.097875 -0.677970 0.956137 1.605980 53.461668 -31.696539 1.572707 2.815756
111010389 1.097875 -0.677970 0.961137 1.608961 53.318610 -31.696539 1.574331 2.810539
111010390 1.097875 -0.677970 0.966137 1.611953 53.176082 -31.696539 1.575911 2.805325
111010391 1.097875 -0.677970 0.971137 1.614955 53.034084 -31.696539 1.577450 2.800113
111010392 1.097875 -0.677970 0.976137 1.617967 52.892613 -31.696539 1.578948 2.794903
111010393 1.097875 -0.677970 0.981137 1.620988 52.751669 -31.696539 1.580404 2.789695
111010394 1.097875 -0.677970 0.986137 1.624019 52.611250 -31.696539 1.581819 2.784490
111010395 1.097875 -0.677970 0.991137 1.627060 52.471355 -31.696539 1.583194 2.779288
111010396 1.097875 -0.677970 0.996137 1.630111 52.331983 -31.696539 1.584529 2.774089
111010397 1.097875 -0.677970 1.001137 1.633171 52.193132 -31.696539 1.585824 2.768893
111010398 1.097875 -0.677970 1.006137 1.636241 52.054802 -31.696539 1.587080 2.763700
111010399 1.097875 -0.677970 1.011137 1.639320 51.916990 -31.696539 1.588297 2.758511
111010400 1.097875 -0.677970 1.016137 1.642409 51.779696 -31.696539 1.589476 2.753325
111010401 1.109594 -0.654313 0.521137 1.389571 67.973566 -30.527312 1.218340 3.259536
111010402 1.109594 -0.654313 0.526137 1.391454 67.782708 -30.527312 1.224873 3.255128
111010403 1.109594 -0.654313 0.531137 1.393352 67.592368 -30.527312 1.231340 3.250695
111010404 1.109594 -0.654313 0.536137 1.395266 67.402549 -30.527312 1.237740 3.246239
111010405 1.109594 -0.654313 0.541137 1.397195 67.213251 -30.527312 1.244072 3.241760
111010406 1.109594 -0.654313 0.546137 1.399139 67.024477 -30.527312 1.250338 3.237258
111010407 1.109594 -0.654313 0.551137 1.401098 66.836230 -30.527312 1.256538 3.232734
111010408 1.109594 -0.654313 0.556137 1.403072 66.648510 -30.527312 1.262670 3.228187
111010409 1.109594 -0.654313 0.561137 1.405062 66.461319 -30.527312 1.268736 3.223619
111010410 1.109594 -0.654313 0.566137 1.407066 66.274660 -30.527312 1.274736 3.219029
111010411 1.109594 -0.654313 0.571137 1.409085 66.088534 -30.527312 1.280669 3.214419
111010412 1.109594 -0.654313 0.576137 1.411119 65.902943 -30.527312 1.286536 3.209788
111010413 1.109594 -0.654313 0.581137 1.413168 65.717887 -30.527312 1.292337 3.205137
111010414 1.109594 -0.654313 0.586137 1.415231 65.533370 -30.527312 1.298073 3.200466
111010415 1.109594 -0.654313 0.591137 1.417310 65.349391 -30.527312 1.303742 3.195776
111010416 1.109594 -0.654313 0.596137 1.419402 65.165954 -30.527312 1.309346 3.191067
111010417 1.109594 -0.654313 0.601137 1.421509 64.983058 -30.527312 1.314884 3.186339
111010418 1.109594 -0.654313 0.606137 1.423631 64.800705 -30.527312 1.320357 3.181593
111010419 1.109594 -0.654313 0.611137 1.425767 64.618897 -30.527312 1.325765 3.176829
111010420 1.109594 -0.654313 0.616137 1.427917 64.437635 -30.527312 1.331108 3.172047
111010421 1.109594 -0.654313 0.621137 1.430082 64.256920 -30.527312 1.336386 3.167248
111010422 1.109594 -0.654313 0.626137 1.432261 64.076753 -30.527312 1.341599 3.162433
111010423 1.109594 -0.654313 0.631137 1.434454 63.897134 -30.527312 1.346749 3.157601
111010424 1.109594 -0.654313 0.636137 1.436661 63.718066 -30.527312 1.351834 3.152752
111010425 1.109594 -0.654313 0.641137 1.438882 63.539549 -30.527312 1.356855 3.147889
111010426 1.109594 -0.654313 0.646137 1.441116 63.361584 -30.527312 1.361813 3.143009
111010427 1.109594 -0.654313 0.651137 1.443365 63.184172 -30.527312 1.366707 3.138115
111010428 1.109594 -0.654313 0.656137 1.445628 63.007313 -30.527312 1.371538 3.133206
111010429 1.109594 -0.654313 0.661137 1.447904 62.831009 -30.527312 1.376306 3.128283
111010430 1.109594 -0.654313 0.666137 1.450194 62.655260 -30.527312 1.381011 3.123346
111010431 1.109594 -0.654313 0.671137 1.452497 62.480067 -30.527312 1.385654 3.118395
111010432 1.109594 -0.654313 0.676137 1.454814 62.305430 -30.527312 1.390235 3.113431
111010433 1.109594 -0.654313 0.681137 1.457145 62.131350 -30.527312 1.394754 3.108454
111010434 1.109594 -0.654313 0.686137 1.459489 61.957828 -30.527312 1.399211 3.103464
111010435 1.109594 -0.654313 0.691137 1.461846 61.784863 -30.527312 1.403606 3.098462
111010436 1.109594 -0.654313 0.696137 1.464217 61.612457 -30.527312 1.407941 3.093448
111010437 1.109594 -0.654313 0.701137 1.466600 61.440611 -30.527312 1.412215 3.088423
111010438 1.109594 -0.654313 0.706137 1.468997 61.269323 -30.527312 1.416428 3.083386
111010439 1.109594 -0.654313 0.711137 1.471407 61.098595 -30.527312 1.420582 3.078338
111010440 1.109594 -0.654313 0.716137 1.473830 60.928427 -30.527312 1.424675 3.073279
111010441 1.109594 -0.654313 0.721137 1.476266 60.758818 -30.527312 1.428709 3.068211
111010442 1.109594 -0.654313 0.726137 1.478715 60.589771 -30.527312 1.432683 3.063132
111010443 1.109594 -0.654313 0.731137 1.481177 60.421283 -30.527312 1.436599 3.058043
111010444 1.109594 -0.654313 0.736137 1.483651 60.253356 -30.527312 1.440456 3.052946
111010445 1.109594 -0.654313 0.741137 1.486138 60.085990 -30.527312 1.444254 3.047839
111010446 1.109594 -0.654313 0.746137 1.488638 59.919185 -30.527312 1.447995 3.042723
111010447 1.109594 -0.654313 0.751137 1.491151 59.752940 -30.527312 1.451678 3.037599
111010448 1.109594 -0.654313 0.756137 1.493675 59.587256 -30.527312 1.455303 3.032466
111010449 1.109594 -0.654313 0.761137 1.496213 59.422132 -30.527312 1.458872 3.027326
111010450 1.109594 -0.654313 0.766137 1.498763 59.257569 -30.527312 1.462384 3.022178
111010451 1.109594 -0.654313 0.771137 1.501325 59.093566 -30.527312 1.465839 3.017023
111010452 1.109594 -0.654313 0.776137 1.503899 58.930123 -30.527312 1.469239 3.011861
111010453 1.109594 -0.654313 0.781137 1.506485 58.767241 -30.527312 1.472583 3.006693
111010454 1.109594 -0.654313 0.786137 1.509084 58.604917 -30.527312 1.475872 3.001518
111010455 1.109594 -0.654313 0.791137 1.511695 58.443154 -30.527312 1.479105 2.996336
111010456 1.109594 -0.654313 0.796137 1.514317 58.281949 -30.527312 1.482285 2.991149
111010457 1.109594 -0.654313 0.801137 1.516952 58.121303 -30.527312 1.485410 2.985956
111010458 1.109594 -0.654313 0.806137 1.519599 57.961215 -30.527312 1.488481 2.980758
111010459 1.109594 -0.654313 0.811137 1.522257 57.801685 -30.527312 1.491499 2.975555
111010460 1.109594 -0.654313 0.816137 1.524927 57.642713 -30.527312 1.494463 2.970348
111010461 1.109594 -0.654313 0.821137 1.527609 57.484298 -30.527312 1.497375 2.965135
111010462 1.109594 -0.654313 0.826137 1.530302 57.326439 -30.527312 1.500235 2.959919
111010463 1.109594 -0.654313 0.831137 1.533007 57.169136 -30.527312 1.503042 2.954698
111010464 1.109594 -0.654313 0.836137 1.535724 57.012388 -30.527312 1.505798 2.949474
111010465 1.109594 -0.654313 0.841137 1.538452 56.856195 -30.527312 1.508502 2.944246
111010466 1.109594 -0.654313 0.846137 1.541191 56.700556 -30.527312 1.511156 2.939015
111010467 1.109594 -0.654313 0.851137 1.543942 56.545471 -30.527312 1.513759 2.933781
111010468 1.109594 -0.654313 0.856137 1.546704 56.390938 -30.527312 1.516312 2.928545
111010469 1.109594 -0.654313 0.861137 1.549477 56.236957 -30.527312 1.518815 2.923305
111010470 1.109594 -0.654313 0.866137 1.552262 56.083528 -30.527312 1.521269 2.918064
111010471 1.109594 -0.654313 0.871137 1.555057 55.930649 -30.527312 1.523673 2.912821
111010472 1.109594 -0.654313 0.876137 1.557864 55.778320 -30.527312 1.526029 2.907575
111010473 1.109594 -0.654313 0.881137 1.560681 55.626540 -30.527312 1.528337 2.902329
111010474 1.109594 -0.654313 0.886137 1.563510 55.475308 -30.527312 1.530597 2.897081
111010475 1.109594 -0.654313 0.891137 1.566349 55.324623 -30.527312 1.532809 2.891831
111010476 1.109594 -0.654313 0.896137 1.569199 55.174484 -30.527312 1.534975 2.886581
111010477 1.109594 -0.654313 0.901137 1.572060 55.024891 -30.527312 1.537093 2.881331
111010478 1.109594 -0.654313 0.906137 1.574931 54.875842 -30.527312 1.539165 2.876080
111010479 1.109594 -0.654313 0.911137 1.577813 54.727337 -30.527312 1.541191 2.870828
111010480 1.109594 -0.654313 0.916137 1.580706 54.579374 -30.527312 1.543172 2.865577
111010481 1.109594 -0.654313 0.921137 1.583609 54.431953 -30.527312 1.545107 2.860326
111010482 1.109594 -0.654313 0.926137 1.586522 54.285073 -30.527312 1.546997 2.855075
111010483 1.109594 -0.654313 0.931137 1.589446 54.138731 -30.527312 1.548843 2.849825
111010484 1.109594 -0.654313 0.936137 1.592381 53.992929 -30.527312 1.550645 2.844576
111010485 1.109594 -0.654313 0.941137 1.595325 53.847663 -30.527312 1.552403 2.839328
111010486 1.109594 -0.654313 0.946137 1.598280 53.702934 -30.527312 1.554118 2.834081
111010487 1.109594 -0.654313 0.951137 1.601245 53.558739 -30.527312 1.555790 2.828836
111010488 1.109594 -0.654313 0.956137 1.604220 53.415079 -30.527312 1.557419 2.823592
111010489 1.109594 -0.654313 0.961137 1.607205 53.271951 -30.527312 1.559006 2.818349
111010490 1.109594 -0.654313 0.966137 1.610200 53.129355 -30.527312 1.560551 2.813109
111010491 1.109594 -0.654313 0.971137 1.613205 52.987290 -30.527312 1.562055 2.807871
111010492 1.109594 -0.654313 0.976137 1.616220 52.845753 -30.527312 1.563518 2.802635
111010493 1.109594 -0.654313 0.981137 1.619245 52.704744 -30.527312 1.564940 2.797402
111010494 1.109594 -0.654313 0.986137 1.622279 52.564262 -30.527312 1.566321 2.792172
111010495 1.109594 -0.654313 0.991137 1.625323 52.424306 -30.527312 1.567663 2.786944
111010496 1.109594 -0.654313 0.996137 1.628377 52.284873 -30.527312 1.568965 2.781720
111010497 1.109594 -0.654313 1.001137 1.631441 52.145964 -30.527312 1.570228 2.776498
111010498 1.109594 -0.654313 1.006137 1.634514 52.007576 -30.527312 1.571452 2.771280
111010499 1.109594 -0.654313 1.011137 1.637596 51.869708 -30.527312 1.572637 2.766066
111010500 1.109594 -0.654313 1.016137 1.640688 51.732359 -30.527312 1.573785 2.760855
111010501 1.121312 -0.630657 0.521137 1.388039 67.947978 -29.354592 1.206847 3.267271
111010502 1.121312 -0.630657 0.526137 1.389924 67.756945 -29.354592 1.213293 3.262842
111010503 1.121312 -0.630657 0.531137 1.391824 67.566431 -29.354592 1.219672 3.258390
111010504 1.121312 -0.630657 0.536137 1.393740 67.376439 -29.354592 1.225985 3.253913
111010505 1.121312 -0.630657 0.541137 1.395671 67.186971 -29.354592 1.232232 3.249414
111010506 1.121312 -0.630657 0.546137 1.397617 66.998028 -29.354592 1.238412 3.244891
111010507 1.121312 -0.630657 0.551137 1.399578 66.809613 -29.354592 1.244527 3.240346
111010508 1.121312 -0.630657 0.556137 1.401555 66.621727 -29.354592 1.250576 3.235779
111010509 1.121312 -0.630657 0.561137 1.403546 66.434373 -29.354592 1.256558 3.231190
111010510 1.121312 -0.630657 0.566137 1.405553 66.247551 -29.354592 1.262475 3.226580
111010511 1.121312 -0.630657 0.571137 1.407574 66.061264 -29.354592 1.268327 3.221949
111010512 1.121312 -0.630657 0.576137 1.409610 65.875513 -29.354592 1.274112 3.217297
111010513 1.121312 -0.630657 0.581137 1.411661 65.690300 -29.354592 1.279832 3.212625
111010514 1.121312 -0.630657 0.586137 1.413727 65.505626 -29.354592 1.285487 3.207934
111010515 1.121312 -0.630657 0.591137 1.415807 65.321493 -29.354592 1.291077 3.203222
111010516 1.121312 -0.630657 0.596137 1.417902 65.137902 -29.354592 1.296602 3.198492
111010517 1.121312 -0.630657 0.601137 1.420012 64.954855 -29.354592 1.302062 3.193743
111010518 1.121312 -0.630657 0.606137 1.422136 64.772353 -29.354592 1.307457 3.188976
111010519 1.121312 -0.630657 0.611137 1.424274 64.590397 -29.354592 1.312788 3.184191
111010520 1.121312 -0.630657 0.616137 1.426427 64.408988 -29.354592 1.318055 3.179388
111010521 1.121312 -0.630657 0.621137 1.428593 64.228128 -29.354592 1.323257 3.174568
111010522 1.121312 -0.630657 0.626137 1.430774 64.047817 -29.354592 1.328396 3.169732
111010523 1.121312 -0.630657 0.631137 1.432970 63.868057 -29.354592 1.333471 3.164878
111010524 1.121312 -0.630657 0.636137 1.435179 63.688849 -29.354592 1.338482 3.160009
111010525 1.121312 -0.630657 0.641137 1.437402 63.510193 -29.354592 1.343431 3.155124
111010526 1.121312 -0.630657 0.646137 1.439639 63.332090 -29.354592 1.348316 3.150224
111010527 1.121312 -0.630657 0.651137 1.441890 63.154543 -29.354592 1.353138 3.145308
111010528 1.121312 -0.630657 0.656137 1.444155 62.977550 -29.354592 1.357898 3.140378
111010529 1.121312 -0.630657 0.661137 1.446434 62.801113 -29.354592 1.362596 3.135433
111010530 1.121312 -0.630657 0.666137 1.448726 62.625233 -29.354592 1.367231 3.130475
111010531 1.121312 -0.630657 0.671137 1.451032 62.449910 -29.354592 1.371805 3.125503
111010532 1.121312 -0.630657 0.676137 1.453351 62.275146 -29.354592 1.376317 3.120517
111010533 1.121312 -0.630657 0.681137 1.455684 62.100939 -29.354592 1.380768 3.115519
111010534 1.121312 -0.630657 0.686137 1.458030 61.927292 -29.354592 1.385158 3.110508
111010535 1.121312 -0.630657 0.691137 1.460390 61.754205 -29.354592 1.389487 3.105484
111010536 1.121312 -0.630657 0.696137 1.462763 61.581677 -29.354592 1.393755 3.100449
111010537 1.121312 -0.630657 0.701137 1.465149 61.409710 -29.354592 1.397964 3.095402
111010538 1.121312 -0.630657 0.706137 1.467548 61.238303 -29.354592 1.402113 3.090344
111010539 1.121312 -0.630657 0.711137 1.469960 61.067458 -29.354592 1.406202 3.085275
111010540 1.121312 -0.630657 0.716137 1.472386 60.897174 -29.354592 1.410232 3.080195
111010541 1.121312 -0.630657 0.721137 1.474824 60.727452 -29.354592 1.414203 3.075105
111010542 1.121312 -0.630657 0.726137 1.477275 60.558291 -29.354592 1.418115 3.070005
111010543 1.121312 -0.630657 0.731137 1.479740 60.389692 -29.354592 1.421969 3.064895
111010544 1.121312 -0.630657 0.736137 1.482216 60.221655 -29.354592 1.425765 3.059776
111010545 1.121312 -0.630657 0.741137 1.484706 60.054181 -29.354592 1.429503 3.054648
111010546 1.121312 -0.630657 0.746137 1.487208 59.887268 -29.354592 1.433184 3.049511
111010547 1.121312 -0.630657 0.751137 1.489723 59.720918 -29.354592 1.436808 3.044365
111010548 1.121312 -0.630657 0.756137 1.492250 59.555129 -29.354592 1.440375 3.039211
111010549 1.121312 -0.630657 0.761137 1.494790 59.389903 -29.354592 1.443886 3.034050
111010550 1.121312 -0.630657 0.766137 1.497342 59.225238 -29.354592 1.447340 3.028881
111010551 1.121312 -0.630657 0.771137 1.499907 59.061136 -29.354592 1.450739 3.023705
111010552 1.121312 -0.630657 0.776137 1.502483 58.897595 -29.354592 1.454083 3.018522
111010553 1.121312 -0.630657 0.781137 1.505072 58.734615 -29.354592 1.457372 3.013332
111010554 1.121312 -0.630657 0.786137 1.507673 58.572196 -29.354592 1.460606 3.008135
111010555 1.121312 -0.630657 0.791137 1.510287 58.410338 -29.354592 1.463785 3.002933
111010556 1.121312 -0.630657 0.796137 1.512912 58.249040 -29.354592 1.466911 2.997725
111010557 1.121312 -0.630657 0.801137 1.515549 58.088302 -29.354592 1.469983 2.992511
111010558 1.121312 -0.630657 0.806137 1.518198 57.928124 -29.354592 1.473002 2.987292
111010559 1.121312 -0.630657 0.811137 1.520859 57.768505 -29.354592 1.475968 2.982068
111010560 1.121312 -0.630657 0.816137 1.523531 57.609446 -29.354592 1.478882 2.976839
111010561 1.121312 -0.630657 0.821137 1.526215 57.450944 -29.354592 1.481743 2.971606
111010562 1.121312 -0.630657 0.826137 1.528911 57.293000 -29.354592 1.484552 2.966368
111010563 1.121312 -0.630657 0.831137 1.531619 57.135613 -29.354592 1.487311 2.961127
111010564 1.121312 -0.630657 0.836137 1.534338 56.978783 -29.354592 1.490018 2.955882
111010565 1.121312 -0.630657 0.841137 1.537068 56.822509 -29.354592 1.492674 2.950633
111010566 1.121312 -0.630657 0.846137 1.539810 56.666790 -29.354592 1.495280 2.945382
111010567 1.121312 -0.630657 0.851137 1.542563 56.511626 -29.354592 1.497836 2.940127
111010568 1.121312 -0.630657 0.856137 1.545328 56.357016 -29.354592 1.500343 2.934870
111010569 1.121312 -0.630657 0.861137 1.548104 56.202960 -29.354592 1.502800 2.929610
111010570 1.121312 -0.630657 0.866137 1.550890 56.049456 -29.354592 1.505208 2.924348
111010571 1.121312 -0.630657 0.871137 1.553688 55.896503 -29.354592 1.507568 2.919084
111010572 1.121312 -0.630657 0.876137 1.556497 55.744102 -29.354592 1.509880 2.913818
111010573 1.121312 -0.630657 0.881137 1.559317 55.592251 -29.354592 1.512144 2.908551
111010574 1.121312 -0.630657 0.886137 1.562148 55.440949 -29.354592 1.514361 2.903283
111010575 1.121312 -0.630657 0.891137 1.564990 55.290195 -29.354592 1.516531 2.898013
111010576 1.121312 -0.630657 0.896137 1.567842 55.139989 -29.354592 1.518655 2.892743
111010577 1.121312 -0.630657 0.901137 1.570705 54.990330 -29.354592 1.520732 2.887472
111010578 1.121312 -0.630657 0.906137 1.573579 54.841216 -29.354592 1.522763 2.882201
111010579 1.121312 -0.630657 0.911137 1.576464 54.692647 -29.354592 1.524749 2.876929
111010580 1.121312 -0.630657 0.916137 1.579359 54.544622 -29.354592 1.526690 2.871658
111010581 1.121312 -0.630657 0.921137 1.582265 54.397139 -29.354592 1.528586 2.866387
111010582 1.121312 -0.630657 0.926137 1.585181 54.250198 -29.354592 1.530438 2.861116
111010583 1.121312 -0.630657 0.931137 1.588107 54.103798 -29.354592 1.532245 2.855846
111010584 1.121312 -0.630657 0.936137 1.591044 53.957937 -29.354592 1.534010 2.850577
111010585 1.121312 -0.630657 0.941137 1.593991 53.812614 -29.354592 1.535731 2.845309
111010586 1.121312 -0.630657 0.946137 1.596948 53.667829 -29.354592 1.537409 2.840042
111010587 1.121312 -0.630657 0.951137 1.599915 53.523580 -29.354592 1.539045 2.834776
111010588 1.121312 -0.630657 0.956137 1.602893 53.379865 -29.354592 1.540639 2.829513
111010589 1.121312 -0.630657 0.961137 1.605880 53.236685 -29.354592 1.542191 2.824251
111010590 1.121312 -0.630657 0.966137 1.608878 53.094037 -29.354592 1.543702 2.818991
111010591 1.121312 -0.630657 0.971137 1.611885 52.951921 -29.354592 1.545172 2.813734
111010592 1.121312 -0.630657 0.976137 1.614903 52.810335 -29.354592 1.546601 2.808478
111010593 1.121312 -0.630657 0.981137 1.617930 52.669278 -29.354592 1.547990 2.803226
111010594 1.121312 -0.630657 0.986137 1.620967 52.528749 -29.354592 1.549339 2.797976
111010595 1.121312 -0.630657 0.991137 1.624014 52.388746 -29.354592 1.550649 2.792729
111010596 1.121312 -0.630657 0.996137 1.627070 52.249268 -29.354592 1.551920 2.787485
111010597 1.121312 -0.630657 1.001137 1.630136 52.110314 -29.354592 1.553152 2.782244
111010598 1.121312 -0.630657 1.006137 1.633211 51.971882 -29.354592 1.554345 2.777007
111010599 1.121312 -0.630657 1.011137 1.636296 51.833972 -29.354592 1.555501 2.771774
111010600 1.121312 -0.630657 1.016137 1.639391 51.696582 -29.354592 1.556619 2.766544
111010601 1.133030 -0.607000 0.521137 1.387008 67.930722 -28.179348 1.194060 3.272476
111010602 1.133030 -0.607000 0.526137 1.388894 67.739570 -28.179348 1.200412 3.268034
111010603 1.133030 -0.607000 0.531137 1.390796 67.548939 -28.179348 1.206698 3.263568
111010604 1.133030 -0.607000 0.536137 1.392713 67.358831 -28.179348 1.212919 3.259077
111010605 1.133030 -0.607000 0.541137 1.394645 67.169248 -28.179348 1.219075 3.254564
111010606 1.133030 -0.607000 0.546137 1.396593 66.980191 -28.179348 1.225165 3.250028
111010607 1.133030 -0.607000 0.551137 1.398556 66.791663 -28.179348 1.231189 3.245469
111010608 1.133030 -0.607000 0.556137 1.400534 66.603665 -28.179348 1.237149 3.240888
111010609 1.133030 -0.607000 0.561137 1.402527 66.416200 -28.179348 1.243043 3.236285
111010610 1.133030 -0.607000 0.566137 1.404535 66.229269 -28.179348 1.248872 3.231661
111010611 1.133030 -0.607000 0.571137 1.406557 66.042873 -28.179348 1.254637 3.227016
111010612 1.133030 -0.607000 0.576137 1.408595 65.857015 -28.179348 1.260336 3.222350
111010613 1.133030 -0.607000 0.581137 1.410648 65.671696 -28.179348 1.265971 3.217664
111010614 1.133030 -0.607000 0.586137 1.412715 65.486917 -28.179348 1.271541 3.212958
111010615 1.133030 -0.607000 0.591137 1.414797 65.302680 -28.179348 1.277047 3.208233
111010616 1.133030 -0.607000 0.596137 1.416893 65.118986 -28.179348 1.282489 3.203489
111010617 1.133030 -0.607000 0.601137 1.419004 64.935837 -28.179348 1.287866 3.198726
111010618 1.133030 -0.607000 0.606137 1.421129 64.753233 -28.179348 1.293180 3.193944
111010619 1.133030 -0.607000 0.611137 1.423269 64.571177 -28.179348 1.298430 3.189145
111010620 1.133030 -0.607000 0.616137 1.425423 64.389670 -28.179348 1.303617 3.184328
111010621 1.133030 -0.607000 0.621137 1.427591 64.208712 -28.179348 1.308740 3.179494
111010622 1.133030 -0.607000 0.626137 1.429774 64.028304 -28.179348 1.313800 3.174643
111010623 1.133030 -0.607000 0.631137 1.431971 63.848449 -28.179348 1.318797 3.169775
111010624 1.133030 -0.607000 0.636137 1.434181 63.669146 -28.179348 1.323731 3.164892
111010625 1.133030 -0.607000 0.641137 1.436406 63.490397 -28.179348 1.328603 3.159992
111010626 1.133030 -0.607000 0.646137 1.438645 63.312202 -28.179348 1.333412 3.155077
111010627 1.133030 -0.607000 0.651137 1.440898 63.134563 -28.179348 1.338160 3.150147
111010628 1.133030 -0.607000 0.656137 1.443164 62.957480 -28.179348 1.342845 3.145203
111010629 1.133030 -0.607000 0.661137 1.445444 62.780954 -28.179348 1.347469 3.140244
111010630 1.133030 -0.607000 0.666137 1.447738 62.604986 -28.179348 1.352032 3.135271
111010631 1.133030 -0.607000 0.671137 1.450045 62.429576 -28.179348 1.356534 3.130284
111010632 1.133030 -0.607000 0.676137 1.452366 62.254725 -28.179348 1.360975 3.125285
111010633 1.133030 -0.607000 0.681137 1.454701 62.080434 -28.179348 1.365355 3.120272
111010634 1.133030 -0.607000 0.686137 1.457048 61.906703 -28.179348 1.369675 3.115246
111010635 1.133030 -0.607000 0.691137 1.459410 61.733532 -28.179348 1.373935 3.110209
111010636 1.133030 -0.607000 0.696137 1.461784 61.560922 -28.179348 1.378136 3.105159
111010637 1.133030 -0.607000 0.701137 1.464172 61.388874 -28.179348 1.382277 3.100098
111010638 1.133030 -0.607000 0.706137 1.466573 61.217388 -28.179348 1.386358 3.095025
111010639 1.133030 -0.607000 0.711137 1.468987 61.046463 -28.179348 1.390381 3.089941
111010640 1.133030 -0.607000 0.716137 1.471414 60.876101 -28.179348 1.394346 3.084847
111010641 1.133030 -0.607000 0.721137 1.473854 60.706302 -28.179348 1.398252 3.079743
111010642 1.133030 -0.607000 0.726137 1.476307 60.537065 -28.179348 1.402100 3.074628
111010643 1.133030 -0.607000 0.731137 1.478772 60.368391 -28.179348 1.405891 3.069504
111010644 1.133030 -0.607000 0.736137 1.481251 60.200281 -28.179348 1.409624 3.064370
111010645 1.133030 -0.607000 0.741137 1.483742 60.032733 -28.179348 1.413301 3.059228
111010646 1.133030 -0.607000 0.746137 1.486246 59.865748 -28.179348 1.416921 3.054076
111010647 1.133030 -0.607000 0.751137 1.488762 59.699327 -28.179348 1.420484 3.048917
111010648 1.133030 -0.607000 0.756137 1.491291 59.533468 -28.179348 1.423991 3.043749
111010649 1.133030 -0.607000 0.761137 1.493833 59.368173 -28.179348 1.427443 3.038573
111010650 1.133030 -0.607000 0.766137 1.496386 59.203440 -28.179348 1.430839 3.033390
111010651 1.133030 -0.607000 0.771137 1.498952 59.039270 -28.179348 1.434181 3.028199
111010652 1.133030 -0.607000 0.776137 1.501531 58.875663 -28.179348 1.437468 3.023002
111010653 1.133030 -0.607000 0.781137 1.504121 58.712617 -28.179348 1.440700 3.017797
111010654 1.133030 -0.607000 0.786137 1.506724 58.550134 -28.179348 1.443878 3.012587
111010655 1.133030 -0.607000 0.791137 1.509339 58.388212 -28.179348 1.447003 3.007370
111010656 1.133030 -0.607000 0.796137 1.511966 58.226852 -28.179348 1.450075 3.002148
111010657 1.133030 -0.607000 0.801137 1.514604 58.066053 -28.179348 1.453093 2.996920
111010658 1.133030 -0.607000 0.806137 1.517255 57.905814 -28.179348 1.456059 2.991687
111010659 1.133030 -0.607000 0.811137 1.519918 57.746135 -28.179348 1.458973 2.986448
111010660 1.133030 -0.607000 0.816137 1.522592 57.587017 -28.179348 1.461835 2.981206
111010661 1.133030 -0.607000 0.821137 1.525278 57.428457 -28.179348 1.464646 2.975958
111010662 1.133030 -0.607000 0.826137 1.527975 57.270456 -28.179348 1.467405 2.970707
111010663 1.133030 -0.607000 0.831137 1.530684 57.113013 -28.179348 1.470114 2.965451
111010664 1.133030 -0.607000 0.836137 1.533405 56.956127 -28.179348 1.472772 2.960192
111010665 1.133030 -0.607000 0.841137 1.536137 56.799799 -28.179348 1.475380 2.954929
111010666 1.133030 -0.607000 0.846137 1.538881 56.644026 -28.179348 1.477938 2.949664
111010667 1.133030 -0.607000 0.851137 1.541636 56.488809 -28.179348 1.480447 2.944395
111010668 1.133030 -0.607000 0.856137 1.544402 56.334148 -28.179348 1.482908 2.939124
111010669 1.133030 -0.607000 0.861137 1.547179 56.180040 -28.179348 1.485319 2.933850
111010670 1.133030 -0.607000 0.866137 1.549968 56.026485 -28.179348 1.487683 2.928574
111010671 1.133030 -0.607000 0.871137 1.552767 55.873484 -28.179348 1.489998 2.923296
111010672 1.133030 -0.607000 0.876137 1.555578 55.721034 -28.179348 1.492266 2.918017
111010673 1.133030 -0.607000 0.881137 1.558399 55.569135 -28.179348 1.494487 2.912736
111010674 1.133030 -0.607000 0.886137 1.561232 55.417786 -28.179348 1.496662 2.907454
111010675 1.133030 -0.607000 0.891137 1.564075 55.266986 -28.179348 1.498790 2.902170
111010676 1.133030 -0.607000 0.896137 1.566929 55.116735 -28.179348 1.500872 2.896886
111010677 1.133030 -0.607000 0.901137 1.569794 54.967031 -28.179348 1.502908 2.891602
111010678 1.133030 -0.607000 0.906137 1.572670 54.817874 -28.179348 1.504899 2.886317
111010679 1.133030 -0.607000 0.911137 1.575556 54.669262 -28.179348 1.506846 2.881032
111010680 1.133030 -0.607000 0.916137 1.578453 54.521194 -28.179348 1.508748 2.875747
111010681 1.133030 -0.607000 0.921137 1.581360 54.373670 -28.179348 1.510605 2.870462
111010682 1.133030 -0.607000 0.926137 1.584278 54.226688 -28.179348 1.512420 2.865178
111010683 1.133030 -0.607000 0.931137 1.587206 54.080248 -28.179348 1.514190 2.859894
111010684 1.133030 -0.607000 0.936137 1.590144 53.934348 -28.179348 1.515918 2.854612
111010685 1.133030 -0.607000 0.941137 1.593093 53.788987 -28.179348 1.517603 2.849330
111010686 1.133030 -0.607000 0.946137 1.596052 53.644164 -28.179348 1.519246 2.844050
111010687 1.133030 -0.607000 0.951137 1.599021 53.499878 -28.179348 1.520847 2.838771
111010688 1.133030 -0.607000 0.956137 1.602000 53.356128 -28.179348 1.522407 2.833494
111010689 1.133030 -0.607000 0.961137 1.604989 53.212912 -28.179348 1.523925 2.828219
111010690 1.133030 -0.607000 0.966137 1.607988 53.070230 -28.179348 1.525403 2.822946
111010691 1.133030 -0.607000 0.971137 1.610998 52.928080 -28.179348 1.526840 2.817675
111010692 1.133030 -0.607000 0.976137 1.614017 52.786460 -28.179348 1.528237 2.812407
111010693 1.133030 -0.607000 0.981137 1.617045 52.645371 -28.179348 1.529595 2.807141
111010694 1.133030 -0.607000 0.986137 1.620084 52.504810 -28.179348 1.530913 2.801878
111010695 1.133030 -0.607000 0.991137 1.623132 52.364775 -28.179348 1.532193 2.796618
111010696 1.133030 -0.607000 0.996137 1.626190 52.225267 -28.179348 1.533433 2.791362
111010697 1.133030 -0.607000 1.001137 1.629258 52.086283 -28.179348 1.534636 2.786108
111010698 1.133030 -0.607000 1.006137 1.632335 51.947823 -28.179348 1.535801 2.780858
111010699 1.133030 -0.607000 1.011137 1.635422 51.809884 -28.179348 1.536928 2.775612
111010700 1.133030 -0.607000 1.016137 1.638518 51.672466 -28.179348 1.538018 2.770369
111010701 1.144749 -0.583343 0.521137 1.386478 67.921855 -27.002563 1.180017 3.275127
111010702 1.144749 -0.583343 0.526137 1.388365 67.730643 -27.002563 1.186270 3.270678
111010703 1.144749 -0.583343 0.531137 1.390268 67.539952 -27.002563 1.192458 3.266205
111010704 1.144749 -0.583343 0.536137 1.392186 67.349784 -27.002563 1.198581 3.261708
111010705 1.144749 -0.583343 0.541137 1.394119 67.160142 -27.002563 1.204640 3.257187
111010706 1.144749 -0.583343 0.546137 1.396067 66.971026 -27.002563 1.210634 3.252644
111010707 1.144749 -0.583343 0.551137 1.398031 66.782441 -27.002563 1.216564 3.248078
111010708 1.144749 -0.583343 0.556137 1.400010 66.594386 -27.002563 1.222429 3.243490
111010709 1.144749 -0.583343 0.561137 1.402003 66.406863 -27.002563 1.228230 3.238880
111010710 1.144749 -0.583343 0.566137 1.404012 66.219876 -27.002563 1.233967 3.234249
111010711 1.144749 -0.583343 0.571137 1.406036 66.033425 -27.002563 1.239640 3.229596
111010712 1.144749 -0.583343 0.576137 1.408074 65.847511 -27.002563 1.245248 3.224923
111010713 1.144749 -0.583343 0.581137 1.410127 65.662137 -27.002563 1.250793 3.220230
111010714 1.144749 -0.583343 0.586137 1.412195 65.477304 -27.002563 1.256275 3.215517
111010715 1.144749 -0.583343 0.591137 1.414278 65.293013 -27.002563 1.261693 3.210785
111010716 1.144749 -0.583343 0.596137 1.416375 65.109267 -27.002563 1.267047 3.206033
111010717 1.144749 -0.583343 0.601137 1.418487 64.926065 -27.002563 1.272338 3.201263
111010718 1.144749 -0.583343 0.606137 1.420613 64.743410 -27.002563 1.277566 3.196474
111010719 1.144749 -0.583343 0.611137 1.422753 64.561303 -27.002563 1.282732 3.191667
111010720 1.144749 -0.583343 0.616137 1.424908 64.379745 -27.002563 1.287834 3.186843
111010721 1.144749 -0.583343 0.621137 1.427077 64.198737 -27.002563 1.292874 3.182002
111010722 1.144749 -0.583343 0.626137 1.429261 64.018280 -27.002563 1.297852 3.177143
111010723 1.144749 -0.583343 0.631137 1.431458 63.838375 -27.002563 1.302768 3.172268
111010724 1.144749 -0.583343 0.636137 1.433670 63.659024 -27.002563 1.307622 3.167377
111010725 1.144749 -0.583343 0.641137 1.435895 63.480226 -27.002563 1.312414 3.162471
111010726 1.144749 -0.583343 0.646137 1.438135 63.301984 -27.002563 1.317144 3.157549
111010727 1.144749 -0.583343 0.651137 1.440388 63.124298 -27.002563 1.321814 3.152611
111010728 1.144749 -0.583343 0.656137 1.442655 62.947169 -27.002563 1.326422 3.147659
111010729 1.144749 -0.583343 0.661137 1.444936 62.770597 -27.002563 1.330970 3.142693
111010730 1.144749 -0.583343 0.666137 1.447231 62.594584 -27.002563 1.335458 3.137713
111010731 1.144749 -0.583343 0.671137 1.449539 62.419129 -27.002563 1.339885 3.132719
111010732 1.144749 -0.583343 0.676137 1.451861 62.244234 -27.002563 1.344252 3.127712
111010733 1.144749 -0.583343 0.681137 1.454196 62.069899 -27.002563 1.348559 3.122691
111010734 1.144749 -0.583343 0.686137 1.456545 61.896125 -27.002563 1.352807 3.117659
111010735 1.144749 -0.583343 0.691137 1.458907 61.722911 -27.002563 1.356996 3.112613
111010736 1.144749 -0.583343 0.696137 1.461282 61.550260 -27.002563 1.361126 3.107556
111010737 1.144749 -0.583343 0.701137 1.463671 61.378170 -27.002563 1.365197 3.102488
111010738 1.144749 -0.583343 0.706137 1.466072 61.206642 -27.002563 1.369210 3.097408
111010739 1.144749 -0.583343 0.711137 1.468487 61.035677 -27.002563 1.373165 3.092317
111010740 1.144749 -0.583343 0.716137 1.470915 60.865275 -27.002563 1.377062 3.087215
111010741 1.144749 -0.583343 0.721137 1.473356 60.695436 -27.002563 1.380902 3.082103
111010742 1.144749 -0.583343 0.726137 1.475809 60.526161 -27.002563 1.384685 3.076981
111010743 1.144749 -0.583343 0.731137 1.478276 60.357448 -27.002563 1.388410 3.071850
111010744 1.144749 -0.583343 0.736137 1.480755 60.189300 -27.002563 1.392080 3.066709
111010745 1.144749 -0.583343 0.741137 1.483247 60.021715 -27.002563 1.395693 3.061559
111010746 1.144749 -0.583343 0.746137 1.485752 59.854693 -27.002563 1.399250 3.056400
111010747 1.144749 -0.583343 0.751137 1.488269 59.688235 -27.002563 1.402752 3.051233
111010748 1.144749 -0.583343 0.756137 1.490799 59.522341 -27.002563 1.406198 3.046058
111010749 1.144749 -0.583343 0.761137 1.493341 59.357010 -27.002563 1.409590 3.040875
111010750 1.144749 -0.583343 0.766137 1.495896 59.192242 -27.002563 1.412927 3.035684
111010751 1.144749 -0.583343 0.771137 1.498463 59.028037 -27.002563 1.416210 3.030486
111010752 1.144749 -0.583343 0.776137 1.501042 58.864396 -27.002563 1.419438 3.025281
111010753 1.144749 -0.583343 0.781137 1.503633 58.701317 -27.002563 1.422614 3.020070
111010754 1.144749 -0.583343 0.786137 1.506237 58.538801 -27.002563 1.425736 3.014852
111010755 1.144749 -0.583343 0.791137 1.508853 58.376846 -27.002563 1.428805 3.009628
111010756 1.144749 -0.583343 0.796137 1.511480 58.215454 -27.002563 1.431822 3.004399
111010757 1.144749 -0.583343 0.801137 1.514120 58.054623 -27.002563 1.434786 2.999163
111010758 1.144749 -0.583343 0.806137 1.516771 57.894353 -27.002563 1.437699 2.993923
111010759 1.144749 -0.583343 0.811137 1.519435 57.734644 -27.002563 1.440560 2.988677
111010760 1.144749 -0.583343 0.816137 1.522110 57.575495 -27.002563 1.443370 2.983427
111010761 1.144749 -0.583343 0.821137 1.524797 57.416905 -27.002563 1.446130 2.978173
111010762 1.144749 -0.583343 0.826137 1.527495 57.258875 -27.002563 1.448839 2.972914
111010763 1.144749 -0.583343 0.831137 1.530205 57.101403 -27.002563 1.451497 2.967651
111010764 1.144749 -0.583343 0.836137 1.532926 56.944489 -27.002563 1.454107 2.962385
111010765 1.144749 -0.583343 0.841137 1.535659 56.788132 -27.002563 1.456666 2.957115
111010766 1.144749 -0.583343 0.846137 1.538404 56.632332 -27.002563 1.459177 2.951842
111010767 1.144749 -0.583343 0.851137 1.541160 56.477089 -27.002563 1.461640 2.946566
111010768 1.144749 -0.583343 0.856137 1.543926 56.322400 -27.002563 1.464054 2.941288
111010769 1.144749 -0.583343 0.861137 1.546705 56.168266 -27.002563 1.466420 2.936007
111010770 1.144749 -0.583343 0.866137 1.549494 56.014686 -27.002563 1.468738 2.930724
111010771 1.144749 -0.583343 0.871137 1.552294 55.861659 -27.002563 1.471010 2.925439
111010772 1.144749 -0.583343 0.876137 1.555106 55.709184 -27.002563 1.473235 2.920153
111010773 1.144749 -0.583343 0.881137 1.557928 55.557261 -27.002563 1.475413 2.914865
111010774 1.144749 -0.583343 0.886137 1.560762 55.405888 -27.002563 1.477545 2.909575
111010775 1.144749 -0.583343 0.891137 1.563606 55.255064 -27.002563 1.479632 2.904285
111010776 1.144749 -0.583343 0.896137 1.566461 55.104790 -27.002563 1.481673 2.898994
111010777 1.144749 -0.583343 0.901137 1.569327 54.955063 -27.002563 1.483669 2.893702
111010778 1.144749 -0.583343 0.906137 1.572203 54.805883 -27.002563 1.485621 2.888410
111010779 1.144749 -0.583343 0.911137 1.575090 54.657249 -27.002563 1.487529 2.883118
111010780 1.144749 -0.583343 0.916137 1.577988 54.509160 -27.002563 1.489393 2.877826
111010781 1.144749 -0.583343 0.921137 1.580896 54.361615 -27.002563 1.491213 2.872535
111010782 1.144749 -0.583343 0.926137 1.583814 54.214612 -27.002563 1.492990 2.867244
111010783 1.144749 -0.583343 0.931137 1.586743 54.068151 -27.002563 1.494725 2.861953
111010784 1.144749 -0.583343 0.936137 1.589683 53.922231 -27.002563 1.496417 2.856664
111010785 1.144749 -0.583343 0.941137 1.592632 53.776851 -27.002563 1.498067 2.851376
111010786 1.144749 -0.583343 0.946137 1.595592 53.632009 -27.002563 1.499676 2.846089
111010787 1.144749 -0.583343 0.951137 1.598562 53.487704 -27.002563 1.501243 2.840803
111010788 1.144749 -0.583343 0.956137 1.601542 53.343935 -27.002563 1.502769 2.835519
111010789 1.144749 -0.583343 0.961137 1.604532 53.200701 -27.002563 1.504255 2.830237
111010790 1.144749 -0.583343 0.966137 1.607532 53.058001 -27.002563 1.505701 2.824958
111010791 1.144749 -0.583343 0.971137 1.610542 52.915833 -27.002563 1.507107 2.819680
111010792 1.144749 -0.583343 0.976137 1.613562 52.774197 -27.002563 1.508473 2.814405
111010793 1.144749 -0.583343 0.981137 1.616592 52.633091 -27.002563 1.509801 2.809133
111010794 1.144749 -0.583343 0.986137 1.619631 52.492513 -27.002563 1.511090 2.803863
111010795 1.144749 -0.583343 0.991137 1.622680 52.352463 -27.002563 1.512340 2.798596
111010796 1.144749 -0.583343 0.996137 1.625739 52.212939 -27.002563 1.513552 2.793333
111010797 1.144749 -0.583343 1.001137 1.628807 52.073940 -27.002563 1.514727 2.788073
111010798 1.144749 -0.583343 1.006137 1.631885 51.935465 -27.002563 1.515865 2.782816
111010799 1.144749 -0.583343 1.011137 1.634973 51.797512 -27.002563 1.516965 2.777563
111010800 1.144749 -0.583343 1.016137 1.638070 51.660079 -27.002563 1.518029 2.772314
