# pixelID   x   y   z   l2  two_theta   azimuthal   polar_width azimuthal_width
112060001 1.135598 0.486993 1.302543 1.795373 43.489539 23.211708 1.473993 2.524193
112060002 1.134223 0.486993 1.307350 1.797996 43.354893 23.236869 1.474530 2.520418
112060003 1.132848 0.486993 1.312157 1.800629 43.220646 23.262081 1.475046 2.516640
112060004 1.131472 0.486993 1.316965 1.803271 43.086796 23.287346 1.475542 2.512858
112060005 1.130097 0.486993 1.321772 1.805924 42.953345 23.312662 1.476018 2.509072
112060006 1.128722 0.486993 1.326579 1.808587 42.820292 23.338030 1.476474 2.505283
112060007 1.127346 0.486993 1.331386 1.811259 42.687636 23.363451 1.476911 2.501491
112060008 1.125971 0.486993 1.336193 1.813942 42.555377 23.388923 1.477328 2.497695
112060009 1.124596 0.486993 1.341000 1.816634 42.423515 23.414448 1.477725 2.493897
112060010 1.123220 0.486993 1.345807 1.819336 42.292050 23.440026 1.478103 2.490096
112060011 1.121845 0.486993 1.350614 1.822048 42.160982 23.465657 1.478463 2.486293
112060012 1.120470 0.486993 1.355422 1.824769 42.030309 23.491340 1.478803 2.482486
112060013 1.119094 0.486993 1.360229 1.827500 41.900031 23.517077 1.479125 2.478678
112060014 1.117719 0.486993 1.365036 1.830241 41.770149 23.542867 1.479428 2.474867
112060015 1.116344 0.486993 1.369843 1.832991 41.640662 23.568710 1.479713 2.471053
112060016 1.114968 0.486993 1.374650 1.835750 41.511569 23.594607 1.479979 2.467238
112060017 1.113593 0.486993 1.379457 1.838519 41.382871 23.620558 1.480228 2.463421
112060018 1.112218 0.486993 1.384264 1.841298 41.254566 23.646562 1.480458 2.459602
112060019 1.110842 0.486993 1.389072 1.844086 41.126654 23.672620 1.480671 2.455781
112060020 1.109467 0.486993 1.393879 1.846883 40.999134 23.698733 1.480866 2.451959
112060021 1.108092 0.486993 1.398686 1.849690 40.872007 23.724900 1.481044 2.448135
112060022 1.106716 0.486993 1.403493 1.852505 40.745272 23.751121 1.481205 2.444310
112060023 1.105341 0.486993 1.408300 1.855330 40.618928 23.777397 1.481348 2.440484
112060024 1.103966 0.486993 1.413107 1.858164 40.492974 23.803728 1.481475 2.436657
112060025 1.102591 0.486993 1.417914 1.861007 40.367411 23.830114 1.481585 2.432828
112060026 1.101215 0.486993 1.422721 1.863860 40.242237 23.856555 1.481678 2.428999
112060027 1.099840 0.486993 1.427529 1.866721 40.117453 23.883052 1.481755 2.425169
112060028 1.098465 0.486993 1.432336 1.869591 39.993057 23.909603 1.481816 2.421338
112060029 1.097089 0.486993 1.437143 1.872471 39.869050 23.936211 1.481860 2.417507
112060030 1.095714 0.486993 1.441950 1.875359 39.745429 23.962874 1.481889 2.413675
112060031 1.094339 0.486993 1.446757 1.878256 39.622196 23.989593 1.481902 2.409843
112060032 1.092963 0.486993 1.451564 1.881162 39.499349 24.016368 1.481899 2.406011
112060033 1.091588 0.486993 1.456371 1.884076 39.376887 24.043200 1.481881 2.402179
112060034 1.090213 0.486993 1.461178 1.887000 39.254811 24.070088 1.481847 2.398346
112060035 1.088837 0.486993 1.465986 1.889932 39.133119 24.097033 1.481798 2.394514
112060036 1.087462 0.486993 1.470793 1.892873 39.011811 24.124034 1.481735 2.390681
112060037 1.086087 0.486993 1.475600 1.895822 38.890886 24.151092 1.481656 2.386849
112060038 1.084711 0.486993 1.480407 1.898780 38.770343 24.178208 1.481563 2.383018
112060039 1.083336 0.486993 1.485214 1.901746 38.650182 24.205380 1.481455 2.379186
112060040 1.081961 0.486993 1.490021 1.904721 38.530402 24.232611 1.481333 2.375356
112060041 1.080585 0.486993 1.494828 1.907705 38.411003 24.259898 1.481196 2.371526
112060042 1.079210 0.486993 1.499635 1.910697 38.291983 24.287244 1.481045 2.367696
112060043 1.077835 0.486993 1.504443 1.913697 38.173343 24.314648 1.480881 2.363868
112060044 1.076459 0.486993 1.509250 1.916706 38.055081 24.342109 1.480703 2.360040
112060045 1.075084 0.486993 1.514057 1.919723 37.937196 24.369629 1.480511 2.356214
112060046 1.073709 0.486993 1.518864 1.922748 37.819688 24.397208 1.480305 2.352388
112060047 1.072333 0.486993 1.523671 1.925781 37.702556 24.424845 1.480087 2.348564
112060048 1.070958 0.486993 1.528478 1.928823 37.585800 24.452541 1.479855 2.344741
112060049 1.069583 0.486993 1.533285 1.931873 37.469419 24.480296 1.479610 2.340919
112060050 1.068207 0.486993 1.538092 1.934931 37.353411 24.508110 1.479352 2.337099
112060051 1.066832 0.486993 1.542900 1.937997 37.237776 24.535984 1.479081 2.333280
112060052 1.065457 0.486993 1.547707 1.941071 37.122514 24.563917 1.478798 2.329463
112060053 1.064081 0.486993 1.552514 1.944153 37.007623 24.591910 1.478502 2.325648
112060054 1.062706 0.486993 1.557321 1.947243 36.893103 24.619963 1.478194 2.321834
112060055 1.061331 0.486993 1.562128 1.950341 36.778952 24.648075 1.477874 2.318022
112060056 1.059955 0.486993 1.566935 1.953447 36.665171 24.676248 1.477541 2.314212
112060057 1.058580 0.486993 1.571742 1.956560 36.551759 24.704482 1.477197 2.310404
112060058 1.057205 0.486993 1.576549 1.959682 36.438713 24.732776 1.476841 2.306599
112060059 1.055829 0.486993 1.581357 1.962811 36.326035 24.761131 1.476474 2.302795
112060060 1.054454 0.486993 1.586164 1.965948 36.213722 24.789547 1.476095 2.298993
112060061 1.053079 0.486993 1.590971 1.969092 36.101774 24.818024 1.475704 2.295194
112060062 1.051703 0.486993 1.595778 1.972245 35.990191 24.846562 1.475303 2.291397
112060063 1.050328 0.486993 1.600585 1.975405 35.878971 24.875162 1.474890 2.287603
112060064 1.048953 0.486993 1.605392 1.978572 35.768113 24.903824 1.474466 2.283811
112060065 1.047577 0.486993 1.610199 1.981747 35.657617 24.932547 1.474032 2.280022
112060066 1.046202 0.486993 1.615007 1.984930 35.547481 24.961333 1.473587 2.276235
112060067 1.044827 0.486993 1.619814 1.988120 35.437706 24.990181 1.473131 2.272451
112060068 1.043451 0.486993 1.624621 1.991318 35.328289 25.019091 1.472665 2.268670
112060069 1.042076 0.486993 1.629428 1.994522 35.219231 25.048064 1.472189 2.264892
112060070 1.040701 0.486993 1.634235 1.997735 35.110530 25.077100 1.471702 2.261117
112060071 1.039326 0.486993 1.639042 2.000954 35.002185 25.106199 1.471206 2.257344
112060072 1.037950 0.486993 1.643849 2.004181 34.894196 25.135361 1.470699 2.253575
112060073 1.036575 0.486993 1.648656 2.007416 34.786561 25.164586 1.470183 2.249808
112060074 1.035200 0.486993 1.653464 2.010657 34.679280 25.193875 1.469657 2.246045
112060075 1.033824 0.486993 1.658271 2.013906 34.572351 25.223228 1.469122 2.242285
112060076 1.032449 0.486993 1.663078 2.017161 34.465774 25.252645 1.468577 2.238529
112060077 1.031074 0.486993 1.667885 2.020424 34.359549 25.282126 1.468023 2.234775
112060078 1.029698 0.486993 1.672692 2.023694 34.253673 25.311671 1.467459 2.231025
112060079 1.028323 0.486993 1.677499 2.026971 34.148146 25.341281 1.466887 2.227279
112060080 1.026948 0.486993 1.682306 2.030256 34.042968 25.370956 1.466306 2.223536
112060081 1.025572 0.486993 1.687113 2.033547 33.938136 25.400695 1.465716 2.219796
112060082 1.024197 0.486993 1.691921 2.036845 33.833651 25.430500 1.465117 2.216061
112060083 1.022822 0.486993 1.696728 2.040150 33.729512 25.460370 1.464510 2.212328
112060084 1.021446 0.486993 1.701535 2.043462 33.625717 25.490306 1.463894 2.208600
112060085 1.020071 0.486993 1.706342 2.046780 33.522265 25.520308 1.463270 2.204875
112060086 1.018696 0.486993 1.711149 2.050106 33.419155 25.550375 1.462638 2.201154
112060087 1.017320 0.486993 1.715956 2.053438 33.316388 25.580509 1.461998 2.197437
112060088 1.015945 0.486993 1.720763 2.056777 33.213961 25.610709 1.461350 2.193724
112060089 1.014570 0.486993 1.725570 2.060123 33.111873 25.640975 1.460694 2.190015
112060090 1.013194 0.486993 1.730378 2.063476 33.010124 25.671309 1.460030 2.186309
112060091 1.011819 0.486993 1.735185 2.066835 32.908713 25.701709 1.459358 2.182608
112060092 1.010444 0.486993 1.739992 2.070200 32.807639 25.732176 1.458679 2.178911
112060093 1.009068 0.486993 1.744799 2.073573 32.706901 25.762711 1.457993 2.175218
112060094 1.007693 0.486993 1.749606 2.076952 32.606497 25.793314 1.457299 2.171530
112060095 1.006318 0.486993 1.754413 2.080337 32.506428 25.823984 1.456598 2.167845
112060096 1.004942 0.486993 1.759220 2.083729 32.406691 25.854722 1.455890 2.164165
112060097 1.003567 0.486993 1.764027 2.087128 32.307286 25.885528 1.455175 2.160489
112060098 1.002192 0.486993 1.768835 2.090532 32.208213 25.916403 1.454453 2.156817
112060099 1.000816 0.486993 1.773642 2.093944 32.109469 25.947347 1.453724 2.153150
112060100 0.999441 0.486993 1.778449 2.097361 32.011054 25.978359 1.452988 2.149487
112060101 1.127748 0.512098 1.300297 1.795782 43.607286 24.422292 1.500537 2.518539
112060102 1.126372 0.512098 1.305104 1.798404 43.472771 24.448623 1.501120 2.514746
112060103 1.124997 0.512098 1.309911 1.801036 43.338653 24.475009 1.501681 2.510948
112060104 1.123622 0.512098 1.314719 1.803678 43.204934 24.501447 1.502222 2.507147
112060105 1.122246 0.512098 1.319526 1.806330 43.071614 24.527939 1.502742 2.503343
112060106 1.120871 0.512098 1.324333 1.808993 42.938690 24.554485 1.503242 2.499535
112060107 1.119496 0.512098 1.329140 1.811664 42.806165 24.581085 1.503721 2.495723
112060108 1.118120 0.512098 1.333947 1.814346 42.674036 24.607739 1.504180 2.491909
112060109 1.116745 0.512098 1.338754 1.817038 42.542305 24.634447 1.504620 2.488092
112060110 1.115370 0.512098 1.343561 1.819739 42.410970 24.661210 1.505039 2.484272
112060111 1.113994 0.512098 1.348368 1.822450 42.280031 24.688027 1.505439 2.480449
112060112 1.112619 0.512098 1.353176 1.825171 42.149489 24.714899 1.505820 2.476624
112060113 1.111244 0.512098 1.357983 1.827902 42.019342 24.741826 1.506181 2.472796
112060114 1.109869 0.512098 1.362790 1.830642 41.889590 24.768808 1.506523 2.468966
112060115 1.108493 0.512098 1.367597 1.833391 41.760233 24.795845 1.506847 2.465134
112060116 1.107118 0.512098 1.372404 1.836150 41.631270 24.822937 1.507151 2.461299
112060117 1.105743 0.512098 1.377211 1.838919 41.502701 24.850085 1.507437 2.457463
112060118 1.104367 0.512098 1.382018 1.841697 41.374526 24.877289 1.507705 2.453625
112060119 1.102992 0.512098 1.386825 1.844484 41.246744 24.904548 1.507954 2.449785
112060120 1.101617 0.512098 1.391633 1.847280 41.119355 24.931864 1.508186 2.445944
112060121 1.100241 0.512098 1.396440 1.850086 40.992358 24.959235 1.508399 2.442101
112060122 1.098866 0.512098 1.401247 1.852901 40.865753 24.986663 1.508595 2.438256
112060123 1.097491 0.512098 1.406054 1.855726 40.739539 25.014147 1.508773 2.434411
112060124 1.096115 0.512098 1.410861 1.858559 40.613716 25.041688 1.508934 2.430564
112060125 1.094740 0.512098 1.415668 1.861402 40.488283 25.069286 1.509077 2.426717
112060126 1.093365 0.512098 1.420475 1.864253 40.363239 25.096941 1.509204 2.422868
112060127 1.091989 0.512098 1.425282 1.867114 40.238585 25.124652 1.509313 2.419019
112060128 1.090614 0.512098 1.430090 1.869984 40.114319 25.152422 1.509406 2.415169
112060129 1.089239 0.512098 1.434897 1.872862 39.990442 25.180248 1.509482 2.411318
112060130 1.087863 0.512098 1.439704 1.875750 39.866952 25.208132 1.509541 2.407467
112060131 1.086488 0.512098 1.444511 1.878646 39.743848 25.236074 1.509585 2.403615
112060132 1.085113 0.512098 1.449318 1.881552 39.621132 25.264074 1.509612 2.399763
112060133 1.083737 0.512098 1.454125 1.884466 39.498800 25.292132 1.509623 2.395912
112060134 1.082362 0.512098 1.458932 1.887389 39.376854 25.320248 1.509619 2.392060
112060135 1.080987 0.512098 1.463739 1.890320 39.255292 25.348423 1.509599 2.388208
112060136 1.079611 0.512098 1.468547 1.893260 39.134114 25.376656 1.509563 2.384356
112060137 1.078236 0.512098 1.473354 1.896209 39.013320 25.404948 1.509512 2.380504
112060138 1.076861 0.512098 1.478161 1.899166 38.892907 25.433299 1.509446 2.376653
112060139 1.075485 0.512098 1.482968 1.902132 38.772877 25.461709 1.509365 2.372802
112060140 1.074110 0.512098 1.487775 1.905107 38.653228 25.490178 1.509269 2.368952
112060141 1.072735 0.512098 1.492582 1.908090 38.533959 25.518707 1.509159 2.365102
112060142 1.071359 0.512098 1.497389 1.911081 38.415070 25.547296 1.509034 2.361253
112060143 1.069984 0.512098 1.502197 1.914081 38.296560 25.575944 1.508894 2.357405
112060144 1.068609 0.512098 1.507004 1.917089 38.178428 25.604653 1.508740 2.353558
112060145 1.067233 0.512098 1.511811 1.920105 38.060674 25.633421 1.508572 2.349711
112060146 1.065858 0.512098 1.516618 1.923130 37.943297 25.662250 1.508391 2.345866
112060147 1.064483 0.512098 1.521425 1.926163 37.826296 25.691139 1.508195 2.342022
112060148 1.063107 0.512098 1.526232 1.929204 37.709670 25.720089 1.507986 2.338179
112060149 1.061732 0.512098 1.531039 1.932253 37.593420 25.749100 1.507763 2.334338
112060150 1.060357 0.512098 1.535846 1.935310 37.477543 25.778172 1.507527 2.330497
112060151 1.058981 0.512098 1.540654 1.938375 37.362039 25.807305 1.507278 2.326659
112060152 1.057606 0.512098 1.545461 1.941449 37.246907 25.836500 1.507016 2.322822
112060153 1.056231 0.512098 1.550268 1.944530 37.132148 25.865756 1.506741 2.318986
112060154 1.054855 0.512098 1.555075 1.947620 37.017759 25.895073 1.506453 2.315153
112060155 1.053480 0.512098 1.559882 1.950717 36.903740 25.924453 1.506153 2.311321
112060156 1.052105 0.512098 1.564689 1.953822 36.790090 25.953895 1.505840 2.307491
112060157 1.050729 0.512098 1.569496 1.956935 36.676808 25.983399 1.505514 2.303663
112060158 1.049354 0.512098 1.574303 1.960056 36.563894 26.012966 1.505177 2.299837
112060159 1.047979 0.512098 1.579111 1.963185 36.451347 26.042595 1.504828 2.296013
112060160 1.046604 0.512098 1.583918 1.966321 36.339166 26.072288 1.504466 2.292192
112060161 1.045228 0.512098 1.588725 1.969465 36.227350 26.102043 1.504093 2.288373
112060162 1.043853 0.512098 1.593532 1.972617 36.115898 26.131861 1.503709 2.284556
112060163 1.042478 0.512098 1.598339 1.975776 36.004809 26.161743 1.503312 2.280741
112060164 1.041102 0.512098 1.603146 1.978943 35.894084 26.191688 1.502905 2.276929
112060165 1.039727 0.512098 1.607953 1.982118 35.783719 26.221698 1.502486 2.273119
112060166 1.038352 0.512098 1.612760 1.985300 35.673716 26.251771 1.502056 2.269312
112060167 1.036976 0.512098 1.617568 1.988489 35.564072 26.281908 1.501616 2.265508
112060168 1.035601 0.512098 1.622375 1.991686 35.454788 26.312110 1.501164 2.261707
112060169 1.034226 0.512098 1.627182 1.994890 35.345862 26.342376 1.500702 2.257908
112060170 1.032850 0.512098 1.631989 1.998102 35.237293 26.372707 1.500229 2.254112
112060171 1.031475 0.512098 1.636796 2.001321 35.129080 26.403102 1.499746 2.250319
112060172 1.030100 0.512098 1.641603 2.004548 35.021223 26.433563 1.499253 2.246529
112060173 1.028724 0.512098 1.646410 2.007781 34.913721 26.464089 1.498749 2.242743
112060174 1.027349 0.512098 1.651217 2.011022 34.806573 26.494681 1.498236 2.238959
112060175 1.025974 0.512098 1.656025 2.014270 34.699777 26.525338 1.497712 2.235178
112060176 1.024598 0.512098 1.660832 2.017525 34.593333 26.556061 1.497179 2.231401
112060177 1.023223 0.512098 1.665639 2.020788 34.487240 26.586851 1.496636 2.227627
112060178 1.021848 0.512098 1.670446 2.024057 34.381498 26.617706 1.496084 2.223856
112060179 1.020472 0.512098 1.675253 2.027334 34.276104 26.648628 1.495522 2.220089
112060180 1.019097 0.512098 1.680060 2.030617 34.171059 26.679617 1.494951 2.216326
112060181 1.017722 0.512098 1.684867 2.033908 34.066361 26.710672 1.494371 2.212565
112060182 1.016346 0.512098 1.689674 2.037205 33.962010 26.741795 1.493782 2.208809
112060183 1.014971 0.512098 1.694482 2.040509 33.858003 26.772985 1.493184 2.205056
112060184 1.013596 0.512098 1.699289 2.043821 33.754342 26.804242 1.492577 2.201306
112060185 1.012220 0.512098 1.704096 2.047139 33.651024 26.835567 1.491961 2.197561
112060186 1.010845 0.512098 1.708903 2.050464 33.548049 26.866959 1.491337 2.193819
112060187 1.009470 0.512098 1.713710 2.053796 33.445415 26.898420 1.490705 2.190081
112060188 1.008094 0.512098 1.718517 2.057134 33.343122 26.929949 1.490064 2.186347
112060189 1.006719 0.512098 1.723324 2.060479 33.241169 26.961547 1.489415 2.182616
112060190 1.005344 0.512098 1.728132 2.063831 33.139555 26.993213 1.488757 2.178890
112060191 1.003968 0.512098 1.732939 2.067190 33.038278 27.024948 1.488092 2.175168
112060192 1.002593 0.512098 1.737746 2.070555 32.937339 27.056752 1.487419 2.171450
112060193 1.001218 0.512098 1.742553 2.073927 32.836735 27.088625 1.486739 2.167736
112060194 0.999842 0.512098 1.747360 2.077305 32.736467 27.120568 1.486050 2.164026
112060195 0.998467 0.512098 1.752167 2.080690 32.636532 27.152581 1.485354 2.160320
112060196 0.997092 0.512098 1.756974 2.084081 32.536931 27.184663 1.484651 2.156618
112060197 0.995716 0.512098 1.761781 2.087479 32.437661 27.216815 1.483941 2.152921
112060198 0.994341 0.512098 1.766589 2.090884 32.338723 27.249038 1.483223 2.149228
112060199 0.992966 0.512098 1.771396 2.094294 32.240115 27.281332 1.482498 2.145540
112060200 0.991590 0.512098 1.776203 2.097711 32.141836 27.313696 1.481766 2.141855
112060201 1.119897 0.537204 1.298051 1.796578 43.737658 25.626576 1.525713 2.511258
112060202 1.118522 0.537204 1.302858 1.799199 43.603294 25.654043 1.526340 2.507447
112060203 1.117146 0.537204 1.307665 1.801830 43.469329 25.681564 1.526945 2.503633
112060204 1.115771 0.537204 1.312472 1.804471 43.335761 25.709141 1.527530 2.499815
112060205 1.114396 0.537204 1.317280 1.807122 43.202591 25.736773 1.528093 2.495994
112060206 1.113021 0.537204 1.322087 1.809783 43.069819 25.764460 1.528635 2.492169
112060207 1.111645 0.537204 1.326894 1.812454 42.937444 25.792203 1.529156 2.488341
112060208 1.110270 0.537204 1.331701 1.815135 42.805466 25.820001 1.529657 2.484510
112060209 1.108895 0.537204 1.336508 1.817825 42.673884 25.847855 1.530137 2.480676
112060210 1.107519 0.537204 1.341315 1.820525 42.542699 25.875766 1.530597 2.476839
112060211 1.106144 0.537204 1.346122 1.823235 42.411910 25.903732 1.531037 2.473000
112060212 1.104769 0.537204 1.350929 1.825955 42.281517 25.931755 1.531457 2.469158
112060213 1.103393 0.537204 1.355737 1.828684 42.151519 25.959834 1.531858 2.465313
112060214 1.102018 0.537204 1.360544 1.831423 42.021916 25.987970 1.532238 2.461466
112060215 1.100643 0.537204 1.365351 1.834171 41.892708 26.016163 1.532599 2.457617
112060216 1.099267 0.537204 1.370158 1.836929 41.763894 26.044413 1.532941 2.453765
112060217 1.097892 0.537204 1.374965 1.839697 41.635473 26.072719 1.533264 2.449912
112060218 1.096517 0.537204 1.379772 1.842473 41.507446 26.101084 1.533568 2.446057
112060219 1.095141 0.537204 1.384579 1.845259 41.379812 26.129505 1.533853 2.442200
112060220 1.093766 0.537204 1.389386 1.848055 41.252571 26.157984 1.534120 2.438342
112060221 1.092391 0.537204 1.394194 1.850859 41.125721 26.186521 1.534368 2.434482
112060222 1.091015 0.537204 1.399001 1.853673 40.999263 26.215116 1.534598 2.430620
112060223 1.089640 0.537204 1.403808 1.856497 40.873196 26.243769 1.534810 2.426758
112060224 1.088265 0.537204 1.408615 1.859329 40.747519 26.272480 1.535004 2.422894
112060225 1.086889 0.537204 1.413422 1.862170 40.622233 26.301250 1.535180 2.419029
112060226 1.085514 0.537204 1.418229 1.865021 40.497336 26.330078 1.535339 2.415163
112060227 1.084139 0.537204 1.423036 1.867880 40.372828 26.358965 1.535480 2.411297
112060228 1.082763 0.537204 1.427844 1.870749 40.248709 26.387910 1.535604 2.407430
112060229 1.081388 0.537204 1.432651 1.873626 40.124977 26.416915 1.535711 2.403562
112060230 1.080013 0.537204 1.437458 1.876513 40.001633 26.445979 1.535801 2.399693
112060231 1.078637 0.537204 1.442265 1.879408 39.878675 26.475103 1.535875 2.395825
112060232 1.077262 0.537204 1.447072 1.882312 39.756104 26.504286 1.535931 2.391955
112060233 1.075887 0.537204 1.451879 1.885225 39.633918 26.533529 1.535972 2.388086
112060234 1.074511 0.537204 1.456686 1.888147 39.512116 26.562831 1.535996 2.384217
112060235 1.073136 0.537204 1.461493 1.891077 39.390700 26.592194 1.536004 2.380348
112060236 1.071761 0.537204 1.466301 1.894016 39.269666 26.621617 1.535996 2.376478
112060237 1.070385 0.537204 1.471108 1.896963 39.149016 26.651101 1.535972 2.372609
112060238 1.069010 0.537204 1.475915 1.899920 39.028748 26.680645 1.535932 2.368741
112060239 1.067635 0.537204 1.480722 1.902884 38.908862 26.710249 1.535878 2.364872
112060240 1.066259 0.537204 1.485529 1.905858 38.789357 26.739915 1.535807 2.361004
112060241 1.064884 0.537204 1.490336 1.908839 38.670232 26.769642 1.535722 2.357137
112060242 1.063509 0.537204 1.495143 1.911830 38.551487 26.799430 1.535622 2.353271
112060243 1.062133 0.537204 1.499950 1.914828 38.433121 26.829279 1.535507 2.349405
112060244 1.060758 0.537204 1.504758 1.917835 38.315132 26.859190 1.535377 2.345540
112060245 1.059383 0.537204 1.509565 1.920850 38.197522 26.889163 1.535232 2.341676
112060246 1.058007 0.537204 1.514372 1.923874 38.080288 26.919198 1.535074 2.337813
112060247 1.056632 0.537204 1.519179 1.926905 37.963430 26.949295 1.534901 2.333951
112060248 1.055257 0.537204 1.523986 1.929945 37.846948 26.979455 1.534714 2.330091
112060249 1.053881 0.537204 1.528793 1.932993 37.730840 27.009676 1.534513 2.326231
112060250 1.052506 0.537204 1.533600 1.936049 37.615106 27.039961 1.534298 2.322374
112060251 1.051131 0.537204 1.538407 1.939114 37.499745 27.070308 1.534070 2.318517
112060252 1.049756 0.537204 1.543215 1.942186 37.384756 27.100719 1.533828 2.314662
112060253 1.048380 0.537204 1.548022 1.945266 37.270139 27.131192 1.533573 2.310809
112060254 1.047005 0.537204 1.552829 1.948354 37.155892 27.161729 1.533305 2.306957
112060255 1.045630 0.537204 1.557636 1.951450 37.042015 27.192330 1.533024 2.303108
112060256 1.044254 0.537204 1.562443 1.954554 36.928508 27.222994 1.532730 2.299260
112060257 1.042879 0.537204 1.567250 1.957666 36.815368 27.253723 1.532423 2.295414
112060258 1.041504 0.537204 1.572057 1.960786 36.702597 27.284515 1.532104 2.291570
112060259 1.040128 0.537204 1.576864 1.963913 36.590191 27.315372 1.531772 2.287728
112060260 1.038753 0.537204 1.581672 1.967049 36.478152 27.346293 1.531428 2.283888
112060261 1.037378 0.537204 1.586479 1.970192 36.366478 27.377279 1.531071 2.280051
112060262 1.036002 0.537204 1.591286 1.973342 36.255167 27.408329 1.530703 2.276216
112060263 1.034627 0.537204 1.596093 1.976500 36.144220 27.439445 1.530323 2.272383
112060264 1.033252 0.537204 1.600900 1.979666 36.033636 27.470626 1.529931 2.268553
112060265 1.031876 0.537204 1.605707 1.982839 35.923413 27.501873 1.529528 2.264725
112060266 1.030501 0.537204 1.610514 1.986020 35.813551 27.533185 1.529113 2.260899
112060267 1.029126 0.537204 1.615322 1.989209 35.704049 27.564562 1.528686 2.257077
112060268 1.027750 0.537204 1.620129 1.992404 35.594906 27.596006 1.528249 2.253257
112060269 1.026375 0.537204 1.624936 1.995608 35.486121 27.627516 1.527800 2.249440
112060270 1.025000 0.537204 1.629743 1.998818 35.377693 27.659092 1.527341 2.245626
112060271 1.023624 0.537204 1.634550 2.002036 35.269622 27.690735 1.526871 2.241814
112060272 1.022249 0.537204 1.639357 2.005261 35.161906 27.722445 1.526390 2.238006
112060273 1.020874 0.537204 1.644164 2.008494 35.054545 27.754221 1.525899 2.234201
112060274 1.019498 0.537204 1.648971 2.011733 34.947537 27.786065 1.525397 2.230398
112060275 1.018123 0.537204 1.653779 2.014980 34.840882 27.817976 1.524885 2.226599
112060276 1.016748 0.537204 1.658586 2.018234 34.734579 27.849954 1.524363 2.222803
112060277 1.015372 0.537204 1.663393 2.021496 34.628627 27.882000 1.523831 2.219011
112060278 1.013997 0.537204 1.668200 2.024764 34.523025 27.914114 1.523289 2.215221
112060279 1.012622 0.537204 1.673007 2.028039 34.417773 27.946297 1.522737 2.211435
112060280 1.011246 0.537204 1.677814 2.031322 34.312868 27.978547 1.522175 2.207653
112060281 1.009871 0.537204 1.682621 2.034611 34.208311 28.010866 1.521605 2.203874
112060282 1.008496 0.537204 1.687428 2.037907 34.104100 28.043253 1.521024 2.200098
112060283 1.007120 0.537204 1.692236 2.041211 34.000235 28.075710 1.520435 2.196326
112060284 1.005745 0.537204 1.697043 2.044521 33.896714 28.108236 1.519836 2.192558
112060285 1.004370 0.537204 1.701850 2.047838 33.793536 28.140830 1.519229 2.188793
112060286 1.002994 0.537204 1.706657 2.051161 33.690702 28.173495 1.518612 2.185033
112060287 1.001619 0.537204 1.711464 2.054492 33.588209 28.206229 1.517987 2.181275
112060288 1.000244 0.537204 1.716271 2.057829 33.486056 28.239033 1.517353 2.177522
112060289 0.998868 0.537204 1.721078 2.061174 33.384244 28.271907 1.516710 2.173773
112060290 0.997493 0.537204 1.725885 2.064524 33.282770 28.304851 1.516059 2.170027
112060291 0.996118 0.537204 1.730693 2.067882 33.181634 28.337866 1.515400 2.166286
112060292 0.994742 0.537204 1.735500 2.071246 33.080835 28.370951 1.514733 2.162549
112060293 0.993367 0.537204 1.740307 2.074617 32.980372 28.404108 1.514057 2.158815
112060294 0.991992 0.537204 1.745114 2.077994 32.880244 28.437335 1.513374 2.155086
112060295 0.990616 0.537204 1.749921 2.081378 32.780450 28.470634 1.512682 2.151361
112060296 0.989241 0.537204 1.754728 2.084768 32.680990 28.504004 1.511983 2.147640
112060297 0.987866 0.537204 1.759535 2.088165 32.581861 28.537446 1.511277 2.143923
112060298 0.986491 0.537204 1.764342 2.091568 32.483063 28.570961 1.510562 2.140211
112060299 0.985115 0.537204 1.769150 2.094977 32.384596 28.604547 1.509841 2.136503
112060300 0.983740 0.537204 1.773957 2.098393 32.286458 28.638205 1.509112 2.132799
112060301 1.112047 0.562309 1.295805 1.797762 43.880448 26.823556 1.549466 2.502382
112060302 1.110671 0.562309 1.300612 1.800382 43.746257 26.852119 1.550137 2.498557
112060303 1.109296 0.562309 1.305419 1.803011 43.612464 26.880738 1.550786 2.494729
112060304 1.107921 0.562309 1.310226 1.805650 43.479068 26.909414 1.551413 2.490897
112060305 1.106545 0.562309 1.315034 1.808299 43.346069 26.938147 1.552018 2.487061
112060306 1.105170 0.562309 1.319841 1.810959 43.213468 26.966936 1.552602 2.483222
112060307 1.103795 0.562309 1.324648 1.813628 43.081263 26.995783 1.553165 2.479379
112060308 1.102419 0.562309 1.329455 1.816307 42.949455 27.024686 1.553706 2.475534
112060309 1.101044 0.562309 1.334262 1.818995 42.818043 27.053647 1.554226 2.471685
112060310 1.099669 0.562309 1.339069 1.821694 42.687026 27.082665 1.554726 2.467834
112060311 1.098293 0.562309 1.343876 1.824402 42.556406 27.111741 1.555205 2.463980
112060312 1.096918 0.562309 1.348683 1.827120 42.426181 27.140875 1.555663 2.460123
112060313 1.095543 0.562309 1.353491 1.829847 42.296350 27.170066 1.556102 2.456264
112060314 1.094167 0.562309 1.358298 1.832585 42.166915 27.199316 1.556520 2.452402
112060315 1.092792 0.562309 1.363105 1.835331 42.037873 27.228624 1.556918 2.448538
112060316 1.091417 0.562309 1.367912 1.838087 41.909225 27.257990 1.557297 2.444672
112060317 1.090041 0.562309 1.372719 1.840853 41.780971 27.287415 1.557655 2.440804
112060318 1.088666 0.562309 1.377526 1.843628 41.653109 27.316898 1.557995 2.436935
112060319 1.087291 0.562309 1.382333 1.846412 41.525640 27.346440 1.558315 2.433063
112060320 1.085915 0.562309 1.387140 1.849206 41.398563 27.376042 1.558616 2.429190
112060321 1.084540 0.562309 1.391948 1.852009 41.271878 27.405702 1.558899 2.425315
112060322 1.083165 0.562309 1.396755 1.854821 41.145584 27.435422 1.559162 2.421439
112060323 1.081789 0.562309 1.401562 1.857642 41.019680 27.465202 1.559407 2.417562
112060324 1.080414 0.562309 1.406369 1.860473 40.894167 27.495041 1.559634 2.413683
112060325 1.079039 0.562309 1.411176 1.863313 40.769043 27.524940 1.559842 2.409803
112060326 1.077663 0.562309 1.415983 1.866161 40.644309 27.554898 1.560033 2.405923
112060327 1.076288 0.562309 1.420790 1.869019 40.519963 27.584917 1.560205 2.402041
112060328 1.074913 0.562309 1.425597 1.871886 40.396005 27.614997 1.560360 2.398159
112060329 1.073537 0.562309 1.430405 1.874762 40.272434 27.645137 1.560497 2.394276
112060330 1.072162 0.562309 1.435212 1.877646 40.149251 27.675337 1.560617 2.390393
112060331 1.070787 0.562309 1.440019 1.880540 40.026453 27.705599 1.560719 2.386509
112060332 1.069411 0.562309 1.444826 1.883442 39.904042 27.735921 1.560805 2.382625
112060333 1.068036 0.562309 1.449633 1.886353 39.782016 27.766305 1.560874 2.378741
112060334 1.066661 0.562309 1.454440 1.889273 39.660374 27.796749 1.560926 2.374856
112060335 1.065285 0.562309 1.459247 1.892202 39.539116 27.827256 1.560961 2.370972
112060336 1.063910 0.562309 1.464054 1.895139 39.418242 27.857824 1.560980 2.367087
112060337 1.062535 0.562309 1.468862 1.898085 39.297750 27.888454 1.560983 2.363203
112060338 1.061159 0.562309 1.473669 1.901039 39.177640 27.919146 1.560969 2.359319
112060339 1.059784 0.562309 1.478476 1.904002 39.057911 27.949900 1.560940 2.355436
112060340 1.058409 0.562309 1.483283 1.906974 38.938563 27.980716 1.560895 2.351553
112060341 1.057033 0.562309 1.488090 1.909954 38.819595 28.011595 1.560835 2.347670
112060342 1.055658 0.562309 1.492897 1.912942 38.701007 28.042536 1.560759 2.343788
112060343 1.054283 0.562309 1.497704 1.915939 38.582797 28.073541 1.560667 2.339907
112060344 1.052908 0.562309 1.502511 1.918944 38.464965 28.104608 1.560561 2.336027
112060345 1.051532 0.562309 1.507319 1.921958 38.347510 28.135739 1.560440 2.332147
112060346 1.050157 0.562309 1.512126 1.924979 38.230432 28.166933 1.560303 2.328269
112060347 1.048782 0.562309 1.516933 1.928009 38.113729 28.198191 1.560153 2.324392
112060348 1.047406 0.562309 1.521740 1.931047 37.997402 28.229512 1.559987 2.320516
112060349 1.046031 0.562309 1.526547 1.934094 37.881448 28.260898 1.559808 2.316641
112060350 1.044656 0.562309 1.531354 1.937148 37.765868 28.292347 1.559614 2.312767
112060351 1.043280 0.562309 1.536161 1.940211 37.650661 28.323861 1.559406 2.308895
112060352 1.041905 0.562309 1.540969 1.943281 37.535826 28.355439 1.559184 2.305025
112060353 1.040530 0.562309 1.545776 1.946360 37.421362 28.387082 1.558949 2.301156
112060354 1.039154 0.562309 1.550583 1.949446 37.307269 28.418789 1.558700 2.297289
112060355 1.037779 0.562309 1.555390 1.952540 37.193545 28.450562 1.558438 2.293423
112060356 1.036404 0.562309 1.560197 1.955643 37.080190 28.482400 1.558162 2.289559
112060357 1.035028 0.562309 1.565004 1.958753 36.967203 28.514303 1.557873 2.285698
112060358 1.033653 0.562309 1.569811 1.961871 36.854584 28.546271 1.557571 2.281838
112060359 1.032278 0.562309 1.574618 1.964997 36.742330 28.578306 1.557256 2.277980
112060360 1.030902 0.562309 1.579426 1.968130 36.630442 28.610406 1.556929 2.274124
112060361 1.029527 0.562309 1.584233 1.971271 36.518919 28.642572 1.556589 2.270271
112060362 1.028152 0.562309 1.589040 1.974420 36.407760 28.674805 1.556237 2.266420
112060363 1.026776 0.562309 1.593847 1.977577 36.296964 28.707104 1.555872 2.262571
112060364 1.025401 0.562309 1.598654 1.980741 36.186531 28.739470 1.555496 2.258725
112060365 1.024026 0.562309 1.603461 1.983912 36.076458 28.771902 1.555107 2.254881
112060366 1.022650 0.562309 1.608268 1.987091 35.966747 28.804402 1.554706 2.251039
112060367 1.021275 0.562309 1.613075 1.990278 35.857395 28.836968 1.554294 2.247201
112060368 1.019900 0.562309 1.617883 1.993472 35.748401 28.869602 1.553870 2.243364
112060369 1.018524 0.562309 1.622690 1.996674 35.639766 28.902304 1.553435 2.239531
112060370 1.017149 0.562309 1.627497 1.999882 35.531488 28.935073 1.552988 2.235700
112060371 1.015774 0.562309 1.632304 2.003099 35.423565 28.967911 1.552531 2.231873
112060372 1.014398 0.562309 1.637111 2.006322 35.315999 29.000816 1.552062 2.228048
112060373 1.013023 0.562309 1.641918 2.009553 35.208786 29.033790 1.551582 2.224226
112060374 1.011648 0.562309 1.646725 2.012791 35.101927 29.066832 1.551092 2.220408
112060375 1.010272 0.562309 1.651532 2.016036 34.995421 29.099943 1.550591 2.216592
112060376 1.008897 0.562309 1.656340 2.019288 34.889266 29.133123 1.550079 2.212779
112060377 1.007522 0.562309 1.661147 2.022548 34.783462 29.166372 1.549558 2.208970
112060378 1.006146 0.562309 1.665954 2.025814 34.678008 29.199690 1.549025 2.205164
112060379 1.004771 0.562309 1.670761 2.029088 34.572903 29.233078 1.548483 2.201362
112060380 1.003396 0.562309 1.675568 2.032369 34.468146 29.266535 1.547931 2.197562
112060381 1.002020 0.562309 1.680375 2.035657 34.363737 29.300063 1.547369 2.193767
112060382 1.000645 0.562309 1.685182 2.038951 34.259673 29.333660 1.546797 2.189974
112060383 0.999270 0.562309 1.689989 2.042253 34.155955 29.367328 1.546216 2.186186
112060384 0.997894 0.562309 1.694797 2.045561 34.052581 29.401066 1.545625 2.182400
112060385 0.996519 0.562309 1.699604 2.048876 33.949550 29.434874 1.545025 2.178619
112060386 0.995144 0.562309 1.704411 2.052199 33.846862 29.468754 1.544416 2.174841
112060387 0.993768 0.562309 1.709218 2.055528 33.744516 29.502705 1.543797 2.171067
112060388 0.992393 0.562309 1.714025 2.058863 33.642510 29.536727 1.543170 2.167297
112060389 0.991018 0.562309 1.718832 2.062206 33.540844 29.570820 1.542533 2.163530
112060390 0.989643 0.562309 1.723639 2.065555 33.439516 29.604985 1.541888 2.159768
112060391 0.988267 0.562309 1.728447 2.068911 33.338526 29.639222 1.541234 2.156009
112060392 0.986892 0.562309 1.733254 2.072273 33.237873 29.673531 1.540572 2.152254
112060393 0.985517 0.562309 1.738061 2.075642 33.137556 29.707912 1.539901 2.148504
112060394 0.984141 0.562309 1.742868 2.079018 33.037574 29.742366 1.539222 2.144757
112060395 0.982766 0.562309 1.747675 2.082400 32.937925 29.776892 1.538535 2.141015
112060396 0.981391 0.562309 1.752482 2.085788 32.838610 29.811491 1.537840 2.137276
112060397 0.980015 0.562309 1.757289 2.089183 32.739627 29.846164 1.537137 2.133542
112060398 0.978640 0.562309 1.762096 2.092585 32.640974 29.880909 1.536426 2.129812
112060399 0.977265 0.562309 1.766904 2.095993 32.542652 29.915728 1.535707 2.126087
112060400 0.975889 0.562309 1.771711 2.099407 32.444659 29.950621 1.534981 2.122365
112060401 1.104196 0.587415 1.293559 1.799333 44.035418 28.012262 1.571753 2.491953
112060402 1.102821 0.587415 1.298366 1.801950 43.901420 28.041881 1.572467 2.488116
112060403 1.101445 0.587415 1.303173 1.804577 43.767819 28.071558 1.573158 2.484276
112060404 1.100070 0.587415 1.307980 1.807214 43.634615 28.101292 1.573827 2.480431
112060405 1.098695 0.587415 1.312787 1.809861 43.501807 28.131085 1.574473 2.476584
112060406 1.097319 0.587415 1.317595 1.812518 43.369396 28.160935 1.575098 2.472732
112060407 1.095944 0.587415 1.322402 1.815185 43.237381 28.190844 1.575700 2.468878
112060408 1.094569 0.587415 1.327209 1.817861 43.105761 28.220811 1.576282 2.465020
112060409 1.093193 0.587415 1.332016 1.820548 42.974538 28.250837 1.576841 2.461160
112060410 1.091818 0.587415 1.336823 1.823244 42.843709 28.280921 1.577379 2.457296
112060411 1.090443 0.587415 1.341630 1.825950 42.713276 28.311064 1.577897 2.453430
112060412 1.089067 0.587415 1.346437 1.828665 42.583237 28.341266 1.578393 2.449561
112060413 1.087692 0.587415 1.351244 1.831391 42.453592 28.371528 1.578869 2.445690
112060414 1.086317 0.587415 1.356052 1.834125 42.324341 28.401848 1.579323 2.441816
112060415 1.084941 0.587415 1.360859 1.836870 42.195484 28.432228 1.579758 2.437940
112060416 1.083566 0.587415 1.365666 1.839623 42.067020 28.462668 1.580172 2.434062
112060417 1.082191 0.587415 1.370473 1.842387 41.938948 28.493168 1.580566 2.430182
112060418 1.080815 0.587415 1.375280 1.845159 41.811269 28.523727 1.580941 2.426300
112060419 1.079440 0.587415 1.380087 1.847941 41.683982 28.554347 1.581295 2.422416
112060420 1.078065 0.587415 1.384894 1.850733 41.557086 28.585026 1.581630 2.418530
112060421 1.076689 0.587415 1.389701 1.853533 41.430582 28.615767 1.581946 2.414643
112060422 1.075314 0.587415 1.394509 1.856343 41.304468 28.646567 1.582243 2.410755
112060423 1.073939 0.587415 1.399316 1.859162 41.178743 28.677429 1.582520 2.406865
112060424 1.072563 0.587415 1.404123 1.861991 41.053409 28.708351 1.582779 2.402974
112060425 1.071188 0.587415 1.408930 1.864828 40.928463 28.739335 1.583018 2.399082
112060426 1.069813 0.587415 1.413737 1.867674 40.803906 28.770379 1.583240 2.395189
112060427 1.068437 0.587415 1.418544 1.870530 40.679737 28.801486 1.583443 2.391295
112060428 1.067062 0.587415 1.423351 1.873394 40.555956 28.832653 1.583628 2.387400
112060429 1.065687 0.587415 1.428159 1.876268 40.432561 28.863883 1.583795 2.383505
112060430 1.064311 0.587415 1.432966 1.879150 40.309553 28.895174 1.583944 2.379609
112060431 1.062936 0.587415 1.437773 1.882041 40.186931 28.926527 1.584075 2.375712
112060432 1.061561 0.587415 1.442580 1.884941 40.064693 28.957943 1.584189 2.371816
112060433 1.060185 0.587415 1.447387 1.887850 39.942841 28.989421 1.584285 2.367919
112060434 1.058810 0.587415 1.452194 1.890768 39.821372 29.020961 1.584364 2.364022
112060435 1.057435 0.587415 1.457001 1.893694 39.700287 29.052564 1.584427 2.360124
112060436 1.056060 0.587415 1.461808 1.896629 39.579584 29.084230 1.584472 2.356227
112060437 1.054684 0.587415 1.466616 1.899573 39.459264 29.115959 1.584501 2.352330
112060438 1.053309 0.587415 1.471423 1.902525 39.339325 29.147752 1.584513 2.348434
112060439 1.051934 0.587415 1.476230 1.905485 39.219767 29.179607 1.584509 2.344537
112060440 1.050558 0.587415 1.481037 1.908455 39.100589 29.211527 1.584489 2.340641
112060441 1.049183 0.587415 1.485844 1.911432 38.981791 29.243510 1.584453 2.336746
112060442 1.047808 0.587415 1.490651 1.914418 38.863371 29.275557 1.584400 2.332851
112060443 1.046432 0.587415 1.495458 1.917413 38.745330 29.307668 1.584333 2.328957
112060444 1.045057 0.587415 1.500265 1.920416 38.627666 29.339843 1.584249 2.325063
112060445 1.043682 0.587415 1.505073 1.923427 38.510379 29.372082 1.584150 2.321171
112060446 1.042306 0.587415 1.509880 1.926446 38.393467 29.404387 1.584036 2.317279
112060447 1.040931 0.587415 1.514687 1.929474 38.276931 29.436756 1.583907 2.313389
112060448 1.039556 0.587415 1.519494 1.932510 38.160770 29.469190 1.583763 2.309500
112060449 1.038180 0.587415 1.524301 1.935554 38.044982 29.501689 1.583604 2.305612
112060450 1.036805 0.587415 1.529108 1.938606 37.929567 29.534253 1.583431 2.301725
112060451 1.035430 0.587415 1.533915 1.941666 37.814525 29.566883 1.583243 2.297840
112060452 1.034054 0.587415 1.538722 1.944734 37.699854 29.599578 1.583041 2.293956
112060453 1.032679 0.587415 1.543530 1.947810 37.585554 29.632340 1.582825 2.290074
112060454 1.031304 0.587415 1.548337 1.950895 37.471624 29.665167 1.582595 2.286193
112060455 1.029928 0.587415 1.553144 1.953987 37.358063 29.698060 1.582351 2.282314
112060456 1.028553 0.587415 1.557951 1.957087 37.244871 29.731020 1.582093 2.278437
112060457 1.027178 0.587415 1.562758 1.960195 37.132046 29.764046 1.581822 2.274562
112060458 1.025802 0.587415 1.567565 1.963310 37.019588 29.797140 1.581537 2.270688
112060459 1.024427 0.587415 1.572372 1.966434 36.907496 29.830299 1.581239 2.266817
112060460 1.023052 0.587415 1.577179 1.969565 36.795769 29.863526 1.580928 2.262948
112060461 1.021676 0.587415 1.581987 1.972704 36.684407 29.896821 1.580604 2.259081
112060462 1.020301 0.587415 1.586794 1.975850 36.573408 29.930182 1.580267 2.255216
112060463 1.018926 0.587415 1.591601 1.979004 36.462772 29.963612 1.579918 2.251353
112060464 1.017550 0.587415 1.596408 1.982166 36.352498 29.997109 1.579556 2.247493
112060465 1.016175 0.587415 1.601215 1.985336 36.242584 30.030674 1.579182 2.243635
112060466 1.014800 0.587415 1.606022 1.988512 36.133031 30.064307 1.578795 2.239780
112060467 1.013424 0.587415 1.610829 1.991697 36.023837 30.098009 1.578397 2.235927
112060468 1.012049 0.587415 1.615636 1.994889 35.915002 30.131779 1.577986 2.232077
112060469 1.010674 0.587415 1.620444 1.998088 35.806524 30.165618 1.577564 2.228230
112060470 1.009298 0.587415 1.625251 2.001294 35.698403 30.199526 1.577130 2.224385
112060471 1.007923 0.587415 1.630058 2.004508 35.590637 30.233503 1.576684 2.220544
112060472 1.006548 0.587415 1.634865 2.007730 35.483227 30.267549 1.576227 2.216705
112060473 1.005172 0.587415 1.639672 2.010958 35.376171 30.301665 1.575759 2.212869
112060474 1.003797 0.587415 1.644479 2.014194 35.269468 30.335850 1.575280 2.209036
112060475 1.002422 0.587415 1.649286 2.017437 35.163117 30.370105 1.574790 2.205206
112060476 1.001046 0.587415 1.654094 2.020687 35.057117 30.404430 1.574288 2.201379
112060477 0.999671 0.587415 1.658901 2.023944 34.951468 30.438826 1.573777 2.197556
112060478 0.998296 0.587415 1.663708 2.027208 34.846169 30.473292 1.573254 2.193735
112060479 0.996921 0.587415 1.668515 2.030480 34.741218 30.507828 1.572721 2.189918
112060480 0.995545 0.587415 1.673322 2.033758 34.636615 30.542435 1.572178 2.186104
112060481 0.994170 0.587415 1.678129 2.037044 34.532359 30.577114 1.571624 2.182294
112060482 0.992795 0.587415 1.682936 2.040336 34.428449 30.611863 1.571061 2.178487
112060483 0.991419 0.587415 1.687743 2.043635 34.324883 30.646684 1.570487 2.174684
112060484 0.990044 0.587415 1.692551 2.046942 34.221662 30.681577 1.569904 2.170884
112060485 0.988669 0.587415 1.697358 2.050255 34.118784 30.716541 1.569311 2.167088
112060486 0.987293 0.587415 1.702165 2.053575 34.016248 30.751577 1.568708 2.163295
112060487 0.985918 0.587415 1.706972 2.056901 33.914054 30.786685 1.568096 2.159507
112060488 0.984543 0.587415 1.711779 2.060235 33.812200 30.821866 1.567475 2.155721
112060489 0.983167 0.587415 1.716586 2.063575 33.710685 30.857119 1.566845 2.151940
112060490 0.981792 0.587415 1.721393 2.066922 33.609508 30.892445 1.566205 2.148163
112060491 0.980417 0.587415 1.726200 2.070275 33.508669 30.927844 1.565556 2.144389
112060492 0.979041 0.587415 1.731008 2.073636 33.408167 30.963317 1.564899 2.140619
112060493 0.977666 0.587415 1.735815 2.077002 33.308000 30.998862 1.564233 2.136854
112060494 0.976291 0.587415 1.740622 2.080376 33.208168 31.034481 1.563558 2.133092
112060495 0.974915 0.587415 1.745429 2.083756 33.108670 31.070174 1.562874 2.129334
112060496 0.973540 0.587415 1.750236 2.087142 33.009504 31.105941 1.562183 2.125581
112060497 0.972165 0.587415 1.755043 2.090535 32.910670 31.141782 1.561483 2.121831
112060498 0.970789 0.587415 1.759850 2.093934 32.812167 31.177697 1.560775 2.118086
112060499 0.969414 0.587415 1.764657 2.097340 32.713994 31.213687 1.560058 2.114345
112060500 0.968039 0.587415 1.769465 2.100752 32.616150 31.249752 1.559334 2.110609
112060501 1.096345 0.612520 1.291313 1.801289 44.202302 29.191767 1.592536 2.480016
112060502 1.094970 0.612520 1.296120 1.803903 44.068517 29.222400 1.593291 2.476170
112060503 1.093595 0.612520 1.300927 1.806527 43.935128 29.253092 1.594024 2.472320
112060504 1.092219 0.612520 1.305734 1.809162 43.802135 29.283843 1.594733 2.468466
112060505 1.090844 0.612520 1.310541 1.811806 43.669537 29.314652 1.595420 2.464609
112060506 1.089469 0.612520 1.315348 1.814460 43.537335 29.345521 1.596084 2.460748
112060507 1.088093 0.612520 1.320156 1.817124 43.405529 29.376449 1.596726 2.456884
112060508 1.086718 0.612520 1.324963 1.819798 43.274117 29.407436 1.597346 2.453017
112060509 1.085343 0.612520 1.329770 1.822481 43.143100 29.438483 1.597944 2.449147
112060510 1.083967 0.612520 1.334577 1.825174 43.012477 29.469589 1.598521 2.445274
112060511 1.082592 0.612520 1.339384 1.827878 42.882248 29.500756 1.599075 2.441398
112060512 1.081217 0.612520 1.344191 1.830590 42.752413 29.531982 1.599609 2.437520
112060513 1.079841 0.612520 1.348998 1.833313 42.622971 29.563269 1.600121 2.433639
112060514 1.078466 0.612520 1.353806 1.836044 42.493923 29.594616 1.600612 2.429755
112060515 1.077091 0.612520 1.358613 1.838786 42.365267 29.626024 1.601082 2.425869
112060516 1.075715 0.612520 1.363420 1.841537 42.237003 29.657492 1.601531 2.421982
112060517 1.074340 0.612520 1.368227 1.844297 42.109132 29.689021 1.601960 2.418092
112060518 1.072965 0.612520 1.373034 1.847067 41.981651 29.720611 1.602368 2.414200
112060519 1.071589 0.612520 1.377841 1.849846 41.854562 29.752263 1.602757 2.410306
112060520 1.070214 0.612520 1.382648 1.852635 41.727864 29.783975 1.603125 2.406411
112060521 1.068839 0.612520 1.387455 1.855432 41.601555 29.815749 1.603473 2.402514
112060522 1.067463 0.612520 1.392263 1.858239 41.475637 29.847585 1.603802 2.398616
112060523 1.066088 0.612520 1.397070 1.861056 41.350107 29.879482 1.604111 2.394716
112060524 1.064713 0.612520 1.401877 1.863881 41.224967 29.911441 1.604401 2.390815
112060525 1.063338 0.612520 1.406684 1.866716 41.100215 29.943463 1.604672 2.386913
112060526 1.061962 0.612520 1.411491 1.869559 40.975850 29.975546 1.604924 2.383010
112060527 1.060587 0.612520 1.416298 1.872412 40.851873 30.007692 1.605157 2.379106
112060528 1.059212 0.612520 1.421105 1.875273 40.728282 30.039901 1.605371 2.375201
112060529 1.057836 0.612520 1.425912 1.878144 40.605078 30.072173 1.605567 2.371296
112060530 1.056461 0.612520 1.430720 1.881023 40.482259 30.104507 1.605745 2.367390
112060531 1.055086 0.612520 1.435527 1.883912 40.359825 30.136904 1.605904 2.363484
112060532 1.053710 0.612520 1.440334 1.886809 40.237775 30.169365 1.606046 2.359577
112060533 1.052335 0.612520 1.445141 1.889715 40.116110 30.201889 1.606170 2.355669
112060534 1.050960 0.612520 1.449948 1.892629 39.994828 30.234476 1.606276 2.351762
112060535 1.049584 0.612520 1.454755 1.895553 39.873928 30.267128 1.606365 2.347855
112060536 1.048209 0.612520 1.459562 1.898485 39.753411 30.299843 1.606436 2.343947
112060537 1.046834 0.612520 1.464369 1.901426 39.633274 30.332622 1.606490 2.340040
112060538 1.045458 0.612520 1.469177 1.904375 39.513519 30.365465 1.606528 2.336133
112060539 1.044083 0.612520 1.473984 1.907333 39.394144 30.398373 1.606549 2.332226
112060540 1.042708 0.612520 1.478791 1.910299 39.275148 30.431346 1.606553 2.328320
112060541 1.041332 0.612520 1.483598 1.913274 39.156531 30.464383 1.606540 2.324414
112060542 1.039957 0.612520 1.488405 1.916257 39.038293 30.497485 1.606511 2.320509
112060543 1.038582 0.612520 1.493212 1.919249 38.920431 30.530652 1.606467 2.316604
112060544 1.037206 0.612520 1.498019 1.922249 38.802947 30.563884 1.606406 2.312700
112060545 1.035831 0.612520 1.502826 1.925257 38.685838 30.597182 1.606329 2.308797
112060546 1.034456 0.612520 1.507634 1.928273 38.569105 30.630545 1.606237 2.304895
112060547 1.033080 0.612520 1.512441 1.931298 38.452747 30.663975 1.606129 2.300994
112060548 1.031705 0.612520 1.517248 1.934331 38.336762 30.697470 1.606006 2.297094
112060549 1.030330 0.612520 1.522055 1.937372 38.221150 30.731031 1.605868 2.293195
112060550 1.028954 0.612520 1.526862 1.940422 38.105911 30.764658 1.605715 2.289298
112060551 1.027579 0.612520 1.531669 1.943479 37.991044 30.798352 1.605546 2.285402
112060552 1.026204 0.612520 1.536476 1.946544 37.876548 30.832112 1.605364 2.281507
112060553 1.024828 0.612520 1.541284 1.949618 37.762421 30.865939 1.605166 2.277614
112060554 1.023453 0.612520 1.546091 1.952699 37.648664 30.899834 1.604955 2.273722
112060555 1.022078 0.612520 1.550898 1.955788 37.535276 30.933795 1.604729 2.269832
112060556 1.020702 0.612520 1.555705 1.958885 37.422256 30.967824 1.604488 2.265944
112060557 1.019327 0.612520 1.560512 1.961990 37.309602 31.001920 1.604234 2.262058
112060558 1.017952 0.612520 1.565319 1.965103 37.197315 31.036083 1.603967 2.258173
112060559 1.016576 0.612520 1.570126 1.968224 37.085393 31.070315 1.603685 2.254291
112060560 1.015201 0.612520 1.574933 1.971352 36.973836 31.104615 1.603390 2.250410
112060561 1.013826 0.612520 1.579741 1.974488 36.862643 31.138982 1.603082 2.246532
112060562 1.012450 0.612520 1.584548 1.977632 36.751813 31.173419 1.602761 2.242656
112060563 1.011075 0.612520 1.589355 1.980783 36.641344 31.207923 1.602426 2.238782
112060564 1.009700 0.612520 1.594162 1.983942 36.531238 31.242497 1.602079 2.234910
112060565 1.008324 0.612520 1.598969 1.987109 36.421491 31.277139 1.601719 2.231041
112060566 1.006949 0.612520 1.603776 1.990283 36.312104 31.311851 1.601346 2.227174
112060567 1.005574 0.612520 1.608583 1.993464 36.203077 31.346632 1.600961 2.223310
112060568 1.004198 0.612520 1.613390 1.996653 36.094406 31.381482 1.600564 2.219449
112060569 1.002823 0.612520 1.618198 1.999850 35.986093 31.416402 1.600154 2.215590
112060570 1.001448 0.612520 1.623005 2.003053 35.878137 31.451392 1.599732 2.211734
112060571 1.000073 0.612520 1.627812 2.006264 35.770535 31.486451 1.599299 2.207880
112060572 0.998697 0.612520 1.632619 2.009483 35.663288 31.521581 1.598853 2.204030
112060573 0.997322 0.612520 1.637426 2.012709 35.556395 31.556782 1.598396 2.200182
112060574 0.995947 0.612520 1.642233 2.015941 35.449854 31.592053 1.597928 2.196337
112060575 0.994571 0.612520 1.647040 2.019182 35.343665 31.627394 1.597448 2.192495
112060576 0.993196 0.612520 1.651847 2.022429 35.237827 31.662807 1.596957 2.188657
112060577 0.991821 0.612520 1.656655 2.025683 35.132339 31.698290 1.596455 2.184821
112060578 0.990445 0.612520 1.661462 2.028945 35.027201 31.733845 1.595942 2.180989
112060579 0.989070 0.612520 1.666269 2.032214 34.922410 31.769472 1.595418 2.177160
112060580 0.987695 0.612520 1.671076 2.035489 34.817967 31.805170 1.594884 2.173334
112060581 0.986319 0.612520 1.675883 2.038772 34.713870 31.840940 1.594338 2.169511
112060582 0.984944 0.612520 1.680690 2.042061 34.610118 31.876782 1.593783 2.165692
112060583 0.983569 0.612520 1.685497 2.045358 34.506712 31.912697 1.593217 2.161877
112060584 0.982193 0.612520 1.690304 2.048661 34.403648 31.948684 1.592641 2.158065
112060585 0.980818 0.612520 1.695112 2.051972 34.300928 31.984743 1.592055 2.154256
112060586 0.979443 0.612520 1.699919 2.055289 34.198549 32.020875 1.591459 2.150451
112060587 0.978067 0.612520 1.704726 2.058613 34.096512 32.057081 1.590854 2.146650
112060588 0.976692 0.612520 1.709533 2.061943 33.994814 32.093359 1.590238 2.142852
112060589 0.975317 0.612520 1.714340 2.065281 33.893455 32.129711 1.589613 2.139059
112060590 0.973941 0.612520 1.719147 2.068625 33.792434 32.166137 1.588979 2.135268
112060591 0.972566 0.612520 1.723954 2.071976 33.691751 32.202636 1.588335 2.131482
112060592 0.971191 0.612520 1.728761 2.075333 33.591403 32.239209 1.587682 2.127700
112060593 0.969815 0.612520 1.733569 2.078697 33.491391 32.275857 1.587021 2.123921
112060594 0.968440 0.612520 1.738376 2.082068 33.391713 32.312579 1.586350 2.120147
112060595 0.967065 0.612520 1.743183 2.085445 33.292368 32.349375 1.585670 2.116377
112060596 0.965689 0.612520 1.747990 2.088829 33.193356 32.386246 1.584982 2.112610
112060597 0.964314 0.612520 1.752797 2.092219 33.094675 32.423192 1.584285 2.108848
112060598 0.962939 0.612520 1.757604 2.095616 32.996325 32.460214 1.583579 2.105090
112060599 0.961563 0.612520 1.762411 2.099019 32.898304 32.497310 1.582866 2.101336
112060600 0.960188 0.612520 1.767219 2.102428 32.800612 32.534483 1.582144 2.097586
112060601 1.088495 0.637625 1.289067 1.803630 44.380808 30.361192 1.611784 2.466622
112060602 1.087119 0.637625 1.293874 1.806240 44.247255 30.392795 1.612580 2.462769
112060603 1.085744 0.637625 1.298681 1.808861 44.114097 30.424458 1.613353 2.458912
112060604 1.084369 0.637625 1.303488 1.811492 43.981333 30.456180 1.614102 2.455051
112060605 1.082993 0.637625 1.308295 1.814133 43.848965 30.487962 1.614828 2.451187
112060606 1.081618 0.637625 1.313102 1.816783 43.716991 30.519804 1.615532 2.447320
112060607 1.080243 0.637625 1.317910 1.819444 43.585410 30.551706 1.616212 2.443449
112060608 1.078867 0.637625 1.322717 1.822114 43.454224 30.583668 1.616870 2.439575
112060609 1.077492 0.637625 1.327524 1.824794 43.323431 30.615691 1.617506 2.435698
112060610 1.076117 0.637625 1.332331 1.827484 43.193032 30.647775 1.618119 2.431818
112060611 1.074741 0.637625 1.337138 1.830184 43.063025 30.679919 1.618711 2.427935
112060612 1.073366 0.637625 1.341945 1.832893 42.933411 30.712124 1.619280 2.424050
112060613 1.071991 0.637625 1.346752 1.835612 42.804189 30.744390 1.619828 2.420161
112060614 1.070615 0.637625 1.351559 1.838341 42.675360 30.776718 1.620354 2.416271
112060615 1.069240 0.637625 1.356367 1.841079 42.546922 30.809107 1.620859 2.412378
112060616 1.067865 0.637625 1.361174 1.843826 42.418875 30.841557 1.621343 2.408483
112060617 1.066490 0.637625 1.365981 1.846583 42.291219 30.874069 1.621806 2.404586
112060618 1.065114 0.637625 1.370788 1.849350 42.163954 30.906643 1.622248 2.400687
112060619 1.063739 0.637625 1.375595 1.852125 42.037078 30.939279 1.622669 2.396787
112060620 1.062364 0.637625 1.380402 1.854910 41.910592 30.971977 1.623070 2.392884
112060621 1.060988 0.637625 1.385209 1.857705 41.784496 31.004737 1.623450 2.388980
112060622 1.059613 0.637625 1.390016 1.860508 41.658788 31.037560 1.623811 2.385075
112060623 1.058238 0.637625 1.394824 1.863321 41.533468 31.070445 1.624151 2.381168
112060624 1.056862 0.637625 1.399631 1.866143 41.408536 31.103393 1.624472 2.377259
112060625 1.055487 0.637625 1.404438 1.868974 41.283992 31.136404 1.624773 2.373350
112060626 1.054112 0.637625 1.409245 1.871814 41.159834 31.169478 1.625055 2.369440
112060627 1.052736 0.637625 1.414052 1.874663 41.036062 31.202616 1.625318 2.365528
112060628 1.051361 0.637625 1.418859 1.877522 40.912676 31.235816 1.625561 2.361616
112060629 1.049986 0.637625 1.423666 1.880389 40.789676 31.269081 1.625786 2.357703
112060630 1.048610 0.637625 1.428473 1.883265 40.667060 31.302409 1.625992 2.353790
112060631 1.047235 0.637625 1.433281 1.886150 40.544828 31.335801 1.626179 2.349876
112060632 1.045860 0.637625 1.438088 1.889043 40.422979 31.369257 1.626348 2.345961
112060633 1.044484 0.637625 1.442895 1.891946 40.301514 31.402777 1.626499 2.342047
112060634 1.043109 0.637625 1.447702 1.894857 40.180431 31.436361 1.626631 2.338132
112060635 1.041734 0.637625 1.452509 1.897777 40.059729 31.470011 1.626746 2.334217
112060636 1.040358 0.637625 1.457316 1.900706 39.939409 31.503724 1.626843 2.330302
112060637 1.038983 0.637625 1.462123 1.903643 39.819470 31.537503 1.626923 2.326387
112060638 1.037608 0.637625 1.466931 1.906589 39.699910 31.571347 1.626985 2.322472
112060639 1.036232 0.637625 1.471738 1.909543 39.580729 31.605256 1.627030 2.318557
112060640 1.034857 0.637625 1.476545 1.912506 39.461927 31.639230 1.627058 2.314643
112060641 1.033482 0.637625 1.481352 1.915477 39.343503 31.673270 1.627069 2.310729
112060642 1.032106 0.637625 1.486159 1.918457 39.225457 31.707375 1.627063 2.306816
112060643 1.030731 0.637625 1.490966 1.921445 39.107787 31.741546 1.627041 2.302903
112060644 1.029356 0.637625 1.495773 1.924442 38.990492 31.775784 1.627003 2.298992
112060645 1.027980 0.637625 1.500580 1.927447 38.873573 31.810087 1.626948 2.295081
112060646 1.026605 0.637625 1.505388 1.930460 38.757029 31.844457 1.626877 2.291170
112060647 1.025230 0.637625 1.510195 1.933481 38.640858 31.878893 1.626790 2.287261
112060648 1.023854 0.637625 1.515002 1.936511 38.525061 31.913396 1.626688 2.283353
112060649 1.022479 0.637625 1.519809 1.939549 38.409636 31.947966 1.626570 2.279446
112060650 1.021104 0.637625 1.524616 1.942594 38.294582 31.982603 1.626437 2.275541
112060651 1.019728 0.637625 1.529423 1.945648 38.179900 32.017307 1.626288 2.271636
112060652 1.018353 0.637625 1.534230 1.948710 38.065587 32.052079 1.626124 2.267733
112060653 1.016978 0.637625 1.539037 1.951780 37.951644 32.086918 1.625946 2.263832
112060654 1.015602 0.637625 1.543845 1.954858 37.838069 32.121824 1.625752 2.259932
112060655 1.014227 0.637625 1.548652 1.957944 37.724863 32.156799 1.625544 2.256033
112060656 1.012852 0.637625 1.553459 1.961038 37.612023 32.191842 1.625321 2.252137
112060657 1.011476 0.637625 1.558266 1.964139 37.499550 32.226952 1.625085 2.248242
112060658 1.010101 0.637625 1.563073 1.967249 37.387442 32.262132 1.624834 2.244349
112060659 1.008726 0.637625 1.567880 1.970366 37.275699 32.297380 1.624568 2.240458
112060660 1.007350 0.637625 1.572687 1.973491 37.164320 32.332696 1.624290 2.236569
112060661 1.005975 0.637625 1.577494 1.976624 37.053304 32.368082 1.623997 2.232682
112060662 1.004600 0.637625 1.582302 1.979764 36.942650 32.403536 1.623691 2.228797
112060663 1.003225 0.637625 1.587109 1.982912 36.832357 32.439060 1.623371 2.224914
112060664 1.001849 0.637625 1.591916 1.986067 36.722426 32.474653 1.623038 2.221034
112060665 1.000474 0.637625 1.596723 1.989231 36.612854 32.510316 1.622692 2.217156
112060666 0.999099 0.637625 1.601530 1.992401 36.503641 32.546049 1.622333 2.213280
112060667 0.997723 0.637625 1.606337 1.995579 36.394786 32.581852 1.621961 2.209407
112060668 0.996348 0.637625 1.611144 1.998765 36.286288 32.617724 1.621577 2.205536
112060669 0.994973 0.637625 1.615951 2.001958 36.178147 32.653668 1.621180 2.201668
112060670 0.993597 0.637625 1.620759 2.005158 36.070361 32.689681 1.620770 2.197803
112060671 0.992222 0.637625 1.625566 2.008366 35.962930 32.725766 1.620349 2.193940
112060672 0.990847 0.637625 1.630373 2.011581 35.855853 32.761921 1.619915 2.190081
112060673 0.989471 0.637625 1.635180 2.014804 35.749129 32.798147 1.619469 2.186224
112060674 0.988096 0.637625 1.639987 2.018033 35.642757 32.834445 1.619011 2.182370
112060675 0.986721 0.637625 1.644794 2.021270 35.536736 32.870813 1.618542 2.178519
112060676 0.985345 0.637625 1.649601 2.024514 35.431065 32.907254 1.618061 2.174671
112060677 0.983970 0.637625 1.654409 2.027765 35.325744 32.943766 1.617568 2.170826
112060678 0.982595 0.637625 1.659216 2.031023 35.220771 32.980350 1.617065 2.166984
112060679 0.981219 0.637625 1.664023 2.034288 35.116146 33.017007 1.616550 2.163145
112060680 0.979844 0.637625 1.668830 2.037561 35.011868 33.053735 1.616024 2.159310
112060681 0.978469 0.637625 1.673637 2.040840 34.907936 33.090537 1.615487 2.155478
112060682 0.977093 0.637625 1.678444 2.044126 34.804348 33.127410 1.614940 2.151649
112060683 0.975718 0.637625 1.683251 2.047420 34.701105 33.164357 1.614382 2.147823
112060684 0.974343 0.637625 1.688058 2.050720 34.598204 33.201377 1.613813 2.144002
112060685 0.972967 0.637625 1.692866 2.054027 34.495646 33.238470 1.613234 2.140183
112060686 0.971592 0.637625 1.697673 2.057340 34.393429 33.275637 1.612645 2.136368
112060687 0.970217 0.637625 1.702480 2.060661 34.291552 33.312877 1.612045 2.132557
112060688 0.968841 0.637625 1.707287 2.063988 34.190015 33.350191 1.611436 2.128749
112060689 0.967466 0.637625 1.712094 2.067323 34.088816 33.387578 1.610816 2.124946
112060690 0.966091 0.637625 1.716901 2.070663 33.987955 33.425040 1.610187 2.121145
112060691 0.964715 0.637625 1.721708 2.074011 33.887430 33.462577 1.609549 2.117349
112060692 0.963340 0.637625 1.726515 2.077365 33.787241 33.500188 1.608900 2.113556
112060693 0.961965 0.637625 1.731323 2.080726 33.687387 33.537874 1.608243 2.109768
112060694 0.960589 0.637625 1.736130 2.084093 33.587867 33.575634 1.607576 2.105983
112060695 0.959214 0.637625 1.740937 2.087467 33.488679 33.613470 1.606900 2.102202
112060696 0.957839 0.637625 1.745744 2.090847 33.389824 33.651381 1.606215 2.098425
112060697 0.956463 0.637625 1.750551 2.094234 33.291299 33.689368 1.605521 2.094652
112060698 0.955088 0.637625 1.755358 2.097628 33.193105 33.727430 1.604818 2.090884
112060699 0.953713 0.637625 1.760165 2.101027 33.095239 33.765569 1.604107 2.087119
112060700 0.952337 0.637625 1.764972 2.104434 32.997702 33.803783 1.603387 2.083359
112060701 1.080644 0.662731 1.286821 1.806353 44.570617 31.519704 1.629474 2.451826
112060702 1.079269 0.662731 1.291628 1.808960 44.437315 31.552231 1.630310 2.447969
112060703 1.077893 0.662731 1.296435 1.811577 44.304407 31.584819 1.631122 2.444108
112060704 1.076518 0.662731 1.301242 1.814204 44.171892 31.617467 1.631911 2.440243
112060705 1.075143 0.662731 1.306049 1.816840 44.039770 31.650176 1.632676 2.436375
112060706 1.073767 0.662731 1.310856 1.819487 43.908041 31.682945 1.633417 2.432503
112060707 1.072392 0.662731 1.315663 1.822144 43.776705 31.715775 1.634136 2.428628
112060708 1.071017 0.662731 1.320471 1.824810 43.645762 31.748667 1.634831 2.424750
112060709 1.069642 0.662731 1.325278 1.827486 43.515210 31.781619 1.635504 2.420868
112060710 1.068266 0.662731 1.330085 1.830172 43.385051 31.814633 1.636153 2.416984
112060711 1.066891 0.662731 1.334892 1.832868 43.255284 31.847708 1.636781 2.413097
112060712 1.065516 0.662731 1.339699 1.835573 43.125907 31.880844 1.637386 2.409207
112060713 1.064140 0.662731 1.344506 1.838288 42.996922 31.914043 1.637969 2.405315
112060714 1.062765 0.662731 1.349313 1.841013 42.868328 31.947303 1.638529 2.401420
112060715 1.061390 0.662731 1.354121 1.843747 42.740123 31.980625 1.639069 2.397523
112060716 1.060014 0.662731 1.358928 1.846490 42.612309 32.014010 1.639586 2.393624
112060717 1.058639 0.662731 1.363735 1.849243 42.484885 32.047457 1.640082 2.389722
112060718 1.057264 0.662731 1.368542 1.852006 42.357849 32.080966 1.640557 2.385819
112060719 1.055888 0.662731 1.373349 1.854778 42.231203 32.114538 1.641011 2.381914
112060720 1.054513 0.662731 1.378156 1.857559 42.104945 32.148173 1.641444 2.378007
112060721 1.053138 0.662731 1.382963 1.860349 41.979074 32.181871 1.641856 2.374098
112060722 1.051762 0.662731 1.387770 1.863149 41.853592 32.215632 1.642248 2.370188
112060723 1.050387 0.662731 1.392578 1.865957 41.728496 32.249456 1.642619 2.366276
112060724 1.049012 0.662731 1.397385 1.868775 41.603787 32.283343 1.642970 2.362364
112060725 1.047636 0.662731 1.402192 1.871602 41.479464 32.317294 1.643301 2.358450
112060726 1.046261 0.662731 1.406999 1.874439 41.355527 32.351309 1.643612 2.354535
112060727 1.044886 0.662731 1.411806 1.877284 41.231974 32.385388 1.643904 2.350619
112060728 1.043510 0.662731 1.416613 1.880138 41.108807 32.419531 1.644176 2.346702
112060729 1.042135 0.662731 1.421420 1.883001 40.986023 32.453738 1.644429 2.342784
112060730 1.040760 0.662731 1.426227 1.885873 40.863623 32.488009 1.644663 2.338866
112060731 1.039384 0.662731 1.431035 1.888754 40.741606 32.522345 1.644877 2.334947
112060732 1.038009 0.662731 1.435842 1.891644 40.619971 32.556745 1.645073 2.331028
112060733 1.036634 0.662731 1.440649 1.894542 40.498718 32.591211 1.645250 2.327108
112060734 1.035258 0.662731 1.445456 1.897450 40.377846 32.625741 1.645409 2.323188
112060735 1.033883 0.662731 1.450263 1.900366 40.257355 32.660336 1.645550 2.319268
112060736 1.032508 0.662731 1.455070 1.903290 40.137244 32.694997 1.645672 2.315348
112060737 1.031132 0.662731 1.459877 1.906223 40.017513 32.729723 1.645777 2.311428
112060738 1.029757 0.662731 1.464684 1.909165 39.898160 32.764515 1.645863 2.307508
112060739 1.028382 0.662731 1.469492 1.912116 39.779186 32.799372 1.645932 2.303589
112060740 1.027006 0.662731 1.474299 1.915075 39.660589 32.834296 1.645984 2.299669
112060741 1.025631 0.662731 1.479106 1.918042 39.542369 32.869286 1.646018 2.295750
112060742 1.024256 0.662731 1.483913 1.921018 39.424525 32.904341 1.646036 2.291832
112060743 1.022880 0.662731 1.488720 1.924002 39.307057 32.939464 1.646036 2.287914
112060744 1.021505 0.662731 1.493527 1.926995 39.189963 32.974653 1.646020 2.283997
112060745 1.020130 0.662731 1.498334 1.929996 39.073244 33.009908 1.645987 2.280081
112060746 1.018754 0.662731 1.503141 1.933005 38.956898 33.045231 1.645937 2.276165
112060747 1.017379 0.662731 1.507949 1.936022 38.840926 33.080620 1.645871 2.272250
112060748 1.016004 0.662731 1.512756 1.939048 38.725325 33.116077 1.645789 2.268337
112060749 1.014628 0.662731 1.517563 1.942081 38.610096 33.151601 1.645691 2.264425
112060750 1.013253 0.662731 1.522370 1.945123 38.495237 33.187193 1.645578 2.260513
112060751 1.011878 0.662731 1.527177 1.948173 38.380748 33.222853 1.645448 2.256603
112060752 1.010502 0.662731 1.531984 1.951231 38.266629 33.258580 1.645304 2.252695
112060753 1.009127 0.662731 1.536791 1.954297 38.152878 33.294376 1.645144 2.248787
112060754 1.007752 0.662731 1.541598 1.957371 38.039494 33.330239 1.644968 2.244882
112060755 1.006377 0.662731 1.546406 1.960453 37.926478 33.366172 1.644778 2.240978
112060756 1.005001 0.662731 1.551213 1.963543 37.813828 33.402172 1.644573 2.237075
112060757 1.003626 0.662731 1.556020 1.966641 37.701543 33.438242 1.644353 2.233174
112060758 1.002251 0.662731 1.560827 1.969746 37.589622 33.474380 1.644119 2.229276
112060759 1.000875 0.662731 1.565634 1.972859 37.478066 33.510588 1.643870 2.225379
112060760 0.999500 0.662731 1.570441 1.975980 37.366872 33.546864 1.643607 2.221483
112060761 0.998125 0.662731 1.575248 1.979109 37.256041 33.583210 1.643330 2.217590
112060762 0.996749 0.662731 1.580056 1.982245 37.145571 33.619626 1.643039 2.213699
112060763 0.995374 0.662731 1.584863 1.985389 37.035462 33.656112 1.642734 2.209811
112060764 0.993999 0.662731 1.589670 1.988541 36.925712 33.692667 1.642415 2.205924
112060765 0.992623 0.662731 1.594477 1.991700 36.816322 33.729292 1.642083 2.202040
112060766 0.991248 0.662731 1.599284 1.994867 36.707289 33.765988 1.641738 2.198158
112060767 0.989873 0.662731 1.604091 1.998041 36.598614 33.802754 1.641379 2.194278
112060768 0.988497 0.662731 1.608898 2.001223 36.490296 33.839591 1.641008 2.190401
112060769 0.987122 0.662731 1.613705 2.004412 36.382332 33.876499 1.640623 2.186527
112060770 0.985747 0.662731 1.618513 2.007608 36.274724 33.913477 1.640226 2.182655
112060771 0.984371 0.662731 1.623320 2.010812 36.167470 33.950527 1.639816 2.178786
112060772 0.982996 0.662731 1.628127 2.014023 36.060568 33.987648 1.639394 2.174920
112060773 0.981621 0.662731 1.632934 2.017242 35.954019 34.024840 1.638959 2.171056
112060774 0.980245 0.662731 1.637741 2.020467 35.847821 34.062104 1.638512 2.167195
112060775 0.978870 0.662731 1.642548 2.023700 35.741974 34.099440 1.638054 2.163337
112060776 0.977495 0.662731 1.647355 2.026940 35.636476 34.136848 1.637583 2.159483
112060777 0.976119 0.662731 1.652162 2.030188 35.531327 34.174328 1.637100 2.155631
112060778 0.974744 0.662731 1.656970 2.033442 35.426525 34.211881 1.636606 2.151782
112060779 0.973369 0.662731 1.661777 2.036703 35.322071 34.249506 1.636100 2.147936
112060780 0.971993 0.662731 1.666584 2.039972 35.217962 34.287203 1.635583 2.144094
112060781 0.970618 0.662731 1.671391 2.043247 35.114199 34.324974 1.635055 2.140255
112060782 0.969243 0.662731 1.676198 2.046530 35.010779 34.362818 1.634515 2.136419
112060783 0.967867 0.662731 1.681005 2.049819 34.907704 34.400735 1.633965 2.132587
112060784 0.966492 0.662731 1.685812 2.053115 34.804970 34.438725 1.633403 2.128757
112060785 0.965117 0.662731 1.690619 2.056418 34.702578 34.476789 1.632831 2.124932
112060786 0.963741 0.662731 1.695427 2.059728 34.600527 34.514927 1.632249 2.121110
112060787 0.962366 0.662731 1.700234 2.063045 34.498815 34.553139 1.631656 2.117291
112060788 0.960991 0.662731 1.705041 2.066369 34.397442 34.591425 1.631052 2.113476
112060789 0.959615 0.662731 1.709848 2.069699 34.296407 34.629785 1.630439 2.109665
112060790 0.958240 0.662731 1.714655 2.073036 34.195709 34.668220 1.629815 2.105857
112060791 0.956865 0.662731 1.719462 2.076380 34.095347 34.706729 1.629182 2.102053
112060792 0.955489 0.662731 1.724269 2.079730 33.995319 34.745314 1.628538 2.098253
112060793 0.954114 0.662731 1.729076 2.083087 33.895626 34.783973 1.627885 2.094456
112060794 0.952739 0.662731 1.733884 2.086451 33.796267 34.822708 1.627222 2.090664
112060795 0.951363 0.662731 1.738691 2.089821 33.697239 34.861518 1.626550 2.086875
112060796 0.949988 0.662731 1.743498 2.093197 33.598543 34.900404 1.625869 2.083090
112060797 0.948613 0.662731 1.748305 2.096580 33.500177 34.939365 1.625178 2.079310
112060798 0.947237 0.662731 1.753112 2.099970 33.402140 34.978403 1.624478 2.075533
112060799 0.945862 0.662731 1.757919 2.103366 33.304432 35.017516 1.623769 2.071760
112060800 0.944487 0.662731 1.762726 2.106768 33.207052 35.056707 1.623052 2.067992
