# pixelID   x   y   z   l2  two_theta   azimuthal   polar_width azimuthal_width
110040001 1.103668 -0.092400 -0.299709 1.147364 105.142164 -4.785692 0.338129 3.944958
110040002 1.104844 -0.092400 -0.294849 1.147237 104.892594 -4.780620 0.336697 3.945418
110040003 1.106020 -0.092400 -0.289989 1.147132 104.642974 -4.775559 0.335255 3.945803
110040004 1.107196 -0.092400 -0.285130 1.147049 104.393312 -4.770509 0.333803 3.946113
110040005 1.108373 -0.092400 -0.280270 1.146987 104.143619 -4.765469 0.332341 3.946348
110040006 1.109549 -0.092400 -0.275410 1.146947 103.893904 -4.760440 0.330869 3.946509
110040007 1.110725 -0.092400 -0.270551 1.146929 103.644175 -4.755422 0.329387 3.946594
110040008 1.111902 -0.092400 -0.265691 1.146933 103.394444 -4.750414 0.327896 3.946604
110040009 1.113078 -0.092400 -0.260831 1.146958 103.144719 -4.745416 0.326396 3.946539
110040010 1.114254 -0.092400 -0.255972 1.147006 102.895010 -4.740429 0.324887 3.946399
110040011 1.115431 -0.092400 -0.251112 1.147075 102.645326 -4.735453 0.323368 3.946185
110040012 1.116607 -0.092400 -0.246252 1.147166 102.395677 -4.730487 0.321841 3.945895
110040013 1.117783 -0.092400 -0.241393 1.147279 102.146072 -4.725531 0.320305 3.945530
110040014 1.118960 -0.092400 -0.236533 1.147413 101.896520 -4.720586 0.318761 3.945091
110040015 1.120136 -0.092400 -0.231674 1.147569 101.647032 -4.715651 0.317208 3.944577
110040016 1.121312 -0.092400 -0.226814 1.147747 101.397616 -4.710726 0.315648 3.943988
110040017 1.122489 -0.092400 -0.221954 1.147947 101.148283 -4.705811 0.314079 3.943324
110040018 1.123665 -0.092400 -0.217095 1.148169 100.899040 -4.700907 0.312503 3.942586
110040019 1.124841 -0.092400 -0.212235 1.148412 100.649899 -4.696013 0.310919 3.941774
110040020 1.126018 -0.092400 -0.207375 1.148677 100.400868 -4.691129 0.309327 3.940888
110040021 1.127194 -0.092400 -0.202516 1.148963 100.151956 -4.686255 0.307728 3.939928
110040022 1.128370 -0.092400 -0.197656 1.149272 99.903173 -4.681392 0.306123 3.938893
110040023 1.129547 -0.092400 -0.192796 1.149602 99.654528 -4.676538 0.304510 3.937786
110040024 1.130723 -0.092400 -0.187937 1.149953 99.406030 -4.671694 0.302891 3.936604
110040025 1.131899 -0.092400 -0.183077 1.150327 99.157689 -4.666861 0.301265 3.935350
110040026 1.133076 -0.092400 -0.178217 1.150721 98.909513 -4.662037 0.299633 3.934022
110040027 1.134252 -0.092400 -0.173358 1.151138 98.661513 -4.657223 0.297995 3.932622
110040028 1.135428 -0.092400 -0.168498 1.151576 98.413696 -4.652420 0.296351 3.931148
110040029 1.136605 -0.092400 -0.163638 1.152035 98.166073 -4.647626 0.294701 3.929603
110040030 1.137781 -0.092400 -0.158779 1.152516 97.918651 -4.642842 0.293046 3.927985
110040031 1.138957 -0.092400 -0.153919 1.153019 97.671440 -4.638067 0.291385 3.926296
110040032 1.140134 -0.092400 -0.149059 1.153543 97.424450 -4.633303 0.289719 3.924535
110040033 1.141310 -0.092400 -0.144200 1.154088 97.177688 -4.628548 0.288048 3.922703
110040034 1.142486 -0.092400 -0.139340 1.154655 96.931164 -4.623803 0.286373 3.920800
110040035 1.143663 -0.092400 -0.134480 1.155243 96.684886 -4.619068 0.284692 3.918826
110040036 1.144839 -0.092400 -0.129621 1.155853 96.438863 -4.614342 0.283008 3.916782
110040037 1.146015 -0.092400 -0.124761 1.156484 96.193104 -4.609626 0.281319 3.914668
110040038 1.147192 -0.092400 -0.119901 1.157136 95.947618 -4.604920 0.279626 3.912485
110040039 1.148368 -0.092400 -0.115042 1.157809 95.702413 -4.600223 0.277930 3.910232
110040040 1.149544 -0.092400 -0.110182 1.158503 95.457497 -4.595536 0.276230 3.907910
110040041 1.150721 -0.092400 -0.105322 1.159219 95.212878 -4.590858 0.274526 3.905520
110040042 1.151897 -0.092400 -0.100463 1.159956 94.968567 -4.586190 0.272819 3.903062
110040043 1.153073 -0.092400 -0.095603 1.160714 94.724569 -4.581531 0.271110 3.900536
110040044 1.154250 -0.092400 -0.090744 1.161492 94.480895 -4.576882 0.269397 3.897943
110040045 1.155426 -0.092400 -0.085884 1.162292 94.237551 -4.572242 0.267682 3.895283
110040046 1.156602 -0.092400 -0.081024 1.163113 93.994546 -4.567611 0.265964 3.892556
110040047 1.157779 -0.092400 -0.076165 1.163955 93.751889 -4.562990 0.264244 3.889764
110040048 1.158955 -0.092400 -0.071305 1.164817 93.509586 -4.558378 0.262522 3.886906
110040049 1.160131 -0.092400 -0.066445 1.165700 93.267647 -4.553776 0.260798 3.883982
110040050 1.161308 -0.092400 -0.061586 1.166604 93.026078 -4.549183 0.259072 3.880994
110040051 1.162484 -0.092400 -0.056726 1.167529 92.784887 -4.544598 0.257345 3.877942
110040052 1.163660 -0.092400 -0.051866 1.168475 92.544082 -4.540024 0.255617 3.874826
110040053 1.164837 -0.092400 -0.047007 1.169441 92.303671 -4.535458 0.253888 3.871647
110040054 1.166013 -0.092400 -0.042147 1.170427 92.063662 -4.530901 0.252157 3.868405
110040055 1.167189 -0.092400 -0.037287 1.171435 91.824060 -4.526354 0.250426 3.865101
110040056 1.168366 -0.092400 -0.032428 1.172462 91.584874 -4.521816 0.248694 3.861736
110040057 1.169542 -0.092400 -0.027568 1.173510 91.346112 -4.517286 0.246962 3.858309
110040058 1.170718 -0.092400 -0.022708 1.174579 91.107779 -4.512766 0.245230 3.854821
110040059 1.171895 -0.092400 -0.017849 1.175667 90.869884 -4.508255 0.243498 3.851273
110040060 1.173071 -0.092400 -0.012989 1.176776 90.632433 -4.503753 0.241766 3.847666
110040061 1.174247 -0.092400 -0.008129 1.177905 90.395434 -4.499260 0.240034 3.843999
110040062 1.175424 -0.092400 -0.003270 1.179054 90.158892 -4.494775 0.238303 3.840274
110040063 1.176600 -0.092400 0.001590 1.180224 89.922815 -4.490300 0.237550 3.836491
110040064 1.177776 -0.092400 0.006450 1.181413 89.687209 -4.485834 0.238795 3.832651
110040065 1.178953 -0.092400 0.011309 1.182622 89.452081 -4.481376 0.240025 3.828753
110040066 1.180129 -0.092400 0.016169 1.183851 89.217437 -4.476927 0.241239 3.824800
110040067 1.181305 -0.092400 0.021029 1.185100 88.983284 -4.472487 0.242436 3.820790
110040068 1.182482 -0.092400 0.025888 1.186369 88.749628 -4.468056 0.243617 3.816726
110040069 1.183658 -0.092400 0.030748 1.187657 88.516475 -4.463634 0.244783 3.812607
110040070 1.184834 -0.092400 0.035608 1.188965 88.283831 -4.459220 0.245932 3.808434
110040071 1.186011 -0.092400 0.040467 1.190293 88.051702 -4.454815 0.247065 3.804207
110040072 1.187187 -0.092400 0.045327 1.191640 87.820094 -4.450419 0.248182 3.799928
110040073 1.188363 -0.092400 0.050186 1.193006 87.589013 -4.446031 0.249283 3.795597
110040074 1.189540 -0.092400 0.055046 1.194392 87.358465 -4.441652 0.250368 3.791214
110040075 1.190716 -0.092400 0.059906 1.195797 87.128455 -4.437281 0.251436 3.786780
110040076 1.191892 -0.092400 0.064765 1.197222 86.898988 -4.432920 0.252488 3.782295
110040077 1.193069 -0.092400 0.069625 1.198665 86.670070 -4.428566 0.253525 3.777761
110040078 1.194245 -0.092400 0.074485 1.200128 86.441707 -4.424221 0.254545 3.773178
110040079 1.195421 -0.092400 0.079344 1.201609 86.213903 -4.419885 0.255549 3.768546
110040080 1.196598 -0.092400 0.084204 1.203110 85.986664 -4.415557 0.256537 3.763866
110040081 1.197774 -0.092400 0.089064 1.204630 85.759995 -4.411238 0.257509 3.759139
110040082 1.198950 -0.092400 0.093923 1.206168 85.533900 -4.406927 0.258465 3.754366
110040083 1.200127 -0.092400 0.098783 1.207725 85.308385 -4.402624 0.259405 3.749546
110040084 1.201303 -0.092400 0.103643 1.209301 85.083454 -4.398330 0.260330 3.744681
110040085 1.202479 -0.092400 0.108502 1.210895 84.859112 -4.394044 0.261238 3.739771
110040086 1.203656 -0.092400 0.113362 1.212508 84.635364 -4.389767 0.262130 3.734817
110040087 1.204832 -0.092400 0.118222 1.214139 84.412213 -4.385498 0.263007 3.729819
110040088 1.206008 -0.092400 0.123081 1.215789 84.189665 -4.381237 0.263867 3.724778
110040089 1.207185 -0.092400 0.127941 1.217457 83.967723 -4.376984 0.264712 3.719696
110040090 1.208361 -0.092400 0.132801 1.219143 83.746392 -4.372740 0.265542 3.714571
110040091 1.209537 -0.092400 0.137660 1.220847 83.525675 -4.368503 0.266355 3.709405
110040092 1.210714 -0.092400 0.142520 1.222570 83.305577 -4.364275 0.267154 3.704200
110040093 1.211890 -0.092400 0.147380 1.224310 83.086102 -4.360056 0.267936 3.698954
110040094 1.213066 -0.092400 0.152239 1.226069 82.867253 -4.355844 0.268703 3.693669
110040095 1.214242 -0.092400 0.157099 1.227845 82.649034 -4.351640 0.269455 3.688346
110040096 1.215419 -0.092400 0.161959 1.229639 82.431449 -4.347445 0.270192 3.682985
110040097 1.216595 -0.092400 0.166818 1.231450 82.214501 -4.343257 0.270913 3.677586
110040098 1.217771 -0.092400 0.171678 1.233280 81.998193 -4.339078 0.271619 3.672151
110040099 1.218948 -0.092400 0.176538 1.235126 81.782529 -4.334906 0.272310 3.666680
110040100 1.220124 -0.092400 0.181397 1.236991 81.567513 -4.330743 0.272985 3.661174
110040101 1.103668 -0.066000 -0.299709 1.145541 105.166850 -3.422248 0.314233 3.956462
110040102 1.104844 -0.066000 -0.294849 1.145413 104.916860 -3.418613 0.313215 3.956912
110040103 1.106020 -0.066000 -0.289989 1.145308 104.666818 -3.414985 0.312188 3.957286
110040104 1.107196 -0.066000 -0.285130 1.145224 104.416736 -3.411366 0.311150 3.957586
110040105 1.108373 -0.066000 -0.280270 1.145163 104.166622 -3.407754 0.310103 3.957810
110040106 1.109549 -0.066000 -0.275410 1.145123 103.916485 -3.404149 0.309046 3.957958
110040107 1.110725 -0.066000 -0.270551 1.145105 103.666336 -3.400552 0.307979 3.958032
110040108 1.111902 -0.066000 -0.265691 1.145108 103.416184 -3.396963 0.306903 3.958029
110040109 1.113078 -0.066000 -0.260831 1.145134 103.166038 -3.393382 0.305817 3.957952
110040110 1.114254 -0.066000 -0.255972 1.145181 102.915907 -3.389808 0.304722 3.957799
110040111 1.115431 -0.066000 -0.251112 1.145251 102.665803 -3.386241 0.303617 3.957570
110040112 1.116607 -0.066000 -0.246252 1.145342 102.415733 -3.382682 0.302504 3.957266
110040113 1.117783 -0.066000 -0.241393 1.145455 102.165708 -3.379130 0.301382 3.956887
110040114 1.118960 -0.066000 -0.236533 1.145589 101.915736 -3.375586 0.300250 3.956433
110040115 1.120136 -0.066000 -0.231674 1.145746 101.665828 -3.372049 0.299111 3.955903
110040116 1.121312 -0.066000 -0.226814 1.145924 101.415994 -3.368520 0.297962 3.955299
110040117 1.122489 -0.066000 -0.221954 1.146124 101.166241 -3.364998 0.296805 3.954619
110040118 1.123665 -0.066000 -0.217095 1.146346 100.916581 -3.361484 0.295640 3.953865
110040119 1.124841 -0.066000 -0.212235 1.146590 100.667021 -3.357976 0.294467 3.953036
110040120 1.126018 -0.066000 -0.207375 1.146855 100.417573 -3.354476 0.293286 3.952132
110040121 1.127194 -0.066000 -0.202516 1.147142 100.168245 -3.350983 0.292097 3.951154
110040122 1.128370 -0.066000 -0.197656 1.147451 99.919046 -3.347498 0.290900 3.950101
110040123 1.129547 -0.066000 -0.192796 1.147781 99.669985 -3.344020 0.289696 3.948975
110040124 1.130723 -0.066000 -0.187937 1.148134 99.421073 -3.340549 0.288484 3.947775
110040125 1.131899 -0.066000 -0.183077 1.148507 99.172318 -3.337085 0.287264 3.946501
110040126 1.133076 -0.066000 -0.178217 1.148903 98.923730 -3.333628 0.286038 3.945153
110040127 1.134252 -0.066000 -0.173358 1.149320 98.675318 -3.330179 0.284805 3.943733
110040128 1.135428 -0.066000 -0.168498 1.149759 98.427090 -3.326736 0.283565 3.942239
110040129 1.136605 -0.066000 -0.163638 1.150219 98.179056 -3.323301 0.282318 3.940673
110040130 1.137781 -0.066000 -0.158779 1.150701 97.931226 -3.319873 0.281064 3.939034
110040131 1.138957 -0.066000 -0.153919 1.151204 97.683607 -3.316452 0.279804 3.937323
110040132 1.140134 -0.066000 -0.149059 1.151729 97.436209 -3.313038 0.278538 3.935540
110040133 1.141310 -0.066000 -0.144200 1.152275 97.189042 -3.309631 0.277266 3.933686
110040134 1.142486 -0.066000 -0.139340 1.152843 96.942113 -3.306230 0.275988 3.931760
110040135 1.143663 -0.066000 -0.134480 1.153432 96.695432 -3.302837 0.274704 3.929763
110040136 1.144839 -0.066000 -0.129621 1.154042 96.449007 -3.299451 0.273414 3.927696
110040137 1.146015 -0.066000 -0.124761 1.154674 96.202847 -3.296072 0.272119 3.925558
110040138 1.147192 -0.066000 -0.119901 1.155327 95.956961 -3.292700 0.270818 3.923350
110040139 1.148368 -0.066000 -0.115042 1.156002 95.711357 -3.289334 0.269513 3.921073
110040140 1.149544 -0.066000 -0.110182 1.156697 95.466045 -3.285975 0.268202 3.918726
110040141 1.150721 -0.066000 -0.105322 1.157414 95.221031 -3.282624 0.266887 3.916311
110040142 1.151897 -0.066000 -0.100463 1.158152 94.976325 -3.279279 0.265567 3.913827
110040143 1.153073 -0.066000 -0.095603 1.158911 94.731935 -3.275941 0.264242 3.911275
110040144 1.154250 -0.066000 -0.090744 1.159691 94.487870 -3.272609 0.262913 3.908656
110040145 1.155426 -0.066000 -0.085884 1.160492 94.244137 -3.269285 0.261580 3.905969
110040146 1.156602 -0.066000 -0.081024 1.161314 94.000745 -3.265967 0.260242 3.903216
110040147 1.157779 -0.066000 -0.076165 1.162157 93.757701 -3.262656 0.258901 3.900396
110040148 1.158955 -0.066000 -0.071305 1.163021 93.515014 -3.259351 0.257556 3.897510
110040149 1.160131 -0.066000 -0.066445 1.163905 93.272692 -3.256054 0.256208 3.894559
110040150 1.161308 -0.066000 -0.061586 1.164811 93.030742 -3.252762 0.254856 3.891543
110040151 1.162484 -0.066000 -0.056726 1.165737 92.789172 -3.249478 0.253501 3.888463
110040152 1.163660 -0.066000 -0.051866 1.166684 92.547990 -3.246200 0.252143 3.885318
110040153 1.164837 -0.066000 -0.047007 1.167652 92.307203 -3.242929 0.250782 3.882110
110040154 1.166013 -0.066000 -0.042147 1.168640 92.066820 -3.239664 0.249418 3.878839
110040155 1.167189 -0.066000 -0.037287 1.169648 91.826847 -3.236406 0.248051 3.875506
110040156 1.168366 -0.066000 -0.032428 1.170678 91.587291 -3.233155 0.246682 3.872110
110040157 1.169542 -0.066000 -0.027568 1.171727 91.348161 -3.229910 0.245311 3.868653
110040158 1.170718 -0.066000 -0.022708 1.172797 91.109462 -3.226671 0.243937 3.865135
110040159 1.171895 -0.066000 -0.017849 1.173887 90.871203 -3.223439 0.242562 3.861557
110040160 1.173071 -0.066000 -0.012989 1.174998 90.633391 -3.220213 0.241185 3.857918
110040161 1.174247 -0.066000 -0.008129 1.176129 90.396031 -3.216994 0.239806 3.854221
110040162 1.175424 -0.066000 -0.003270 1.177280 90.159131 -3.213782 0.238425 3.850464
110040163 1.176600 -0.066000 0.001590 1.178451 89.922699 -3.210575 0.237792 3.846649
110040164 1.177776 -0.066000 0.006450 1.179642 89.686739 -3.207375 0.238689 3.842777
110040165 1.178953 -0.066000 0.011309 1.180853 89.451260 -3.204182 0.239572 3.838848
110040166 1.180129 -0.066000 0.016169 1.182084 89.216267 -3.200995 0.240441 3.834862
110040167 1.181305 -0.066000 0.021029 1.183334 88.981767 -3.197814 0.241296 3.830820
110040168 1.182482 -0.066000 0.025888 1.184605 88.747766 -3.194639 0.242137 3.826722
110040169 1.183658 -0.066000 0.030748 1.185895 88.514270 -3.191471 0.242965 3.822570
110040170 1.184834 -0.066000 0.035608 1.187205 88.281286 -3.188309 0.243778 3.818364
110040171 1.186011 -0.066000 0.040467 1.188535 88.048819 -3.185153 0.244577 3.814104
110040172 1.187187 -0.066000 0.045327 1.189884 87.816876 -3.182003 0.245362 3.809791
110040173 1.188363 -0.066000 0.050186 1.191252 87.585462 -3.178860 0.246134 3.805426
110040174 1.189540 -0.066000 0.055046 1.192640 87.354582 -3.175723 0.246891 3.801009
110040175 1.190716 -0.066000 0.059906 1.194047 87.124243 -3.172592 0.247635 3.796541
110040176 1.191892 -0.066000 0.064765 1.195474 86.894450 -3.169467 0.248365 3.792022
110040177 1.193069 -0.066000 0.069625 1.196919 86.665208 -3.166349 0.249081 3.787454
110040178 1.194245 -0.066000 0.074485 1.198384 86.436523 -3.163236 0.249783 3.782836
110040179 1.195421 -0.066000 0.079344 1.199868 86.208401 -3.160130 0.250472 3.778169
110040180 1.196598 -0.066000 0.084204 1.201371 85.980845 -3.157029 0.251146 3.773454
110040181 1.197774 -0.066000 0.089064 1.202893 85.753861 -3.153935 0.251807 3.768692
110040182 1.198950 -0.066000 0.093923 1.204433 85.527455 -3.150847 0.252455 3.763883
110040183 1.200127 -0.066000 0.098783 1.205992 85.301630 -3.147765 0.253089 3.759028
110040184 1.201303 -0.066000 0.103643 1.207570 85.076392 -3.144689 0.253709 3.754127
110040185 1.202479 -0.066000 0.108502 1.209167 84.851746 -3.141619 0.254316 3.749181
110040186 1.203656 -0.066000 0.113362 1.210782 84.627696 -3.138554 0.254909 3.744191
110040187 1.204832 -0.066000 0.118222 1.212416 84.404245 -3.135496 0.255489 3.739158
110040188 1.206008 -0.066000 0.123081 1.214068 84.181400 -3.132444 0.256055 3.734081
110040189 1.207185 -0.066000 0.127941 1.215738 83.959164 -3.129398 0.256609 3.728962
110040190 1.208361 -0.066000 0.132801 1.217427 83.737541 -3.126357 0.257149 3.723801
110040191 1.209537 -0.066000 0.137660 1.219134 83.516535 -3.123323 0.257675 3.718599
110040192 1.210714 -0.066000 0.142520 1.220858 83.296150 -3.120294 0.258189 3.713357
110040193 1.211890 -0.066000 0.147380 1.222601 83.076390 -3.117271 0.258690 3.708074
110040194 1.213066 -0.066000 0.152239 1.224362 82.857260 -3.114254 0.259177 3.702753
110040195 1.214242 -0.066000 0.157099 1.226141 82.638762 -3.111243 0.259652 3.697393
110040196 1.215419 -0.066000 0.161959 1.227937 82.420900 -3.108238 0.260114 3.691995
110040197 1.216595 -0.066000 0.166818 1.229751 82.203677 -3.105239 0.260563 3.686559
110040198 1.217771 -0.066000 0.171678 1.231583 81.987098 -3.102245 0.261000 3.681087
110040199 1.218948 -0.066000 0.176538 1.233432 81.771165 -3.099257 0.261423 3.675579
110040200 1.220124 -0.066000 0.181397 1.235299 81.555882 -3.096275 0.261834 3.670036
110040201 1.103668 -0.039600 -0.299709 1.144323 105.183375 -2.054912 0.289895 3.963666
110040202 1.104844 -0.039600 -0.294849 1.144196 104.933103 -2.052726 0.289297 3.964109
110040203 1.106020 -0.039600 -0.289989 1.144090 104.682780 -2.050545 0.288689 3.964478
110040204 1.107196 -0.039600 -0.285130 1.144007 104.432416 -2.048368 0.288071 3.964770
110040205 1.108373 -0.039600 -0.280270 1.143945 104.182019 -2.046196 0.287444 3.964987
110040206 1.109549 -0.039600 -0.275410 1.143905 103.931601 -2.044029 0.286807 3.965129
110040207 1.110725 -0.039600 -0.270551 1.143887 103.681170 -2.041866 0.286160 3.965194
110040208 1.111902 -0.039600 -0.265691 1.143891 103.430736 -2.039707 0.285503 3.965184
110040209 1.113078 -0.039600 -0.260831 1.143916 103.180308 -2.037554 0.284837 3.965098
110040210 1.114254 -0.039600 -0.255972 1.143964 102.929896 -2.035404 0.284162 3.964937
110040211 1.115431 -0.039600 -0.251112 1.144033 102.679509 -2.033260 0.283477 3.964700
110040212 1.116607 -0.039600 -0.246252 1.144124 102.429158 -2.031119 0.282783 3.964387
110040213 1.117783 -0.039600 -0.241393 1.144237 102.178851 -2.028984 0.282080 3.963998
110040214 1.118960 -0.039600 -0.236533 1.144372 101.928599 -2.026852 0.281367 3.963535
110040215 1.120136 -0.039600 -0.231674 1.144529 101.678410 -2.024726 0.280645 3.962995
110040216 1.121312 -0.039600 -0.226814 1.144707 101.428295 -2.022603 0.279915 3.962381
110040217 1.122489 -0.039600 -0.221954 1.144907 101.178262 -2.020485 0.279175 3.961691
110040218 1.123665 -0.039600 -0.217095 1.145129 100.928321 -2.018372 0.278427 3.960926
110040219 1.124841 -0.039600 -0.212235 1.145373 100.678482 -2.016263 0.277670 3.960086
110040220 1.126018 -0.039600 -0.207375 1.145639 100.428755 -2.014158 0.276904 3.959171
110040221 1.127194 -0.039600 -0.202516 1.145926 100.179147 -2.012058 0.276130 3.958182
110040222 1.128370 -0.039600 -0.197656 1.146236 99.929670 -2.009962 0.275348 3.957118
110040223 1.129547 -0.039600 -0.192796 1.146566 99.680332 -2.007871 0.274557 3.955980
110040224 1.130723 -0.039600 -0.187937 1.146919 99.431142 -2.005784 0.273758 3.954767
110040225 1.131899 -0.039600 -0.183077 1.147293 99.182111 -2.003701 0.272951 3.953481
110040226 1.133076 -0.039600 -0.178217 1.147689 98.933246 -2.001622 0.272135 3.952121
110040227 1.134252 -0.039600 -0.173358 1.148107 98.684558 -1.999548 0.271312 3.950688
110040228 1.135428 -0.039600 -0.168498 1.148546 98.436055 -1.997478 0.270481 3.949181
110040229 1.136605 -0.039600 -0.163638 1.149007 98.187747 -1.995413 0.269643 3.947601
110040230 1.137781 -0.039600 -0.158779 1.149489 97.939642 -1.993351 0.268797 3.945949
110040231 1.138957 -0.039600 -0.153919 1.149993 97.691750 -1.991294 0.267943 3.944224
110040232 1.140134 -0.039600 -0.149059 1.150518 97.444080 -1.989241 0.267082 3.942427
110040233 1.141310 -0.039600 -0.144200 1.151065 97.196641 -1.987193 0.266214 3.940558
110040234 1.142486 -0.039600 -0.139340 1.151633 96.949441 -1.985148 0.265338 3.938618
110040235 1.143663 -0.039600 -0.134480 1.152223 96.702490 -1.983108 0.264456 3.936606
110040236 1.144839 -0.039600 -0.129621 1.152834 96.455796 -1.981072 0.263566 3.934524
110040237 1.146015 -0.039600 -0.124761 1.153466 96.209368 -1.979040 0.262670 3.932371
110040238 1.147192 -0.039600 -0.119901 1.154120 95.963214 -1.977012 0.261767 3.930148
110040239 1.148368 -0.039600 -0.115042 1.154795 95.717344 -1.974989 0.260858 3.927855
110040240 1.149544 -0.039600 -0.110182 1.155491 95.471766 -1.972970 0.259942 3.925492
110040241 1.150721 -0.039600 -0.105322 1.156209 95.226487 -1.970954 0.259020 3.923061
110040242 1.151897 -0.039600 -0.100463 1.156948 94.981518 -1.968943 0.258092 3.920560
110040243 1.153073 -0.039600 -0.095603 1.157707 94.736865 -1.966936 0.257158 3.917992
110040244 1.154250 -0.039600 -0.090744 1.158488 94.492538 -1.964933 0.256218 3.915356
110040245 1.155426 -0.039600 -0.085884 1.159290 94.248545 -1.962934 0.255272 3.912652
110040246 1.156602 -0.039600 -0.081024 1.160113 94.004893 -1.960939 0.254320 3.909881
110040247 1.157779 -0.039600 -0.076165 1.160957 93.761591 -1.958948 0.253363 3.907044
110040248 1.158955 -0.039600 -0.071305 1.161822 93.518647 -1.956962 0.252400 3.904141
110040249 1.160131 -0.039600 -0.066445 1.162707 93.276068 -1.954979 0.251432 3.901172
110040250 1.161308 -0.039600 -0.061586 1.163614 93.033863 -1.953000 0.250459 3.898138
110040251 1.162484 -0.039600 -0.056726 1.164541 92.792040 -1.951025 0.249481 3.895039
110040252 1.163660 -0.039600 -0.051866 1.165489 92.550605 -1.949055 0.248498 3.891876
110040253 1.164837 -0.039600 -0.047007 1.166457 92.309567 -1.947088 0.247510 3.888650
110040254 1.166013 -0.039600 -0.042147 1.167446 92.068934 -1.945125 0.246518 3.885360
110040255 1.167189 -0.039600 -0.037287 1.168456 91.828711 -1.943166 0.245521 3.882007
110040256 1.168366 -0.039600 -0.032428 1.169486 91.588908 -1.941211 0.244519 3.878592
110040257 1.169542 -0.039600 -0.027568 1.170537 91.349532 -1.939260 0.243514 3.875116
110040258 1.170718 -0.039600 -0.022708 1.171608 91.110589 -1.937313 0.242504 3.871578
110040259 1.171895 -0.039600 -0.017849 1.172699 90.872086 -1.935370 0.241490 3.867980
110040260 1.173071 -0.039600 -0.012989 1.173811 90.634031 -1.933431 0.240473 3.864322
110040261 1.174247 -0.039600 -0.008129 1.174943 90.396431 -1.931495 0.239451 3.860604
110040262 1.175424 -0.039600 -0.003270 1.176095 90.159292 -1.929564 0.238426 3.856828
110040263 1.176600 -0.039600 0.001590 1.177267 89.922621 -1.927636 0.237915 3.852993
110040264 1.177776 -0.039600 0.006450 1.178459 89.686425 -1.925712 0.238459 3.849100
110040265 1.178953 -0.039600 0.011309 1.179672 89.450711 -1.923792 0.238992 3.845150
110040266 1.180129 -0.039600 0.016169 1.180904 89.215484 -1.921876 0.239513 3.841143
110040267 1.181305 -0.039600 0.021029 1.182156 88.980752 -1.919964 0.240021 3.837080
110040268 1.182482 -0.039600 0.025888 1.183428 88.746520 -1.918055 0.240518 3.832962
110040269 1.183658 -0.039600 0.030748 1.184719 88.512795 -1.916151 0.241004 3.828788
110040270 1.184834 -0.039600 0.035608 1.186030 88.279583 -1.914250 0.241477 3.824561
110040271 1.186011 -0.039600 0.040467 1.187361 88.046890 -1.912352 0.241939 3.820280
110040272 1.187187 -0.039600 0.045327 1.188712 87.814722 -1.910459 0.242389 3.815945
110040273 1.188363 -0.039600 0.050186 1.190082 87.583085 -1.908569 0.242828 3.811558
110040274 1.189540 -0.039600 0.055046 1.191471 87.351984 -1.906683 0.243255 3.807119
110040275 1.190716 -0.039600 0.059906 1.192879 87.121425 -1.904801 0.243670 3.802629
110040276 1.191892 -0.039600 0.064765 1.194307 86.891414 -1.902923 0.244074 3.798088
110040277 1.193069 -0.039600 0.069625 1.195754 86.661955 -1.901048 0.244467 3.793497
110040278 1.194245 -0.039600 0.074485 1.197221 86.433055 -1.899177 0.244848 3.788857
110040279 1.195421 -0.039600 0.079344 1.198706 86.204719 -1.897309 0.245217 3.784168
110040280 1.196598 -0.039600 0.084204 1.200210 85.976951 -1.895445 0.245576 3.779431
110040281 1.197774 -0.039600 0.089064 1.201733 85.749757 -1.893585 0.245923 3.774646
110040282 1.198950 -0.039600 0.093923 1.203275 85.523142 -1.891729 0.246258 3.769814
110040283 1.200127 -0.039600 0.098783 1.204836 85.297111 -1.889876 0.246583 3.764936
110040284 1.201303 -0.039600 0.103643 1.206416 85.071668 -1.888026 0.246897 3.760012
110040285 1.202479 -0.039600 0.108502 1.208014 84.846818 -1.886181 0.247199 3.755044
110040286 1.203656 -0.039600 0.113362 1.209630 84.622565 -1.884339 0.247491 3.750031
110040287 1.204832 -0.039600 0.118222 1.211266 84.398915 -1.882500 0.247771 3.744974
110040288 1.206008 -0.039600 0.123081 1.212919 84.175871 -1.880665 0.248041 3.739874
110040289 1.207185 -0.039600 0.127941 1.214591 83.953437 -1.878834 0.248300 3.734732
110040290 1.208361 -0.039600 0.132801 1.216281 83.731619 -1.877006 0.248548 3.729547
110040291 1.209537 -0.039600 0.137660 1.217990 83.510419 -1.875182 0.248785 3.724322
110040292 1.210714 -0.039600 0.142520 1.219716 83.289843 -1.873362 0.249012 3.719056
110040293 1.211890 -0.039600 0.147380 1.221461 83.069893 -1.871545 0.249228 3.713750
110040294 1.213066 -0.039600 0.152239 1.223223 82.850574 -1.869731 0.249434 3.708405
110040295 1.214242 -0.039600 0.157099 1.225003 82.631889 -1.867921 0.249629 3.703021
110040296 1.215419 -0.039600 0.161959 1.226801 82.413842 -1.866114 0.249814 3.697599
110040297 1.216595 -0.039600 0.166818 1.228617 82.196436 -1.864311 0.249989 3.692140
110040298 1.217771 -0.039600 0.171678 1.230451 81.979676 -1.862512 0.250154 3.686645
110040299 1.218948 -0.039600 0.176538 1.232302 81.763563 -1.860716 0.250308 3.681113
110040300 1.220124 -0.039600 0.181397 1.234170 81.548101 -1.858923 0.250453 3.675545
110040301 1.103668 -0.013200 -0.299709 1.143714 105.191657 -0.685232 0.265231 3.966517
110040302 1.104844 -0.013200 -0.294849 1.143587 104.941244 -0.684502 0.265056 3.966959
110040303 1.106020 -0.013200 -0.289989 1.143481 104.690780 -0.683775 0.264871 3.967324
110040304 1.107196 -0.013200 -0.285130 1.143397 104.440275 -0.683048 0.264677 3.967614
110040305 1.108373 -0.013200 -0.280270 1.143335 104.189737 -0.682323 0.264473 3.967829
110040306 1.109549 -0.013200 -0.275410 1.143295 103.939177 -0.681600 0.264259 3.967967
110040307 1.110725 -0.013200 -0.270551 1.143277 103.688605 -0.680878 0.264035 3.968030
110040308 1.111902 -0.013200 -0.265691 1.143281 103.438029 -0.680158 0.263802 3.968016
110040309 1.113078 -0.013200 -0.260831 1.143307 103.187460 -0.679439 0.263559 3.967927
110040310 1.114254 -0.013200 -0.255972 1.143354 102.936907 -0.678722 0.263306 3.967762
110040311 1.115431 -0.013200 -0.251112 1.143424 102.686379 -0.678006 0.263044 3.967522
110040312 1.116607 -0.013200 -0.246252 1.143515 102.435887 -0.677292 0.262773 3.967205
110040313 1.117783 -0.013200 -0.241393 1.143628 102.185439 -0.676579 0.262491 3.966813
110040314 1.118960 -0.013200 -0.236533 1.143763 101.935046 -0.675868 0.262201 3.966346
110040315 1.120136 -0.013200 -0.231674 1.143919 101.684716 -0.675158 0.261901 3.965802
110040316 1.121312 -0.013200 -0.226814 1.144098 101.434460 -0.674450 0.261591 3.965184
110040317 1.122489 -0.013200 -0.221954 1.144298 101.184287 -0.673743 0.261272 3.964489
110040318 1.123665 -0.013200 -0.217095 1.144521 100.934206 -0.673038 0.260944 3.963720
110040319 1.124841 -0.013200 -0.212235 1.144765 100.684227 -0.672334 0.260607 3.962876
110040320 1.126018 -0.013200 -0.207375 1.145030 100.434359 -0.671632 0.260260 3.961956
110040321 1.127194 -0.013200 -0.202516 1.145318 100.184612 -0.670931 0.259905 3.960962
110040322 1.128370 -0.013200 -0.197656 1.145627 99.934995 -0.670232 0.259540 3.959894
110040323 1.129547 -0.013200 -0.192796 1.145958 99.685518 -0.669534 0.259166 3.958750
110040324 1.130723 -0.013200 -0.187937 1.146311 99.436189 -0.668837 0.258783 3.957533
110040325 1.131899 -0.013200 -0.183077 1.146686 99.187018 -0.668142 0.258391 3.956241
110040326 1.133076 -0.013200 -0.178217 1.147082 98.938015 -0.667449 0.257991 3.954876
110040327 1.134252 -0.013200 -0.173358 1.147499 98.689189 -0.666757 0.257581 3.953437
110040328 1.135428 -0.013200 -0.168498 1.147939 98.440548 -0.666066 0.257163 3.951925
110040329 1.136605 -0.013200 -0.163638 1.148400 98.192102 -0.665377 0.256736 3.950340
110040330 1.137781 -0.013200 -0.158779 1.148882 97.943860 -0.664689 0.256301 3.948681
110040331 1.138957 -0.013200 -0.153919 1.149386 97.695832 -0.664002 0.255857 3.946951
110040332 1.140134 -0.013200 -0.149059 1.149912 97.448025 -0.663317 0.255404 3.945148
110040333 1.141310 -0.013200 -0.144200 1.150459 97.200450 -0.662634 0.254943 3.943273
110040334 1.142486 -0.013200 -0.139340 1.151028 96.953114 -0.661952 0.254474 3.941326
110040335 1.143663 -0.013200 -0.134480 1.151618 96.706028 -0.661271 0.253997 3.939308
110040336 1.144839 -0.013200 -0.129621 1.152229 96.459199 -0.660591 0.253511 3.937219
110040337 1.146015 -0.013200 -0.124761 1.152862 96.212636 -0.659913 0.253017 3.935060
110040338 1.147192 -0.013200 -0.119901 1.153516 95.966348 -0.659237 0.252516 3.932830
110040339 1.148368 -0.013200 -0.115042 1.154191 95.720344 -0.658562 0.252006 3.930530
110040340 1.149544 -0.013200 -0.110182 1.154888 95.474633 -0.657888 0.251488 3.928161
110040341 1.150721 -0.013200 -0.105322 1.155606 95.229222 -0.657215 0.250963 3.925723
110040342 1.151897 -0.013200 -0.100463 1.156345 94.984120 -0.656544 0.250430 3.923215
110040343 1.153073 -0.013200 -0.095603 1.157105 94.739336 -0.655874 0.249890 3.920640
110040344 1.154250 -0.013200 -0.090744 1.157886 94.494878 -0.655206 0.249342 3.917996
110040345 1.155426 -0.013200 -0.085884 1.158689 94.250754 -0.654539 0.248786 3.915285
110040346 1.156602 -0.013200 -0.081024 1.159512 94.006972 -0.653873 0.248224 3.912507
110040347 1.157779 -0.013200 -0.076165 1.160356 93.763540 -0.653209 0.247654 3.909663
110040348 1.158955 -0.013200 -0.071305 1.161221 93.520467 -0.652546 0.247077 3.906752
110040349 1.160131 -0.013200 -0.066445 1.162108 93.277760 -0.651885 0.246493 3.903775
110040350 1.161308 -0.013200 -0.061586 1.163014 93.035428 -0.651224 0.245902 3.900733
110040351 1.162484 -0.013200 -0.056726 1.163942 92.793477 -0.650565 0.245304 3.897627
110040352 1.163660 -0.013200 -0.051866 1.164890 92.551916 -0.649908 0.244700 3.894456
110040353 1.164837 -0.013200 -0.047007 1.165859 92.310752 -0.649251 0.244088 3.891221
110040354 1.166013 -0.013200 -0.042147 1.166849 92.069993 -0.648597 0.243471 3.887923
110040355 1.167189 -0.013200 -0.037287 1.167859 91.829646 -0.647943 0.242847 3.884562
110040356 1.168366 -0.013200 -0.032428 1.168890 91.589719 -0.647291 0.242216 3.881139
110040357 1.169542 -0.013200 -0.027568 1.169941 91.350219 -0.646640 0.241579 3.877654
110040358 1.170718 -0.013200 -0.022708 1.171013 91.111153 -0.645990 0.240936 3.874108
110040359 1.171895 -0.013200 -0.017849 1.172105 90.872528 -0.645342 0.240288 3.870502
110040360 1.173071 -0.013200 -0.012989 1.173217 90.634352 -0.644694 0.239633 3.866835
110040361 1.174247 -0.013200 -0.008129 1.174350 90.396631 -0.644049 0.238972 3.863108
110040362 1.175424 -0.013200 -0.003270 1.175502 90.159372 -0.643404 0.238306 3.859323
110040363 1.176600 -0.013200 0.001590 1.176675 89.922582 -0.642761 0.237918 3.855479
110040364 1.177776 -0.013200 0.006450 1.177868 89.686268 -0.642119 0.238107 3.851577
110040365 1.178953 -0.013200 0.011309 1.179081 89.450435 -0.641478 0.238287 3.847618
110040366 1.180129 -0.013200 0.016169 1.180314 89.215092 -0.640839 0.238457 3.843602
110040367 1.181305 -0.013200 0.021029 1.181566 88.980243 -0.640201 0.238617 3.839531
110040368 1.182482 -0.013200 0.025888 1.182839 88.745896 -0.639564 0.238768 3.835403
110040369 1.183658 -0.013200 0.030748 1.184131 88.512056 -0.638929 0.238909 3.831220
110040370 1.184834 -0.013200 0.035608 1.185443 88.278730 -0.638294 0.239041 3.826984
110040371 1.186011 -0.013200 0.040467 1.186774 88.045924 -0.637661 0.239163 3.822693
110040372 1.187187 -0.013200 0.045327 1.188125 87.813643 -0.637030 0.239276 3.818349
110040373 1.188363 -0.013200 0.050186 1.189496 87.581894 -0.636399 0.239380 3.813953
110040374 1.189540 -0.013200 0.055046 1.190886 87.350682 -0.635770 0.239474 3.809504
110040375 1.190716 -0.013200 0.059906 1.192295 87.120013 -0.635142 0.239559 3.805004
110040376 1.191892 -0.013200 0.064765 1.193724 86.889892 -0.634515 0.239635 3.800454
110040377 1.193069 -0.013200 0.069625 1.195171 86.660325 -0.633889 0.239702 3.795853
110040378 1.194245 -0.013200 0.074485 1.196638 86.431317 -0.633265 0.239760 3.791203
110040379 1.195421 -0.013200 0.079344 1.198124 86.202874 -0.632642 0.239809 3.786505
110040380 1.196598 -0.013200 0.084204 1.199629 85.975000 -0.632020 0.239849 3.781757
110040381 1.197774 -0.013200 0.089064 1.201153 85.747701 -0.631399 0.239880 3.776963
110040382 1.198950 -0.013200 0.093923 1.202696 85.520981 -0.630780 0.239903 3.772121
110040383 1.200127 -0.013200 0.098783 1.204257 85.294846 -0.630162 0.239917 3.767233
110040384 1.201303 -0.013200 0.103643 1.205838 85.069300 -0.629545 0.239922 3.762300
110040385 1.202479 -0.013200 0.108502 1.207437 84.844348 -0.628929 0.239918 3.757321
110040386 1.203656 -0.013200 0.113362 1.209054 84.619994 -0.628314 0.239906 3.752298
110040387 1.204832 -0.013200 0.118222 1.210690 84.396243 -0.627701 0.239886 3.747231
110040388 1.206008 -0.013200 0.123081 1.212344 84.173100 -0.627089 0.239857 3.742121
110040389 1.207185 -0.013200 0.127941 1.214017 83.950568 -0.626478 0.239820 3.736968
110040390 1.208361 -0.013200 0.132801 1.215708 83.728652 -0.625868 0.239775 3.731774
110040391 1.209537 -0.013200 0.137660 1.217417 83.507355 -0.625259 0.239721 3.726538
110040392 1.210714 -0.013200 0.142520 1.219145 83.286683 -0.624652 0.239660 3.721262
110040393 1.211890 -0.013200 0.147380 1.220890 83.066638 -0.624045 0.239590 3.715946
110040394 1.213066 -0.013200 0.152239 1.222653 82.847224 -0.623440 0.239513 3.710590
110040395 1.214242 -0.013200 0.157099 1.224434 82.628446 -0.622836 0.239427 3.705196
110040396 1.215419 -0.013200 0.161959 1.226233 82.410306 -0.622234 0.239334 3.699764
110040397 1.216595 -0.013200 0.166818 1.228050 82.192808 -0.621632 0.239234 3.694295
110040398 1.217771 -0.013200 0.171678 1.229884 81.975957 -0.621032 0.239125 3.688788
110040399 1.218948 -0.013200 0.176538 1.231736 81.759754 -0.620432 0.239010 3.683246
110040400 1.220124 -0.013200 0.181397 1.233605 81.544203 -0.619834 0.238886 3.677668
110040401 1.103668 0.013200 -0.299709 1.143714 105.191657 0.685232 0.265231 3.966517
110040402 1.104844 0.013200 -0.294849 1.143587 104.941244 0.684502 0.265056 3.966959
110040403 1.106020 0.013200 -0.289989 1.143481 104.690780 0.683775 0.264871 3.967324
110040404 1.107196 0.013200 -0.285130 1.143397 104.440275 0.683048 0.264677 3.967614
110040405 1.108373 0.013200 -0.280270 1.143335 104.189737 0.682323 0.264473 3.967829
110040406 1.109549 0.013200 -0.275410 1.143295 103.939177 0.681600 0.264259 3.967967
110040407 1.110725 0.013200 -0.270551 1.143277 103.688605 0.680878 0.264035 3.968030
110040408 1.111902 0.013200 -0.265691 1.143281 103.438029 0.680158 0.263802 3.968016
110040409 1.113078 0.013200 -0.260831 1.143307 103.187460 0.679439 0.263559 3.967927
110040410 1.114254 0.013200 -0.255972 1.143354 102.936907 0.678722 0.263306 3.967762
110040411 1.115431 0.013200 -0.251112 1.143424 102.686379 0.678006 0.263044 3.967522
110040412 1.116607 0.013200 -0.246252 1.143515 102.435887 0.677292 0.262773 3.967205
110040413 1.117783 0.013200 -0.241393 1.143628 102.185439 0.676579 0.262491 3.966813
110040414 1.118960 0.013200 -0.236533 1.143763 101.935046 0.675868 0.262201 3.966346
110040415 1.120136 0.013200 -0.231674 1.143919 101.684716 0.675158 0.261901 3.965802
110040416 1.121312 0.013200 -0.226814 1.144098 101.434460 0.674450 0.261591 3.965184
110040417 1.122489 0.013200 -0.221954 1.144298 101.184287 0.673743 0.261272 3.964489
110040418 1.123665 0.013200 -0.217095 1.144521 100.934206 0.673038 0.260944 3.963720
110040419 1.124841 0.013200 -0.212235 1.144765 100.684227 0.672334 0.260607 3.962876
110040420 1.126018 0.013200 -0.207375 1.145030 100.434359 0.671632 0.260260 3.961956
110040421 1.127194 0.013200 -0.202516 1.145318 100.184612 0.670931 0.259905 3.960962
110040422 1.128370 0.013200 -0.197656 1.145627 99.934995 0.670232 0.259540 3.959894
110040423 1.129547 0.013200 -0.192796 1.145958 99.685518 0.669534 0.259166 3.958750
110040424 1.130723 0.013200 -0.187937 1.146311 99.436189 0.668837 0.258783 3.957533
110040425 1.131899 0.013200 -0.183077 1.146686 99.187018 0.668142 0.258391 3.956241
110040426 1.133076 0.013200 -0.178217 1.147082 98.938015 0.667449 0.257991 3.954876
110040427 1.134252 0.013200 -0.173358 1.147499 98.689189 0.666757 0.257581 3.953437
110040428 1.135428 0.013200 -0.168498 1.147939 98.440548 0.666066 0.257163 3.951925
110040429 1.136605 0.013200 -0.163638 1.148400 98.192102 0.665377 0.256736 3.950340
110040430 1.137781 0.013200 -0.158779 1.148882 97.943860 0.664689 0.256301 3.948681
110040431 1.138957 0.013200 -0.153919 1.149386 97.695832 0.664002 0.255857 3.946951
110040432 1.140134 0.013200 -0.149059 1.149912 97.448025 0.663317 0.255404 3.945148
110040433 1.141310 0.013200 -0.144200 1.150459 97.200450 0.662634 0.254943 3.943273
110040434 1.142486 0.013200 -0.139340 1.151028 96.953114 0.661952 0.254474 3.941326
110040435 1.143663 0.013200 -0.134480 1.151618 96.706028 0.661271 0.253997 3.939308
110040436 1.144839 0.013200 -0.129621 1.152229 96.459199 0.660591 0.253511 3.937219
110040437 1.146015 0.013200 -0.124761 1.152862 96.212636 0.659913 0.253017 3.935060
110040438 1.147192 0.013200 -0.119901 1.153516 95.966348 0.659237 0.252516 3.932830
110040439 1.148368 0.013200 -0.115042 1.154191 95.720344 0.658562 0.252006 3.930530
110040440 1.149544 0.013200 -0.110182 1.154888 95.474633 0.657888 0.251488 3.928161
110040441 1.150721 0.013200 -0.105322 1.155606 95.229222 0.657215 0.250963 3.925723
110040442 1.151897 0.013200 -0.100463 1.156345 94.984120 0.656544 0.250430 3.923215
110040443 1.153073 0.013200 -0.095603 1.157105 94.739336 0.655874 0.249890 3.920640
110040444 1.154250 0.013200 -0.090744 1.157886 94.494878 0.655206 0.249342 3.917996
110040445 1.155426 0.013200 -0.085884 1.158689 94.250754 0.654539 0.248786 3.915285
110040446 1.156602 0.013200 -0.081024 1.159512 94.006972 0.653873 0.248224 3.912507
110040447 1.157779 0.013200 -0.076165 1.160356 93.763540 0.653209 0.247654 3.909663
110040448 1.158955 0.013200 -0.071305 1.161221 93.520467 0.652546 0.247077 3.906752
110040449 1.160131 0.013200 -0.066445 1.162108 93.277760 0.651885 0.246493 3.903775
110040450 1.161308 0.013200 -0.061586 1.163014 93.035428 0.651224 0.245902 3.900733
110040451 1.162484 0.013200 -0.056726 1.163942 92.793477 0.650565 0.245304 3.897627
110040452 1.163660 0.013200 -0.051866 1.164890 92.551916 0.649908 0.244700 3.894456
110040453 1.164837 0.013200 -0.047007 1.165859 92.310752 0.649251 0.244088 3.891221
110040454 1.166013 0.013200 -0.042147 1.166849 92.069993 0.648597 0.243471 3.887923
110040455 1.167189 0.013200 -0.037287 1.167859 91.829646 0.647943 0.242847 3.884562
110040456 1.168366 0.013200 -0.032428 1.168890 91.589719 0.647291 0.242216 3.881139
110040457 1.169542 0.013200 -0.027568 1.169941 91.350219 0.646640 0.241579 3.877654
110040458 1.170718 0.013200 -0.022708 1.171013 91.111153 0.645990 0.240936 3.874108
110040459 1.171895 0.013200 -0.017849 1.172105 90.872528 0.645342 0.240288 3.870502
110040460 1.173071 0.013200 -0.012989 1.173217 90.634352 0.644694 0.239633 3.866835
110040461 1.174247 0.013200 -0.008129 1.174350 90.396631 0.644049 0.238972 3.863108
110040462 1.175424 0.013200 -0.003270 1.175502 90.159372 0.643404 0.238306 3.859323
110040463 1.176600 0.013200 0.001590 1.176675 89.922582 0.642761 0.237918 3.855479
110040464 1.177776 0.013200 0.006450 1.177868 89.686268 0.642119 0.238107 3.851577
110040465 1.178953 0.013200 0.011309 1.179081 89.450435 0.641478 0.238287 3.847618
110040466 1.180129 0.013200 0.016169 1.180314 89.215092 0.640839 0.238457 3.843602
110040467 1.181305 0.013200 0.021029 1.181566 88.980243 0.640201 0.238617 3.839531
110040468 1.182482 0.013200 0.025888 1.182839 88.745896 0.639564 0.238768 3.835403
110040469 1.183658 0.013200 0.030748 1.184131 88.512056 0.638929 0.238909 3.831220
110040470 1.184834 0.013200 0.035608 1.185443 88.278730 0.638294 0.239041 3.826984
110040471 1.186011 0.013200 0.040467 1.186774 88.045924 0.637661 0.239163 3.822693
110040472 1.187187 0.013200 0.045327 1.188125 87.813643 0.637030 0.239276 3.818349
110040473 1.188363 0.013200 0.050186 1.189496 87.581894 0.636399 0.239380 3.813953
110040474 1.189540 0.013200 0.055046 1.190886 87.350682 0.635770 0.239474 3.809504
110040475 1.190716 0.013200 0.059906 1.192295 87.120013 0.635142 0.239559 3.805004
110040476 1.191892 0.013200 0.064765 1.193724 86.889892 0.634515 0.239635 3.800454
110040477 1.193069 0.013200 0.069625 1.195171 86.660325 0.633889 0.239702 3.795853
110040478 1.194245 0.013200 0.074485 1.196638 86.431317 0.633265 0.239760 3.791203
110040479 1.195421 0.013200 0.079344 1.198124 86.202874 0.632642 0.239809 3.786505
110040480 1.196598 0.013200 0.084204 1.199629 85.975000 0.632020 0.239849 3.781757
110040481 1.197774 0.013200 0.089064 1.201153 85.747701 0.631399 0.239880 3.776963
110040482 1.198950 0.013200 0.093923 1.202696 85.520981 0.630780 0.239903 3.772121
110040483 1.200127 0.013200 0.098783 1.204257 85.294846 0.630162 0.239917 3.767233
110040484 1.201303 0.013200 0.103643 1.205838 85.069300 0.629545 0.239922 3.762300
110040485 1.202479 0.013200 0.108502 1.207437 84.844348 0.628929 0.239918 3.757321
110040486 1.203656 0.013200 0.113362 1.209054 84.619994 0.628314 0.239906 3.752298
110040487 1.204832 0.013200 0.118222 1.210690 84.396243 0.627701 0.239886 3.747231
110040488 1.206008 0.013200 0.123081 1.212344 84.173100 0.627089 0.239857 3.742121
110040489 1.207185 0.013200 0.127941 1.214017 83.950568 0.626478 0.239820 3.736968
110040490 1.208361 0.013200 0.132801 1.215708 83.728652 0.625868 0.239775 3.731774
110040491 1.209537 0.013200 0.137660 1.217417 83.507355 0.625259 0.239721 3.726538
110040492 1.210714 0.013200 0.142520 1.219145 83.286683 0.624652 0.239660 3.721262
110040493 1.211890 0.013200 0.147380 1.220890 83.066638 0.624045 0.239590 3.715946
110040494 1.213066 0.013200 0.152239 1.222653 82.847224 0.623440 0.239513 3.710590
110040495 1.214242 0.013200 0.157099 1.224434 82.628446 0.622836 0.239427 3.705196
110040496 1.215419 0.013200 0.161959 1.226233 82.410306 0.622234 0.239334 3.699764
110040497 1.216595 0.013200 0.166818 1.228050 82.192808 0.621632 0.239234 3.694295
110040498 1.217771 0.013200 0.171678 1.229884 81.975957 0.621032 0.239125 3.688788
110040499 1.218948 0.013200 0.176538 1.231736 81.759754 0.620432 0.239010 3.683246
110040500 1.220124 0.013200 0.181397 1.233605 81.544203 0.619834 0.238886 3.677668
110040501 1.103668 0.039600 -0.299709 1.144323 105.183375 2.054912 0.289895 3.963666
110040502 1.104844 0.039600 -0.294849 1.144196 104.933103 2.052726 0.289297 3.964109
110040503 1.106020 0.039600 -0.289989 1.144090 104.682780 2.050545 0.288689 3.964478
110040504 1.107196 0.039600 -0.285130 1.144007 104.432416 2.048368 0.288071 3.964770
110040505 1.108373 0.039600 -0.280270 1.143945 104.182019 2.046196 0.287444 3.964987
110040506 1.109549 0.039600 -0.275410 1.143905 103.931601 2.044029 0.286807 3.965129
110040507 1.110725 0.039600 -0.270551 1.143887 103.681170 2.041866 0.286160 3.965194
110040508 1.111902 0.039600 -0.265691 1.143891 103.430736 2.039707 0.285503 3.965184
110040509 1.113078 0.039600 -0.260831 1.143916 103.180308 2.037554 0.284837 3.965098
110040510 1.114254 0.039600 -0.255972 1.143964 102.929896 2.035404 0.284162 3.964937
110040511 1.115431 0.039600 -0.251112 1.144033 102.679509 2.033260 0.283477 3.964700
110040512 1.116607 0.039600 -0.246252 1.144124 102.429158 2.031119 0.282783 3.964387
110040513 1.117783 0.039600 -0.241393 1.144237 102.178851 2.028984 0.282080 3.963998
110040514 1.118960 0.039600 -0.236533 1.144372 101.928599 2.026852 0.281367 3.963535
110040515 1.120136 0.039600 -0.231674 1.144529 101.678410 2.024726 0.280645 3.962995
110040516 1.121312 0.039600 -0.226814 1.144707 101.428295 2.022603 0.279915 3.962381
110040517 1.122489 0.039600 -0.221954 1.144907 101.178262 2.020485 0.279175 3.961691
110040518 1.123665 0.039600 -0.217095 1.145129 100.928321 2.018372 0.278427 3.960926
110040519 1.124841 0.039600 -0.212235 1.145373 100.678482 2.016263 0.277670 3.960086
110040520 1.126018 0.039600 -0.207375 1.145639 100.428755 2.014158 0.276904 3.959171
110040521 1.127194 0.039600 -0.202516 1.145926 100.179147 2.012058 0.276130 3.958182
110040522 1.128370 0.039600 -0.197656 1.146236 99.929670 2.009962 0.275348 3.957118
110040523 1.129547 0.039600 -0.192796 1.146566 99.680332 2.007871 0.274557 3.955980
110040524 1.130723 0.039600 -0.187937 1.146919 99.431142 2.005784 0.273758 3.954767
110040525 1.131899 0.039600 -0.183077 1.147293 99.182111 2.003701 0.272951 3.953481
110040526 1.133076 0.039600 -0.178217 1.147689 98.933246 2.001622 0.272135 3.952121
110040527 1.134252 0.039600 -0.173358 1.148107 98.684558 1.999548 0.271312 3.950688
110040528 1.135428 0.039600 -0.168498 1.148546 98.436055 1.997478 0.270481 3.949181
110040529 1.136605 0.039600 -0.163638 1.149007 98.187747 1.995413 0.269643 3.947601
110040530 1.137781 0.039600 -0.158779 1.149489 97.939642 1.993351 0.268797 3.945949
110040531 1.138957 0.039600 -0.153919 1.149993 97.691750 1.991294 0.267943 3.944224
110040532 1.140134 0.039600 -0.149059 1.150518 97.444080 1.989241 0.267082 3.942427
110040533 1.141310 0.039600 -0.144200 1.151065 97.196641 1.987193 0.266214 3.940558
110040534 1.142486 0.039600 -0.139340 1.151633 96.949441 1.985148 0.265338 3.938618
110040535 1.143663 0.039600 -0.134480 1.152223 96.702490 1.983108 0.264456 3.936606
110040536 1.144839 0.039600 -0.129621 1.152834 96.455796 1.981072 0.263566 3.934524
110040537 1.146015 0.039600 -0.124761 1.153466 96.209368 1.979040 0.262670 3.932371
110040538 1.147192 0.039600 -0.119901 1.154120 95.963214 1.977012 0.261767 3.930148
110040539 1.148368 0.039600 -0.115042 1.154795 95.717344 1.974989 0.260858 3.927855
110040540 1.149544 0.039600 -0.110182 1.155491 95.471766 1.972970 0.259942 3.925492
110040541 1.150721 0.039600 -0.105322 1.156209 95.226487 1.970954 0.259020 3.923061
110040542 1.151897 0.039600 -0.100463 1.156948 94.981518 1.968943 0.258092 3.920560
110040543 1.153073 0.039600 -0.095603 1.157707 94.736865 1.966936 0.257158 3.917992
110040544 1.154250 0.039600 -0.090744 1.158488 94.492538 1.964933 0.256218 3.915356
110040545 1.155426 0.039600 -0.085884 1.159290 94.248545 1.962934 0.255272 3.912652
110040546 1.156602 0.039600 -0.081024 1.160113 94.004893 1.960939 0.254320 3.909881
110040547 1.157779 0.039600 -0.076165 1.160957 93.761591 1.958948 0.253363 3.907044
110040548 1.158955 0.039600 -0.071305 1.161822 93.518647 1.956962 0.252400 3.904141
110040549 1.160131 0.039600 -0.066445 1.162707 93.276068 1.954979 0.251432 3.901172
110040550 1.161308 0.039600 -0.061586 1.163614 93.033863 1.953000 0.250459 3.898138
110040551 1.162484 0.039600 -0.056726 1.164541 92.792040 1.951025 0.249481 3.895039
110040552 1.163660 0.039600 -0.051866 1.165489 92.550605 1.949055 0.248498 3.891876
110040553 1.164837 0.039600 -0.047007 1.166457 92.309567 1.947088 0.247510 3.888650
110040554 1.166013 0.039600 -0.042147 1.167446 92.068934 1.945125 0.246518 3.885360
110040555 1.167189 0.039600 -0.037287 1.168456 91.828711 1.943166 0.245521 3.882007
110040556 1.168366 0.039600 -0.032428 1.169486 91.588908 1.941211 0.244519 3.878592
110040557 1.169542 0.039600 -0.027568 1.170537 91.349532 1.939260 0.243514 3.875116
110040558 1.170718 0.039600 -0.022708 1.171608 91.110589 1.937313 0.242504 3.871578
110040559 1.171895 0.039600 -0.017849 1.172699 90.872086 1.935370 0.241490 3.867980
110040560 1.173071 0.039600 -0.012989 1.173811 90.634031 1.933431 0.240473 3.864322
110040561 1.174247 0.039600 -0.008129 1.174943 90.396431 1.931495 0.239451 3.860604
110040562 1.175424 0.039600 -0.003270 1.176095 90.159292 1.929564 0.238426 3.856828
110040563 1.176600 0.039600 0.001590 1.177267 89.922621 1.927636 0.237915 3.852993
110040564 1.177776 0.039600 0.006450 1.178459 89.686425 1.925712 0.238459 3.849100
110040565 1.178953 0.039600 0.011309 1.179672 89.450711 1.923792 0.238992 3.845150
110040566 1.180129 0.039600 0.016169 1.180904 89.215484 1.921876 0.239513 3.841143
110040567 1.181305 0.039600 0.021029 1.182156 88.980752 1.919964 0.240021 3.837080
110040568 1.182482 0.039600 0.025888 1.183428 88.746520 1.918055 0.240518 3.832962
110040569 1.183658 0.039600 0.030748 1.184719 88.512795 1.916151 0.241004 3.828788
110040570 1.184834 0.039600 0.035608 1.186030 88.279583 1.914250 0.241477 3.824561
110040571 1.186011 0.039600 0.040467 1.187361 88.046890 1.912352 0.241939 3.820280
110040572 1.187187 0.039600 0.045327 1.188712 87.814722 1.910459 0.242389 3.815945
110040573 1.188363 0.039600 0.050186 1.190082 87.583085 1.908569 0.242828 3.811558
110040574 1.189540 0.039600 0.055046 1.191471 87.351984 1.906683 0.243255 3.807119
110040575 1.190716 0.039600 0.059906 1.192879 87.121425 1.904801 0.243670 3.802629
110040576 1.191892 0.039600 0.064765 1.194307 86.891414 1.902923 0.244074 3.798088
110040577 1.193069 0.039600 0.069625 1.195754 86.661955 1.901048 0.244467 3.793497
110040578 1.194245 0.039600 0.074485 1.197221 86.433055 1.899177 0.244848 3.788857
110040579 1.195421 0.039600 0.079344 1.198706 86.204719 1.897309 0.245217 3.784168
110040580 1.196598 0.039600 0.084204 1.200210 85.976951 1.895445 0.245576 3.779431
110040581 1.197774 0.039600 0.089064 1.201733 85.749757 1.893585 0.245923 3.774646
110040582 1.198950 0.039600 0.093923 1.203275 85.523142 1.891729 0.246258 3.769814
110040583 1.200127 0.039600 0.098783 1.204836 85.297111 1.889876 0.246583 3.764936
110040584 1.201303 0.039600 0.103643 1.206416 85.071668 1.888026 0.246897 3.760012
110040585 1.202479 0.039600 0.108502 1.208014 84.846818 1.886181 0.247199 3.755044
110040586 1.203656 0.039600 0.113362 1.209630 84.622565 1.884339 0.247491 3.750031
110040587 1.204832 0.039600 0.118222 1.211266 84.398915 1.882500 0.247771 3.744974
110040588 1.206008 0.039600 0.123081 1.212919 84.175871 1.880665 0.248041 3.739874
110040589 1.207185 0.039600 0.127941 1.214591 83.953437 1.878834 0.248300 3.734732
110040590 1.208361 0.039600 0.132801 1.216281 83.731619 1.877006 0.248548 3.729547
110040591 1.209537 0.039600 0.137660 1.217990 83.510419 1.875182 0.248785 3.724322
110040592 1.210714 0.039600 0.142520 1.219716 83.289843 1.873362 0.249012 3.719056
110040593 1.211890 0.039600 0.147380 1.221461 83.069893 1.871545 0.249228 3.713750
110040594 1.213066 0.039600 0.152239 1.223223 82.850574 1.869731 0.249434 3.708405
110040595 1.214242 0.039600 0.157099 1.225003 82.631889 1.867921 0.249629 3.703021
110040596 1.215419 0.039600 0.161959 1.226801 82.413842 1.866114 0.249814 3.697599
110040597 1.216595 0.039600 0.166818 1.228617 82.196436 1.864311 0.249989 3.692140
110040598 1.217771 0.039600 0.171678 1.230451 81.979676 1.862512 0.250154 3.686645
110040599 1.218948 0.039600 0.176538 1.232302 81.763563 1.860716 0.250308 3.681113
110040600 1.220124 0.039600 0.181397 1.234170 81.548101 1.858923 0.250453 3.675545
110040601 1.103668 0.066000 -0.299709 1.145541 105.166850 3.422248 0.314233 3.956462
110040602 1.104844 0.066000 -0.294849 1.145413 104.916860 3.418613 0.313215 3.956912
110040603 1.106020 0.066000 -0.289989 1.145308 104.666818 3.414985 0.312188 3.957286
110040604 1.107196 0.066000 -0.285130 1.145224 104.416736 3.411366 0.311150 3.957586
110040605 1.108373 0.066000 -0.280270 1.145163 104.166622 3.407754 0.310103 3.957810
110040606 1.109549 0.066000 -0.275410 1.145123 103.916485 3.404149 0.309046 3.957958
110040607 1.110725 0.066000 -0.270551 1.145105 103.666336 3.400552 0.307979 3.958032
110040608 1.111902 0.066000 -0.265691 1.145108 103.416184 3.396963 0.306903 3.958029
110040609 1.113078 0.066000 -0.260831 1.145134 103.166038 3.393382 0.305817 3.957952
110040610 1.114254 0.066000 -0.255972 1.145181 102.915907 3.389808 0.304722 3.957799
110040611 1.115431 0.066000 -0.251112 1.145251 102.665803 3.386241 0.303617 3.957570
110040612 1.116607 0.066000 -0.246252 1.145342 102.415733 3.382682 0.302504 3.957266
110040613 1.117783 0.066000 -0.241393 1.145455 102.165708 3.379130 0.301382 3.956887
110040614 1.118960 0.066000 -0.236533 1.145589 101.915736 3.375586 0.300250 3.956433
110040615 1.120136 0.066000 -0.231674 1.145746 101.665828 3.372049 0.299111 3.955903
110040616 1.121312 0.066000 -0.226814 1.145924 101.415994 3.368520 0.297962 3.955299
110040617 1.122489 0.066000 -0.221954 1.146124 101.166241 3.364998 0.296805 3.954619
110040618 1.123665 0.066000 -0.217095 1.146346 100.916581 3.361484 0.295640 3.953865
110040619 1.124841 0.066000 -0.212235 1.146590 100.667021 3.357976 0.294467 3.953036
110040620 1.126018 0.066000 -0.207375 1.146855 100.417573 3.354476 0.293286 3.952132
110040621 1.127194 0.066000 -0.202516 1.147142 100.168245 3.350983 0.292097 3.951154
110040622 1.128370 0.066000 -0.197656 1.147451 99.919046 3.347498 0.290900 3.950101
110040623 1.129547 0.066000 -0.192796 1.147781 99.669985 3.344020 0.289696 3.948975
110040624 1.130723 0.066000 -0.187937 1.148134 99.421073 3.340549 0.288484 3.947775
110040625 1.131899 0.066000 -0.183077 1.148507 99.172318 3.337085 0.287264 3.946501
110040626 1.133076 0.066000 -0.178217 1.148903 98.923730 3.333628 0.286038 3.945153
110040627 1.134252 0.066000 -0.173358 1.149320 98.675318 3.330179 0.284805 3.943733
110040628 1.135428 0.066000 -0.168498 1.149759 98.427090 3.326736 0.283565 3.942239
110040629 1.136605 0.066000 -0.163638 1.150219 98.179056 3.323301 0.282318 3.940673
110040630 1.137781 0.066000 -0.158779 1.150701 97.931226 3.319873 0.281064 3.939034
110040631 1.138957 0.066000 -0.153919 1.151204 97.683607 3.316452 0.279804 3.937323
110040632 1.140134 0.066000 -0.149059 1.151729 97.436209 3.313038 0.278538 3.935540
110040633 1.141310 0.066000 -0.144200 1.152275 97.189042 3.309631 0.277266 3.933686
110040634 1.142486 0.066000 -0.139340 1.152843 96.942113 3.306230 0.275988 3.931760
110040635 1.143663 0.066000 -0.134480 1.153432 96.695432 3.302837 0.274704 3.929763
110040636 1.144839 0.066000 -0.129621 1.154042 96.449007 3.299451 0.273414 3.927696
110040637 1.146015 0.066000 -0.124761 1.154674 96.202847 3.296072 0.272119 3.925558
110040638 1.147192 0.066000 -0.119901 1.155327 95.956961 3.292700 0.270818 3.923350
110040639 1.148368 0.066000 -0.115042 1.156002 95.711357 3.289334 0.269513 3.921073
110040640 1.149544 0.066000 -0.110182 1.156697 95.466045 3.285975 0.268202 3.918726
110040641 1.150721 0.066000 -0.105322 1.157414 95.221031 3.282624 0.266887 3.916311
110040642 1.151897 0.066000 -0.100463 1.158152 94.976325 3.279279 0.265567 3.913827
110040643 1.153073 0.066000 -0.095603 1.158911 94.731935 3.275941 0.264242 3.911275
110040644 1.154250 0.066000 -0.090744 1.159691 94.487870 3.272609 0.262913 3.908656
110040645 1.155426 0.066000 -0.085884 1.160492 94.244137 3.269285 0.261580 3.905969
110040646 1.156602 0.066000 -0.081024 1.161314 94.000745 3.265967 0.260242 3.903216
110040647 1.157779 0.066000 -0.076165 1.162157 93.757701 3.262656 0.258901 3.900396
110040648 1.158955 0.066000 -0.071305 1.163021 93.515014 3.259351 0.257556 3.897510
110040649 1.160131 0.066000 -0.066445 1.163905 93.272692 3.256054 0.256208 3.894559
110040650 1.161308 0.066000 -0.061586 1.164811 93.030742 3.252762 0.254856 3.891543
110040651 1.162484 0.066000 -0.056726 1.165737 92.789172 3.249478 0.253501 3.888463
110040652 1.163660 0.066000 -0.051866 1.166684 92.547990 3.246200 0.252143 3.885318
110040653 1.164837 0.066000 -0.047007 1.167652 92.307203 3.242929 0.250782 3.882110
110040654 1.166013 0.066000 -0.042147 1.168640 92.066820 3.239664 0.249418 3.878839
110040655 1.167189 0.066000 -0.037287 1.169648 91.826847 3.236406 0.248051 3.875506
110040656 1.168366 0.066000 -0.032428 1.170678 91.587291 3.233155 0.246682 3.872110
110040657 1.169542 0.066000 -0.027568 1.171727 91.348161 3.229910 0.245311 3.868653
110040658 1.170718 0.066000 -0.022708 1.172797 91.109462 3.226671 0.243937 3.865135
110040659 1.171895 0.066000 -0.017849 1.173887 90.871203 3.223439 0.242562 3.861557
110040660 1.173071 0.066000 -0.012989 1.174998 90.633391 3.220213 0.241185 3.857918
110040661 1.174247 0.066000 -0.008129 1.176129 90.396031 3.216994 0.239806 3.854221
110040662 1.175424 0.066000 -0.003270 1.177280 90.159131 3.213782 0.238425 3.850464
110040663 1.176600 0.066000 0.001590 1.178451 89.922699 3.210575 0.237792 3.846649
110040664 1.177776 0.066000 0.006450 1.179642 89.686739 3.207375 0.238689 3.842777
110040665 1.178953 0.066000 0.011309 1.180853 89.451260 3.204182 0.239572 3.838848
110040666 1.180129 0.066000 0.016169 1.182084 89.216267 3.200995 0.240441 3.834862
110040667 1.181305 0.066000 0.021029 1.183334 88.981767 3.197814 0.241296 3.830820
110040668 1.182482 0.066000 0.025888 1.184605 88.747766 3.194639 0.242137 3.826722
110040669 1.183658 0.066000 0.030748 1.185895 88.514270 3.191471 0.242965 3.822570
110040670 1.184834 0.066000 0.035608 1.187205 88.281286 3.188309 0.243778 3.818364
110040671 1.186011 0.066000 0.040467 1.188535 88.048819 3.185153 0.244577 3.814104
110040672 1.187187 0.066000 0.045327 1.189884 87.816876 3.182003 0.245362 3.809791
110040673 1.188363 0.066000 0.050186 1.191252 87.585462 3.178860 0.246134 3.805426
110040674 1.189540 0.066000 0.055046 1.192640 87.354582 3.175723 0.246891 3.801009
110040675 1.190716 0.066000 0.059906 1.194047 87.124243 3.172592 0.247635 3.796541
110040676 1.191892 0.066000 0.064765 1.195474 86.894450 3.169467 0.248365 3.792022
110040677 1.193069 0.066000 0.069625 1.196919 86.665208 3.166349 0.249081 3.787454
110040678 1.194245 0.066000 0.074485 1.198384 86.436523 3.163236 0.249783 3.782836
110040679 1.195421 0.066000 0.079344 1.199868 86.208401 3.160130 0.250472 3.778169
110040680 1.196598 0.066000 0.084204 1.201371 85.980845 3.157029 0.251146 3.773454
110040681 1.197774 0.066000 0.089064 1.202893 85.753861 3.153935 0.251807 3.768692
110040682 1.198950 0.066000 0.093923 1.204433 85.527455 3.150847 0.252455 3.763883
110040683 1.200127 0.066000 0.098783 1.205992 85.301630 3.147765 0.253089 3.759028
110040684 1.201303 0.066000 0.103643 1.207570 85.076392 3.144689 0.253709 3.754127
110040685 1.202479 0.066000 0.108502 1.209167 84.851746 3.141619 0.254316 3.749181
110040686 1.203656 0.066000 0.113362 1.210782 84.627696 3.138554 0.254909 3.744191
110040687 1.204832 0.066000 0.118222 1.212416 84.404245 3.135496 0.255489 3.739158
110040688 1.206008 0.066000 0.123081 1.214068 84.181400 3.132444 0.256055 3.734081
110040689 1.207185 0.066000 0.127941 1.215738 83.959164 3.129398 0.256609 3.728962
110040690 1.208361 0.066000 0.132801 1.217427 83.737541 3.126357 0.257149 3.723801
110040691 1.209537 0.066000 0.137660 1.219134 83.516535 3.123323 0.257675 3.718599
110040692 1.210714 0.066000 0.142520 1.220858 83.296150 3.120294 0.258189 3.713357
110040693 1.211890 0.066000 0.147380 1.222601 83.076390 3.117271 0.258690 3.708074
110040694 1.213066 0.066000 0.152239 1.224362 82.857260 3.114254 0.259177 3.702753
110040695 1.214242 0.066000 0.157099 1.226141 82.638762 3.111243 0.259652 3.697393
110040696 1.215419 0.066000 0.161959 1.227937 82.420900 3.108238 0.260114 3.691995
110040697 1.216595 0.066000 0.166818 1.229751 82.203677 3.105239 0.260563 3.686559
110040698 1.217771 0.066000 0.171678 1.231583 81.987098 3.102245 0.261000 3.681087
110040699 1.218948 0.066000 0.176538 1.233432 81.771165 3.099257 0.261423 3.675579
110040700 1.220124 0.066000 0.181397 1.235299 81.555882 3.096275 0.261834 3.670036
110040701 1.103668 0.092400 -0.299709 1.147364 105.142164 4.785692 0.338129 3.944958
110040702 1.104844 0.092400 -0.294849 1.147237 104.892594 4.780620 0.336697 3.945418
110040703 1.106020 0.092400 -0.289989 1.147132 104.642974 4.775559 0.335255 3.945803
110040704 1.107196 0.092400 -0.285130 1.147049 104.393312 4.770509 0.333803 3.946113
110040705 1.108373 0.092400 -0.280270 1.146987 104.143619 4.765469 0.332341 3.946348
110040706 1.109549 0.092400 -0.275410 1.146947 103.893904 4.760440 0.330869 3.946509
110040707 1.110725 0.092400 -0.270551 1.146929 103.644175 4.755422 0.329387 3.946594
110040708 1.111902 0.092400 -0.265691 1.146933 103.394444 4.750414 0.327896 3.946604
110040709 1.113078 0.092400 -0.260831 1.146958 103.144719 4.745416 0.326396 3.946539
110040710 1.114254 0.092400 -0.255972 1.147006 102.895010 4.740429 0.324887 3.946399
110040711 1.115431 0.092400 -0.251112 1.147075 102.645326 4.735453 0.323368 3.946185
110040712 1.116607 0.092400 -0.246252 1.147166 102.395677 4.730487 0.321841 3.945895
110040713 1.117783 0.092400 -0.241393 1.147279 102.146072 4.725531 0.320305 3.945530
110040714 1.118960 0.092400 -0.236533 1.147413 101.896520 4.720586 0.318761 3.945091
110040715 1.120136 0.092400 -0.231674 1.147569 101.647032 4.715651 0.317208 3.944577
110040716 1.121312 0.092400 -0.226814 1.147747 101.397616 4.710726 0.315648 3.943988
110040717 1.122489 0.092400 -0.221954 1.147947 101.148283 4.705811 0.314079 3.943324
110040718 1.123665 0.092400 -0.217095 1.148169 100.899040 4.700907 0.312503 3.942586
110040719 1.124841 0.092400 -0.212235 1.148412 100.649899 4.696013 0.310919 3.941774
110040720 1.126018 0.092400 -0.207375 1.148677 100.400868 4.691129 0.309327 3.940888
110040721 1.127194 0.092400 -0.202516 1.148963 100.151956 4.686255 0.307728 3.939928
110040722 1.128370 0.092400 -0.197656 1.149272 99.903173 4.681392 0.306123 3.938893
110040723 1.129547 0.092400 -0.192796 1.149602 99.654528 4.676538 0.304510 3.937786
110040724 1.130723 0.092400 -0.187937 1.149953 99.406030 4.671694 0.302891 3.936604
110040725 1.131899 0.092400 -0.183077 1.150327 99.157689 4.666861 0.301265 3.935350
110040726 1.133076 0.092400 -0.178217 1.150721 98.909513 4.662037 0.299633 3.934022
110040727 1.134252 0.092400 -0.173358 1.151138 98.661513 4.657223 0.297995 3.932622
110040728 1.135428 0.092400 -0.168498 1.151576 98.413696 4.652420 0.296351 3.931148
110040729 1.136605 0.092400 -0.163638 1.152035 98.166073 4.647626 0.294701 3.929603
110040730 1.137781 0.092400 -0.158779 1.152516 97.918651 4.642842 0.293046 3.927985
110040731 1.138957 0.092400 -0.153919 1.153019 97.671440 4.638067 0.291385 3.926296
110040732 1.140134 0.092400 -0.149059 1.153543 97.424450 4.633303 0.289719 3.924535
110040733 1.141310 0.092400 -0.144200 1.154088 97.177688 4.628548 0.288048 3.922703
110040734 1.142486 0.092400 -0.139340 1.154655 96.931164 4.623803 0.286373 3.920800
110040735 1.143663 0.092400 -0.134480 1.155243 96.684886 4.619068 0.284692 3.918826
110040736 1.144839 0.092400 -0.129621 1.155853 96.438863 4.614342 0.283008 3.916782
110040737 1.146015 0.092400 -0.124761 1.156484 96.193104 4.609626 0.281319 3.914668
110040738 1.147192 0.092400 -0.119901 1.157136 95.947618 4.604920 0.279626 3.912485
110040739 1.148368 0.092400 -0.115042 1.157809 95.702413 4.600223 0.277930 3.910232
110040740 1.149544 0.092400 -0.110182 1.158503 95.457497 4.595536 0.276230 3.907910
110040741 1.150721 0.092400 -0.105322 1.159219 95.212878 4.590858 0.274526 3.905520
110040742 1.151897 0.092400 -0.100463 1.159956 94.968567 4.586190 0.272819 3.903062
110040743 1.153073 0.092400 -0.095603 1.160714 94.724569 4.581531 0.271110 3.900536
110040744 1.154250 0.092400 -0.090744 1.161492 94.480895 4.576882 0.269397 3.897943
110040745 1.155426 0.092400 -0.085884 1.162292 94.237551 4.572242 0.267682 3.895283
110040746 1.156602 0.092400 -0.081024 1.163113 93.994546 4.567611 0.265964 3.892556
110040747 1.157779 0.092400 -0.076165 1.163955 93.751889 4.562990 0.264244 3.889764
110040748 1.158955 0.092400 -0.071305 1.164817 93.509586 4.558378 0.262522 3.886906
110040749 1.160131 0.092400 -0.066445 1.165700 93.267647 4.553776 0.260798 3.883982
110040750 1.161308 0.092400 -0.061586 1.166604 93.026078 4.549183 0.259072 3.880994
110040751 1.162484 0.092400 -0.056726 1.167529 92.784887 4.544598 0.257345 3.877942
110040752 1.163660 0.092400 -0.051866 1.168475 92.544082 4.540024 0.255617 3.874826
110040753 1.164837 0.092400 -0.047007 1.169441 92.303671 4.535458 0.253888 3.871647
110040754 1.166013 0.092400 -0.042147 1.170427 92.063662 4.530901 0.252157 3.868405
110040755 1.167189 0.092400 -0.037287 1.171435 91.824060 4.526354 0.250426 3.865101
110040756 1.168366 0.092400 -0.032428 1.172462 91.584874 4.521816 0.248694 3.861736
110040757 1.169542 0.092400 -0.027568 1.173510 91.346112 4.517286 0.246962 3.858309
110040758 1.170718 0.092400 -0.022708 1.174579 91.107779 4.512766 0.245230 3.854821
110040759 1.171895 0.092400 -0.017849 1.175667 90.869884 4.508255 0.243498 3.851273
110040760 1.173071 0.092400 -0.012989 1.176776 90.632433 4.503753 0.241766 3.847666
110040761 1.174247 0.092400 -0.008129 1.177905 90.395434 4.499260 0.240034 3.843999
110040762 1.175424 0.092400 -0.003270 1.179054 90.158892 4.494775 0.238303 3.840274
110040763 1.176600 0.092400 0.001590 1.180224 89.922815 4.490300 0.237550 3.836491
110040764 1.177776 0.092400 0.006450 1.181413 89.687209 4.485834 0.238795 3.832651
110040765 1.178953 0.092400 0.011309 1.182622 89.452081 4.481376 0.240025 3.828753
110040766 1.180129 0.092400 0.016169 1.183851 89.217437 4.476927 0.241239 3.824800
110040767 1.181305 0.092400 0.021029 1.185100 88.983284 4.472487 0.242436 3.820790
110040768 1.182482 0.092400 0.025888 1.186369 88.749628 4.468056 0.243617 3.816726
110040769 1.183658 0.092400 0.030748 1.187657 88.516475 4.463634 0.244783 3.812607
110040770 1.184834 0.092400 0.035608 1.188965 88.283831 4.459220 0.245932 3.808434
110040771 1.186011 0.092400 0.040467 1.190293 88.051702 4.454815 0.247065 3.804207
110040772 1.187187 0.092400 0.045327 1.191640 87.820094 4.450419 0.248182 3.799928
110040773 1.188363 0.092400 0.050186 1.193006 87.589013 4.446031 0.249283 3.795597
110040774 1.189540 0.092400 0.055046 1.194392 87.358465 4.441652 0.250368 3.791214
110040775 1.190716 0.092400 0.059906 1.195797 87.128455 4.437281 0.251436 3.786780
110040776 1.191892 0.092400 0.064765 1.197222 86.898988 4.432920 0.252488 3.782295
110040777 1.193069 0.092400 0.069625 1.198665 86.670070 4.428566 0.253525 3.777761
110040778 1.194245 0.092400 0.074485 1.200128 86.441707 4.424221 0.254545 3.773178
110040779 1.195421 0.092400 0.079344 1.201609 86.213903 4.419885 0.255549 3.768546
110040780 1.196598 0.092400 0.084204 1.203110 85.986664 4.415557 0.256537 3.763866
110040781 1.197774 0.092400 0.089064 1.204630 85.759995 4.411238 0.257509 3.759139
110040782 1.198950 0.092400 0.093923 1.206168 85.533900 4.406927 0.258465 3.754366
110040783 1.200127 0.092400 0.098783 1.207725 85.308385 4.402624 0.259405 3.749546
110040784 1.201303 0.092400 0.103643 1.209301 85.083454 4.398330 0.260330 3.744681
110040785 1.202479 0.092400 0.108502 1.210895 84.859112 4.394044 0.261238 3.739771
110040786 1.203656 0.092400 0.113362 1.212508 84.635364 4.389767 0.262130 3.734817
110040787 1.204832 0.092400 0.118222 1.214139 84.412213 4.385498 0.263007 3.729819
110040788 1.206008 0.092400 0.123081 1.215789 84.189665 4.381237 0.263867 3.724778
110040789 1.207185 0.092400 0.127941 1.217457 83.967723 4.376984 0.264712 3.719696
110040790 1.208361 0.092400 0.132801 1.219143 83.746392 4.372740 0.265542 3.714571
110040791 1.209537 0.092400 0.137660 1.220847 83.525675 4.368503 0.266355 3.709405
110040792 1.210714 0.092400 0.142520 1.222570 83.305577 4.364275 0.267154 3.704200
110040793 1.211890 0.092400 0.147380 1.224310 83.086102 4.360056 0.267936 3.698954
110040794 1.213066 0.092400 0.152239 1.226069 82.867253 4.355844 0.268703 3.693669
110040795 1.214242 0.092400 0.157099 1.227845 82.649034 4.351640 0.269455 3.688346
110040796 1.215419 0.092400 0.161959 1.229639 82.431449 4.347445 0.270192 3.682985
110040797 1.216595 0.092400 0.166818 1.231450 82.214501 4.343257 0.270913 3.677586
110040798 1.217771 0.092400 0.171678 1.233280 81.998193 4.339078 0.271619 3.672151
110040799 1.218948 0.092400 0.176538 1.235126 81.782529 4.334906 0.272310 3.666680
110040800 1.220124 0.092400 0.181397 1.236991 81.567513 4.330743 0.272985 3.661174
