# pixelID   x   y   z   l2  two_theta   azimuthal   polar_width azimuthal_width
105070001 -1.099042 0.579590 0.215851 1.261114 80.144800 152.194669 1.138750 3.602226
105070002 -1.097866 0.579590 0.210991 1.259266 80.354547 152.169344 1.130056 3.607544
105070003 -1.096689 0.579590 0.206131 1.257435 80.564909 152.143977 1.121269 3.612828
105070004 -1.095513 0.579590 0.201272 1.255621 80.775884 152.118568 1.112389 3.618077
105070005 -1.094337 0.579590 0.196412 1.253824 80.987468 152.093115 1.103416 3.623291
105070006 -1.093160 0.579590 0.191552 1.252045 81.199658 152.067620 1.094349 3.628469
105070007 -1.091984 0.579590 0.186693 1.250283 81.412450 152.042082 1.085189 3.633609
105070008 -1.090808 0.579590 0.181833 1.248539 81.625842 152.016501 1.075937 3.638713
105070009 -1.089631 0.579590 0.176974 1.246812 81.839830 151.990877 1.066591 3.643779
105070010 -1.088455 0.579590 0.172114 1.245103 82.054410 151.965210 1.057153 3.648806
105070011 -1.087279 0.579590 0.167254 1.243412 82.269578 151.939499 1.047623 3.653794
105070012 -1.086102 0.579590 0.162395 1.241738 82.485331 151.913746 1.037999 3.658743
105070013 -1.084926 0.579590 0.157535 1.240083 82.701664 151.887948 1.028284 3.663652
105070014 -1.083749 0.579590 0.152675 1.238445 82.918574 151.862108 1.018476 3.668519
105070015 -1.082573 0.579590 0.147816 1.236826 83.136057 151.836223 1.008577 3.673346
105070016 -1.081397 0.579590 0.142956 1.235225 83.354108 151.810295 0.998586 3.678130
105070017 -1.080220 0.579590 0.138096 1.233641 83.572724 151.784323 0.988504 3.682872
105070018 -1.079044 0.579590 0.133237 1.232077 83.791899 151.758307 0.978330 3.687570
105070019 -1.077868 0.579590 0.128377 1.230530 84.011630 151.732247 0.968066 3.692225
105070020 -1.076691 0.579590 0.123517 1.229002 84.231911 151.706142 0.957712 3.696836
105070021 -1.075515 0.579590 0.118658 1.227492 84.452739 151.679994 0.947267 3.701402
105070022 -1.074339 0.579590 0.113798 1.226001 84.674109 151.653801 0.936732 3.705922
105070023 -1.073162 0.579590 0.108938 1.224528 84.896016 151.627563 0.926109 3.710396
105070024 -1.071986 0.579590 0.104079 1.223074 85.118455 151.601281 0.915396 3.714823
105070025 -1.070810 0.579590 0.099219 1.221639 85.341421 151.574955 0.904595 3.719204
105070026 -1.069633 0.579590 0.094359 1.220223 85.564908 151.548583 0.893705 3.723536
105070027 -1.068457 0.579590 0.089500 1.218825 85.788913 151.522167 0.882728 3.727820
105070028 -1.067281 0.579590 0.084640 1.217447 86.013430 151.495706 0.871664 3.732055
105070029 -1.066104 0.579590 0.079780 1.216087 86.238452 151.469200 0.860514 3.736241
105070030 -1.064928 0.579590 0.074921 1.214747 86.463976 151.442648 0.849277 3.740377
105070031 -1.063752 0.579590 0.070061 1.213425 86.689996 151.416051 0.837955 3.744462
105070032 -1.062575 0.579590 0.065202 1.212123 86.916505 151.389409 0.826548 3.748496
105070033 -1.061399 0.579590 0.060342 1.210840 87.143498 151.362721 0.815057 3.752478
105070034 -1.060223 0.579590 0.055482 1.209576 87.370970 151.335988 0.803482 3.756408
105070035 -1.059046 0.579590 0.050623 1.208332 87.598915 151.309209 0.791825 3.760285
105070036 -1.057870 0.579590 0.045763 1.207107 87.827327 151.282384 0.780084 3.764108
105070037 -1.056694 0.579590 0.040903 1.205902 88.056199 151.255513 0.768263 3.767878
105070038 -1.055517 0.579590 0.036044 1.204716 88.285526 151.228597 0.756360 3.771593
105070039 -1.054341 0.579590 0.031184 1.203550 88.515302 151.201634 0.744377 3.775254
105070040 -1.053165 0.579590 0.026324 1.202403 88.745520 151.174624 0.732315 3.778859
105070041 -1.051988 0.579590 0.021465 1.201276 88.976174 151.147569 0.720174 3.782408
105070042 -1.050812 0.579590 0.016605 1.200169 89.207257 151.120467 0.707956 3.785900
105070043 -1.049636 0.579590 0.011745 1.199082 89.438764 151.093318 0.695660 3.789335
105070044 -1.048459 0.579590 0.006886 1.198014 89.670687 151.066123 0.683288 3.792713
105070045 -1.047283 0.579590 0.002026 1.196967 89.903020 151.038881 0.670842 3.796033
105070046 -1.046107 0.579590 -0.002834 1.195940 90.135755 151.011592 0.673601 3.799295
105070047 -1.044930 0.579590 -0.007693 1.194932 90.368888 150.984256 0.687294 3.802497
105070048 -1.043754 0.579590 -0.012553 1.193945 90.602409 150.956873 0.701018 3.805640
105070049 -1.042578 0.579590 -0.017413 1.192978 90.836314 150.929443 0.714769 3.808723
105070050 -1.041401 0.579590 -0.022272 1.192031 91.070593 150.901966 0.728548 3.811746
105070051 -1.040225 0.579590 -0.027132 1.191104 91.305241 150.874441 0.742352 3.814707
105070052 -1.039049 0.579590 -0.031992 1.190197 91.540250 150.846868 0.756181 3.817608
105070053 -1.037872 0.579590 -0.036851 1.189311 91.775613 150.819248 0.770033 3.820447
105070054 -1.036696 0.579590 -0.041711 1.188445 92.011322 150.791580 0.783907 3.823223
105070055 -1.035520 0.579590 -0.046571 1.187600 92.247371 150.763864 0.797800 3.825937
105070056 -1.034343 0.579590 -0.051430 1.186775 92.483751 150.736100 0.811713 3.828588
105070057 -1.033167 0.579590 -0.056290 1.185971 92.720456 150.708288 0.825644 3.831176
105070058 -1.031991 0.579590 -0.061149 1.185187 92.957477 150.680428 0.839591 3.833700
105070059 -1.030814 0.579590 -0.066009 1.184424 93.194807 150.652520 0.853552 3.836159
105070060 -1.029638 0.579590 -0.070869 1.183681 93.432438 150.624563 0.867527 3.838554
105070061 -1.028462 0.579590 -0.075728 1.182959 93.670362 150.596557 0.881513 3.840884
105070062 -1.027285 0.579590 -0.080588 1.182258 93.908572 150.568503 0.895510 3.843149
105070063 -1.026109 0.579590 -0.085448 1.181577 94.147060 150.540400 0.909516 3.845347
105070064 -1.024933 0.579590 -0.090307 1.180918 94.385817 150.512249 0.923530 3.847480
105070065 -1.023756 0.579590 -0.095167 1.180279 94.624836 150.484048 0.937550 3.849547
105070066 -1.022580 0.579590 -0.100027 1.179661 94.864108 150.455798 0.951574 3.851546
105070067 -1.021404 0.579590 -0.104886 1.179063 95.103626 150.427499 0.965601 3.853479
105070068 -1.020227 0.579590 -0.109746 1.178487 95.343382 150.399150 0.979630 3.855344
105070069 -1.019051 0.579590 -0.114606 1.177932 95.583366 150.370752 0.993659 3.857142
105070070 -1.017875 0.579590 -0.119465 1.177397 95.823571 150.342305 1.007686 3.858871
105070071 -1.016698 0.579590 -0.124325 1.176884 96.063988 150.313808 1.021711 3.860533
105070072 -1.015522 0.579590 -0.129185 1.176392 96.304610 150.285260 1.035731 3.862125
105070073 -1.014346 0.579590 -0.134044 1.175920 96.545427 150.256664 1.049746 3.863649
105070074 -1.013169 0.579590 -0.138904 1.175470 96.786431 150.228016 1.063752 3.865104
105070075 -1.011993 0.579590 -0.143764 1.175041 97.027614 150.199319 1.077750 3.866490
105070076 -1.010817 0.579590 -0.148623 1.174633 97.268967 150.170572 1.091737 3.867806
105070077 -1.009640 0.579590 -0.153483 1.174246 97.510481 150.141774 1.105712 3.869053
105070078 -1.008464 0.579590 -0.158343 1.173881 97.752149 150.112926 1.119674 3.870229
105070079 -1.007288 0.579590 -0.163202 1.173536 97.993961 150.084027 1.133620 3.871335
105070080 -1.006111 0.579590 -0.168062 1.173213 98.235908 150.055077 1.147550 3.872371
105070081 -1.004935 0.579590 -0.172921 1.172911 98.477982 150.026076 1.161461 3.873337
105070082 -1.003758 0.579590 -0.177781 1.172630 98.720175 149.997024 1.175353 3.874232
105070083 -1.002582 0.579590 -0.182641 1.172371 98.962477 149.967922 1.189223 3.875056
105070084 -1.001406 0.579590 -0.187500 1.172132 99.204879 149.938768 1.203071 3.875809
105070085 -1.000229 0.579590 -0.192360 1.171915 99.447374 149.909562 1.216894 3.876490
105070086 -0.999053 0.579590 -0.197220 1.171720 99.689951 149.880306 1.230692 3.877101
105070087 -0.997877 0.579590 -0.202079 1.171545 99.932603 149.850997 1.244462 3.877640
105070088 -0.996700 0.579590 -0.206939 1.171392 100.175319 149.821637 1.258203 3.878108
105070089 -0.995524 0.579590 -0.211799 1.171261 100.418092 149.792225 1.271913 3.878504
105070090 -0.994348 0.579590 -0.216658 1.171150 100.660913 149.762761 1.285592 3.878829
105070091 -0.993171 0.579590 -0.221518 1.171061 100.903772 149.733245 1.299237 3.879082
105070092 -0.991995 0.579590 -0.226378 1.170993 101.146661 149.703677 1.312848 3.879264
105070093 -0.990819 0.579590 -0.231237 1.170947 101.389571 149.674056 1.326422 3.879373
105070094 -0.989642 0.579590 -0.236097 1.170922 101.632493 149.644383 1.339958 3.879411
105070095 -0.988466 0.579590 -0.240957 1.170918 101.875417 149.614658 1.353455 3.879377
105070096 -0.987290 0.579590 -0.245816 1.170936 102.118336 149.584880 1.366910 3.879271
105070097 -0.986113 0.579590 -0.250676 1.170975 102.361239 149.555049 1.380324 3.879093
105070098 -0.984937 0.579590 -0.255536 1.171035 102.604119 149.525165 1.393694 3.878844
105070099 -0.983761 0.579590 -0.260395 1.171117 102.846966 149.495228 1.407018 3.878523
105070100 -0.982584 0.579590 -0.265255 1.171220 103.089771 149.465237 1.420297 3.878130
105070101 -1.086620 0.602690 0.218858 1.261696 80.010771 150.985217 1.152015 3.601420
105070102 -1.085444 0.602690 0.213998 1.259848 80.220315 150.958886 1.143219 3.606699
105070103 -1.084267 0.602690 0.209138 1.258018 80.430475 150.932511 1.134329 3.611943
105070104 -1.083091 0.602690 0.204279 1.256205 80.641246 150.906093 1.125344 3.617152
105070105 -1.081915 0.602690 0.199419 1.254409 80.852625 150.879631 1.116266 3.622326
105070106 -1.080738 0.602690 0.194559 1.252631 81.064609 150.853124 1.107093 3.627463
105070107 -1.079562 0.602690 0.189700 1.250870 81.277195 150.826574 1.097827 3.632563
105070108 -1.078386 0.602690 0.184840 1.249126 81.490379 150.799980 1.088466 3.637626
105070109 -1.077209 0.602690 0.179980 1.247400 81.704158 150.773341 1.079012 3.642650
105070110 -1.076033 0.602690 0.175121 1.245692 81.918529 150.746658 1.069464 3.647637
105070111 -1.074857 0.602690 0.170261 1.244002 82.133486 150.719931 1.059823 3.652583
105070112 -1.073680 0.602690 0.165401 1.242329 82.349027 150.693159 1.050088 3.657491
105070113 -1.072504 0.602690 0.160542 1.240675 82.565148 150.666342 1.040260 3.662357
105070114 -1.071328 0.602690 0.155682 1.239038 82.781844 150.639481 1.030339 3.667183
105070115 -1.070151 0.602690 0.150822 1.237419 82.999113 150.612574 1.020325 3.671967
105070116 -1.068975 0.602690 0.145963 1.235819 83.216948 150.585623 1.010219 3.676709
105070117 -1.067799 0.602690 0.141103 1.234236 83.435347 150.558627 1.000020 3.681409
105070118 -1.066622 0.602690 0.136244 1.232672 83.654305 150.531586 0.989730 3.686065
105070119 -1.065446 0.602690 0.131384 1.231126 83.873818 150.504499 0.979347 3.690677
105070120 -1.064270 0.602690 0.126524 1.229599 84.093880 150.477367 0.968874 3.695244
105070121 -1.063093 0.602690 0.121665 1.228090 84.314488 150.450189 0.958309 3.699767
105070122 -1.061917 0.602690 0.116805 1.226599 84.535637 150.422967 0.947654 3.704244
105070123 -1.060741 0.602690 0.111945 1.225127 84.757321 150.395698 0.936908 3.708675
105070124 -1.059564 0.602690 0.107086 1.223674 84.979537 150.368383 0.926073 3.713058
105070125 -1.058388 0.602690 0.102226 1.222240 85.202279 150.341023 0.915148 3.717395
105070126 -1.057212 0.602690 0.097366 1.220824 85.425542 150.313617 0.904135 3.721683
105070127 -1.056035 0.602690 0.092507 1.219427 85.649321 150.286165 0.893033 3.725923
105070128 -1.054859 0.602690 0.087647 1.218049 85.873610 150.258666 0.881843 3.730114
105070129 -1.053683 0.602690 0.082787 1.216690 86.098405 150.231121 0.870565 3.734256
105070130 -1.052506 0.602690 0.077928 1.215351 86.323701 150.203530 0.859201 3.738347
105070131 -1.051330 0.602690 0.073068 1.214030 86.549490 150.175893 0.847750 3.742387
105070132 -1.050154 0.602690 0.068208 1.212728 86.775769 150.148209 0.836214 3.746376
105070133 -1.048977 0.602690 0.063349 1.211446 87.002532 150.120478 0.824593 3.750313
105070134 -1.047801 0.602690 0.058489 1.210183 87.229772 150.092700 0.812887 3.754198
105070135 -1.046624 0.602690 0.053629 1.208939 87.457483 150.064875 0.801097 3.758029
105070136 -1.045448 0.602690 0.048770 1.207715 87.685661 150.037004 0.789225 3.761808
105070137 -1.044272 0.602690 0.043910 1.206510 87.914299 150.009085 0.777270 3.765532
105070138 -1.043095 0.602690 0.039050 1.205325 88.143390 149.981119 0.765233 3.769201
105070139 -1.041919 0.602690 0.034191 1.204159 88.372929 149.953106 0.753115 3.772816
105070140 -1.040743 0.602690 0.029331 1.203013 88.602910 149.925045 0.740917 3.776375
105070141 -1.039566 0.602690 0.024472 1.201887 88.833326 149.896937 0.728640 3.779878
105070142 -1.038390 0.602690 0.019612 1.200780 89.064170 149.868781 0.716285 3.783324
105070143 -1.037214 0.602690 0.014752 1.199694 89.295437 149.840577 0.703851 3.786713
105070144 -1.036037 0.602690 0.009893 1.198627 89.527119 149.812326 0.691341 3.790044
105070145 -1.034861 0.602690 0.005033 1.197580 89.759211 149.784026 0.678755 3.793318
105070146 -1.033685 0.602690 0.000173 1.196553 89.991705 149.755679 0.666094 3.796532
105070147 -1.032508 0.602690 -0.004686 1.195546 90.224594 149.727283 0.678994 3.799688
105070148 -1.031332 0.602690 -0.009546 1.194559 90.457872 149.698839 0.692871 3.802784
105070149 -1.030156 0.602690 -0.014406 1.193593 90.691532 149.670346 0.706777 3.805820
105070150 -1.028979 0.602690 -0.019265 1.192646 90.925566 149.641805 0.720710 3.808795
105070151 -1.027803 0.602690 -0.024125 1.191720 91.159968 149.613216 0.734670 3.811710
105070152 -1.026627 0.602690 -0.028985 1.190814 91.394730 149.584577 0.748655 3.814563
105070153 -1.025450 0.602690 -0.033844 1.189928 91.629846 149.555890 0.762664 3.817355
105070154 -1.024274 0.602690 -0.038704 1.189063 91.865307 149.527154 0.776696 3.820084
105070155 -1.023098 0.602690 -0.043564 1.188218 92.101106 149.498369 0.790748 3.822750
105070156 -1.021921 0.602690 -0.048423 1.187393 92.337237 149.469534 0.804820 3.825353
105070157 -1.020745 0.602690 -0.053283 1.186589 92.573691 149.440651 0.818911 3.827893
105070158 -1.019569 0.602690 -0.058143 1.185806 92.810461 149.411717 0.833018 3.830369
105070159 -1.018392 0.602690 -0.063002 1.185043 93.047539 149.382735 0.847141 3.832780
105070160 -1.017216 0.602690 -0.067862 1.184301 93.284918 149.353702 0.861277 3.835127
105070161 -1.016040 0.602690 -0.072722 1.183579 93.522590 149.324620 0.875426 3.837409
105070162 -1.014863 0.602690 -0.077581 1.182879 93.760546 149.295489 0.889586 3.839625
105070163 -1.013687 0.602690 -0.082441 1.182198 93.998779 149.266307 0.903756 3.841776
105070164 -1.012511 0.602690 -0.087301 1.181539 94.237282 149.237075 0.917934 3.843860
105070165 -1.011334 0.602690 -0.092160 1.180900 94.476045 149.207793 0.932118 3.845878
105070166 -1.010158 0.602690 -0.097020 1.180283 94.715062 149.178460 0.946308 3.847830
105070167 -1.008982 0.602690 -0.101879 1.179686 94.954323 149.149077 0.960501 3.849714
105070168 -1.007805 0.602690 -0.106739 1.179110 95.193821 149.119644 0.974696 3.851530
105070169 -1.006629 0.602690 -0.111599 1.178555 95.433548 149.090160 0.988892 3.853279
105070170 -1.005453 0.602690 -0.116458 1.178021 95.673495 149.060625 1.003087 3.854960
105070171 -1.004276 0.602690 -0.121318 1.177508 95.913653 149.031039 1.017280 3.856572
105070172 -1.003100 0.602690 -0.126178 1.177015 96.154015 149.001403 1.031468 3.858116
105070173 -1.001924 0.602690 -0.131037 1.176544 96.394573 148.971715 1.045651 3.859591
105070174 -1.000747 0.602690 -0.135897 1.176094 96.635316 148.941976 1.059827 3.860997
105070175 -0.999571 0.602690 -0.140757 1.175666 96.876239 148.912185 1.073994 3.862334
105070176 -0.998395 0.602690 -0.145616 1.175258 97.117330 148.882343 1.088151 3.863601
105070177 -0.997218 0.602690 -0.150476 1.174871 97.358583 148.852450 1.102297 3.864799
105070178 -0.996042 0.602690 -0.155336 1.174506 97.599989 148.822505 1.116429 3.865926
105070179 -0.994866 0.602690 -0.160195 1.174161 97.841538 148.792508 1.130546 3.866983
105070180 -0.993689 0.602690 -0.165055 1.173838 98.083222 148.762459 1.144647 3.867970
105070181 -0.992513 0.602690 -0.169915 1.173537 98.325033 148.732358 1.158730 3.868886
105070182 -0.991337 0.602690 -0.174774 1.173256 98.566962 148.702205 1.172794 3.869732
105070183 -0.990160 0.602690 -0.179634 1.172996 98.809000 148.671999 1.186836 3.870506
105070184 -0.988984 0.602690 -0.184494 1.172758 99.051138 148.641741 1.200856 3.871210
105070185 -0.987808 0.602690 -0.189353 1.172541 99.293367 148.611431 1.214852 3.871843
105070186 -0.986631 0.602690 -0.194213 1.172346 99.535680 148.581068 1.228822 3.872404
105070187 -0.985455 0.602690 -0.199073 1.172172 99.778066 148.550652 1.242765 3.872894
105070188 -0.984279 0.602690 -0.203932 1.172019 100.020517 148.520183 1.256679 3.873312
105070189 -0.983102 0.602690 -0.208792 1.171887 100.263024 148.489661 1.270563 3.873659
105070190 -0.981926 0.602690 -0.213652 1.171777 100.505578 148.459087 1.284415 3.873935
105070191 -0.980750 0.602690 -0.218511 1.171688 100.748171 148.428458 1.298234 3.874138
105070192 -0.979573 0.602690 -0.223371 1.171620 100.990793 148.397777 1.312018 3.874270
105070193 -0.978397 0.602690 -0.228230 1.171574 101.233436 148.367042 1.325766 3.874331
105070194 -0.977221 0.602690 -0.233090 1.171549 101.476090 148.336253 1.339475 3.874319
105070195 -0.976044 0.602690 -0.237950 1.171545 101.718747 148.305411 1.353146 3.874236
105070196 -0.974868 0.602690 -0.242809 1.171563 101.961398 148.274515 1.366775 3.874080
105070197 -0.973692 0.602690 -0.247669 1.171602 102.204033 148.243564 1.380363 3.873853
105070198 -0.972515 0.602690 -0.252529 1.171662 102.446645 148.212560 1.393906 3.873555
105070199 -0.971339 0.602690 -0.257388 1.171744 102.689224 148.181501 1.407404 3.873184
105070200 -0.970163 0.602690 -0.262248 1.171847 102.931760 148.150389 1.420856 3.872742
105070201 -1.074198 0.625790 0.221864 1.262830 79.881279 149.776429 1.164465 3.597442
105070202 -1.073022 0.625790 0.217005 1.260984 80.090542 149.749116 1.155577 3.602669
105070203 -1.071845 0.625790 0.212145 1.259155 80.300418 149.721759 1.146595 3.607862
105070204 -1.070669 0.625790 0.207286 1.257344 80.510904 149.694357 1.137517 3.613019
105070205 -1.069493 0.625790 0.202426 1.255549 80.721996 149.666909 1.128345 3.618140
105070206 -1.068316 0.625790 0.197566 1.253772 80.933691 149.639417 1.119078 3.623225
105070207 -1.067140 0.625790 0.192707 1.252013 81.145987 149.611880 1.109716 3.628273
105070208 -1.065964 0.625790 0.187847 1.250271 81.358879 149.584297 1.100260 3.633284
105070209 -1.064787 0.625790 0.182987 1.248547 81.572364 149.556669 1.090709 3.638256
105070210 -1.063611 0.625790 0.178128 1.246840 81.786438 149.528996 1.081063 3.643189
105070211 -1.062435 0.625790 0.173268 1.245152 82.001098 149.501277 1.071323 3.648083
105070212 -1.061258 0.625790 0.168408 1.243481 82.216340 149.473513 1.061489 3.652937
105070213 -1.060082 0.625790 0.163549 1.241827 82.432160 149.445703 1.051562 3.657751
105070214 -1.058906 0.625790 0.158689 1.240192 82.648554 149.417847 1.041540 3.662523
105070215 -1.057729 0.625790 0.153829 1.238575 82.865518 149.389945 1.031425 3.667254
105070216 -1.056553 0.625790 0.148970 1.236976 83.083048 149.361997 1.021217 3.671943
105070217 -1.055377 0.625790 0.144110 1.235395 83.301139 149.334003 1.010915 3.676588
105070218 -1.054200 0.625790 0.139250 1.233832 83.519788 149.305963 1.000521 3.681190
105070219 -1.053024 0.625790 0.134391 1.232288 83.738989 149.277877 0.990035 3.685749
105070220 -1.051848 0.625790 0.129531 1.230762 83.958739 149.249744 0.979457 3.690262
105070221 -1.050671 0.625790 0.124671 1.229254 84.179032 149.221565 0.968787 3.694731
105070222 -1.049495 0.625790 0.119812 1.227765 84.399865 149.193339 0.958025 3.699153
105070223 -1.048319 0.625790 0.114952 1.226295 84.621232 149.165066 0.947173 3.703529
105070224 -1.047142 0.625790 0.110092 1.224843 84.843128 149.136746 0.936230 3.707859
105070225 -1.045966 0.625790 0.105233 1.223410 85.065549 149.108380 0.925197 3.712141
105070226 -1.044790 0.625790 0.100373 1.221996 85.288489 149.079966 0.914075 3.716375
105070227 -1.043613 0.625790 0.095514 1.220600 85.511944 149.051506 0.902863 3.720560
105070228 -1.042437 0.625790 0.090654 1.219224 85.735908 149.022998 0.891563 3.724696
105070229 -1.041261 0.625790 0.085794 1.217866 85.960376 148.994443 0.880175 3.728782
105070230 -1.040084 0.625790 0.080935 1.216527 86.185342 148.965840 0.868699 3.732818
105070231 -1.038908 0.625790 0.076075 1.215208 86.410801 148.937190 0.857136 3.736804
105070232 -1.037732 0.625790 0.071215 1.213908 86.636748 148.908492 0.845487 3.740737
105070233 -1.036555 0.625790 0.066356 1.212626 86.863176 148.879747 0.833753 3.744619
105070234 -1.035379 0.625790 0.061496 1.211365 87.090081 148.850953 0.821933 3.748449
105070235 -1.034203 0.625790 0.056636 1.210122 87.317456 148.822112 0.810029 3.752225
105070236 -1.033026 0.625790 0.051777 1.208899 87.545295 148.793222 0.798041 3.755948
105070237 -1.031850 0.625790 0.046917 1.207696 87.773593 148.764285 0.785970 3.759617
105070238 -1.030674 0.625790 0.042057 1.206511 88.002343 148.735299 0.773817 3.763231
105070239 -1.029497 0.625790 0.037198 1.205347 88.231540 148.706265 0.761583 3.766790
105070240 -1.028321 0.625790 0.032338 1.204202 88.461176 148.677182 0.749268 3.770293
105070241 -1.027145 0.625790 0.027478 1.203077 88.691246 148.648051 0.736872 3.773740
105070242 -1.025968 0.625790 0.022619 1.201972 88.921743 148.618871 0.724398 3.777131
105070243 -1.024792 0.625790 0.017759 1.200886 89.152662 148.589642 0.711846 3.780464
105070244 -1.023616 0.625790 0.012899 1.199820 89.383994 148.560364 0.699216 3.783740
105070245 -1.022439 0.625790 0.008040 1.198774 89.615734 148.531037 0.686510 3.786957
105070246 -1.021263 0.625790 0.003180 1.197748 89.847876 148.501661 0.673728 3.790116
105070247 -1.020087 0.625790 -0.001680 1.196742 90.080411 148.472236 0.670158 3.793216
105070248 -1.018910 0.625790 -0.006539 1.195757 90.313333 148.442761 0.684167 3.796256
105070249 -1.017734 0.625790 -0.011399 1.194791 90.546636 148.413237 0.698205 3.799236
105070250 -1.016558 0.625790 -0.016259 1.193845 90.780313 148.383664 0.712272 3.802156
105070251 -1.015381 0.625790 -0.021118 1.192920 91.014355 148.354041 0.726366 3.805015
105070252 -1.014205 0.625790 -0.025978 1.192015 91.248757 148.324368 0.740486 3.807812
105070253 -1.013029 0.625790 -0.030837 1.191130 91.483511 148.294645 0.754630 3.810548
105070254 -1.011852 0.625790 -0.035697 1.190266 91.718609 148.264872 0.768797 3.813221
105070255 -1.010676 0.625790 -0.040557 1.189422 91.954044 148.235049 0.782986 3.815832
105070256 -1.009500 0.625790 -0.045416 1.188598 92.189810 148.205176 0.797196 3.818379
105070257 -1.008323 0.625790 -0.050276 1.187795 92.425897 148.175252 0.811424 3.820863
105070258 -1.007147 0.625790 -0.055136 1.187012 92.662299 148.145278 0.825669 3.823283
105070259 -1.005970 0.625790 -0.059995 1.186250 92.899009 148.115253 0.839931 3.825639
105070260 -1.004794 0.625790 -0.064855 1.185509 93.136018 148.085178 0.854207 3.827930
105070261 -1.003618 0.625790 -0.069715 1.184788 93.373318 148.055052 0.868496 3.830156
105070262 -1.002441 0.625790 -0.074574 1.184088 93.610903 148.024875 0.882796 3.832317
105070263 -1.001265 0.625790 -0.079434 1.183408 93.848763 147.994647 0.897107 3.834412
105070264 -1.000089 0.625790 -0.084294 1.182749 94.086891 147.964368 0.911426 3.836441
105070265 -0.998912 0.625790 -0.089153 1.182111 94.325280 147.934038 0.925753 3.838404
105070266 -0.997736 0.625790 -0.094013 1.181494 94.563920 147.903656 0.940085 3.840299
105070267 -0.996560 0.625790 -0.098873 1.180898 94.802805 147.873223 0.954421 3.842128
105070268 -0.995383 0.625790 -0.103732 1.180323 95.041925 147.842738 0.968760 3.843889
105070269 -0.994207 0.625790 -0.108592 1.179768 95.281273 147.812202 0.983100 3.845583
105070270 -0.993031 0.625790 -0.113452 1.179235 95.520840 147.781614 0.997439 3.847209
105070271 -0.991854 0.625790 -0.118311 1.178722 95.760618 147.750974 1.011776 3.848766
105070272 -0.990678 0.625790 -0.123171 1.178231 96.000599 147.720282 1.026110 3.850255
105070273 -0.989502 0.625790 -0.128031 1.177760 96.240774 147.689537 1.040438 3.851675
105070274 -0.988325 0.625790 -0.132890 1.177311 96.481135 147.658741 1.054760 3.853027
105070275 -0.987149 0.625790 -0.137750 1.176882 96.721674 147.627892 1.069074 3.854309
105070276 -0.985973 0.625790 -0.142609 1.176475 96.962381 147.596991 1.083378 3.855521
105070277 -0.984796 0.625790 -0.147469 1.176089 97.203249 147.566037 1.097670 3.856664
105070278 -0.983620 0.625790 -0.152329 1.175723 97.444269 147.535030 1.111950 3.857737
105070279 -0.982444 0.625790 -0.157188 1.175380 97.685432 147.503970 1.126215 3.858740
105070280 -0.981267 0.625790 -0.162048 1.175057 97.926729 147.472858 1.140464 3.859672
105070281 -0.980091 0.625790 -0.166908 1.174755 98.168153 147.441692 1.154695 3.860534
105070282 -0.978915 0.625790 -0.171767 1.174475 98.409693 147.410474 1.168907 3.861326
105070283 -0.977738 0.625790 -0.176627 1.174216 98.651343 147.379201 1.183098 3.862047
105070284 -0.976562 0.625790 -0.181487 1.173978 98.893092 147.347876 1.197268 3.862696
105070285 -0.975386 0.625790 -0.186346 1.173761 99.134931 147.316497 1.211413 3.863275
105070286 -0.974209 0.625790 -0.191206 1.173566 99.376854 147.285064 1.225532 3.863783
105070287 -0.973033 0.625790 -0.196066 1.173392 99.618849 147.253578 1.239625 3.864220
105070288 -0.971857 0.625790 -0.200925 1.173239 99.860909 147.222037 1.253689 3.864585
105070289 -0.970680 0.625790 -0.205785 1.173107 100.103025 147.190443 1.267723 3.864879
105070290 -0.969504 0.625790 -0.210645 1.172997 100.345188 147.158794 1.281726 3.865101
105070291 -0.968328 0.625790 -0.215504 1.172908 100.587389 147.127092 1.295695 3.865252
105070292 -0.967151 0.625790 -0.220364 1.172841 100.829619 147.095334 1.309630 3.865331
105070293 -0.965975 0.625790 -0.225224 1.172794 101.071869 147.063523 1.323528 3.865338
105070294 -0.964799 0.625790 -0.230083 1.172769 101.314131 147.031656 1.337389 3.865274
105070295 -0.963622 0.625790 -0.234943 1.172766 101.556395 146.999735 1.351210 3.865139
105070296 -0.962446 0.625790 -0.239803 1.172783 101.798652 146.967759 1.364990 3.864931
105070297 -0.961270 0.625790 -0.244662 1.172822 102.040895 146.935729 1.378729 3.864652
105070298 -0.960093 0.625790 -0.249522 1.172883 102.283113 146.903643 1.392423 3.864302
105070299 -0.958917 0.625790 -0.254382 1.172964 102.525298 146.871501 1.406073 3.863879
105070300 -0.957741 0.625790 -0.259241 1.173067 102.767442 146.839305 1.419676 3.863386
105070301 -1.061776 0.648890 0.224871 1.264513 79.756476 148.569380 1.176053 3.590315
105070302 -1.060600 0.648890 0.220012 1.262670 79.965378 148.541112 1.167084 3.595479
105070303 -1.059424 0.648890 0.215152 1.260844 80.174890 148.512799 1.158021 3.600608
105070304 -1.058247 0.648890 0.210292 1.259035 80.385010 148.484440 1.148861 3.605702
105070305 -1.057071 0.648890 0.205433 1.257243 80.595734 148.456036 1.139607 3.610760
105070306 -1.055895 0.648890 0.200573 1.255469 80.807059 148.427585 1.130257 3.615782
105070307 -1.054718 0.648890 0.195713 1.253712 81.018982 148.399088 1.120811 3.620766
105070308 -1.053542 0.648890 0.190854 1.251972 81.231498 148.370546 1.111271 3.625713
105070309 -1.052366 0.648890 0.185994 1.250250 81.444605 148.341957 1.101635 3.630621
105070310 -1.051189 0.648890 0.181134 1.248546 81.658299 148.313321 1.091905 3.635490
105070311 -1.050013 0.648890 0.176275 1.246859 81.872576 148.284639 1.082079 3.640320
105070312 -1.048836 0.648890 0.171415 1.245191 82.087432 148.255911 1.072159 3.645110
105070313 -1.047660 0.648890 0.166556 1.243540 82.302864 148.227136 1.062144 3.649860
105070314 -1.046484 0.648890 0.161696 1.241907 82.518868 148.198314 1.052036 3.654568
105070315 -1.045307 0.648890 0.156836 1.240292 82.735439 148.169445 1.041833 3.659234
105070316 -1.044131 0.648890 0.151977 1.238695 82.952573 148.140530 1.031536 3.663858
105070317 -1.042955 0.648890 0.147117 1.237116 83.170267 148.111567 1.021146 3.668439
105070318 -1.041778 0.648890 0.142257 1.235556 83.388516 148.082558 1.010663 3.672977
105070319 -1.040602 0.648890 0.137398 1.234013 83.607314 148.053501 1.000087 3.677471
105070320 -1.039426 0.648890 0.132538 1.232490 83.826659 148.024396 0.989418 3.681919
105070321 -1.038249 0.648890 0.127678 1.230984 84.046545 147.995244 0.978657 3.686323
105070322 -1.037073 0.648890 0.122819 1.229497 84.266968 147.966045 0.967804 3.690681
105070323 -1.035897 0.648890 0.117959 1.228029 84.487923 147.936798 0.956860 3.694992
105070324 -1.034720 0.648890 0.113099 1.226579 84.709405 147.907504 0.945825 3.699257
105070325 -1.033544 0.648890 0.108240 1.225148 84.931409 147.878161 0.934700 3.703474
105070326 -1.032368 0.648890 0.103380 1.223736 85.153931 147.848771 0.923484 3.707643
105070327 -1.031191 0.648890 0.098520 1.222342 85.376964 147.819332 0.912179 3.711763
105070328 -1.030015 0.648890 0.093661 1.220968 85.600504 147.789845 0.900785 3.715834
105070329 -1.028839 0.648890 0.088801 1.219612 85.824546 147.760310 0.889302 3.719855
105070330 -1.027662 0.648890 0.083941 1.218275 86.049084 147.730727 0.877732 3.723826
105070331 -1.026486 0.648890 0.079082 1.216958 86.274113 147.701095 0.866074 3.727746
105070332 -1.025310 0.648890 0.074222 1.215659 86.499627 147.671415 0.854329 3.731615
105070333 -1.024133 0.648890 0.069362 1.214380 86.725621 147.641686 0.842498 3.735432
105070334 -1.022957 0.648890 0.064503 1.213120 86.952088 147.611908 0.830582 3.739196
105070335 -1.021781 0.648890 0.059643 1.211879 87.179024 147.582082 0.818581 3.742908
105070336 -1.020604 0.648890 0.054784 1.210658 87.406422 147.552206 0.806496 3.746566
105070337 -1.019428 0.648890 0.049924 1.209456 87.634276 147.522281 0.794327 3.750169
105070338 -1.018252 0.648890 0.045064 1.208274 87.862581 147.492307 0.782076 3.753719
105070339 -1.017075 0.648890 0.040205 1.207111 88.091330 147.462284 0.769743 3.757213
105070340 -1.015899 0.648890 0.035345 1.205968 88.320516 147.432212 0.757329 3.760651
105070341 -1.014723 0.648890 0.030485 1.204844 88.550135 147.402090 0.744834 3.764033
105070342 -1.013546 0.648890 0.025626 1.203741 88.780178 147.371918 0.732261 3.767359
105070343 -1.012370 0.648890 0.020766 1.202656 89.010641 147.341696 0.719608 3.770628
105070344 -1.011194 0.648890 0.015906 1.201592 89.241515 147.311425 0.706878 3.773839
105070345 -1.010017 0.648890 0.011047 1.200548 89.472796 147.281104 0.694072 3.776992
105070346 -1.008841 0.648890 0.006187 1.199524 89.704475 147.250733 0.681189 3.780086
105070347 -1.007665 0.648890 0.001327 1.198519 89.936547 147.220312 0.668231 3.783122
105070348 -1.006488 0.648890 -0.003532 1.197535 90.169004 147.189840 0.674945 3.786098
105070349 -1.005312 0.648890 -0.008392 1.196571 90.401839 147.159318 0.689094 3.789014
105070350 -1.004136 0.648890 -0.013252 1.195626 90.635047 147.128746 0.703273 3.791869
105070351 -1.002959 0.648890 -0.018111 1.194702 90.868618 147.098123 0.717479 3.794664
105070352 -1.001783 0.648890 -0.022971 1.193799 91.102547 147.067449 0.731711 3.797397
105070353 -1.000607 0.648890 -0.027831 1.192915 91.336826 147.036725 0.745968 3.800069
105070354 -0.999430 0.648890 -0.032690 1.192052 91.571448 147.005949 0.760249 3.802679
105070355 -0.998254 0.648890 -0.037550 1.191209 91.806406 146.975123 0.774552 3.805226
105070356 -0.997078 0.648890 -0.042410 1.190387 92.041692 146.944245 0.788876 3.807710
105070357 -0.995901 0.648890 -0.047269 1.189585 92.277298 146.913317 0.803219 3.810131
105070358 -0.994725 0.648890 -0.052129 1.188803 92.513218 146.882337 0.817581 3.812488
105070359 -0.993549 0.648890 -0.056989 1.188042 92.749443 146.851305 0.831958 3.814780
105070360 -0.992372 0.648890 -0.061848 1.187302 92.985966 146.820222 0.846351 3.817009
105070361 -0.991196 0.648890 -0.066708 1.186582 93.222779 146.789088 0.860757 3.819172
105070362 -0.990020 0.648890 -0.071567 1.185883 93.459875 146.757901 0.875175 3.821270
105070363 -0.988843 0.648890 -0.076427 1.185205 93.697245 146.726663 0.889603 3.823303
105070364 -0.987667 0.648890 -0.081287 1.184547 93.934882 146.695372 0.904041 3.825270
105070365 -0.986491 0.648890 -0.086146 1.183910 94.172777 146.664030 0.918486 3.827170
105070366 -0.985314 0.648890 -0.091006 1.183294 94.410923 146.632635 0.932938 3.829004
105070367 -0.984138 0.648890 -0.095866 1.182699 94.649312 146.601188 0.947394 3.830771
105070368 -0.982962 0.648890 -0.100725 1.182124 94.887935 146.569689 0.961852 3.832471
105070369 -0.981785 0.648890 -0.105585 1.181570 95.126785 146.538137 0.976313 3.834103
105070370 -0.980609 0.648890 -0.110445 1.181038 95.365853 146.506532 0.990773 3.835668
105070371 -0.979433 0.648890 -0.115304 1.180526 95.605131 146.474875 1.005231 3.837164
105070372 -0.978256 0.648890 -0.120164 1.180035 95.844610 146.443165 1.019687 3.838593
105070373 -0.977080 0.648890 -0.125024 1.179565 96.084282 146.411401 1.034137 3.839952
105070374 -0.975904 0.648890 -0.129883 1.179117 96.324140 146.379585 1.048581 3.841243
105070375 -0.974727 0.648890 -0.134743 1.178689 96.564174 146.347715 1.063018 3.842465
105070376 -0.973551 0.648890 -0.139603 1.178282 96.804376 146.315792 1.077444 3.843618
105070377 -0.972375 0.648890 -0.144462 1.177896 97.044737 146.283816 1.091860 3.844701
105070378 -0.971198 0.648890 -0.149322 1.177532 97.285249 146.251786 1.106263 3.845715
105070379 -0.970022 0.648890 -0.154182 1.177188 97.525904 146.219702 1.120653 3.846658
105070380 -0.968845 0.648890 -0.159041 1.176866 97.766692 146.187564 1.135026 3.847532
105070381 -0.967669 0.648890 -0.163901 1.176565 98.007606 146.155373 1.149382 3.848335
105070382 -0.966493 0.648890 -0.168761 1.176285 98.248636 146.123127 1.163719 3.849068
105070383 -0.965316 0.648890 -0.173620 1.176026 98.489774 146.090828 1.178035 3.849731
105070384 -0.964140 0.648890 -0.178480 1.175789 98.731011 146.058474 1.192330 3.850323
105070385 -0.962964 0.648890 -0.183339 1.175573 98.972339 146.026066 1.206601 3.850844
105070386 -0.961787 0.648890 -0.188199 1.175378 99.213748 145.993603 1.220846 3.851294
105070387 -0.960611 0.648890 -0.193059 1.175204 99.455230 145.961085 1.235065 3.851674
105070388 -0.959435 0.648890 -0.197918 1.175051 99.696776 145.928513 1.249256 3.851982
105070389 -0.958258 0.648890 -0.202778 1.174920 99.938377 145.895886 1.263416 3.852219
105070390 -0.957082 0.648890 -0.207638 1.174810 100.180025 145.863204 1.277545 3.852385
105070391 -0.955906 0.648890 -0.212497 1.174721 100.421710 145.830467 1.291642 3.852480
105070392 -0.954729 0.648890 -0.217357 1.174653 100.663424 145.797675 1.305703 3.852503
105070393 -0.953553 0.648890 -0.222217 1.174607 100.905159 145.764828 1.319729 3.852455
105070394 -0.952377 0.648890 -0.227076 1.174582 101.146904 145.731925 1.333717 3.852336
105070395 -0.951200 0.648890 -0.231936 1.174579 101.388652 145.698966 1.347666 3.852145
105070396 -0.950024 0.648890 -0.236796 1.174596 101.630393 145.665952 1.361575 3.851883
105070397 -0.948848 0.648890 -0.241655 1.174635 101.872119 145.632882 1.375441 3.851550
105070398 -0.947671 0.648890 -0.246515 1.174695 102.113820 145.599756 1.389263 3.851145
105070399 -0.946495 0.648890 -0.251375 1.174777 102.355489 145.566574 1.403041 3.850669
105070400 -0.945319 0.648890 -0.256234 1.174880 102.597115 145.533336 1.416772 3.850122
105070401 -1.049354 0.671990 0.227878 1.266745 79.636491 147.365132 1.186737 3.580079
105070402 -1.048178 0.671990 0.223019 1.264905 79.844954 147.335940 1.177699 3.585169
105070403 -1.047002 0.671990 0.218159 1.263082 80.054025 147.306701 1.168565 3.590224
105070404 -1.045825 0.671990 0.213299 1.261276 80.263701 147.277415 1.159335 3.595244
105070405 -1.044649 0.671990 0.208440 1.259488 80.473977 147.248083 1.150010 3.600227
105070406 -1.043473 0.671990 0.203580 1.257716 80.684850 147.218704 1.140588 3.605174
105070407 -1.042296 0.671990 0.198720 1.255963 80.896318 147.189278 1.131071 3.610084
105070408 -1.041120 0.671990 0.193861 1.254226 81.108377 147.159806 1.121459 3.614956
105070409 -1.039944 0.671990 0.189001 1.252507 81.321023 147.130286 1.111751 3.619790
105070410 -1.038767 0.671990 0.184141 1.250806 81.534253 147.100719 1.101948 3.624585
105070411 -1.037591 0.671990 0.179282 1.249123 81.748063 147.071105 1.092050 3.629340
105070412 -1.036415 0.671990 0.174422 1.247457 81.962449 147.041443 1.082056 3.634055
105070413 -1.035238 0.671990 0.169562 1.245809 82.177407 147.011734 1.071968 3.638730
105070414 -1.034062 0.671990 0.164703 1.244179 82.392934 146.981977 1.061785 3.643363
105070415 -1.032886 0.671990 0.159843 1.242567 82.609025 146.952173 1.051508 3.647954
105070416 -1.031709 0.671990 0.154983 1.240973 82.825676 146.922321 1.041137 3.652503
105070417 -1.030533 0.671990 0.150124 1.239397 83.042884 146.892421 1.030673 3.657010
105070418 -1.029357 0.671990 0.145264 1.237840 83.260643 146.862474 1.020114 3.661472
105070419 -1.028180 0.671990 0.140404 1.236300 83.478949 146.832478 1.009463 3.665891
105070420 -1.027004 0.671990 0.135545 1.234779 83.697799 146.802434 0.998719 3.670265
105070421 -1.025828 0.671990 0.130685 1.233277 83.917186 146.772342 0.987882 3.674593
105070422 -1.024651 0.671990 0.125826 1.231793 84.137107 146.742202 0.976953 3.678876
105070423 -1.023475 0.671990 0.120966 1.230327 84.357558 146.712013 0.965932 3.683113
105070424 -1.022299 0.671990 0.116106 1.228880 84.578532 146.681775 0.954821 3.687302
105070425 -1.021122 0.671990 0.111247 1.227452 84.800025 146.651489 0.943618 3.691444
105070426 -1.019946 0.671990 0.106387 1.226042 85.022033 146.621155 0.932325 3.695538
105070427 -1.018770 0.671990 0.101527 1.224651 85.244549 146.590771 0.920943 3.699584
105070428 -1.017593 0.671990 0.096668 1.223279 85.467570 146.560339 0.909471 3.703580
105070429 -1.016417 0.671990 0.091808 1.221926 85.691089 146.529857 0.897910 3.707527
105070430 -1.015241 0.671990 0.086948 1.220592 85.915102 146.499326 0.886262 3.711423
105070431 -1.014064 0.671990 0.082089 1.219277 86.139602 146.468746 0.874525 3.715269
105070432 -1.012888 0.671990 0.077229 1.217981 86.364585 146.438117 0.862702 3.719063
105070433 -1.011712 0.671990 0.072369 1.216704 86.590044 146.407438 0.850792 3.722805
105070434 -1.010535 0.671990 0.067510 1.215446 86.815975 146.376710 0.838797 3.726495
105070435 -1.009359 0.671990 0.062650 1.214208 87.042371 146.345932 0.826717 3.730133
105070436 -1.008182 0.671990 0.057790 1.212989 87.269226 146.315105 0.814552 3.733716
105070437 -1.007006 0.671990 0.052931 1.211790 87.496535 146.284227 0.802304 3.737246
105070438 -1.005830 0.671990 0.048071 1.210609 87.724292 146.253300 0.789973 3.740721
105070439 -1.004653 0.671990 0.043211 1.209449 87.952490 146.222322 0.777560 3.744142
105070440 -1.003477 0.671990 0.038352 1.208308 88.181123 146.191295 0.765066 3.747507
105070441 -1.002301 0.671990 0.033492 1.207187 88.410185 146.160217 0.752491 3.750816
105070442 -1.001124 0.671990 0.028632 1.206085 88.639670 146.129088 0.739837 3.754068
105070443 -0.999948 0.671990 0.023773 1.205003 88.869572 146.097910 0.727104 3.757264
105070444 -0.998772 0.671990 0.018913 1.203941 89.099882 146.066680 0.714293 3.760402
105070445 -0.997595 0.671990 0.014053 1.202899 89.330597 146.035400 0.701405 3.763482
105070446 -0.996419 0.671990 0.009194 1.201876 89.561707 146.004070 0.688441 3.766504
105070447 -0.995243 0.671990 0.004334 1.200874 89.793208 145.972688 0.675402 3.769466
105070448 -0.994066 0.671990 -0.000525 1.199891 90.025091 145.941255 0.665249 3.772370
105070449 -0.992890 0.671990 -0.005385 1.198929 90.257351 145.909771 0.679487 3.775214
105070450 -0.991714 0.671990 -0.010245 1.197987 90.489980 145.878236 0.693755 3.777998
105070451 -0.990537 0.671990 -0.015104 1.197064 90.722971 145.846650 0.708050 3.780721
105070452 -0.989361 0.671990 -0.019964 1.196163 90.956317 145.815012 0.722373 3.783382
105070453 -0.988185 0.671990 -0.024824 1.195281 91.190011 145.783323 0.736721 3.785983
105070454 -0.987008 0.671990 -0.029683 1.194419 91.424046 145.751582 0.751093 3.788521
105070455 -0.985832 0.671990 -0.034543 1.193578 91.658414 145.719790 0.765487 3.790998
105070456 -0.984656 0.671990 -0.039403 1.192757 91.893108 145.687945 0.779903 3.793411
105070457 -0.983479 0.671990 -0.044262 1.191957 92.128121 145.656049 0.794338 3.795761
105070458 -0.982303 0.671990 -0.049122 1.191177 92.363444 145.624100 0.808792 3.798048
105070459 -0.981127 0.671990 -0.053982 1.190418 92.599072 145.592100 0.823263 3.800271
105070460 -0.979950 0.671990 -0.058841 1.189679 92.834995 145.560047 0.837749 3.802430
105070461 -0.978774 0.671990 -0.063701 1.188961 93.071207 145.527941 0.852249 3.804524
105070462 -0.977598 0.671990 -0.068561 1.188263 93.307699 145.495784 0.866761 3.806553
105070463 -0.976421 0.671990 -0.073420 1.187586 93.544464 145.463573 0.881284 3.808517
105070464 -0.975245 0.671990 -0.078280 1.186929 93.781494 145.431310 0.895817 3.810415
105070465 -0.974069 0.671990 -0.083140 1.186294 94.018781 145.398994 0.910357 3.812248
105070466 -0.972892 0.671990 -0.087999 1.185679 94.256316 145.366625 0.924904 3.814014
105070467 -0.971716 0.671990 -0.092859 1.185085 94.494093 145.334204 0.939456 3.815713
105070468 -0.970540 0.671990 -0.097719 1.184511 94.732103 145.301729 0.954012 3.817346
105070469 -0.969363 0.671990 -0.102578 1.183959 94.970337 145.269200 0.968569 3.818911
105070470 -0.968187 0.671990 -0.107438 1.183427 95.208788 145.236619 0.983126 3.820409
105070471 -0.967011 0.671990 -0.112297 1.182916 95.447448 145.203984 0.997682 3.821839
105070472 -0.965834 0.671990 -0.117157 1.182427 95.686308 145.171295 1.012235 3.823202
105070473 -0.964658 0.671990 -0.122017 1.181958 95.925360 145.138552 1.026784 3.824496
105070474 -0.963482 0.671990 -0.126876 1.181510 96.164595 145.105756 1.041326 3.825721
105070475 -0.962305 0.671990 -0.131736 1.181083 96.404005 145.072906 1.055861 3.826878
105070476 -0.961129 0.671990 -0.136596 1.180677 96.643583 145.040002 1.070387 3.827966
105070477 -0.959953 0.671990 -0.141455 1.180292 96.883318 145.007044 1.084903 3.828985
105070478 -0.958776 0.671990 -0.146315 1.179928 97.123204 144.974031 1.099406 3.829935
105070479 -0.957600 0.671990 -0.151175 1.179586 97.363230 144.940964 1.113895 3.830815
105070480 -0.956424 0.671990 -0.156034 1.179264 97.603390 144.907843 1.128368 3.831625
105070481 -0.955247 0.671990 -0.160894 1.178964 97.843673 144.874667 1.142825 3.832366
105070482 -0.954071 0.671990 -0.165754 1.178684 98.084073 144.841436 1.157263 3.833037
105070483 -0.952895 0.671990 -0.170613 1.178426 98.324579 144.808150 1.171680 3.833637
105070484 -0.951718 0.671990 -0.175473 1.178189 98.565184 144.774810 1.186076 3.834167
105070485 -0.950542 0.671990 -0.180333 1.177973 98.805878 144.741415 1.200449 3.834627
105070486 -0.949366 0.671990 -0.185192 1.177778 99.046653 144.707964 1.214797 3.835017
105070487 -0.948189 0.671990 -0.190052 1.177605 99.287501 144.674458 1.229118 3.835336
105070488 -0.947013 0.671990 -0.194912 1.177453 99.528412 144.640897 1.243411 3.835584
105070489 -0.945837 0.671990 -0.199771 1.177322 99.769377 144.607280 1.257674 3.835762
105070490 -0.944660 0.671990 -0.204631 1.177212 100.010389 144.573607 1.271906 3.835868
105070491 -0.943484 0.671990 -0.209491 1.177123 100.251438 144.539879 1.286106 3.835904
105070492 -0.942308 0.671990 -0.214350 1.177056 100.492515 144.506095 1.300271 3.835869
105070493 -0.941131 0.671990 -0.219210 1.177010 100.733613 144.472255 1.314400 3.835763
105070494 -0.939955 0.671990 -0.224070 1.176985 100.974721 144.438359 1.328492 3.835586
105070495 -0.938779 0.671990 -0.228929 1.176981 101.215831 144.404407 1.342545 3.835339
105070496 -0.937602 0.671990 -0.233789 1.176999 101.456934 144.370398 1.356558 3.835020
105070497 -0.936426 0.671990 -0.238648 1.177038 101.698022 144.336333 1.370529 3.834630
105070498 -0.935250 0.671990 -0.243508 1.177098 101.939086 144.302212 1.384456 3.834170
105070499 -0.934073 0.671990 -0.248368 1.177179 102.180116 144.268034 1.398338 3.833638
105070500 -0.932897 0.671990 -0.253227 1.177281 102.421105 144.233799 1.412174 3.833036
105070501 -1.036932 0.695090 0.230885 1.269522 79.521435 146.164737 1.196481 3.566789
105070502 -1.035756 0.695090 0.226025 1.267686 79.729384 146.134652 1.187384 3.571795
105070503 -1.034580 0.695090 0.221166 1.265867 79.937937 146.104518 1.178191 3.576765
105070504 -1.033403 0.695090 0.216306 1.264065 80.147089 146.074338 1.168902 3.581700
105070505 -1.032227 0.695090 0.211446 1.262281 80.356839 146.044111 1.159517 3.586599
105070506 -1.031051 0.695090 0.206587 1.260514 80.567183 146.013835 1.150037 3.591461
105070507 -1.029874 0.695090 0.201727 1.258764 80.778117 145.983513 1.140460 3.596286
105070508 -1.028698 0.695090 0.196868 1.257031 80.989637 145.953143 1.130788 3.601074
105070509 -1.027522 0.695090 0.192008 1.255316 81.201741 145.922725 1.121021 3.605822
105070510 -1.026345 0.695090 0.187148 1.253619 81.414425 145.892259 1.111158 3.610532
105070511 -1.025169 0.695090 0.182289 1.251939 81.627685 145.861745 1.101199 3.615203
105070512 -1.023993 0.695090 0.177429 1.250277 81.841518 145.831183 1.091146 3.619833
105070513 -1.022816 0.695090 0.172569 1.248633 82.055919 145.800574 1.080997 3.624422
105070514 -1.021640 0.695090 0.167710 1.247007 82.270884 145.769916 1.070754 3.628971
105070515 -1.020464 0.695090 0.162850 1.245398 82.486410 145.739209 1.060417 3.633477
105070516 -1.019287 0.695090 0.157990 1.243808 82.702492 145.708455 1.049985 3.637942
105070517 -1.018111 0.695090 0.153131 1.242236 82.919127 145.677651 1.039460 3.642363
105070518 -1.016935 0.695090 0.148271 1.240682 83.136309 145.646800 1.028841 3.646741
105070519 -1.015758 0.695090 0.143411 1.239146 83.354035 145.615899 1.018128 3.651075
105070520 -1.014582 0.695090 0.138552 1.237628 83.572300 145.584950 1.007323 3.655364
105070521 -1.013406 0.695090 0.133692 1.236129 83.791100 145.553952 0.996426 3.659608
105070522 -1.012229 0.695090 0.128832 1.234648 84.010429 145.522905 0.985436 3.663806
105070523 -1.011053 0.695090 0.123973 1.233186 84.230284 145.491808 0.974354 3.667958
105070524 -1.009877 0.695090 0.119113 1.231742 84.450659 145.460663 0.963181 3.672063
105070525 -1.008700 0.695090 0.114253 1.230317 84.671549 145.429468 0.951918 3.676121
105070526 -1.007524 0.695090 0.109394 1.228911 84.892951 145.398224 0.940564 3.680131
105070527 -1.006348 0.695090 0.104534 1.227523 85.114857 145.366931 0.929120 3.684092
105070528 -1.005171 0.695090 0.099674 1.226155 85.337264 145.335588 0.917587 3.688005
105070529 -1.003995 0.695090 0.094815 1.224805 85.560166 145.304195 0.905965 3.691868
105070530 -1.002819 0.695090 0.089955 1.223474 85.783557 145.272753 0.894254 3.695680
105070531 -1.001642 0.695090 0.085096 1.222162 86.007433 145.241260 0.882457 3.699443
105070532 -1.000466 0.695090 0.080236 1.220869 86.231788 145.209718 0.870572 3.703153
105070533 -0.999290 0.695090 0.075376 1.219595 86.456617 145.178126 0.858601 3.706813
105070534 -0.998113 0.695090 0.070517 1.218340 86.681912 145.146483 0.846544 3.710420
105070535 -0.996937 0.695090 0.065657 1.217105 86.907670 145.114790 0.834402 3.713974
105070536 -0.995761 0.695090 0.060797 1.215889 87.133884 145.083047 0.822176 3.717475
105070537 -0.994584 0.695090 0.055938 1.214692 87.360548 145.051253 0.809867 3.720922
105070538 -0.993408 0.695090 0.051078 1.213515 87.587657 145.019409 0.797474 3.724316
105070539 -0.992232 0.695090 0.046218 1.212357 87.815203 144.987514 0.785000 3.727654
105070540 -0.991055 0.695090 0.041359 1.211219 88.043181 144.955569 0.772444 3.730937
105070541 -0.989879 0.695090 0.036499 1.210100 88.271586 144.923572 0.759808 3.734164
105070542 -0.988703 0.695090 0.031639 1.209001 88.500410 144.891524 0.747092 3.737335
105070543 -0.987526 0.695090 0.026780 1.207922 88.729647 144.859426 0.734298 3.740450
105070544 -0.986350 0.695090 0.021920 1.206863 88.959290 144.827276 0.721426 3.743507
105070545 -0.985174 0.695090 0.017060 1.205823 89.189334 144.795075 0.708477 3.746506
105070546 -0.983997 0.695090 0.012201 1.204803 89.419771 144.762823 0.695452 3.749448
105070547 -0.982821 0.695090 0.007341 1.203803 89.650595 144.730519 0.682352 3.752330
105070548 -0.981645 0.695090 0.002481 1.202823 89.881799 144.698163 0.669178 3.755154
105070549 -0.980468 0.695090 -0.002378 1.201863 90.113377 144.665756 0.669427 3.757919
105070550 -0.979292 0.695090 -0.007238 1.200923 90.345321 144.633297 0.683762 3.760623
105070551 -0.978116 0.695090 -0.012098 1.200003 90.577624 144.600786 0.698126 3.763267
105070552 -0.976939 0.695090 -0.016957 1.199103 90.810279 144.568223 0.712516 3.765850
105070553 -0.975763 0.695090 -0.021817 1.198224 91.043280 144.535608 0.726932 3.768373
105070554 -0.974587 0.695090 -0.026677 1.197364 91.276619 144.502941 0.741372 3.770833
105070555 -0.973410 0.695090 -0.031536 1.196525 91.510289 144.470222 0.755835 3.773232
105070556 -0.972234 0.695090 -0.036396 1.195706 91.744282 144.437450 0.770320 3.775568
105070557 -0.971057 0.695090 -0.041255 1.194908 91.978591 144.404625 0.784825 3.777842
105070558 -0.969881 0.695090 -0.046115 1.194130 92.213209 144.371748 0.799348 3.780052
105070559 -0.968705 0.695090 -0.050975 1.193373 92.448128 144.338818 0.813889 3.782199
105070560 -0.967528 0.695090 -0.055834 1.192635 92.683340 144.305836 0.828445 3.784282
105070561 -0.966352 0.695090 -0.060694 1.191919 92.918839 144.272800 0.843016 3.786300
105070562 -0.965176 0.695090 -0.065554 1.191223 93.154616 144.239712 0.857599 3.788254
105070563 -0.963999 0.695090 -0.070413 1.190548 93.390663 144.206570 0.872193 3.790144
105070564 -0.962823 0.695090 -0.075273 1.189893 93.626973 144.173375 0.886797 3.791968
105070565 -0.961647 0.695090 -0.080133 1.189259 93.863538 144.140126 0.901410 3.793726
105070566 -0.960470 0.695090 -0.084992 1.188645 94.100350 144.106824 0.916029 3.795419
105070567 -0.959294 0.695090 -0.089852 1.188053 94.337401 144.073469 0.930653 3.797045
105070568 -0.958118 0.695090 -0.094712 1.187481 94.574683 144.040060 0.945281 3.798605
105070569 -0.956941 0.695090 -0.099571 1.186930 94.812188 144.006597 0.959911 3.800098
105070570 -0.955765 0.695090 -0.104431 1.186399 95.049908 143.973080 0.974542 3.801525
105070571 -0.954589 0.695090 -0.109291 1.185890 95.287834 143.939509 0.989171 3.802884
105070572 -0.953412 0.695090 -0.114150 1.185401 95.525959 143.905884 1.003798 3.804175
105070573 -0.952236 0.695090 -0.119010 1.184934 95.764275 143.872205 1.018421 3.805399
105070574 -0.951060 0.695090 -0.123870 1.184487 96.002772 143.838472 1.033038 3.806555
105070575 -0.949883 0.695090 -0.128729 1.184061 96.241443 143.804684 1.047648 3.807642
105070576 -0.948707 0.695090 -0.133589 1.183656 96.480279 143.770841 1.062249 3.808661
105070577 -0.947531 0.695090 -0.138449 1.183272 96.719273 143.736944 1.076840 3.809612
105070578 -0.946354 0.695090 -0.143308 1.182909 96.958415 143.702992 1.091419 3.810494
105070579 -0.945178 0.695090 -0.148168 1.182567 97.197697 143.668986 1.105984 3.811306
105070580 -0.944002 0.695090 -0.153027 1.182247 97.437110 143.634924 1.120534 3.812050
105070581 -0.942825 0.695090 -0.157887 1.181947 97.676647 143.600807 1.135067 3.812724
105070582 -0.941649 0.695090 -0.162747 1.181668 97.916298 143.566635 1.149582 3.813329
105070583 -0.940473 0.695090 -0.167606 1.181411 98.156055 143.532408 1.164076 3.813864
105070584 -0.939296 0.695090 -0.172466 1.181174 98.395910 143.498125 1.178550 3.814329
105070585 -0.938120 0.695090 -0.177326 1.180959 98.635853 143.463786 1.193000 3.814725
105070586 -0.936944 0.695090 -0.182185 1.180765 98.875877 143.429393 1.207426 3.815051
105070587 -0.935767 0.695090 -0.187045 1.180592 99.115972 143.394943 1.221825 3.815306
105070588 -0.934591 0.695090 -0.191905 1.180440 99.356129 143.360437 1.236197 3.815492
105070589 -0.933415 0.695090 -0.196764 1.180309 99.596341 143.325876 1.250539 3.815607
105070590 -0.932238 0.695090 -0.201624 1.180200 99.836599 143.291258 1.264850 3.815652
105070591 -0.931062 0.695090 -0.206484 1.180111 100.076893 143.256584 1.279129 3.815627
105070592 -0.929886 0.695090 -0.211343 1.180044 100.317216 143.221854 1.293374 3.815531
105070593 -0.928709 0.695090 -0.216203 1.179998 100.557557 143.187068 1.307583 3.815365
105070594 -0.927533 0.695090 -0.221063 1.179973 100.797910 143.152225 1.321755 3.815129
105070595 -0.926357 0.695090 -0.225922 1.179970 101.038264 143.117325 1.335888 3.814822
105070596 -0.925180 0.695090 -0.230782 1.179987 101.278611 143.082369 1.349982 3.814445
105070597 -0.924004 0.695090 -0.235642 1.180026 101.518943 143.047355 1.364033 3.813998
105070598 -0.922828 0.695090 -0.240501 1.180086 101.759250 143.012285 1.378042 3.813480
105070599 -0.921651 0.695090 -0.245361 1.180167 101.999525 142.977158 1.392005 3.812892
105070600 -0.920475 0.695090 -0.250221 1.180269 102.239758 142.941973 1.405923 3.812233
105070601 -1.024511 0.718190 0.233892 1.272841 79.411398 144.969224 1.205254 3.550518
105070602 -1.023334 0.718190 0.229032 1.271010 79.618759 144.938278 1.196109 3.555429
105070603 -1.022158 0.718190 0.224173 1.269196 79.826718 144.907285 1.186869 3.560305
105070604 -1.020982 0.718190 0.219313 1.267399 80.035273 144.876244 1.177533 3.565145
105070605 -1.019805 0.718190 0.214453 1.265619 80.244420 144.845155 1.168100 3.569950
105070606 -1.018629 0.718190 0.209594 1.263856 80.454156 144.814018 1.158572 3.574717
105070607 -1.017453 0.718190 0.204734 1.262111 80.664478 144.782833 1.148948 3.579448
105070608 -1.016276 0.718190 0.199874 1.260383 80.875382 144.751600 1.139229 3.584140
105070609 -1.015100 0.718190 0.195015 1.258672 81.086865 144.720319 1.129414 3.588795
105070610 -1.013924 0.718190 0.190155 1.256979 81.298923 144.688989 1.119503 3.593410
105070611 -1.012747 0.718190 0.185295 1.255304 81.511553 144.657611 1.109498 3.597986
105070612 -1.011571 0.718190 0.180436 1.253647 81.724750 144.626184 1.099397 3.602522
105070613 -1.010394 0.718190 0.175576 1.252007 81.938512 144.594708 1.089202 3.607017
105070614 -1.009218 0.718190 0.170716 1.250385 82.152833 144.563184 1.078912 3.611471
105070615 -1.008042 0.718190 0.165857 1.248781 82.367711 144.531611 1.068528 3.615883
105070616 -1.006865 0.718190 0.160997 1.247195 82.583140 144.499990 1.058049 3.620253
105070617 -1.005689 0.718190 0.156138 1.245627 82.799117 144.468319 1.047477 3.624580
105070618 -1.004513 0.718190 0.151278 1.244077 83.015638 144.436599 1.036812 3.628864
105070619 -1.003336 0.718190 0.146418 1.242546 83.232697 144.404830 1.026053 3.633104
105070620 -1.002160 0.718190 0.141559 1.241032 83.450292 144.373011 1.015202 3.637300
105070621 -1.000984 0.718190 0.136699 1.239537 83.668416 144.341143 1.004258 3.641450
105070622 -0.999807 0.718190 0.131839 1.238061 83.887066 144.309226 0.993222 3.645555
105070623 -0.998631 0.718190 0.126980 1.236602 84.106237 144.277259 0.982095 3.649613
105070624 -0.997455 0.718190 0.122120 1.235163 84.325923 144.245242 0.970876 3.653625
105070625 -0.996278 0.718190 0.117260 1.233742 84.546121 144.213176 0.959567 3.657590
105070626 -0.995102 0.718190 0.112401 1.232339 84.766825 144.181060 0.948168 3.661507
105070627 -0.993926 0.718190 0.107541 1.230955 84.988031 144.148894 0.936679 3.665376
105070628 -0.992749 0.718190 0.102681 1.229590 85.209732 144.116677 0.925101 3.669196
105070629 -0.991573 0.718190 0.097822 1.228244 85.431925 144.084411 0.913434 3.672966
105070630 -0.990397 0.718190 0.092962 1.226917 85.654603 144.052094 0.901679 3.676687
105070631 -0.989220 0.718190 0.088102 1.225609 85.877761 144.019727 0.889837 3.680357
105070632 -0.988044 0.718190 0.083243 1.224319 86.101394 143.987310 0.877908 3.683977
105070633 -0.986868 0.718190 0.078383 1.223049 86.325496 143.954842 0.865893 3.687544
105070634 -0.985691 0.718190 0.073523 1.221798 86.550062 143.922323 0.853792 3.691060
105070635 -0.984515 0.718190 0.068664 1.220566 86.775085 143.889754 0.841607 3.694524
105070636 -0.983339 0.718190 0.063804 1.219354 87.000561 143.857133 0.829337 3.697934
105070637 -0.982162 0.718190 0.058944 1.218160 87.226483 143.824462 0.816984 3.701291
105070638 -0.980986 0.718190 0.054085 1.216987 87.452846 143.791740 0.804549 3.704594
105070639 -0.979810 0.718190 0.049225 1.215832 87.679643 143.758967 0.792031 3.707843
105070640 -0.978633 0.718190 0.044366 1.214697 87.906868 143.726142 0.779433 3.711036
105070641 -0.977457 0.718190 0.039506 1.213582 88.134515 143.693266 0.766754 3.714174
105070642 -0.976281 0.718190 0.034646 1.212486 88.362578 143.660339 0.753996 3.717257
105070643 -0.975104 0.718190 0.029787 1.211410 88.591050 143.627360 0.741160 3.720283
105070644 -0.973928 0.718190 0.024927 1.210353 88.819926 143.594330 0.728246 3.723252
105070645 -0.972752 0.718190 0.020067 1.209316 89.049198 143.561247 0.715255 3.726163
105070646 -0.971575 0.718190 0.015208 1.208299 89.278860 143.528113 0.702189 3.729017
105070647 -0.970399 0.718190 0.010348 1.207302 89.508905 143.494927 0.689048 3.731813
105070648 -0.969223 0.718190 0.005488 1.206325 89.739327 143.461689 0.675833 3.734550
105070649 -0.968046 0.718190 0.000629 1.205368 89.970119 143.428399 0.662545 3.737228
105070650 -0.966870 0.718190 -0.004231 1.204431 90.201274 143.395057 0.673342 3.739847
105070651 -0.965694 0.718190 -0.009091 1.203513 90.432785 143.361662 0.687751 3.742405
105070652 -0.964517 0.718190 -0.013950 1.202616 90.664645 143.328215 0.702187 3.744904
105070653 -0.963341 0.718190 -0.018810 1.201739 90.896848 143.294716 0.716648 3.747341
105070654 -0.962165 0.718190 -0.023670 1.200882 91.129385 143.261164 0.731134 3.749717
105070655 -0.960988 0.718190 -0.028529 1.200046 91.362250 143.227559 0.745644 3.752032
105070656 -0.959812 0.718190 -0.033389 1.199229 91.595435 143.193901 0.760175 3.754285
105070657 -0.958636 0.718190 -0.038249 1.198433 91.828934 143.160190 0.774726 3.756476
105070658 -0.957459 0.718190 -0.043108 1.197658 92.062738 143.126426 0.789296 3.758604
105070659 -0.956283 0.718190 -0.047968 1.196902 92.296841 143.092609 0.803884 3.760669
105070660 -0.955107 0.718190 -0.052828 1.196168 92.531235 143.058739 0.818487 3.762670
105070661 -0.953930 0.718190 -0.057687 1.195453 92.765912 143.024816 0.833105 3.764608
105070662 -0.952754 0.718190 -0.062547 1.194759 93.000864 142.990839 0.847736 3.766482
105070663 -0.951578 0.718190 -0.067407 1.194086 93.236085 142.956809 0.862378 3.768291
105070664 -0.950401 0.718190 -0.072266 1.193433 93.471566 142.922724 0.877031 3.770035
105070665 -0.949225 0.718190 -0.077126 1.192801 93.707299 142.888587 0.891692 3.771715
105070666 -0.948049 0.718190 -0.081985 1.192189 93.943277 142.854395 0.906359 3.773329
105070667 -0.946872 0.718190 -0.086845 1.191598 94.179491 142.820149 0.921032 3.774878
105070668 -0.945696 0.718190 -0.091705 1.191028 94.415935 142.785850 0.935710 3.776361
105070669 -0.944520 0.718190 -0.096564 1.190479 94.652599 142.751496 0.950389 3.777777
105070670 -0.943343 0.718190 -0.101424 1.189950 94.889476 142.717088 0.965069 3.779127
105070671 -0.942167 0.718190 -0.106284 1.189442 95.126558 142.682625 0.979749 3.780411
105070672 -0.940991 0.718190 -0.111143 1.188955 95.363836 142.648108 0.994426 3.781627
105070673 -0.939814 0.718190 -0.116003 1.188489 95.601303 142.613537 1.009099 3.782776
105070674 -0.938638 0.718190 -0.120863 1.188043 95.838950 142.578910 1.023767 3.783858
105070675 -0.937462 0.718190 -0.125722 1.187619 96.076769 142.544229 1.038428 3.784873
105070676 -0.936285 0.718190 -0.130582 1.187215 96.314751 142.509494 1.053080 3.785819
105070677 -0.935109 0.718190 -0.135442 1.186832 96.552889 142.474703 1.067722 3.786698
105070678 -0.933933 0.718190 -0.140301 1.186470 96.791174 142.439857 1.082353 3.787508
105070679 -0.932756 0.718190 -0.145161 1.186130 97.029598 142.404955 1.096970 3.788250
105070680 -0.931580 0.718190 -0.150021 1.185810 97.268152 142.369999 1.111572 3.788923
105070681 -0.930403 0.718190 -0.154880 1.185511 97.506827 142.334987 1.126158 3.789528
105070682 -0.929227 0.718190 -0.159740 1.185233 97.745616 142.299920 1.140725 3.790064
105070683 -0.928051 0.718190 -0.164600 1.184976 97.984510 142.264797 1.155273 3.790530
105070684 -0.926874 0.718190 -0.169459 1.184741 98.223500 142.229618 1.169800 3.790928
105070685 -0.925698 0.718190 -0.174319 1.184526 98.462578 142.194383 1.184304 3.791257
105070686 -0.924522 0.718190 -0.179179 1.184332 98.701736 142.159093 1.198784 3.791516
105070687 -0.923345 0.718190 -0.184038 1.184160 98.940964 142.123746 1.213238 3.791706
105070688 -0.922169 0.718190 -0.188898 1.184008 99.180254 142.088343 1.227664 3.791827
105070689 -0.920993 0.718190 -0.193757 1.183878 99.419597 142.052884 1.242061 3.791878
105070690 -0.919816 0.718190 -0.198617 1.183769 99.658986 142.017369 1.256428 3.791859
105070691 -0.918640 0.718190 -0.203477 1.183681 99.898410 141.981797 1.270762 3.791771
105070692 -0.917464 0.718190 -0.208336 1.183614 100.137863 141.946168 1.285063 3.791613
105070693 -0.916287 0.718190 -0.213196 1.183568 100.377334 141.910483 1.299328 3.791385
105070694 -0.915111 0.718190 -0.218056 1.183543 100.616816 141.874741 1.313557 3.791088
105070695 -0.913935 0.718190 -0.222915 1.183539 100.856299 141.838942 1.327747 3.790721
105070696 -0.912758 0.718190 -0.227775 1.183557 101.095776 141.803086 1.341897 3.790284
105070697 -0.911582 0.718190 -0.232635 1.183596 101.335237 141.767173 1.356006 3.789778
105070698 -0.910406 0.718190 -0.237494 1.183655 101.574673 141.731203 1.370073 3.789202
105070699 -0.909229 0.718190 -0.242354 1.183736 101.814077 141.695175 1.384095 3.788556
105070700 -0.908053 0.718190 -0.247214 1.183838 102.053439 141.659090 1.398071 3.787841
105070701 -1.012089 0.741291 0.236899 1.276697 79.306451 143.779596 1.213032 3.531350
105070702 -1.010912 0.741291 0.232039 1.274872 79.513150 143.747826 1.203851 3.536157
105070703 -1.009736 0.741291 0.227180 1.273063 79.720443 143.716008 1.194574 3.540929
105070704 -1.008560 0.741291 0.222320 1.271271 79.928326 143.684142 1.185201 3.545666
105070705 -1.007383 0.741291 0.217460 1.269497 80.136796 143.652228 1.175733 3.550366
105070706 -1.006207 0.741291 0.212601 1.267739 80.345850 143.620265 1.166169 3.555030
105070707 -1.005031 0.741291 0.207741 1.265999 80.555484 143.588254 1.156510 3.559657
105070708 -1.003854 0.741291 0.202881 1.264277 80.765695 143.556195 1.146755 3.564246
105070709 -1.002678 0.741291 0.198022 1.262572 80.976480 143.524086 1.136905 3.568797
105070710 -1.001502 0.741291 0.193162 1.260884 81.187835 143.491929 1.126960 3.573309
105070711 -1.000325 0.741291 0.188302 1.259214 81.399756 143.459723 1.116920 3.577781
105070712 -0.999149 0.741291 0.183443 1.257562 81.612240 143.427468 1.106785 3.582214
105070713 -0.997973 0.741291 0.178583 1.255927 81.825282 143.395164 1.096556 3.586606
105070714 -0.996796 0.741291 0.173723 1.254310 82.038879 143.362811 1.086233 3.590957
105070715 -0.995620 0.741291 0.168864 1.252711 82.253027 143.330409 1.075815 3.595266
105070716 -0.994444 0.741291 0.164004 1.251130 82.467722 143.297957 1.065304 3.599533
105070717 -0.993267 0.741291 0.159144 1.249567 82.682960 143.265456 1.054699 3.603758
105070718 -0.992091 0.741291 0.154285 1.248022 82.898735 143.232906 1.044002 3.607939
105070719 -0.990915 0.741291 0.149425 1.246496 83.115045 143.200306 1.033211 3.612077
105070720 -0.989738 0.741291 0.144565 1.244987 83.331885 143.167656 1.022328 3.616170
105070721 -0.988562 0.741291 0.139706 1.243497 83.549249 143.134957 1.011353 3.620218
105070722 -0.987386 0.741291 0.134846 1.242025 83.767134 143.102208 1.000286 3.624221
105070723 -0.986209 0.741291 0.129986 1.240571 83.985535 143.069408 0.989129 3.628179
105070724 -0.985033 0.741291 0.125127 1.239136 84.204447 143.036559 0.977880 3.632089
105070725 -0.983857 0.741291 0.120267 1.237720 84.423865 143.003660 0.966541 3.635953
105070726 -0.982680 0.741291 0.115408 1.236322 84.643785 142.970710 0.955112 3.639769
105070727 -0.981504 0.741291 0.110548 1.234942 84.864200 142.937710 0.943594 3.643537
105070728 -0.980328 0.741291 0.105688 1.233582 85.085108 142.904660 0.931987 3.647257
105070729 -0.979151 0.741291 0.100829 1.232240 85.306501 142.871559 0.920292 3.650927
105070730 -0.977975 0.741291 0.095969 1.230917 85.528375 142.838408 0.908509 3.654548
105070731 -0.976799 0.741291 0.091109 1.229613 85.750725 142.805206 0.896639 3.658118
105070732 -0.975622 0.741291 0.086250 1.228328 85.973544 142.771953 0.884683 3.661639
105070733 -0.974446 0.741291 0.081390 1.227062 86.196829 142.738649 0.872641 3.665107
105070734 -0.973270 0.741291 0.076530 1.225815 86.420572 142.705294 0.860513 3.668525
105070735 -0.972093 0.741291 0.071671 1.224587 86.644769 142.671888 0.848302 3.671890
105070736 -0.970917 0.741291 0.066811 1.223378 86.869413 142.638431 0.836006 3.675202
105070737 -0.969740 0.741291 0.061951 1.222189 87.094499 142.604923 0.823628 3.678462
105070738 -0.968564 0.741291 0.057092 1.221019 87.320021 142.571364 0.811167 3.681668
105070739 -0.967388 0.741291 0.052232 1.219868 87.545973 142.537753 0.798625 3.684819
105070740 -0.966211 0.741291 0.047372 1.218737 87.772349 142.504090 0.786003 3.687917
105070741 -0.965035 0.741291 0.042513 1.217625 87.999143 142.470376 0.773300 3.690959
105070742 -0.963859 0.741291 0.037653 1.216533 88.226348 142.436610 0.760519 3.693945
105070743 -0.962682 0.741291 0.032793 1.215461 88.453959 142.402792 0.747659 3.696876
105070744 -0.961506 0.741291 0.027934 1.214408 88.681968 142.368923 0.734723 3.699750
105070745 -0.960330 0.741291 0.023074 1.213374 88.910370 142.335001 0.721710 3.702568
105070746 -0.959153 0.741291 0.018214 1.212361 89.139158 142.301027 0.708621 3.705328
105070747 -0.957977 0.741291 0.013355 1.211367 89.368326 142.267001 0.695459 3.708030
105070748 -0.956801 0.741291 0.008495 1.210393 89.597866 142.232923 0.682222 3.710674
105070749 -0.955624 0.741291 0.003635 1.209439 89.827772 142.198792 0.668914 3.713260
105070750 -0.954448 0.741291 -0.001224 1.208505 90.058038 142.164609 0.662542 3.715787
105070751 -0.953272 0.741291 -0.006084 1.207591 90.288656 142.130373 0.676974 3.718254
105070752 -0.952095 0.741291 -0.010943 1.206697 90.519619 142.096084 0.691433 3.720661
105070753 -0.950919 0.741291 -0.015803 1.205823 90.750921 142.061743 0.705919 3.723008
105070754 -0.949743 0.741291 -0.020663 1.204969 90.982555 142.027349 0.720429 3.725295
105070755 -0.948566 0.741291 -0.025522 1.204135 91.214512 141.992902 0.734962 3.727520
105070756 -0.947390 0.741291 -0.030382 1.203322 91.446787 141.958401 0.749517 3.729684
105070757 -0.946214 0.741291 -0.035242 1.202528 91.679371 141.923848 0.764092 3.731787
105070758 -0.945037 0.741291 -0.040101 1.201755 91.912259 141.889241 0.778686 3.733827
105070759 -0.943861 0.741291 -0.044961 1.201002 92.145441 141.854581 0.793298 3.735805
105070760 -0.942685 0.741291 -0.049821 1.200270 92.378911 141.819868 0.807926 3.737720
105070761 -0.941508 0.741291 -0.054680 1.199558 92.612661 141.785100 0.822569 3.739572
105070762 -0.940332 0.741291 -0.059540 1.198867 92.846684 141.750280 0.837224 3.741360
105070763 -0.939156 0.741291 -0.064400 1.198195 93.080972 141.715405 0.851891 3.743085
105070764 -0.937979 0.741291 -0.069259 1.197545 93.315518 141.680477 0.866569 3.744746
105070765 -0.936803 0.741291 -0.074119 1.196915 93.550313 141.645494 0.881255 3.746342
105070766 -0.935627 0.741291 -0.078979 1.196305 93.785350 141.610458 0.895948 3.747873
105070767 -0.934450 0.741291 -0.083838 1.195717 94.020621 141.575367 0.910647 3.749340
105070768 -0.933274 0.741291 -0.088698 1.195148 94.256119 141.540222 0.925350 3.750741
105070769 -0.932098 0.741291 -0.093558 1.194601 94.491835 141.505023 0.940055 3.752077
105070770 -0.930921 0.741291 -0.098417 1.194074 94.727761 141.469769 0.954762 3.753347
105070771 -0.929745 0.741291 -0.103277 1.193568 94.963890 141.434461 0.969467 3.754551
105070772 -0.928569 0.741291 -0.108137 1.193082 95.200213 141.399098 0.984171 3.755689
105070773 -0.927392 0.741291 -0.112996 1.192617 95.436722 141.363680 0.998871 3.756760
105070774 -0.926216 0.741291 -0.117856 1.192174 95.673410 141.328207 1.013566 3.757764
105070775 -0.925040 0.741291 -0.122715 1.191750 95.910268 141.292680 1.028255 3.758702
105070776 -0.923863 0.741291 -0.127575 1.191348 96.147287 141.257097 1.042934 3.759573
105070777 -0.922687 0.741291 -0.132435 1.190967 96.384460 141.221459 1.057604 3.760376
105070778 -0.921511 0.741291 -0.137294 1.190606 96.621779 141.185766 1.072263 3.761112
105070779 -0.920334 0.741291 -0.142154 1.190267 96.859234 141.150017 1.086908 3.761780
105070780 -0.919158 0.741291 -0.147014 1.189948 97.096819 141.114214 1.101539 3.762381
105070781 -0.917982 0.741291 -0.151873 1.189650 97.334523 141.078354 1.116154 3.762913
105070782 -0.916805 0.741291 -0.156733 1.189373 97.572340 141.042439 1.130751 3.763378
105070783 -0.915629 0.741291 -0.161593 1.189117 97.810260 141.006468 1.145328 3.763774
105070784 -0.914453 0.741291 -0.166452 1.188883 98.048275 140.970441 1.159885 3.764102
105070785 -0.913276 0.741291 -0.171312 1.188669 98.286377 140.934358 1.174419 3.764361
105070786 -0.912100 0.741291 -0.176172 1.188476 98.524558 140.898219 1.188929 3.764552
105070787 -0.910924 0.741291 -0.181031 1.188304 98.762808 140.862024 1.203414 3.764675
105070788 -0.909747 0.741291 -0.185891 1.188153 99.001119 140.825773 1.217871 3.764728
105070789 -0.908571 0.741291 -0.190751 1.188023 99.239483 140.789465 1.232300 3.764713
105070790 -0.907395 0.741291 -0.195610 1.187914 99.477892 140.753101 1.246698 3.764629
105070791 -0.906218 0.741291 -0.200470 1.187826 99.716336 140.716680 1.261065 3.764477
105070792 -0.905042 0.741291 -0.205330 1.187760 99.954807 140.680203 1.275398 3.764255
105070793 -0.903866 0.741291 -0.210189 1.187714 100.193297 140.643668 1.289696 3.763965
105070794 -0.902689 0.741291 -0.215049 1.187689 100.431797 140.607077 1.303958 3.763606
105070795 -0.901513 0.741291 -0.219909 1.187686 100.670299 140.570429 1.318182 3.763178
105070796 -0.900337 0.741291 -0.224768 1.187703 100.908793 140.533724 1.332366 3.762681
105070797 -0.899160 0.741291 -0.229628 1.187741 101.147272 140.496961 1.346509 3.762115
105070798 -0.897984 0.741291 -0.234488 1.187801 101.385727 140.460141 1.360610 3.761480
105070799 -0.896808 0.741291 -0.239347 1.187882 101.624149 140.423264 1.374667 3.760777
105070800 -0.895631 0.741291 -0.244207 1.187983 101.862530 140.386329 1.388678 3.760005
