# pixelID   x   y   z   l2  two_theta   azimuthal   polar_width azimuthal_width
105050001 -1.221301 0.121600 0.186257 1.241392 81.370830 174.314029 0.285943 3.642046
105050002 -1.220124 0.121600 0.181397 1.239514 81.584805 174.308583 0.284996 3.647531
105050003 -1.218948 0.121600 0.176537 1.237653 81.799425 174.303127 0.284031 3.652981
105050004 -1.217772 0.121600 0.171678 1.235810 82.014689 174.297660 0.283049 3.658396
105050005 -1.216595 0.121600 0.166818 1.233985 82.230592 174.292183 0.282048 3.663775
105050006 -1.215419 0.121600 0.161959 1.232177 82.447133 174.286695 0.281030 3.669117
105050007 -1.214243 0.121600 0.157099 1.230387 82.664307 174.281197 0.279994 3.674423
105050008 -1.213066 0.121600 0.152239 1.228614 82.882110 174.275688 0.278939 3.679691
105050009 -1.211890 0.121600 0.147380 1.226860 83.100540 174.270168 0.277867 3.684920
105050010 -1.210714 0.121600 0.142520 1.225123 83.319592 174.264638 0.276777 3.690110
105050011 -1.209537 0.121600 0.137660 1.223404 83.539264 174.259098 0.275668 3.695261
105050012 -1.208361 0.121600 0.132801 1.221703 83.759550 174.253546 0.274541 3.700372
105050013 -1.207185 0.121600 0.127941 1.220021 83.980447 174.247984 0.273396 3.705441
105050014 -1.206008 0.121600 0.123081 1.218356 84.201951 174.242412 0.272233 3.710469
105050015 -1.204832 0.121600 0.118222 1.216710 84.424058 174.236828 0.271051 3.715455
105050016 -1.203656 0.121600 0.113362 1.215082 84.646763 174.231234 0.269851 3.720399
105050017 -1.202479 0.121600 0.108502 1.213473 84.870063 174.225628 0.268633 3.725299
105050018 -1.201303 0.121600 0.103643 1.211882 85.093952 174.220012 0.267396 3.730155
105050019 -1.200127 0.121600 0.098783 1.210309 85.318426 174.214385 0.266140 3.734966
105050020 -1.198950 0.121600 0.093923 1.208756 85.543481 174.208748 0.264867 3.739732
105050021 -1.197774 0.121600 0.089064 1.207221 85.769112 174.203099 0.263574 3.744453
105050022 -1.196598 0.121600 0.084204 1.205704 85.995314 174.197439 0.262263 3.749127
105050023 -1.195421 0.121600 0.079344 1.204207 86.222083 174.191768 0.260934 3.753754
105050024 -1.194245 0.121600 0.074485 1.202728 86.449412 174.186086 0.259586 3.758333
105050025 -1.193069 0.121600 0.069625 1.201269 86.677297 174.180393 0.258219 3.762864
105050026 -1.191892 0.121600 0.064765 1.199829 86.905733 174.174689 0.256834 3.767346
105050027 -1.190716 0.121600 0.059906 1.198407 87.134715 174.168974 0.255430 3.771778
105050028 -1.189540 0.121600 0.055046 1.197005 87.364236 174.163247 0.254008 3.776161
105050029 -1.188363 0.121600 0.050186 1.195622 87.594293 174.157509 0.252567 3.780492
105050030 -1.187187 0.121600 0.045327 1.194259 87.824878 174.151760 0.251108 3.784773
105050031 -1.186011 0.121600 0.040467 1.192915 88.055987 174.146000 0.249630 3.789001
105050032 -1.184834 0.121600 0.035607 1.191590 88.287614 174.140229 0.248133 3.793177
105050033 -1.183658 0.121600 0.030748 1.190285 88.519752 174.134446 0.246619 3.797300
105050034 -1.182482 0.121600 0.025888 1.188999 88.752396 174.128651 0.245085 3.801369
105050035 -1.181305 0.121600 0.021029 1.187734 88.985540 174.122846 0.243534 3.805384
105050036 -1.180129 0.121600 0.016169 1.186488 89.219177 174.117029 0.241964 3.809345
105050037 -1.178953 0.121600 0.011309 1.185261 89.453302 174.111200 0.240375 3.813249
105050038 -1.177776 0.121600 0.006450 1.184055 89.687908 174.105360 0.238769 3.817098
105050039 -1.176600 0.121600 0.001590 1.182868 89.922988 174.099508 0.237144 3.820891
105050040 -1.175424 0.121600 -0.003270 1.181701 90.158537 174.093645 0.238027 3.824626
105050041 -1.174247 0.121600 -0.008129 1.180555 90.394547 174.087770 0.240139 3.828304
105050042 -1.173071 0.121600 -0.012989 1.179428 90.631012 174.081883 0.242253 3.831923
105050043 -1.171895 0.121600 -0.017849 1.178322 90.867925 174.075985 0.244370 3.835484
105050044 -1.170718 0.121600 -0.022708 1.177236 91.105280 174.070075 0.246490 3.838985
105050045 -1.169542 0.121600 -0.027568 1.176170 91.343068 174.064153 0.248611 3.842427
105050046 -1.168366 0.121600 -0.032428 1.175124 91.581284 174.058220 0.250734 3.845809
105050047 -1.167189 0.121600 -0.037287 1.174099 91.819920 174.052274 0.252860 3.849129
105050048 -1.166013 0.121600 -0.042147 1.173094 92.058969 174.046317 0.254986 3.852389
105050049 -1.164837 0.121600 -0.047007 1.172110 92.298424 174.040348 0.257114 3.855587
105050050 -1.163660 0.121600 -0.051866 1.171146 92.538277 174.034367 0.259243 3.858722
105050051 -1.162484 0.121600 -0.056726 1.170202 92.778521 174.028373 0.261373 3.861794
105050052 -1.161308 0.121600 -0.061586 1.169280 93.019149 174.022368 0.263503 3.864804
105050053 -1.160131 0.121600 -0.066445 1.168378 93.260152 174.016351 0.265634 3.867749
105050054 -1.158955 0.121600 -0.071305 1.167496 93.501523 174.010322 0.267765 3.870630
105050055 -1.157779 0.121600 -0.076165 1.166636 93.743254 174.004281 0.269897 3.873447
105050056 -1.156602 0.121600 -0.081024 1.165796 93.985338 173.998227 0.272027 3.876199
105050057 -1.155426 0.121600 -0.085884 1.164977 94.227767 173.992161 0.274158 3.878885
105050058 -1.154250 0.121600 -0.090744 1.164179 94.470532 173.986084 0.276287 3.881505
105050059 -1.153073 0.121600 -0.095603 1.163402 94.713626 173.979993 0.278416 3.884058
105050060 -1.151897 0.121600 -0.100463 1.162646 94.957041 173.973891 0.280544 3.886545
105050061 -1.150721 0.121600 -0.105323 1.161911 95.200767 173.967776 0.282670 3.888965
105050062 -1.149544 0.121600 -0.110182 1.161197 95.444798 173.961649 0.284794 3.891317
105050063 -1.148368 0.121600 -0.115042 1.160504 95.689124 173.955509 0.286917 3.893601
105050064 -1.147192 0.121600 -0.119901 1.159833 95.933738 173.949357 0.289037 3.895817
105050065 -1.146015 0.121600 -0.124761 1.159182 96.178631 173.943193 0.291156 3.897964
105050066 -1.144839 0.121600 -0.129621 1.158553 96.423795 173.937016 0.293271 3.900042
105050067 -1.143663 0.121600 -0.134480 1.157945 96.669220 173.930826 0.295384 3.902050
105050068 -1.142487 0.121600 -0.139340 1.157358 96.914898 173.924624 0.297494 3.903989
105050069 -1.141310 0.121600 -0.144200 1.156793 97.160822 173.918409 0.299601 3.905858
105050070 -1.140134 0.121600 -0.149059 1.156248 97.406981 173.912181 0.301704 3.907656
105050071 -1.138958 0.121600 -0.153919 1.155726 97.653367 173.905941 0.303803 3.909383
105050072 -1.137781 0.121600 -0.158779 1.155224 97.899972 173.899688 0.305899 3.911040
105050073 -1.136605 0.121600 -0.163638 1.154744 98.146786 173.893422 0.307990 3.912626
105050074 -1.135429 0.121600 -0.168498 1.154286 98.393800 173.887143 0.310077 3.914139
105050075 -1.134252 0.121600 -0.173358 1.153849 98.641006 173.880852 0.312159 3.915582
105050076 -1.133076 0.121600 -0.178217 1.153434 98.888395 173.874547 0.314236 3.916952
105050077 -1.131900 0.121600 -0.183077 1.153040 99.135958 173.868230 0.316308 3.918249
105050078 -1.130723 0.121600 -0.187937 1.152667 99.383684 173.861900 0.318375 3.919475
105050079 -1.129547 0.121600 -0.192796 1.152316 99.631567 173.855556 0.320436 3.920627
105050080 -1.128371 0.121600 -0.197656 1.151987 99.879595 173.849200 0.322491 3.921707
105050081 -1.127194 0.121600 -0.202516 1.151680 100.127760 173.842830 0.324541 3.922714
105050082 -1.126018 0.121600 -0.207375 1.151394 100.376054 173.836447 0.326584 3.923647
105050083 -1.124842 0.121600 -0.212235 1.151129 100.624465 173.830051 0.328620 3.924507
105050084 -1.123665 0.121600 -0.217095 1.150887 100.872986 173.823642 0.330650 3.925294
105050085 -1.122489 0.121600 -0.221954 1.150666 101.121608 173.817219 0.332672 3.926007
105050086 -1.121313 0.121600 -0.226814 1.150466 101.370319 173.810784 0.334688 3.926646
105050087 -1.120136 0.121600 -0.231674 1.150289 101.619112 173.804334 0.336696 3.927211
105050088 -1.118960 0.121600 -0.236533 1.150133 101.867978 173.797872 0.338696 3.927701
105050089 -1.117784 0.121600 -0.241393 1.149999 102.116905 173.791396 0.340689 3.928118
105050090 -1.116607 0.121600 -0.246253 1.149886 102.365886 173.784906 0.342673 3.928461
105050091 -1.115431 0.121600 -0.251112 1.149796 102.614911 173.778403 0.344649 3.928729
105050092 -1.114255 0.121600 -0.255972 1.149727 102.863970 173.771887 0.346617 3.928923
105050093 -1.113078 0.121600 -0.260831 1.149679 103.113055 173.765356 0.348576 3.929043
105050094 -1.111902 0.121600 -0.265691 1.149654 103.362154 173.758812 0.350526 3.929088
105050095 -1.110726 0.121600 -0.270551 1.149650 103.611260 173.752255 0.352467 3.929059
105050096 -1.109549 0.121600 -0.275410 1.149668 103.860363 173.745684 0.354398 3.928956
105050097 -1.108373 0.121600 -0.280270 1.149708 104.109453 173.739099 0.356320 3.928778
105050098 -1.107197 0.121600 -0.285130 1.149769 104.358521 173.732500 0.358232 3.928526
105050099 -1.106020 0.121600 -0.289989 1.149853 104.607557 173.725887 0.360134 3.928199
105050100 -1.104844 0.121600 -0.294849 1.149958 104.856553 173.719260 0.362026 3.927798
105050101 -1.221301 0.148000 0.186257 1.244255 81.390840 173.090458 0.296720 3.626379
105050102 -1.220124 0.148000 0.181397 1.242382 81.604369 173.083860 0.295518 3.631800
105050103 -1.218948 0.148000 0.176537 1.240526 81.818541 173.077251 0.294295 3.637186
105050104 -1.217772 0.148000 0.171678 1.238687 82.033352 173.070629 0.293053 3.642537
105050105 -1.216595 0.148000 0.166818 1.236866 82.248798 173.063994 0.291791 3.647853
105050106 -1.215419 0.148000 0.161959 1.235062 82.464877 173.057346 0.290509 3.653132
105050107 -1.214243 0.148000 0.157099 1.233276 82.681585 173.050686 0.289206 3.658374
105050108 -1.213066 0.148000 0.152239 1.231507 82.898918 173.044013 0.287883 3.663578
105050109 -1.211890 0.148000 0.147380 1.229757 83.116874 173.037328 0.286539 3.668745
105050110 -1.210714 0.148000 0.142520 1.228024 83.335447 173.030629 0.285175 3.673872
105050111 -1.209537 0.148000 0.137660 1.226309 83.554636 173.023918 0.283791 3.678960
105050112 -1.208361 0.148000 0.132801 1.224613 83.774435 173.017194 0.282386 3.684008
105050113 -1.207185 0.148000 0.127941 1.222934 83.994840 173.010457 0.280961 3.689015
105050114 -1.206008 0.148000 0.123081 1.221274 84.215849 173.003707 0.279515 3.693981
105050115 -1.204832 0.148000 0.118222 1.219631 84.437456 172.996944 0.278048 3.698905
105050116 -1.203656 0.148000 0.113362 1.218007 84.659657 172.990168 0.276561 3.703787
105050117 -1.202479 0.148000 0.108502 1.216402 84.882449 172.983379 0.275053 3.708626
105050118 -1.201303 0.148000 0.103643 1.214815 85.105826 172.976577 0.273525 3.713420
105050119 -1.200127 0.148000 0.098783 1.213246 85.329784 172.969761 0.271976 3.718171
105050120 -1.198950 0.148000 0.093923 1.211696 85.554318 172.962933 0.270406 3.722876
105050121 -1.197774 0.148000 0.089064 1.210165 85.779425 172.956091 0.268815 3.727536
105050122 -1.196598 0.148000 0.084204 1.208652 86.005098 172.949236 0.267203 3.732149
105050123 -1.195421 0.148000 0.079344 1.207159 86.231333 172.942368 0.265571 3.736716
105050124 -1.194245 0.148000 0.074485 1.205684 86.458126 172.935486 0.263918 3.741236
105050125 -1.193069 0.148000 0.069625 1.204228 86.685470 172.928592 0.262245 3.745707
105050126 -1.191892 0.148000 0.064765 1.202791 86.913361 172.921683 0.260551 3.750130
105050127 -1.190716 0.148000 0.059906 1.201373 87.141794 172.914761 0.258836 3.754503
105050128 -1.189540 0.148000 0.055046 1.199974 87.370763 172.907826 0.257100 3.758827
105050129 -1.188363 0.148000 0.050186 1.198595 87.600263 172.900877 0.255344 3.763100
105050130 -1.187187 0.148000 0.045327 1.197235 87.830288 172.893915 0.253567 3.767323
105050131 -1.186011 0.148000 0.040467 1.195894 88.060832 172.886939 0.251769 3.771494
105050132 -1.184834 0.148000 0.035607 1.194573 88.291891 172.879950 0.249951 3.775612
105050133 -1.183658 0.148000 0.030748 1.193271 88.523457 172.872946 0.248112 3.779678
105050134 -1.182482 0.148000 0.025888 1.191989 88.755525 172.865929 0.246253 3.783691
105050135 -1.181305 0.148000 0.021029 1.190726 88.988089 172.858899 0.244374 3.787650
105050136 -1.180129 0.148000 0.016169 1.189483 89.221144 172.851854 0.242474 3.791554
105050137 -1.178953 0.148000 0.011309 1.188260 89.454682 172.844796 0.240554 3.795404
105050138 -1.177776 0.148000 0.006450 1.187056 89.688697 172.837724 0.238614 3.799197
105050139 -1.176600 0.148000 0.001590 1.185873 89.923183 172.830638 0.236654 3.802935
105050140 -1.175424 0.148000 -0.003270 1.184709 90.158134 172.823537 0.237652 3.806616
105050141 -1.174247 0.148000 -0.008129 1.183565 90.393543 172.816423 0.240100 3.810240
105050142 -1.173071 0.148000 -0.012989 1.182442 90.629404 172.809295 0.242552 3.813806
105050143 -1.171895 0.148000 -0.017849 1.181338 90.865709 172.802153 0.245008 3.817314
105050144 -1.170718 0.148000 -0.022708 1.180255 91.102452 172.794996 0.247469 3.820763
105050145 -1.169542 0.148000 -0.027568 1.179192 91.339626 172.787826 0.249934 3.824153
105050146 -1.168366 0.148000 -0.032428 1.178149 91.577224 172.780641 0.252403 3.827483
105050147 -1.167189 0.148000 -0.037287 1.177126 91.815239 172.773442 0.254875 3.830752
105050148 -1.166013 0.148000 -0.042147 1.176124 92.053663 172.766229 0.257350 3.833961
105050149 -1.164837 0.148000 -0.047007 1.175142 92.292490 172.759001 0.259829 3.837108
105050150 -1.163660 0.148000 -0.051866 1.174180 92.531713 172.751759 0.262310 3.840194
105050151 -1.162484 0.148000 -0.056726 1.173240 92.771323 172.744503 0.264794 3.843217
105050152 -1.161308 0.148000 -0.061586 1.172319 93.011313 172.737232 0.267280 3.846178
105050153 -1.160131 0.148000 -0.066445 1.171420 93.251677 172.729946 0.269769 3.849075
105050154 -1.158955 0.148000 -0.071305 1.170541 93.492405 172.722646 0.272259 3.851909
105050155 -1.157779 0.148000 -0.076165 1.169682 93.733491 172.715332 0.274751 3.854678
105050156 -1.156602 0.148000 -0.081024 1.168845 93.974927 172.708003 0.277244 3.857383
105050157 -1.155426 0.148000 -0.085884 1.168028 94.216704 172.700659 0.279738 3.860023
105050158 -1.154250 0.148000 -0.090744 1.167232 94.458816 172.693300 0.282233 3.862598
105050159 -1.153073 0.148000 -0.095603 1.166457 94.701254 172.685927 0.284729 3.865106
105050160 -1.151897 0.148000 -0.100463 1.165703 94.944009 172.678538 0.287225 3.867549
105050161 -1.150721 0.148000 -0.105323 1.164970 95.187074 172.671135 0.289721 3.869925
105050162 -1.149544 0.148000 -0.110182 1.164258 95.430441 172.663717 0.292217 3.872234
105050163 -1.148368 0.148000 -0.115042 1.163567 95.674102 172.656285 0.294712 3.874475
105050164 -1.147192 0.148000 -0.119901 1.162897 95.918047 172.648837 0.297206 3.876649
105050165 -1.146015 0.148000 -0.124761 1.162248 96.162269 172.641374 0.299700 3.878754
105050166 -1.144839 0.148000 -0.129621 1.161621 96.406759 172.633896 0.302192 3.880791
105050167 -1.143663 0.148000 -0.134480 1.161014 96.651509 172.626402 0.304682 3.882759
105050168 -1.142487 0.148000 -0.139340 1.160429 96.896511 172.618894 0.307171 3.884659
105050169 -1.141310 0.148000 -0.144200 1.159865 97.141755 172.611371 0.309658 3.886488
105050170 -1.140134 0.148000 -0.149059 1.159322 97.387233 172.603832 0.312142 3.888248
105050171 -1.138958 0.148000 -0.153919 1.158801 97.632936 172.596278 0.314624 3.889938
105050172 -1.137781 0.148000 -0.158779 1.158301 97.878856 172.588708 0.317102 3.891558
105050173 -1.136605 0.148000 -0.163638 1.157822 98.124983 172.581123 0.319578 3.893106
105050174 -1.135429 0.148000 -0.168498 1.157365 98.371310 172.573523 0.322050 3.894584
105050175 -1.134252 0.148000 -0.173358 1.156929 98.617826 172.565907 0.324518 3.895991
105050176 -1.133076 0.148000 -0.178217 1.156515 98.864524 172.558275 0.326983 3.897327
105050177 -1.131900 0.148000 -0.183077 1.156122 99.111393 172.550628 0.329443 3.898591
105050178 -1.130723 0.148000 -0.187937 1.155750 99.358426 172.542966 0.331898 3.899783
105050179 -1.129547 0.148000 -0.192796 1.155401 99.605612 172.535287 0.334349 3.900903
105050180 -1.128371 0.148000 -0.197656 1.155072 99.852944 172.527593 0.336795 3.901951
105050181 -1.127194 0.148000 -0.202516 1.154766 100.100412 172.519883 0.339235 3.902926
105050182 -1.126018 0.148000 -0.207375 1.154480 100.348006 172.512158 0.341670 3.903829
105050183 -1.124842 0.148000 -0.212235 1.154217 100.595718 172.504416 0.344099 3.904659
105050184 -1.123665 0.148000 -0.217095 1.153975 100.843538 172.496659 0.346521 3.905417
105050185 -1.122489 0.148000 -0.221954 1.153754 101.091457 172.488885 0.348937 3.906101
105050186 -1.121313 0.148000 -0.226814 1.153556 101.339466 172.481096 0.351347 3.906712
105050187 -1.120136 0.148000 -0.231674 1.153378 101.587556 172.473290 0.353750 3.907250
105050188 -1.118960 0.148000 -0.236533 1.153223 101.835717 172.465468 0.356145 3.907715
105050189 -1.117784 0.148000 -0.241393 1.153089 102.083940 172.457630 0.358533 3.908106
105050190 -1.116607 0.148000 -0.246253 1.152977 102.332216 172.449776 0.360913 3.908423
105050191 -1.115431 0.148000 -0.251112 1.152887 102.580535 172.441906 0.363285 3.908667
105050192 -1.114255 0.148000 -0.255972 1.152818 102.828888 172.434019 0.365649 3.908838
105050193 -1.113078 0.148000 -0.260831 1.152771 103.077266 172.426116 0.368004 3.908935
105050194 -1.111902 0.148000 -0.265691 1.152745 103.325660 172.418196 0.370351 3.908958
105050195 -1.110726 0.148000 -0.270551 1.152742 103.574059 172.410260 0.372688 3.908907
105050196 -1.109549 0.148000 -0.275410 1.152760 103.822455 172.402308 0.375017 3.908783
105050197 -1.108373 0.148000 -0.280270 1.152799 104.070839 172.394338 0.377336 3.908585
105050198 -1.107197 0.148000 -0.285130 1.152860 104.319200 172.386353 0.379645 3.908313
105050199 -1.106020 0.148000 -0.289989 1.152944 104.567530 172.378350 0.381944 3.907968
105050200 -1.104844 0.148000 -0.294849 1.153048 104.815820 172.370331 0.384233 3.907549
105050201 -1.221301 0.174400 0.186257 1.247671 81.414586 171.873186 0.307130 3.607589
105050202 -1.220124 0.174400 0.181397 1.245802 81.627588 171.865455 0.305678 3.612934
105050203 -1.218948 0.174400 0.176537 1.243951 81.841226 171.857710 0.304203 3.618244
105050204 -1.217772 0.174400 0.171678 1.242118 82.055499 171.849951 0.302706 3.623520
105050205 -1.216595 0.174400 0.166818 1.240301 82.270402 171.842176 0.301187 3.628760
105050206 -1.215419 0.174400 0.161959 1.238503 82.485933 171.834387 0.299646 3.633964
105050207 -1.214243 0.174400 0.157099 1.236722 82.702087 171.826584 0.298082 3.639131
105050208 -1.213066 0.174400 0.152239 1.234958 82.918862 171.818765 0.296495 3.644260
105050209 -1.211890 0.174400 0.147380 1.233213 83.136255 171.810931 0.294886 3.649352
105050210 -1.210714 0.174400 0.142520 1.231485 83.354260 171.803083 0.293255 3.654405
105050211 -1.209537 0.174400 0.137660 1.229775 83.572875 171.795220 0.291600 3.659419
105050212 -1.208361 0.174400 0.132801 1.228083 83.792096 171.787341 0.289923 3.664392
105050213 -1.207185 0.174400 0.127941 1.226409 84.011918 171.779448 0.288223 3.669326
105050214 -1.206008 0.174400 0.123081 1.224753 84.232338 171.771539 0.286501 3.674218
105050215 -1.204832 0.174400 0.118222 1.223116 84.453352 171.763616 0.284756 3.679069
105050216 -1.203656 0.174400 0.113362 1.221496 84.674955 171.755677 0.282987 3.683877
105050217 -1.202479 0.174400 0.108502 1.219895 84.897143 171.747723 0.281196 3.688643
105050218 -1.201303 0.174400 0.103643 1.218313 85.119912 171.739754 0.279383 3.693365
105050219 -1.200127 0.174400 0.098783 1.216749 85.343258 171.731769 0.277546 3.698043
105050220 -1.198950 0.174400 0.093923 1.215203 85.567174 171.723769 0.275686 3.702676
105050221 -1.197774 0.174400 0.089064 1.213676 85.791658 171.715754 0.273804 3.707264
105050222 -1.196598 0.174400 0.084204 1.212168 86.016704 171.707723 0.271899 3.711806
105050223 -1.195421 0.174400 0.079344 1.210679 86.242307 171.699677 0.269971 3.716302
105050224 -1.194245 0.174400 0.074485 1.209208 86.468462 171.691615 0.268020 3.720750
105050225 -1.193069 0.174400 0.069625 1.207757 86.695165 171.683538 0.266047 3.725151
105050226 -1.191892 0.174400 0.064765 1.206324 86.922410 171.675445 0.264050 3.729504
105050227 -1.190716 0.174400 0.059906 1.204910 87.150192 171.667336 0.262031 3.733808
105050228 -1.189540 0.174400 0.055046 1.203516 87.378505 171.659212 0.259990 3.738062
105050229 -1.188363 0.174400 0.050186 1.202140 87.607344 171.651072 0.257925 3.742266
105050230 -1.187187 0.174400 0.045327 1.200784 87.836704 171.642916 0.255839 3.746420
105050231 -1.186011 0.174400 0.040467 1.199448 88.066579 171.634745 0.253729 3.750523
105050232 -1.184834 0.174400 0.035607 1.198130 88.296963 171.626557 0.251597 3.754574
105050233 -1.183658 0.174400 0.030748 1.196832 88.527851 171.618354 0.249443 3.758572
105050234 -1.182482 0.174400 0.025888 1.195554 88.759236 171.610134 0.247266 3.762518
105050235 -1.181305 0.174400 0.021029 1.194295 88.991113 171.601899 0.245067 3.766410
105050236 -1.180129 0.174400 0.016169 1.193055 89.223476 171.593647 0.242846 3.770248
105050237 -1.178953 0.174400 0.011309 1.191836 89.456318 171.585380 0.240602 3.774032
105050238 -1.177776 0.174400 0.006450 1.190636 89.689633 171.577096 0.238337 3.777761
105050239 -1.176600 0.174400 0.001590 1.189456 89.923415 171.568796 0.236050 3.781434
105050240 -1.175424 0.174400 -0.003270 1.188296 90.157657 171.560480 0.237159 3.785051
105050241 -1.174247 0.174400 -0.008129 1.187156 90.392353 171.552147 0.239933 3.788611
105050242 -1.173071 0.174400 -0.012989 1.186035 90.627497 171.543798 0.242714 3.792114
105050243 -1.171895 0.174400 -0.017849 1.184935 90.863081 171.535433 0.245500 3.795559
105050244 -1.170718 0.174400 -0.022708 1.183855 91.099099 171.527051 0.248293 3.798946
105050245 -1.169542 0.174400 -0.027568 1.182795 91.335544 171.518653 0.251092 3.802274
105050246 -1.168366 0.174400 -0.032428 1.181755 91.572409 171.510238 0.253896 3.805542
105050247 -1.167189 0.174400 -0.037287 1.180736 91.809687 171.501807 0.256706 3.808752
105050248 -1.166013 0.174400 -0.042147 1.179737 92.047371 171.493359 0.259520 3.811900
105050249 -1.164837 0.174400 -0.047007 1.178758 92.285454 171.484894 0.262340 3.814988
105050250 -1.163660 0.174400 -0.051866 1.177799 92.523929 171.476413 0.265164 3.818015
105050251 -1.162484 0.174400 -0.056726 1.176861 92.762788 171.467914 0.267992 3.820980
105050252 -1.161308 0.174400 -0.061586 1.175944 93.002023 171.459399 0.270824 3.823883
105050253 -1.160131 0.174400 -0.066445 1.175047 93.241628 171.450867 0.273660 3.826723
105050254 -1.158955 0.174400 -0.071305 1.174171 93.481595 171.442319 0.276499 3.829501
105050255 -1.157779 0.174400 -0.076165 1.173315 93.721916 171.433753 0.279341 3.832214
105050256 -1.156602 0.174400 -0.081024 1.172480 93.962583 171.425170 0.282187 3.834864
105050257 -1.155426 0.174400 -0.085884 1.171666 94.203589 171.416570 0.285034 3.837450
105050258 -1.154250 0.174400 -0.090744 1.170872 94.444926 171.407953 0.287885 3.839971
105050259 -1.153073 0.174400 -0.095603 1.170100 94.686585 171.399318 0.290737 3.842426
105050260 -1.151897 0.174400 -0.100463 1.169348 94.928560 171.390667 0.293590 3.844816
105050261 -1.150721 0.174400 -0.105323 1.168617 95.170841 171.381998 0.296446 3.847140
105050262 -1.149544 0.174400 -0.110182 1.167908 95.413421 171.373312 0.299302 3.849398
105050263 -1.148368 0.174400 -0.115042 1.167219 95.656292 171.364608 0.302159 3.851589
105050264 -1.147192 0.174400 -0.119901 1.166551 95.899445 171.355887 0.305017 3.853713
105050265 -1.146015 0.174400 -0.124761 1.165904 96.142872 171.347149 0.307875 3.855769
105050266 -1.144839 0.174400 -0.129621 1.165278 96.386565 171.338392 0.310733 3.857758
105050267 -1.143663 0.174400 -0.134480 1.164674 96.630515 171.329619 0.313590 3.859678
105050268 -1.142487 0.174400 -0.139340 1.164090 96.874714 171.320827 0.316447 3.861531
105050269 -1.141310 0.174400 -0.144200 1.163528 97.119153 171.312018 0.319303 3.863314
105050270 -1.140134 0.174400 -0.149059 1.162987 97.363823 171.303192 0.322157 3.865029
105050271 -1.138958 0.174400 -0.153919 1.162467 97.608717 171.294347 0.325010 3.866674
105050272 -1.137781 0.174400 -0.158779 1.161969 97.853826 171.285484 0.327861 3.868250
105050273 -1.136605 0.174400 -0.163638 1.161492 98.099139 171.276604 0.330710 3.869755
105050274 -1.135429 0.174400 -0.168498 1.161036 98.344650 171.267706 0.333556 3.871191
105050275 -1.134252 0.174400 -0.173358 1.160602 98.590349 171.258789 0.336400 3.872556
105050276 -1.133076 0.174400 -0.178217 1.160189 98.836228 171.249855 0.339240 3.873851
105050277 -1.131900 0.174400 -0.183077 1.159797 99.082276 171.240902 0.342077 3.875075
105050278 -1.130723 0.174400 -0.187937 1.159427 99.328486 171.231931 0.344910 3.876228
105050279 -1.129547 0.174400 -0.192796 1.159078 99.574849 171.222942 0.347740 3.877309
105050280 -1.128371 0.174400 -0.197656 1.158751 99.821355 171.213935 0.350564 3.878319
105050281 -1.127194 0.174400 -0.202516 1.158445 100.067996 171.204909 0.353385 3.879258
105050282 -1.126018 0.174400 -0.207375 1.158161 100.314762 171.195865 0.356200 3.880125
105050283 -1.124842 0.174400 -0.212235 1.157898 100.561644 171.186802 0.359010 3.880920
105050284 -1.123665 0.174400 -0.217095 1.157657 100.808634 171.177721 0.361814 3.881643
105050285 -1.122489 0.174400 -0.221954 1.157437 101.055721 171.168621 0.364613 3.882293
105050286 -1.121313 0.174400 -0.226814 1.157239 101.302898 171.159503 0.367405 3.882872
105050287 -1.120136 0.174400 -0.231674 1.157062 101.550154 171.150365 0.370191 3.883377
105050288 -1.118960 0.174400 -0.236533 1.156907 101.797481 171.141210 0.372970 3.883811
105050289 -1.117784 0.174400 -0.241393 1.156774 102.044869 171.132035 0.375741 3.884172
105050290 -1.116607 0.174400 -0.246253 1.156662 102.292310 171.122841 0.378506 3.884460
105050291 -1.115431 0.174400 -0.251112 1.156572 102.539793 171.113629 0.381263 3.884675
105050292 -1.114255 0.174400 -0.255972 1.156503 102.787310 171.104397 0.384012 3.884818
105050293 -1.113078 0.174400 -0.260831 1.156457 103.034852 171.095147 0.386752 3.884887
105050294 -1.111902 0.174400 -0.265691 1.156431 103.282408 171.085877 0.389484 3.884884
105050295 -1.110726 0.174400 -0.270551 1.156427 103.529971 171.076588 0.392207 3.884808
105050296 -1.109549 0.174400 -0.275410 1.156445 103.777530 171.067280 0.394921 3.884659
105050297 -1.108373 0.174400 -0.280270 1.156485 104.025076 171.057953 0.397626 3.884438
105050298 -1.107197 0.174400 -0.285130 1.156546 104.272600 171.048606 0.400321 3.884143
105050299 -1.106020 0.174400 -0.289989 1.156629 104.520094 171.039240 0.403005 3.883776
105050300 -1.104844 0.174400 -0.294849 1.156733 104.767547 171.029855 0.405680 3.883336
105050301 -1.221301 0.200800 0.186257 1.251634 81.441976 170.663254 0.317137 3.585777
105050302 -1.220124 0.200800 0.181397 1.249771 81.654368 170.654411 0.315440 3.591035
105050303 -1.218948 0.200800 0.176537 1.247926 81.867391 170.645552 0.313719 3.596259
105050304 -1.217772 0.200800 0.171678 1.246099 82.081042 170.636675 0.311974 3.601448
105050305 -1.216595 0.200800 0.166818 1.244288 82.295318 170.627783 0.310204 3.606602
105050306 -1.215419 0.200800 0.161959 1.242495 82.510216 170.618873 0.308409 3.611719
105050307 -1.214243 0.200800 0.157099 1.240720 82.725732 170.609947 0.306590 3.616800
105050308 -1.213066 0.200800 0.152239 1.238962 82.941863 170.601003 0.304747 3.621843
105050309 -1.211890 0.200800 0.147380 1.237222 83.158605 170.592043 0.302878 3.626849
105050310 -1.210714 0.200800 0.142520 1.235500 83.375954 170.583066 0.300985 3.631817
105050311 -1.209537 0.200800 0.137660 1.233796 83.593908 170.574072 0.299068 3.636745
105050312 -1.208361 0.200800 0.132801 1.232109 83.812461 170.565061 0.297125 3.641634
105050313 -1.207185 0.200800 0.127941 1.230441 84.031610 170.556032 0.295158 3.646482
105050314 -1.206008 0.200800 0.123081 1.228790 84.251352 170.546987 0.293165 3.651290
105050315 -1.204832 0.200800 0.118222 1.227158 84.471681 170.537924 0.291148 3.656056
105050316 -1.203656 0.200800 0.113362 1.225544 84.692594 170.528845 0.289106 3.660781
105050317 -1.202479 0.200800 0.108502 1.223948 84.914086 170.519748 0.287039 3.665463
105050318 -1.201303 0.200800 0.103643 1.222371 85.136154 170.510633 0.284948 3.670101
105050319 -1.200127 0.200800 0.098783 1.220812 85.358792 170.501501 0.282831 3.674696
105050320 -1.198950 0.200800 0.093923 1.219272 85.581996 170.492352 0.280690 3.679247
105050321 -1.197774 0.200800 0.089064 1.217750 85.805762 170.483185 0.278524 3.683753
105050322 -1.196598 0.200800 0.084204 1.216247 86.030084 170.474001 0.276333 3.688213
105050323 -1.195421 0.200800 0.079344 1.214763 86.254958 170.464799 0.274117 3.692627
105050324 -1.194245 0.200800 0.074485 1.213297 86.480379 170.455580 0.271876 3.696994
105050325 -1.193069 0.200800 0.069625 1.211850 86.706342 170.446343 0.269611 3.701314
105050326 -1.191892 0.200800 0.064765 1.210422 86.932841 170.437088 0.267321 3.705586
105050327 -1.190716 0.200800 0.059906 1.209014 87.159872 170.427815 0.265006 3.709810
105050328 -1.189540 0.200800 0.055046 1.207624 87.387429 170.418525 0.262667 3.713985
105050329 -1.188363 0.200800 0.050186 1.206253 87.615507 170.409216 0.260303 3.718110
105050330 -1.187187 0.200800 0.045327 1.204902 87.844100 170.399890 0.257915 3.722185
105050331 -1.186011 0.200800 0.040467 1.203570 88.073203 170.390546 0.255503 3.726210
105050332 -1.184834 0.200800 0.035607 1.202257 88.302811 170.381183 0.253066 3.730183
105050333 -1.183658 0.200800 0.030748 1.200963 88.532916 170.371803 0.250605 3.734104
105050334 -1.182482 0.200800 0.025888 1.199689 88.763514 170.362405 0.248119 3.737973
105050335 -1.181305 0.200800 0.021029 1.198435 88.994599 170.352988 0.245610 3.741789
105050336 -1.180129 0.200800 0.016169 1.197200 89.226164 170.343553 0.243077 3.745551
105050337 -1.178953 0.200800 0.011309 1.195984 89.458204 170.334100 0.240520 3.749260
105050338 -1.177776 0.200800 0.006450 1.194788 89.690712 170.324628 0.237939 3.752914
105050339 -1.176600 0.200800 0.001590 1.193613 89.923681 170.315138 0.235334 3.756513
105050340 -1.175424 0.200800 -0.003270 1.192456 90.157107 170.305629 0.236551 3.760056
105050341 -1.174247 0.200800 -0.008129 1.191320 90.390982 170.296102 0.239641 3.763543
105050342 -1.173071 0.200800 -0.012989 1.190204 90.625299 170.286557 0.242739 3.766974
105050343 -1.171895 0.200800 -0.017849 1.189107 90.860052 170.276993 0.245845 3.770347
105050344 -1.170718 0.200800 -0.022708 1.188031 91.095235 170.267410 0.248960 3.773663
105050345 -1.169542 0.200800 -0.027568 1.186975 91.330840 170.257808 0.252081 3.776920
105050346 -1.168366 0.200800 -0.032428 1.185939 91.566861 170.248188 0.255210 3.780119
105050347 -1.167189 0.200800 -0.037287 1.184923 91.803290 170.238549 0.258346 3.783259
105050348 -1.166013 0.200800 -0.042147 1.183927 92.040121 170.228891 0.261489 3.786339
105050349 -1.164837 0.200800 -0.047007 1.182952 92.277347 170.219214 0.264638 3.789359
105050350 -1.163660 0.200800 -0.051866 1.181997 92.514960 170.209518 0.267793 3.792318
105050351 -1.162484 0.200800 -0.056726 1.181062 92.752953 170.199802 0.270954 3.795217
105050352 -1.161308 0.200800 -0.061586 1.180148 92.991319 170.190068 0.274121 3.798054
105050353 -1.160131 0.200800 -0.066445 1.179254 93.230050 170.180315 0.277292 3.800829
105050354 -1.158955 0.200800 -0.071305 1.178381 93.469140 170.170542 0.280469 3.803542
105050355 -1.157779 0.200800 -0.076165 1.177529 93.708579 170.160750 0.283650 3.806192
105050356 -1.156602 0.200800 -0.081024 1.176697 93.948361 170.150939 0.286836 3.808778
105050357 -1.155426 0.200800 -0.085884 1.175885 94.188478 170.141109 0.290026 3.811302
105050358 -1.154250 0.200800 -0.090744 1.175095 94.428922 170.131259 0.293219 3.813761
105050359 -1.153073 0.200800 -0.095603 1.174325 94.669686 170.121389 0.296416 3.816155
105050360 -1.151897 0.200800 -0.100463 1.173576 94.910761 170.111500 0.299615 3.818485
105050361 -1.150721 0.200800 -0.105323 1.172848 95.152140 170.101591 0.302818 3.820750
105050362 -1.149544 0.200800 -0.110182 1.172140 95.393814 170.091663 0.306023 3.822949
105050363 -1.148368 0.200800 -0.115042 1.171454 95.635775 170.081715 0.309230 3.825082
105050364 -1.147192 0.200800 -0.119901 1.170789 95.878016 170.071747 0.312439 3.827149
105050365 -1.146015 0.200800 -0.124761 1.170144 96.120527 170.061759 0.315649 3.829150
105050366 -1.144839 0.200800 -0.129621 1.169521 96.363301 170.051751 0.318860 3.831083
105050367 -1.143663 0.200800 -0.134480 1.168918 96.606330 170.041724 0.322072 3.832949
105050368 -1.142487 0.200800 -0.139340 1.168337 96.849605 170.031676 0.325285 3.834748
105050369 -1.141310 0.200800 -0.144200 1.167777 97.093117 170.021608 0.328497 3.836479
105050370 -1.140134 0.200800 -0.149059 1.167238 97.336858 170.011520 0.331709 3.838141
105050371 -1.138958 0.200800 -0.153919 1.166720 97.580820 170.001412 0.334921 3.839736
105050372 -1.137781 0.200800 -0.158779 1.166224 97.824994 169.991284 0.338132 3.841261
105050373 -1.136605 0.200800 -0.163638 1.165748 98.069371 169.981135 0.341342 3.842717
105050374 -1.135429 0.200800 -0.168498 1.165294 98.313943 169.970966 0.344550 3.844105
105050375 -1.134252 0.200800 -0.173358 1.164861 98.558701 169.960776 0.347756 3.845422
105050376 -1.133076 0.200800 -0.178217 1.164450 98.803636 169.950566 0.350959 3.846670
105050377 -1.131900 0.200800 -0.183077 1.164059 99.048740 169.940335 0.354160 3.847848
105050378 -1.130723 0.200800 -0.187937 1.163691 99.294003 169.930084 0.357359 3.848956
105050379 -1.129547 0.200800 -0.192796 1.163343 99.539417 169.919812 0.360554 3.849994
105050380 -1.128371 0.200800 -0.197656 1.163017 99.784973 169.909519 0.363745 3.850961
105050381 -1.127194 0.200800 -0.202516 1.162712 100.030661 169.899205 0.366932 3.851858
105050382 -1.126018 0.200800 -0.207375 1.162429 100.276474 169.888871 0.370115 3.852683
105050383 -1.124842 0.200800 -0.212235 1.162167 100.522401 169.878515 0.373293 3.853438
105050384 -1.123665 0.200800 -0.217095 1.161927 100.768435 169.868139 0.376466 3.854121
105050385 -1.122489 0.200800 -0.221954 1.161708 101.014565 169.857741 0.379634 3.854733
105050386 -1.121313 0.200800 -0.226814 1.161511 101.260783 169.847323 0.382796 3.855274
105050387 -1.120136 0.200800 -0.231674 1.161335 101.507080 169.836883 0.385952 3.855744
105050388 -1.118960 0.200800 -0.236533 1.161180 101.753447 169.826422 0.389102 3.856141
105050389 -1.117784 0.200800 -0.241393 1.161047 101.999874 169.815939 0.392245 3.856467
105050390 -1.116607 0.200800 -0.246253 1.160936 102.246353 169.805435 0.395381 3.856722
105050391 -1.115431 0.200800 -0.251112 1.160846 102.492874 169.794910 0.398510 3.856904
105050392 -1.114255 0.200800 -0.255972 1.160778 102.739428 169.784363 0.401631 3.857015
105050393 -1.113078 0.200800 -0.260831 1.160731 102.986006 169.773795 0.404743 3.857054
105050394 -1.111902 0.200800 -0.265691 1.160706 103.232600 169.763205 0.407848 3.857021
105050395 -1.110726 0.200800 -0.270551 1.160702 103.479198 169.752593 0.410944 3.856916
105050396 -1.109549 0.200800 -0.275410 1.160720 103.725794 169.741959 0.414030 3.856739
105050397 -1.108373 0.200800 -0.280270 1.160759 103.972377 169.731304 0.417108 3.856491
105050398 -1.107197 0.200800 -0.285130 1.160820 104.218938 169.720626 0.420175 3.856170
105050399 -1.106020 0.200800 -0.289989 1.160903 104.465468 169.709927 0.423233 3.855778
105050400 -1.104844 0.200800 -0.294849 1.161007 104.711958 169.699206 0.426281 3.855314
105050401 -1.221301 0.227200 0.186257 1.256140 81.472902 169.461665 0.326707 3.561061
105050402 -1.220124 0.227200 0.181397 1.254284 81.684605 169.451733 0.324772 3.566222
105050403 -1.218948 0.227200 0.176537 1.252445 81.896932 169.441782 0.322811 3.571348
105050404 -1.217772 0.227200 0.171678 1.250624 82.109881 169.431813 0.320824 3.576440
105050405 -1.216595 0.227200 0.166818 1.248820 82.323449 169.421825 0.318810 3.581496
105050406 -1.215419 0.227200 0.161959 1.247034 82.537631 169.411818 0.316770 3.586517
105050407 -1.214243 0.227200 0.157099 1.245265 82.752426 169.401793 0.314703 3.591501
105050408 -1.213066 0.227200 0.152239 1.243514 82.967828 169.391749 0.312609 3.596448
105050409 -1.211890 0.227200 0.147380 1.241780 83.183836 169.381686 0.310489 3.601358
105050410 -1.210714 0.227200 0.142520 1.240064 83.400444 169.371604 0.308341 3.606230
105050411 -1.209537 0.227200 0.137660 1.238366 83.617650 169.361503 0.306168 3.611062
105050412 -1.208361 0.227200 0.132801 1.236686 83.835449 169.351384 0.303967 3.615856
105050413 -1.207185 0.227200 0.127941 1.235024 84.053838 169.341245 0.301740 3.620609
105050414 -1.206008 0.227200 0.123081 1.233379 84.272813 169.331087 0.299486 3.625323
105050415 -1.204832 0.227200 0.118222 1.231753 84.492369 169.320910 0.297205 3.629995
105050416 -1.203656 0.227200 0.113362 1.230145 84.712502 169.310714 0.294897 3.634625
105050417 -1.202479 0.227200 0.108502 1.228556 84.933209 169.300498 0.292563 3.639213
105050418 -1.201303 0.227200 0.103643 1.226984 85.154484 169.290263 0.290201 3.643759
105050419 -1.200127 0.227200 0.098783 1.225431 85.376324 169.280009 0.287813 3.648261
105050420 -1.198950 0.227200 0.093923 1.223897 85.598724 169.269735 0.285399 3.652719
105050421 -1.197774 0.227200 0.089064 1.222381 85.821679 169.259442 0.282957 3.657132
105050422 -1.196598 0.227200 0.084204 1.220883 86.045184 169.249130 0.280489 3.661501
105050423 -1.195421 0.227200 0.079344 1.219405 86.269235 169.238797 0.277994 3.665823
105050424 -1.194245 0.227200 0.074485 1.217945 86.493826 169.228445 0.275473 3.670100
105050425 -1.193069 0.227200 0.069625 1.216503 86.718953 169.218074 0.272925 3.674329
105050426 -1.191892 0.227200 0.064765 1.215081 86.944611 169.207683 0.270351 3.678512
105050427 -1.190716 0.227200 0.059906 1.213678 87.170795 169.197271 0.267750 3.682646
105050428 -1.189540 0.227200 0.055046 1.212293 87.397499 169.186840 0.265123 3.686732
105050429 -1.188363 0.227200 0.050186 1.210928 87.624717 169.176389 0.262470 3.690768
105050430 -1.187187 0.227200 0.045327 1.209582 87.852445 169.165918 0.259790 3.694755
105050431 -1.186011 0.227200 0.040467 1.208254 88.080677 169.155428 0.257084 3.698692
105050432 -1.184834 0.227200 0.035607 1.206947 88.309408 169.144916 0.254352 3.702578
105050433 -1.183658 0.227200 0.030748 1.205658 88.538630 169.134385 0.251595 3.706413
105050434 -1.182482 0.227200 0.025888 1.204389 88.768340 169.123834 0.248811 3.710196
105050435 -1.181305 0.227200 0.021029 1.203139 88.998531 169.113262 0.246002 3.713927
105050436 -1.180129 0.227200 0.016169 1.201909 89.229196 169.102670 0.243167 3.717605
105050437 -1.178953 0.227200 0.011309 1.200699 89.460331 169.092058 0.240307 3.721229
105050438 -1.177776 0.227200 0.006450 1.199508 89.691928 169.081425 0.237421 3.724800
105050439 -1.176600 0.227200 0.001590 1.198336 89.923982 169.070772 0.234510 3.728316
105050440 -1.175424 0.227200 -0.003270 1.197185 90.156486 169.060098 0.235830 3.731777
105050441 -1.174247 0.227200 -0.008129 1.196053 90.389434 169.049403 0.239224 3.735182
105050442 -1.173071 0.227200 -0.012989 1.194941 90.622820 169.038688 0.242628 3.738532
105050443 -1.171895 0.227200 -0.017849 1.193849 90.856636 169.027952 0.246042 3.741825
105050444 -1.170718 0.227200 -0.022708 1.192777 91.090877 169.017196 0.249466 3.745061
105050445 -1.169542 0.227200 -0.027568 1.191725 91.325534 169.006418 0.252899 3.748240
105050446 -1.168366 0.227200 -0.032428 1.190693 91.560603 168.995620 0.256340 3.751360
105050447 -1.167189 0.227200 -0.037287 1.189681 91.796075 168.984800 0.259790 3.754423
105050448 -1.166013 0.227200 -0.042147 1.188690 92.031944 168.973960 0.263249 3.757426
105050449 -1.164837 0.227200 -0.047007 1.187718 92.268203 168.963098 0.266715 3.760370
105050450 -1.163660 0.227200 -0.051866 1.186767 92.504845 168.952215 0.270189 3.763255
105050451 -1.162484 0.227200 -0.056726 1.185836 92.741862 168.941311 0.273670 3.766079
105050452 -1.161308 0.227200 -0.061586 1.184925 92.979248 168.930386 0.277159 3.768842
105050453 -1.160131 0.227200 -0.066445 1.184035 93.216994 168.919440 0.280654 3.771544
105050454 -1.158955 0.227200 -0.071305 1.183166 93.455094 168.908472 0.284155 3.774185
105050455 -1.157779 0.227200 -0.076165 1.182317 93.693539 168.897482 0.287662 3.776763
105050456 -1.156602 0.227200 -0.081024 1.181488 93.932323 168.886472 0.291176 3.779280
105050457 -1.155426 0.227200 -0.085884 1.180680 94.171438 168.875439 0.294694 3.781733
105050458 -1.154250 0.227200 -0.090744 1.179893 94.410877 168.864385 0.298218 3.784124
105050459 -1.153073 0.227200 -0.095603 1.179126 94.650630 168.853309 0.301746 3.786450
105050460 -1.151897 0.227200 -0.100463 1.178380 94.890691 168.842211 0.305278 3.788713
105050461 -1.150721 0.227200 -0.105323 1.177655 95.131052 168.831092 0.308815 3.790912
105050462 -1.149544 0.227200 -0.110182 1.176950 95.371705 168.819950 0.312355 3.793046
105050463 -1.148368 0.227200 -0.115042 1.176267 95.612641 168.808787 0.315898 3.795114
105050464 -1.147192 0.227200 -0.119901 1.175604 95.853854 168.797602 0.319445 3.797118
105050465 -1.146015 0.227200 -0.124761 1.174962 96.095333 168.786394 0.322993 3.799056
105050466 -1.144839 0.227200 -0.129621 1.174342 96.337072 168.775165 0.326545 3.800928
105050467 -1.143663 0.227200 -0.134480 1.173742 96.579063 168.763913 0.330097 3.802733
105050468 -1.142487 0.227200 -0.139340 1.173163 96.821296 168.752639 0.333652 3.804472
105050469 -1.141310 0.227200 -0.144200 1.172605 97.063764 168.741342 0.337207 3.806144
105050470 -1.140134 0.227200 -0.149059 1.172068 97.306458 168.730023 0.340764 3.807748
105050471 -1.138958 0.227200 -0.153919 1.171552 97.549369 168.718682 0.344320 3.809286
105050472 -1.137781 0.227200 -0.158779 1.171058 97.792490 168.707318 0.347877 3.810755
105050473 -1.136605 0.227200 -0.163638 1.170584 98.035812 168.695931 0.351433 3.812156
105050474 -1.135429 0.227200 -0.168498 1.170132 98.279326 168.684522 0.354989 3.813490
105050475 -1.134252 0.227200 -0.173358 1.169701 98.523023 168.673090 0.358544 3.814754
105050476 -1.133076 0.227200 -0.178217 1.169291 98.766896 168.661635 0.362097 3.815950
105050477 -1.131900 0.227200 -0.183077 1.168903 99.010934 168.650157 0.365648 3.817077
105050478 -1.130723 0.227200 -0.187937 1.168535 99.255130 168.638657 0.369197 3.818135
105050479 -1.129547 0.227200 -0.192796 1.168189 99.499475 168.627133 0.372743 3.819124
105050480 -1.128371 0.227200 -0.197656 1.167865 99.743960 168.615586 0.376287 3.820043
105050481 -1.127194 0.227200 -0.202516 1.167561 99.988576 168.604016 0.379827 3.820893
105050482 -1.126018 0.227200 -0.207375 1.167279 100.233314 168.592423 0.383363 3.821672
105050483 -1.124842 0.227200 -0.212235 1.167018 100.478166 168.580807 0.386895 3.822382
105050484 -1.123665 0.227200 -0.217095 1.166779 100.723122 168.569167 0.390423 3.823022
105050485 -1.122489 0.227200 -0.221954 1.166561 100.968174 168.557503 0.393946 3.823591
105050486 -1.121313 0.227200 -0.226814 1.166365 101.213312 168.545817 0.397464 3.824090
105050487 -1.120136 0.227200 -0.231674 1.166189 101.458528 168.534106 0.400976 3.824519
105050488 -1.118960 0.227200 -0.236533 1.166036 101.703813 168.522372 0.404482 3.824877
105050489 -1.117784 0.227200 -0.241393 1.165903 101.949158 168.510614 0.407982 3.825165
105050490 -1.116607 0.227200 -0.246253 1.165792 102.194553 168.498833 0.411475 3.825381
105050491 -1.115431 0.227200 -0.251112 1.165703 102.439990 168.487027 0.414961 3.825528
105050492 -1.114255 0.227200 -0.255972 1.165635 102.685459 168.475198 0.418439 3.825603
105050493 -1.113078 0.227200 -0.260831 1.165588 102.930953 168.463345 0.421910 3.825608
105050494 -1.111902 0.227200 -0.265691 1.165563 103.176460 168.451467 0.425373 3.825542
105050495 -1.110726 0.227200 -0.270551 1.165559 103.421974 168.439566 0.428827 3.825405
105050496 -1.109549 0.227200 -0.275410 1.165577 103.667483 168.427640 0.432272 3.825197
105050497 -1.108373 0.227200 -0.280270 1.165616 103.912981 168.415690 0.435708 3.824918
105050498 -1.107197 0.227200 -0.285130 1.165677 104.158456 168.403716 0.439134 3.824569
105050499 -1.106020 0.227200 -0.289989 1.165759 104.403901 168.391717 0.442550 3.824149
105050500 -1.104844 0.227200 -0.294849 1.165863 104.649306 168.379693 0.445956 3.823658
105050501 -1.221301 0.253600 0.186257 1.261182 81.507246 168.269378 0.335812 3.533568
105050502 -1.220124 0.253600 0.181397 1.259334 81.718183 168.258382 0.333646 3.538621
105050503 -1.218948 0.253600 0.176537 1.257502 81.929737 168.247366 0.331452 3.543640
105050504 -1.217772 0.253600 0.171678 1.255689 82.141905 168.236329 0.329230 3.548625
105050505 -1.216595 0.253600 0.166818 1.253892 82.354685 168.225273 0.326980 3.553575
105050506 -1.215419 0.253600 0.161959 1.252113 82.568072 168.214195 0.324701 3.558489
105050507 -1.214243 0.253600 0.157099 1.250351 82.782064 168.203097 0.322393 3.563367
105050508 -1.213066 0.253600 0.152239 1.248607 82.996658 168.191979 0.320057 3.568209
105050509 -1.211890 0.253600 0.147380 1.246880 83.211849 168.180839 0.317693 3.573013
105050510 -1.210714 0.253600 0.142520 1.245172 83.427633 168.169679 0.315300 3.577779
105050511 -1.209537 0.253600 0.137660 1.243481 83.644008 168.158498 0.312879 3.582507
105050512 -1.208361 0.253600 0.132801 1.241807 83.860970 168.147297 0.310428 3.587196
105050513 -1.207185 0.253600 0.127941 1.240152 84.078514 168.136074 0.307950 3.591845
105050514 -1.206008 0.253600 0.123081 1.238514 84.296637 168.124831 0.305442 3.596454
105050515 -1.204832 0.253600 0.118222 1.236895 84.515334 168.113566 0.302906 3.601023
105050516 -1.203656 0.253600 0.113362 1.235294 84.734602 168.102280 0.300342 3.605550
105050517 -1.202479 0.253600 0.108502 1.233711 84.954436 168.090973 0.297749 3.610035
105050518 -1.201303 0.253600 0.103643 1.232146 85.174831 168.079645 0.295127 3.614478
105050519 -1.200127 0.253600 0.098783 1.230599 85.395784 168.068296 0.292477 3.618878
105050520 -1.198950 0.253600 0.093923 1.229071 85.617290 168.056926 0.289799 3.623234
105050521 -1.197774 0.253600 0.089064 1.227562 85.839345 168.045534 0.287092 3.627547
105050522 -1.196598 0.253600 0.084204 1.226071 86.061942 168.034120 0.284356 3.631814
105050523 -1.195421 0.253600 0.079344 1.224598 86.285079 168.022685 0.281592 3.636037
105050524 -1.194245 0.253600 0.074485 1.223144 86.508750 168.011229 0.278800 3.640214
105050525 -1.193069 0.253600 0.069625 1.221709 86.732950 167.999751 0.275980 3.644344
105050526 -1.191892 0.253600 0.064765 1.220293 86.957674 167.988251 0.273131 3.648427
105050527 -1.190716 0.253600 0.059906 1.218896 87.182916 167.976730 0.270255 3.652463
105050528 -1.189540 0.253600 0.055046 1.217517 87.408673 167.965186 0.267350 3.656451
105050529 -1.188363 0.253600 0.050186 1.216158 87.634937 167.953621 0.264418 3.660391
105050530 -1.187187 0.253600 0.045327 1.214817 87.861705 167.942034 0.261457 3.664281
105050531 -1.186011 0.253600 0.040467 1.213496 88.088970 167.930425 0.258469 3.668122
105050532 -1.184834 0.253600 0.035607 1.212194 88.316727 167.918794 0.255453 3.671913
105050533 -1.183658 0.253600 0.030748 1.210911 88.544971 167.907141 0.252410 3.675653
105050534 -1.182482 0.253600 0.025888 1.209647 88.773695 167.895466 0.249340 3.679342
105050535 -1.181305 0.253600 0.021029 1.208403 89.002893 167.883768 0.246242 3.682979
105050536 -1.180129 0.253600 0.016169 1.207178 89.232561 167.872048 0.243117 3.686564
105050537 -1.178953 0.253600 0.011309 1.205973 89.462691 167.860306 0.239965 3.690096
105050538 -1.177776 0.253600 0.006450 1.204787 89.693278 167.848541 0.236786 3.693575
105050539 -1.176600 0.253600 0.001590 1.203621 89.924316 167.836754 0.233580 3.697000
105050540 -1.175424 0.253600 -0.003270 1.202474 90.155798 167.824945 0.234999 3.700371
105050541 -1.174247 0.253600 -0.008129 1.201348 90.387718 167.813112 0.238685 3.703687
105050542 -1.173071 0.253600 -0.012989 1.200241 90.620070 167.801257 0.242383 3.706948
105050543 -1.171895 0.253600 -0.017849 1.199153 90.852847 167.789380 0.246092 3.710153
105050544 -1.170718 0.253600 -0.022708 1.198086 91.086042 167.777479 0.249811 3.713302
105050545 -1.169542 0.253600 -0.027568 1.197039 91.319649 167.765556 0.253542 3.716394
105050546 -1.168366 0.253600 -0.032428 1.196011 91.553662 167.753610 0.257283 3.719430
105050547 -1.167189 0.253600 -0.037287 1.195004 91.788073 167.741640 0.261034 3.722407
105050548 -1.166013 0.253600 -0.042147 1.194017 92.022875 167.729648 0.264795 3.725326
105050549 -1.164837 0.253600 -0.047007 1.193050 92.258062 167.717632 0.268565 3.728187
105050550 -1.163660 0.253600 -0.051866 1.192103 92.493626 167.705594 0.272344 3.730989
105050551 -1.162484 0.253600 -0.056726 1.191176 92.729561 167.693532 0.276132 3.733732
105050552 -1.161308 0.253600 -0.061586 1.190270 92.965859 167.681447 0.279929 3.736414
105050553 -1.160131 0.253600 -0.066445 1.189383 93.202514 167.669338 0.283733 3.739037
105050554 -1.158955 0.253600 -0.071305 1.188518 93.439516 167.657206 0.287545 3.741598
105050555 -1.157779 0.253600 -0.076165 1.187672 93.676860 167.645050 0.291365 3.744099
105050556 -1.156602 0.253600 -0.081024 1.186848 93.914538 167.632871 0.295191 3.746538
105050557 -1.155426 0.253600 -0.085884 1.186043 94.152542 167.620668 0.299025 3.748915
105050558 -1.154250 0.253600 -0.090744 1.185259 94.390865 167.608442 0.302864 3.751231
105050559 -1.153073 0.253600 -0.095603 1.184496 94.629499 167.596191 0.306709 3.753483
105050560 -1.151897 0.253600 -0.100463 1.183754 94.868437 167.583917 0.310560 3.755672
105050561 -1.150721 0.253600 -0.105323 1.183032 95.107670 167.571619 0.314416 3.757799
105050562 -1.149544 0.253600 -0.110182 1.182331 95.347190 167.559297 0.318277 3.759861
105050563 -1.148368 0.253600 -0.115042 1.181650 95.586991 167.546951 0.322142 3.761859
105050564 -1.147192 0.253600 -0.119901 1.180990 95.827063 167.534580 0.326012 3.763793
105050565 -1.146015 0.253600 -0.124761 1.180352 96.067399 167.522186 0.329884 3.765663
105050566 -1.144839 0.253600 -0.129621 1.179734 96.307991 167.509767 0.333761 3.767467
105050567 -1.143663 0.253600 -0.134480 1.179136 96.548830 167.497323 0.337640 3.769206
105050568 -1.142487 0.253600 -0.139340 1.178560 96.789909 167.484856 0.341521 3.770880
105050569 -1.141310 0.253600 -0.144200 1.178005 97.031220 167.472364 0.345405 3.772487
105050570 -1.140134 0.253600 -0.149059 1.177471 97.272753 167.459847 0.349290 3.774028
105050571 -1.138958 0.253600 -0.153919 1.176957 97.514501 167.447306 0.353176 3.775503
105050572 -1.137781 0.253600 -0.158779 1.176465 97.756455 167.434739 0.357064 3.776912
105050573 -1.136605 0.253600 -0.163638 1.175994 97.998607 167.422149 0.360952 3.778253
105050574 -1.135429 0.253600 -0.168498 1.175543 98.240949 167.409533 0.364840 3.779527
105050575 -1.134252 0.253600 -0.173358 1.175114 98.483471 167.396892 0.368727 3.780734
105050576 -1.133076 0.253600 -0.178217 1.174706 98.726166 167.384227 0.372614 3.781873
105050577 -1.131900 0.253600 -0.183077 1.174320 98.969024 167.371536 0.376500 3.782944
105050578 -1.130723 0.253600 -0.187937 1.173954 99.212038 167.358820 0.380385 3.783948
105050579 -1.129547 0.253600 -0.192796 1.173610 99.455199 167.346079 0.384267 3.784883
105050580 -1.128371 0.253600 -0.197656 1.173286 99.698497 167.333313 0.388147 3.785750
105050581 -1.127194 0.253600 -0.202516 1.172984 99.941925 167.320521 0.392025 3.786548
105050582 -1.126018 0.253600 -0.207375 1.172704 100.185473 167.307704 0.395899 3.787278
105050583 -1.124842 0.253600 -0.212235 1.172444 100.429132 167.294861 0.399770 3.787938
105050584 -1.123665 0.253600 -0.217095 1.172206 100.672895 167.281993 0.403637 3.788530
105050585 -1.122489 0.253600 -0.221954 1.171989 100.916752 167.269099 0.407499 3.789053
105050586 -1.121313 0.253600 -0.226814 1.171793 101.160694 167.256180 0.411357 3.789507
105050587 -1.120136 0.253600 -0.231674 1.171619 101.404713 167.243234 0.415209 3.789891
105050588 -1.118960 0.253600 -0.236533 1.171466 101.648799 167.230263 0.419056 3.790206
105050589 -1.117784 0.253600 -0.241393 1.171334 101.892944 167.217266 0.422897 3.790451
105050590 -1.116607 0.253600 -0.246253 1.171224 102.137139 167.204242 0.426731 3.790627
105050591 -1.115431 0.253600 -0.251112 1.171135 102.381375 167.191193 0.430559 3.790734
105050592 -1.114255 0.253600 -0.255972 1.171067 102.625643 167.178117 0.434380 3.790771
105050593 -1.113078 0.253600 -0.260831 1.171021 102.869935 167.165015 0.438193 3.790738
105050594 -1.111902 0.253600 -0.265691 1.170996 103.114240 167.151887 0.441998 3.790636
105050595 -1.110726 0.253600 -0.270551 1.170992 103.358551 167.138732 0.445794 3.790464
105050596 -1.109549 0.253600 -0.275410 1.171010 103.602858 167.125551 0.449582 3.790222
105050597 -1.108373 0.253600 -0.280270 1.171049 103.847152 167.112343 0.453361 3.789911
105050598 -1.107197 0.253600 -0.285130 1.171109 104.091426 167.099109 0.457130 3.789531
105050599 -1.106020 0.253600 -0.289989 1.171191 104.335668 167.085848 0.460890 3.789080
105050600 -1.104844 0.253600 -0.294849 1.171294 104.579872 167.072560 0.464639 3.788560
105050601 -1.221301 0.280000 0.186257 1.266754 81.544881 167.087305 0.344425 3.503437
105050602 -1.220124 0.280000 0.181397 1.264914 81.754976 167.075273 0.342036 3.508374
105050603 -1.218948 0.280000 0.176537 1.263091 81.965682 167.063220 0.339617 3.513277
105050604 -1.217772 0.280000 0.171678 1.261285 82.176993 167.051144 0.337168 3.518146
105050605 -1.216595 0.280000 0.166818 1.259497 82.388909 167.039047 0.334689 3.522981
105050606 -1.215419 0.280000 0.161959 1.257726 82.601424 167.026927 0.332180 3.527780
105050607 -1.214243 0.280000 0.157099 1.255972 82.814536 167.014784 0.329641 3.532543
105050608 -1.213066 0.280000 0.152239 1.254235 83.028242 167.002620 0.327071 3.537270
105050609 -1.211890 0.280000 0.147380 1.252517 83.242537 166.990433 0.324472 3.541960
105050610 -1.210714 0.280000 0.142520 1.250816 83.457419 166.978223 0.321842 3.546612
105050611 -1.209537 0.280000 0.137660 1.249132 83.672883 166.965991 0.319181 3.551226
105050612 -1.208361 0.280000 0.132801 1.247466 83.888926 166.953736 0.316491 3.555802
105050613 -1.207185 0.280000 0.127941 1.245818 84.105544 166.941459 0.313770 3.560338
105050614 -1.206008 0.280000 0.123081 1.244189 84.322732 166.929159 0.311019 3.564835
105050615 -1.204832 0.280000 0.118222 1.242577 84.540488 166.916836 0.308237 3.569291
105050616 -1.203656 0.280000 0.113362 1.240983 84.758807 166.904491 0.305426 3.573707
105050617 -1.202479 0.280000 0.108502 1.239407 84.977684 166.892122 0.302584 3.578081
105050618 -1.201303 0.280000 0.103643 1.237849 85.197115 166.879730 0.299712 3.582413
105050619 -1.200127 0.280000 0.098783 1.236310 85.417096 166.867316 0.296810 3.586703
105050620 -1.198950 0.280000 0.093923 1.234789 85.637623 166.854878 0.293877 3.590949
105050621 -1.197774 0.280000 0.089064 1.233286 85.858691 166.842417 0.290915 3.595152
105050622 -1.196598 0.280000 0.084204 1.231802 86.080294 166.829933 0.287923 3.599311
105050623 -1.195421 0.280000 0.079344 1.230336 86.302430 166.817426 0.284900 3.603425
105050624 -1.194245 0.280000 0.074485 1.228889 86.525092 166.804895 0.281848 3.607494
105050625 -1.193069 0.280000 0.069625 1.227461 86.748275 166.792341 0.278766 3.611517
105050626 -1.191892 0.280000 0.064765 1.226051 86.971976 166.779763 0.275655 3.615494
105050627 -1.190716 0.280000 0.059906 1.224661 87.196188 166.767162 0.272513 3.619424
105050628 -1.189540 0.280000 0.055046 1.223289 87.420907 166.754537 0.269343 3.623306
105050629 -1.188363 0.280000 0.050186 1.221935 87.646127 166.741889 0.266142 3.627141
105050630 -1.187187 0.280000 0.045327 1.220601 87.871843 166.729216 0.262913 3.630927
105050631 -1.186011 0.280000 0.040467 1.219286 88.098049 166.716520 0.259654 3.634664
105050632 -1.184834 0.280000 0.035607 1.217990 88.324741 166.703800 0.256366 3.638352
105050633 -1.183658 0.280000 0.030748 1.216714 88.551912 166.691056 0.253050 3.641989
105050634 -1.182482 0.280000 0.025888 1.215456 88.779556 166.678289 0.249704 3.645577
105050635 -1.181305 0.280000 0.021029 1.214218 89.007669 166.665497 0.246330 3.649113
105050636 -1.180129 0.280000 0.016169 1.212999 89.236244 166.652680 0.242927 3.652597
105050637 -1.178953 0.280000 0.011309 1.211799 89.465275 166.639840 0.239496 3.656030
105050638 -1.177776 0.280000 0.006450 1.210619 89.694756 166.626976 0.236037 3.659410
105050639 -1.176600 0.280000 0.001590 1.209459 89.924681 166.614087 0.232550 3.662737
105050640 -1.175424 0.280000 -0.003270 1.208318 90.155045 166.601173 0.234063 3.666011
105050641 -1.174247 0.280000 -0.008129 1.207196 90.385840 166.588235 0.238027 3.669230
105050642 -1.173071 0.280000 -0.012989 1.206095 90.617060 166.575273 0.242004 3.672396
105050643 -1.171895 0.280000 -0.017849 1.205013 90.848699 166.562286 0.245994 3.675506
105050644 -1.170718 0.280000 -0.022708 1.203951 91.080751 166.549274 0.249996 3.678561
105050645 -1.169542 0.280000 -0.027568 1.202908 91.313209 166.536238 0.254011 3.681560
105050646 -1.168366 0.280000 -0.032428 1.201886 91.546066 166.523176 0.258037 3.684502
105050647 -1.167189 0.280000 -0.037287 1.200884 91.779315 166.510090 0.262075 3.687388
105050648 -1.166013 0.280000 -0.042147 1.199901 92.012950 166.496979 0.266124 3.690217
105050649 -1.164837 0.280000 -0.047007 1.198939 92.246965 166.483843 0.270184 3.692988
105050650 -1.163660 0.280000 -0.051866 1.197997 92.481351 166.470682 0.274254 3.695701
105050651 -1.162484 0.280000 -0.056726 1.197074 92.716102 166.457495 0.278334 3.698356
105050652 -1.161308 0.280000 -0.061586 1.196172 92.951210 166.444283 0.282424 3.700951
105050653 -1.160131 0.280000 -0.066445 1.195291 93.186670 166.431046 0.286523 3.703488
105050654 -1.158955 0.280000 -0.071305 1.194429 93.422473 166.417784 0.290631 3.705964
105050655 -1.157779 0.280000 -0.076165 1.193588 93.658612 166.404496 0.294748 3.708381
105050656 -1.156602 0.280000 -0.081024 1.192767 93.895080 166.391183 0.298873 3.710737
105050657 -1.155426 0.280000 -0.085884 1.191967 94.131869 166.377844 0.303005 3.713032
105050658 -1.154250 0.280000 -0.090744 1.191187 94.368972 166.364479 0.307145 3.715266
105050659 -1.153073 0.280000 -0.095603 1.190428 94.606382 166.351088 0.311293 3.717439
105050660 -1.151897 0.280000 -0.100463 1.189689 94.844090 166.337672 0.315446 3.719549
105050661 -1.150721 0.280000 -0.105323 1.188971 95.082090 166.324230 0.319607 3.721597
105050662 -1.149544 0.280000 -0.110182 1.188273 95.320372 166.310762 0.323773 3.723583
105050663 -1.148368 0.280000 -0.115042 1.187596 95.558931 166.297268 0.327944 3.725505
105050664 -1.147192 0.280000 -0.119901 1.186940 95.797757 166.283747 0.332120 3.727364
105050665 -1.146015 0.280000 -0.124761 1.186304 96.036842 166.270201 0.336302 3.729160
105050666 -1.144839 0.280000 -0.129621 1.185689 96.276180 166.256628 0.340487 3.730892
105050667 -1.143663 0.280000 -0.134480 1.185095 96.515761 166.243029 0.344676 3.732559
105050668 -1.142487 0.280000 -0.139340 1.184521 96.755578 166.229403 0.348869 3.734162
105050669 -1.141310 0.280000 -0.144200 1.183969 96.995623 166.215751 0.353064 3.735701
105050670 -1.140134 0.280000 -0.149059 1.183437 97.235888 166.202073 0.357262 3.737174
105050671 -1.138958 0.280000 -0.153919 1.182927 97.476363 166.188367 0.361463 3.738582
105050672 -1.137781 0.280000 -0.158779 1.182437 97.717042 166.174635 0.365665 3.739925
105050673 -1.136605 0.280000 -0.163638 1.181968 97.957916 166.160877 0.369868 3.741201
105050674 -1.135429 0.280000 -0.168498 1.181520 98.198975 166.147091 0.374072 3.742412
105050675 -1.134252 0.280000 -0.173358 1.181093 98.440213 166.133278 0.378277 3.743556
105050676 -1.133076 0.280000 -0.178217 1.180687 98.681621 166.119439 0.382481 3.744635
105050677 -1.131900 0.280000 -0.183077 1.180302 98.923190 166.105572 0.386686 3.745646
105050678 -1.130723 0.280000 -0.187937 1.179939 99.164912 166.091678 0.390889 3.746591
105050679 -1.129547 0.280000 -0.192796 1.179596 99.406778 166.077757 0.395091 3.747468
105050680 -1.128371 0.280000 -0.197656 1.179274 99.648779 166.063808 0.399291 3.748279
105050681 -1.127194 0.280000 -0.202516 1.178974 99.890908 166.049832 0.403489 3.749022
105050682 -1.126018 0.280000 -0.207375 1.178695 100.133155 166.035829 0.407685 3.749698
105050683 -1.124842 0.280000 -0.212235 1.178436 100.375512 166.021798 0.411878 3.750306
105050684 -1.123665 0.280000 -0.217095 1.178199 100.617971 166.007739 0.416067 3.750847
105050685 -1.122489 0.280000 -0.221954 1.177983 100.860522 165.993653 0.420252 3.751320
105050686 -1.121313 0.280000 -0.226814 1.177789 101.103157 165.979538 0.424433 3.751724
105050687 -1.120136 0.280000 -0.231674 1.177615 101.345867 165.965396 0.428609 3.752061
105050688 -1.118960 0.280000 -0.236533 1.177463 101.588643 165.951226 0.432780 3.752330
105050689 -1.117784 0.280000 -0.241393 1.177332 101.831478 165.937028 0.436945 3.752530
105050690 -1.116607 0.280000 -0.246253 1.177222 102.074361 165.922802 0.441104 3.752663
105050691 -1.115431 0.280000 -0.251112 1.177134 102.317284 165.908547 0.445257 3.752727
105050692 -1.114255 0.280000 -0.255972 1.177066 102.560239 165.894264 0.449403 3.752722
105050693 -1.113078 0.280000 -0.260831 1.177020 102.803217 165.879953 0.453542 3.752650
105050694 -1.111902 0.280000 -0.265691 1.176995 103.046209 165.865613 0.457672 3.752509
105050695 -1.110726 0.280000 -0.270551 1.176992 103.289205 165.851245 0.461795 3.752300
105050696 -1.109549 0.280000 -0.275410 1.177009 103.532198 165.836848 0.465909 3.752022
105050697 -1.108373 0.280000 -0.280270 1.177048 103.775178 165.822422 0.470014 3.751676
105050698 -1.107197 0.280000 -0.285130 1.177108 104.018138 165.807967 0.474109 3.751262
105050699 -1.106020 0.280000 -0.289989 1.177189 104.261067 165.793484 0.478195 3.750779
105050700 -1.104844 0.280000 -0.294849 1.177292 104.503957 165.778971 0.482270 3.750229
105050701 -1.221301 0.306400 0.186257 1.272850 81.585667 165.916307 0.352525 3.470816
105050702 -1.220124 0.306400 0.181397 1.271019 81.794850 165.903270 0.349921 3.475629
105050703 -1.218948 0.306400 0.176537 1.269205 82.004634 165.890210 0.347286 3.480408
105050704 -1.217772 0.306400 0.171678 1.267408 82.215017 165.877125 0.344619 3.485154
105050705 -1.216595 0.306400 0.166818 1.265628 82.425994 165.864017 0.341921 3.489865
105050706 -1.215419 0.306400 0.161959 1.263865 82.637563 165.850885 0.339190 3.494541
105050707 -1.214243 0.306400 0.157099 1.262120 82.849721 165.837729 0.336428 3.499181
105050708 -1.213066 0.306400 0.152239 1.260392 83.062463 165.824549 0.333634 3.503786
105050709 -1.211890 0.306400 0.147380 1.258681 83.275787 165.811345 0.330808 3.508354
105050710 -1.210714 0.306400 0.142520 1.256989 83.489689 165.798116 0.327950 3.512884
105050711 -1.209537 0.306400 0.137660 1.255313 83.704165 165.784864 0.325061 3.517377
105050712 -1.208361 0.306400 0.132801 1.253656 83.919212 165.771587 0.322139 3.521832
105050713 -1.207185 0.306400 0.127941 1.252016 84.134825 165.758286 0.319186 3.526248
105050714 -1.206008 0.306400 0.123081 1.250394 84.351001 165.744961 0.316201 3.530624
105050715 -1.204832 0.306400 0.118222 1.248790 84.567736 165.731611 0.313184 3.534961
105050716 -1.203656 0.306400 0.113362 1.247204 84.785025 165.718237 0.310136 3.539257
105050717 -1.202479 0.306400 0.108502 1.245636 85.002865 165.704838 0.307056 3.543513
105050718 -1.201303 0.306400 0.103643 1.244087 85.221251 165.691415 0.303944 3.547727
105050719 -1.200127 0.306400 0.098783 1.242555 85.440179 165.677967 0.300800 3.551898
105050720 -1.198950 0.306400 0.093923 1.241042 85.659645 165.664494 0.297625 3.556028
105050721 -1.197774 0.306400 0.089064 1.239547 85.879643 165.650996 0.294419 3.560114
105050722 -1.196598 0.306400 0.084204 1.238070 86.100169 165.637473 0.291181 3.564157
105050723 -1.195421 0.306400 0.079344 1.236612 86.321219 165.623926 0.287911 3.568155
105050724 -1.194245 0.306400 0.074485 1.235172 86.542788 165.610353 0.284610 3.572109
105050725 -1.193069 0.306400 0.069625 1.233751 86.764871 165.596755 0.281278 3.576018
105050726 -1.191892 0.306400 0.064765 1.232349 86.987463 165.583132 0.277915 3.579881
105050727 -1.190716 0.306400 0.059906 1.230965 87.210559 165.569484 0.274521 3.583697
105050728 -1.189540 0.306400 0.055046 1.229600 87.434154 165.555810 0.271097 3.587467
105050729 -1.188363 0.306400 0.050186 1.228254 87.658242 165.542111 0.267641 3.591190
105050730 -1.187187 0.306400 0.045327 1.226926 87.882819 165.528387 0.264155 3.594865
105050731 -1.186011 0.306400 0.040467 1.225618 88.107879 165.514637 0.260638 3.598491
105050732 -1.184834 0.306400 0.035607 1.224329 88.333416 165.500861 0.257090 3.602069
105050733 -1.183658 0.306400 0.030748 1.223059 88.559426 165.487060 0.253513 3.605598
105050734 -1.182482 0.306400 0.025888 1.221808 88.785902 165.473233 0.249905 3.609077
105050735 -1.181305 0.306400 0.021029 1.220576 89.012839 165.459381 0.246268 3.612505
105050736 -1.180129 0.306400 0.016169 1.219363 89.240230 165.445502 0.242601 3.615883
105050737 -1.178953 0.306400 0.011309 1.218170 89.468071 165.431598 0.238904 3.619210
105050738 -1.177776 0.306400 0.006450 1.216996 89.696355 165.417667 0.235178 3.622485
105050739 -1.176600 0.306400 0.001590 1.215842 89.925077 165.403710 0.231422 3.625707
105050740 -1.175424 0.306400 -0.003270 1.214707 90.154229 165.389728 0.233024 3.628877
105050741 -1.174247 0.306400 -0.008129 1.213591 90.383806 165.375719 0.237252 3.631994
105050742 -1.173071 0.306400 -0.012989 1.212496 90.613802 165.361683 0.241494 3.635057
105050743 -1.171895 0.306400 -0.017849 1.211419 90.844211 165.347621 0.245751 3.638066
105050744 -1.170718 0.306400 -0.022708 1.210363 91.075025 165.333533 0.250021 3.641021
105050745 -1.169542 0.306400 -0.027568 1.209326 91.306239 165.319419 0.254305 3.643921
105050746 -1.168366 0.306400 -0.032428 1.208309 91.537845 165.305277 0.258602 3.646765
105050747 -1.167189 0.306400 -0.037287 1.207312 91.769838 165.291109 0.262912 3.649554
105050748 -1.166013 0.306400 -0.042147 1.206335 92.002210 165.276915 0.267234 3.652286
105050749 -1.164837 0.306400 -0.047007 1.205378 92.234956 165.262693 0.271568 3.654962
105050750 -1.163660 0.306400 -0.051866 1.204440 92.468067 165.248445 0.275913 3.657580
105050751 -1.162484 0.306400 -0.056726 1.203523 92.701537 165.234170 0.280270 3.660141
105050752 -1.161308 0.306400 -0.061586 1.202626 92.935359 165.219867 0.284638 3.662645
105050753 -1.160131 0.306400 -0.066445 1.201749 93.169527 165.205538 0.289016 3.665089
105050754 -1.158955 0.306400 -0.071305 1.200892 93.404032 165.191181 0.293405 3.667476
105050755 -1.157779 0.306400 -0.076165 1.200056 93.638868 165.176797 0.297803 3.669803
105050756 -1.156602 0.306400 -0.081024 1.199239 93.874027 165.162386 0.302210 3.672071
105050757 -1.155426 0.306400 -0.085884 1.198443 94.109502 165.147947 0.306627 3.674279
105050758 -1.154250 0.306400 -0.090744 1.197668 94.345287 165.133481 0.311052 3.676426
105050759 -1.153073 0.306400 -0.095603 1.196912 94.581372 165.118987 0.315485 3.678514
105050760 -1.151897 0.306400 -0.100463 1.196178 94.817751 165.104466 0.319925 3.680540
105050761 -1.150721 0.306400 -0.105323 1.195463 95.054417 165.089916 0.324373 3.682505
105050762 -1.149544 0.306400 -0.110182 1.194769 95.291361 165.075339 0.328828 3.684409
105050763 -1.148368 0.306400 -0.115042 1.194096 95.528576 165.060735 0.333289 3.686251
105050764 -1.147192 0.306400 -0.119901 1.193443 95.766055 165.046102 0.337756 3.688031
105050765 -1.146015 0.306400 -0.124761 1.192811 96.003789 165.031441 0.342229 3.689748
105050766 -1.144839 0.306400 -0.129621 1.192199 96.241770 165.016752 0.346707 3.691403
105050767 -1.143663 0.306400 -0.134480 1.191608 96.479991 165.002035 0.351190 3.692995
105050768 -1.142487 0.306400 -0.139340 1.191038 96.718444 164.987289 0.355677 3.694523
105050769 -1.141310 0.306400 -0.144200 1.190489 96.957121 164.972516 0.360167 3.695988
105050770 -1.140134 0.306400 -0.149059 1.189960 97.196014 164.957713 0.364661 3.697389
105050771 -1.138958 0.306400 -0.153919 1.189452 97.435114 164.942883 0.369158 3.698726
105050772 -1.137781 0.306400 -0.158779 1.188965 97.674414 164.928023 0.373658 3.699999
105050773 -1.136605 0.306400 -0.163638 1.188499 97.913906 164.913135 0.378159 3.701207
105050774 -1.135429 0.306400 -0.168498 1.188053 98.153581 164.898219 0.382663 3.702350
105050775 -1.134252 0.306400 -0.173358 1.187629 98.393431 164.883273 0.387167 3.703429
105050776 -1.133076 0.306400 -0.178217 1.187225 98.633447 164.868299 0.391672 3.704442
105050777 -1.131900 0.306400 -0.183077 1.186842 98.873622 164.853295 0.396177 3.705390
105050778 -1.130723 0.306400 -0.187937 1.186481 99.113947 164.838262 0.400682 3.706273
105050779 -1.129547 0.306400 -0.192796 1.186140 99.354414 164.823201 0.405186 3.707090
105050780 -1.128371 0.306400 -0.197656 1.185820 99.595014 164.808110 0.409689 3.707841
105050781 -1.127194 0.306400 -0.202516 1.185521 99.835739 164.792989 0.414191 3.708526
105050782 -1.126018 0.306400 -0.207375 1.185243 100.076581 164.777840 0.418690 3.709144
105050783 -1.124842 0.306400 -0.212235 1.184987 100.317530 164.762660 0.423187 3.709697
105050784 -1.123665 0.306400 -0.217095 1.184751 100.558579 164.747451 0.427681 3.710183
105050785 -1.122489 0.306400 -0.221954 1.184536 100.799719 164.732213 0.432172 3.710603
105050786 -1.121313 0.306400 -0.226814 1.184343 101.040941 164.716945 0.436658 3.710956
105050787 -1.120136 0.306400 -0.231674 1.184170 101.282237 164.701647 0.441140 3.711243
105050788 -1.118960 0.306400 -0.236533 1.184019 101.523598 164.686319 0.445618 3.711463
105050789 -1.117784 0.306400 -0.241393 1.183888 101.765016 164.670961 0.450090 3.711616
105050790 -1.116607 0.306400 -0.246253 1.183779 102.006482 164.655572 0.454556 3.711702
105050791 -1.115431 0.306400 -0.251112 1.183691 102.247987 164.640154 0.459016 3.711721
105050792 -1.114255 0.306400 -0.255972 1.183624 102.489523 164.624705 0.463470 3.711673
105050793 -1.113078 0.306400 -0.260831 1.183578 102.731081 164.609227 0.467916 3.711559
105050794 -1.111902 0.306400 -0.265691 1.183553 102.972653 164.593717 0.472355 3.711377
105050795 -1.110726 0.306400 -0.270551 1.183550 103.214230 164.578177 0.476786 3.711128
105050796 -1.109549 0.306400 -0.275410 1.183567 103.455803 164.562607 0.481208 3.710813
105050797 -1.108373 0.306400 -0.280270 1.183606 103.697363 164.547006 0.485621 3.710430
105050798 -1.107197 0.306400 -0.285130 1.183666 103.938902 164.531373 0.490025 3.709981
105050799 -1.106020 0.306400 -0.289989 1.183746 104.180412 164.515711 0.494419 3.709464
105050800 -1.104844 0.306400 -0.294849 1.183848 104.421883 164.500017 0.498803 3.708881
