# pixelID   x   y   z   l2  two_theta   azimuthal   polar_width azimuthal_width
104020001 -1.157700 -0.557180 1.021137 1.641170 51.522991 -154.299332 1.495385 2.767031
104020002 -1.157700 -0.557180 1.016137 1.638064 51.659904 -154.299332 1.494384 2.772276
104020003 -1.157700 -0.557180 1.011137 1.634967 51.797337 -154.299332 1.493347 2.777525
104020004 -1.157700 -0.557180 1.006137 1.631879 51.935290 -154.299332 1.492274 2.782778
104020005 -1.157700 -0.557180 1.001137 1.628801 52.073766 -154.299332 1.491165 2.788035
104020006 -1.157700 -0.557180 0.996137 1.625733 52.212765 -154.299332 1.490020 2.793295
104020007 -1.157700 -0.557180 0.991137 1.622674 52.352289 -154.299332 1.488837 2.798558
104020008 -1.157700 -0.557180 0.986137 1.619625 52.492339 -154.299332 1.487617 2.803825
104020009 -1.157700 -0.557180 0.981137 1.616585 52.632917 -154.299332 1.486359 2.809094
104020010 -1.157700 -0.557180 0.976137 1.613556 52.774024 -154.299332 1.485064 2.814367
104020011 -1.157700 -0.557180 0.971137 1.610536 52.915660 -154.299332 1.483730 2.819642
104020012 -1.157700 -0.557180 0.966137 1.607526 53.057828 -154.299332 1.482357 2.824919
104020013 -1.157700 -0.557180 0.961137 1.604526 53.200528 -154.299332 1.480945 2.830199
104020014 -1.157700 -0.557180 0.956137 1.601536 53.343762 -154.299332 1.479494 2.835481
104020015 -1.157700 -0.557180 0.951137 1.598556 53.487531 -154.299332 1.478003 2.840765
104020016 -1.157700 -0.557180 0.946137 1.595586 53.631836 -154.299332 1.476472 2.846050
104020017 -1.157700 -0.557180 0.941137 1.592626 53.776679 -154.299332 1.474900 2.851337
104020018 -1.157700 -0.557180 0.936137 1.589676 53.922060 -154.299332 1.473287 2.856625
104020019 -1.157700 -0.557180 0.931137 1.586737 54.067980 -154.299332 1.471633 2.861915
104020020 -1.157700 -0.557180 0.926137 1.583808 54.214441 -154.299332 1.469938 2.867205
104020021 -1.157700 -0.557180 0.921137 1.580890 54.361444 -154.299332 1.468200 2.872496
104020022 -1.157700 -0.557180 0.916137 1.577982 54.508989 -154.299332 1.466421 2.877788
104020023 -1.157700 -0.557180 0.911137 1.575084 54.657079 -154.299332 1.464598 2.883080
104020024 -1.157700 -0.557180 0.906137 1.572197 54.805713 -154.299332 1.462733 2.888372
104020025 -1.157700 -0.557180 0.901137 1.569320 54.954893 -154.299332 1.460824 2.893664
104020026 -1.157700 -0.557180 0.896137 1.566455 55.104620 -154.299332 1.458871 2.898955
104020027 -1.157700 -0.557180 0.891137 1.563600 55.254895 -154.299332 1.456874 2.904246
104020028 -1.157700 -0.557180 0.886137 1.560755 55.405719 -154.299332 1.454833 2.909536
104020029 -1.157700 -0.557180 0.881137 1.557922 55.557092 -154.299332 1.452746 2.914826
104020030 -1.157700 -0.557180 0.876137 1.555100 55.709016 -154.299332 1.450615 2.920114
104020031 -1.157700 -0.557180 0.871137 1.552288 55.861491 -154.299332 1.448438 2.925400
104020032 -1.157700 -0.557180 0.866137 1.549488 56.014518 -154.299332 1.446214 2.930685
104020033 -1.157700 -0.557180 0.861137 1.546698 56.168099 -154.299332 1.443945 2.935968
104020034 -1.157700 -0.557180 0.856137 1.543920 56.322233 -154.299332 1.441629 2.941249
104020035 -1.157700 -0.557180 0.851137 1.541153 56.476922 -154.299332 1.439266 2.946527
104020036 -1.157700 -0.557180 0.846137 1.538397 56.632166 -154.299332 1.436855 2.951803
104020037 -1.157700 -0.557180 0.841137 1.535653 56.787966 -154.299332 1.434397 2.957076
104020038 -1.157700 -0.557180 0.836137 1.532920 56.944323 -154.299332 1.431890 2.962346
104020039 -1.157700 -0.557180 0.831137 1.530199 57.101237 -154.299332 1.429336 2.967612
104020040 -1.157700 -0.557180 0.826137 1.527489 57.258710 -154.299332 1.426732 2.972875
104020041 -1.157700 -0.557180 0.821137 1.524790 57.416740 -154.299332 1.424079 2.978133
104020042 -1.157700 -0.557180 0.816137 1.522103 57.575330 -154.299332 1.421376 2.983388
104020043 -1.157700 -0.557180 0.811137 1.519428 57.734480 -154.299332 1.418624 2.988638
104020044 -1.157700 -0.557180 0.806137 1.516765 57.894190 -154.299332 1.415821 2.993884
104020045 -1.157700 -0.557180 0.801137 1.514113 58.054460 -154.299332 1.412968 2.999124
104020046 -1.157700 -0.557180 0.796137 1.511474 58.215291 -154.299332 1.410064 3.004359
104020047 -1.157700 -0.557180 0.791137 1.508846 58.376684 -154.299332 1.407109 3.009589
104020048 -1.157700 -0.557180 0.786137 1.506230 58.538639 -154.299332 1.404102 3.014813
104020049 -1.157700 -0.557180 0.781137 1.503627 58.701156 -154.299332 1.401043 3.020031
104020050 -1.157700 -0.557180 0.776137 1.501035 58.864235 -154.299332 1.397932 3.025242
104020051 -1.157700 -0.557180 0.771137 1.498456 59.027877 -154.299332 1.394768 3.030447
104020052 -1.157700 -0.557180 0.766137 1.495889 59.192082 -154.299332 1.391551 3.035645
104020053 -1.157700 -0.557180 0.761137 1.493335 59.356850 -154.299332 1.388281 3.040835
104020054 -1.157700 -0.557180 0.756137 1.490792 59.522181 -154.299332 1.384957 3.046018
104020055 -1.157700 -0.557180 0.751137 1.488263 59.688076 -154.299332 1.381579 3.051194
104020056 -1.157700 -0.557180 0.746137 1.485745 59.854535 -154.299332 1.378147 3.056361
104020057 -1.157700 -0.557180 0.741137 1.483241 60.021557 -154.299332 1.374660 3.061520
104020058 -1.157700 -0.557180 0.736137 1.480749 60.189142 -154.299332 1.371119 3.066670
104020059 -1.157700 -0.557180 0.731137 1.478269 60.357292 -154.299332 1.367522 3.071810
104020060 -1.157700 -0.557180 0.726137 1.475803 60.526004 -154.299332 1.363870 3.076942
104020061 -1.157700 -0.557180 0.721137 1.473349 60.695281 -154.299332 1.360161 3.082064
104020062 -1.157700 -0.557180 0.716137 1.470908 60.865120 -154.299332 1.356397 3.087176
104020063 -1.157700 -0.557180 0.711137 1.468480 61.035523 -154.299332 1.352576 3.092277
104020064 -1.157700 -0.557180 0.706137 1.466066 61.206488 -154.299332 1.348699 3.097368
104020065 -1.157700 -0.557180 0.701137 1.463664 61.378016 -154.299332 1.344764 3.102448
104020066 -1.157700 -0.557180 0.696137 1.461275 61.550106 -154.299332 1.340772 3.107517
104020067 -1.157700 -0.557180 0.691137 1.458900 61.722759 -154.299332 1.336723 3.112574
104020068 -1.157700 -0.557180 0.686137 1.456538 61.895972 -154.299332 1.332615 3.117619
104020069 -1.157700 -0.557180 0.681137 1.454189 62.069747 -154.299332 1.328450 3.122652
104020070 -1.157700 -0.557180 0.676137 1.451854 62.244083 -154.299332 1.324226 3.127672
104020071 -1.157700 -0.557180 0.671137 1.449532 62.418979 -154.299332 1.319943 3.132679
104020072 -1.157700 -0.557180 0.666137 1.447224 62.594434 -154.299332 1.315601 3.137673
104020073 -1.157700 -0.557180 0.661137 1.444929 62.770448 -154.299332 1.311200 3.142653
104020074 -1.157700 -0.557180 0.656137 1.442648 62.947020 -154.299332 1.306740 3.147620
104020075 -1.157700 -0.557180 0.651137 1.440381 63.124150 -154.299332 1.302220 3.152572
104020076 -1.157700 -0.557180 0.646137 1.438128 63.301837 -154.299332 1.297640 3.157509
104020077 -1.157700 -0.557180 0.641137 1.435888 63.480080 -154.299332 1.293000 3.162431
104020078 -1.157700 -0.557180 0.636137 1.433663 63.658877 -154.299332 1.288299 3.167338
104020079 -1.157700 -0.557180 0.631137 1.431451 63.838229 -154.299332 1.283538 3.172229
104020080 -1.157700 -0.557180 0.626137 1.429254 64.018135 -154.299332 1.278716 3.177103
104020081 -1.157700 -0.557180 0.621137 1.427070 64.198592 -154.299332 1.273833 3.181962
104020082 -1.157700 -0.557180 0.616137 1.424901 64.379601 -154.299332 1.268889 3.186803
104020083 -1.157700 -0.557180 0.611137 1.422746 64.561160 -154.299332 1.263883 3.191628
104020084 -1.157700 -0.557180 0.606137 1.420606 64.743268 -154.299332 1.258815 3.196434
104020085 -1.157700 -0.557180 0.601137 1.418480 64.925924 -154.299332 1.253686 3.201223
104020086 -1.157700 -0.557180 0.596137 1.416368 65.109126 -154.299332 1.248495 3.205993
104020087 -1.157700 -0.557180 0.591137 1.414271 65.292873 -154.299332 1.243242 3.210745
104020088 -1.157700 -0.557180 0.586137 1.412188 65.477165 -154.299332 1.237926 3.215477
104020089 -1.157700 -0.557180 0.581137 1.410120 65.661998 -154.299332 1.232548 3.220190
104020090 -1.157700 -0.557180 0.576137 1.408067 65.847373 -154.299332 1.227107 3.224883
104020091 -1.157700 -0.557180 0.571137 1.406029 66.033287 -154.299332 1.221603 3.229556
104020092 -1.157700 -0.557180 0.566137 1.404005 66.219739 -154.299332 1.216037 3.234209
104020093 -1.157700 -0.557180 0.561137 1.401996 66.406728 -154.299332 1.210408 3.238840
104020094 -1.157700 -0.557180 0.556137 1.400003 66.594250 -154.299332 1.204715 3.243450
104020095 -1.157700 -0.557180 0.551137 1.398024 66.782306 -154.299332 1.198959 3.248038
104020096 -1.157700 -0.557180 0.546137 1.396060 66.970893 -154.299332 1.193140 3.252604
104020097 -1.157700 -0.557180 0.541137 1.394112 67.160009 -154.299332 1.187258 3.257147
104020098 -1.157700 -0.557180 0.536137 1.392179 67.349652 -154.299332 1.181312 3.261668
104020099 -1.157700 -0.557180 0.531137 1.390261 67.539821 -154.299332 1.175302 3.266165
104020100 -1.157700 -0.557180 0.526137 1.388358 67.730512 -154.299332 1.169229 3.270638
104020101 -1.169418 -0.533523 1.021137 1.641617 51.535391 -155.476124 1.472633 2.765006
104020102 -1.169418 -0.533523 1.016137 1.638512 51.672291 -155.476124 1.471654 2.770244
104020103 -1.169418 -0.533523 1.011137 1.635416 51.809709 -155.476124 1.470640 2.775486
104020104 -1.169418 -0.533523 1.006137 1.632329 51.947648 -155.476124 1.469591 2.780733
104020105 -1.169418 -0.533523 1.001137 1.629252 52.086109 -155.476124 1.468506 2.785983
104020106 -1.169418 -0.533523 0.996137 1.626184 52.225093 -155.476124 1.467385 2.791236
104020107 -1.169418 -0.533523 0.991137 1.623126 52.364601 -155.476124 1.466228 2.796493
104020108 -1.169418 -0.533523 0.986137 1.620078 52.504635 -155.476124 1.465034 2.801752
104020109 -1.169418 -0.533523 0.981137 1.617039 52.645197 -155.476124 1.463803 2.807015
104020110 -1.169418 -0.533523 0.976137 1.614011 52.786287 -155.476124 1.462535 2.812281
104020111 -1.169418 -0.533523 0.971137 1.610991 52.927906 -155.476124 1.461229 2.817549
104020112 -1.169418 -0.533523 0.966137 1.607982 53.070056 -155.476124 1.459885 2.822819
104020113 -1.169418 -0.533523 0.961137 1.604983 53.212739 -155.476124 1.458503 2.828092
104020114 -1.169418 -0.533523 0.956137 1.601994 53.355955 -155.476124 1.457082 2.833367
104020115 -1.169418 -0.533523 0.951137 1.599015 53.499705 -155.476124 1.455621 2.838644
104020116 -1.169418 -0.533523 0.946137 1.596046 53.643992 -155.476124 1.454122 2.843922
104020117 -1.169418 -0.533523 0.941137 1.593087 53.788815 -155.476124 1.452582 2.849202
104020118 -1.169418 -0.533523 0.936137 1.590138 53.934176 -155.476124 1.451002 2.854484
104020119 -1.169418 -0.533523 0.931137 1.587200 54.080076 -155.476124 1.449382 2.859766
104020120 -1.169418 -0.533523 0.926137 1.584272 54.226517 -155.476124 1.447721 2.865049
104020121 -1.169418 -0.533523 0.921137 1.581354 54.373499 -155.476124 1.446018 2.870333
104020122 -1.169418 -0.533523 0.916137 1.578447 54.521023 -155.476124 1.444274 2.875618
104020123 -1.169418 -0.533523 0.911137 1.575550 54.669091 -155.476124 1.442488 2.880903
104020124 -1.169418 -0.533523 0.906137 1.572664 54.817703 -155.476124 1.440660 2.886187
104020125 -1.169418 -0.533523 0.901137 1.569788 54.966861 -155.476124 1.438789 2.891472
104020126 -1.169418 -0.533523 0.896137 1.566923 55.116565 -155.476124 1.436875 2.896757
104020127 -1.169418 -0.533523 0.891137 1.564069 55.266817 -155.476124 1.434918 2.902040
104020128 -1.169418 -0.533523 0.886137 1.561226 55.417617 -155.476124 1.432917 2.907324
104020129 -1.169418 -0.533523 0.881137 1.558393 55.568966 -155.476124 1.430871 2.912606
104020130 -1.169418 -0.533523 0.876137 1.555571 55.720865 -155.476124 1.428782 2.917886
104020131 -1.169418 -0.533523 0.871137 1.552761 55.873315 -155.476124 1.426647 2.923166
104020132 -1.169418 -0.533523 0.866137 1.549961 56.026317 -155.476124 1.424467 2.928443
104020133 -1.169418 -0.533523 0.861137 1.547173 56.179872 -155.476124 1.422242 2.933719
104020134 -1.169418 -0.533523 0.856137 1.544395 56.333980 -155.476124 1.419971 2.938993
104020135 -1.169418 -0.533523 0.851137 1.541629 56.488642 -155.476124 1.417654 2.944264
104020136 -1.169418 -0.533523 0.846137 1.538874 56.643860 -155.476124 1.415290 2.949532
104020137 -1.169418 -0.533523 0.841137 1.536131 56.799632 -155.476124 1.412879 2.954798
104020138 -1.169418 -0.533523 0.836137 1.533399 56.955961 -155.476124 1.410421 2.960060
104020139 -1.169418 -0.533523 0.831137 1.530678 57.112847 -155.476124 1.407915 2.965319
104020140 -1.169418 -0.533523 0.826137 1.527969 57.270290 -155.476124 1.405361 2.970574
104020141 -1.169418 -0.533523 0.821137 1.525271 57.428292 -155.476124 1.402759 2.975826
104020142 -1.169418 -0.533523 0.816137 1.522585 57.586852 -155.476124 1.400108 2.981073
104020143 -1.169418 -0.533523 0.811137 1.519911 57.745971 -155.476124 1.397408 2.986316
104020144 -1.169418 -0.533523 0.806137 1.517249 57.905650 -155.476124 1.394659 2.991554
104020145 -1.169418 -0.533523 0.801137 1.514598 58.065890 -155.476124 1.391860 2.996787
104020146 -1.169418 -0.533523 0.796137 1.511959 58.226689 -155.476124 1.389011 3.002014
104020147 -1.169418 -0.533523 0.791137 1.509332 58.388050 -155.476124 1.386112 3.007237
104020148 -1.169418 -0.533523 0.786137 1.506718 58.549972 -155.476124 1.383161 3.012453
104020149 -1.169418 -0.533523 0.781137 1.504115 58.712456 -155.476124 1.380160 3.017663
104020150 -1.169418 -0.533523 0.776137 1.501524 58.875501 -155.476124 1.377108 3.022867
104020151 -1.169418 -0.533523 0.771137 1.498946 59.039109 -155.476124 1.374003 3.028065
104020152 -1.169418 -0.533523 0.766137 1.496380 59.203280 -155.476124 1.370847 3.033255
104020153 -1.169418 -0.533523 0.761137 1.493826 59.368013 -155.476124 1.367638 3.038438
104020154 -1.169418 -0.533523 0.756137 1.491285 59.533309 -155.476124 1.364376 3.043614
104020155 -1.169418 -0.533523 0.751137 1.488756 59.699168 -155.476124 1.361062 3.048782
104020156 -1.169418 -0.533523 0.746137 1.486239 59.865590 -155.476124 1.357694 3.053941
104020157 -1.169418 -0.533523 0.741137 1.483735 60.032575 -155.476124 1.354272 3.059092
104020158 -1.169418 -0.533523 0.736137 1.481244 60.200123 -155.476124 1.350797 3.064235
104020159 -1.169418 -0.533523 0.731137 1.478766 60.368234 -155.476124 1.347267 3.069368
104020160 -1.169418 -0.533523 0.726137 1.476300 60.536909 -155.476124 1.343683 3.074492
104020161 -1.169418 -0.533523 0.721137 1.473847 60.706146 -155.476124 1.340043 3.079607
104020162 -1.169418 -0.533523 0.716137 1.471407 60.875946 -155.476124 1.336349 3.084711
104020163 -1.169418 -0.533523 0.711137 1.468980 61.046308 -155.476124 1.332599 3.089805
104020164 -1.169418 -0.533523 0.706137 1.466566 61.217233 -155.476124 1.328793 3.094888
104020165 -1.169418 -0.533523 0.701137 1.464165 61.388720 -155.476124 1.324931 3.099961
104020166 -1.169418 -0.533523 0.696137 1.461777 61.560769 -155.476124 1.321013 3.105022
104020167 -1.169418 -0.533523 0.691137 1.459403 61.733379 -155.476124 1.317038 3.110071
104020168 -1.169418 -0.533523 0.686137 1.457042 61.906550 -155.476124 1.313007 3.115109
104020169 -1.169418 -0.533523 0.681137 1.454694 62.080282 -155.476124 1.308918 3.120134
104020170 -1.169418 -0.533523 0.676137 1.452359 62.254574 -155.476124 1.304771 3.125147
104020171 -1.169418 -0.533523 0.671137 1.450038 62.429425 -155.476124 1.300567 3.130147
104020172 -1.169418 -0.533523 0.666137 1.447731 62.604836 -155.476124 1.296305 3.135133
104020173 -1.169418 -0.533523 0.661137 1.445437 62.780805 -155.476124 1.291985 3.140106
104020174 -1.169418 -0.533523 0.656137 1.443157 62.957331 -155.476124 1.287607 3.145064
104020175 -1.169418 -0.533523 0.651137 1.440891 63.134415 -155.476124 1.283169 3.150009
104020176 -1.169418 -0.533523 0.646137 1.438638 63.312055 -155.476124 1.278673 3.154939
104020177 -1.169418 -0.533523 0.641137 1.436399 63.490250 -155.476124 1.274118 3.159853
104020178 -1.169418 -0.533523 0.636137 1.434175 63.669000 -155.476124 1.269503 3.164753
104020179 -1.169418 -0.533523 0.631137 1.431964 63.848303 -155.476124 1.264829 3.169636
104020180 -1.169418 -0.533523 0.626137 1.429767 64.028159 -155.476124 1.260095 3.174503
104020181 -1.169418 -0.533523 0.621137 1.427585 64.208567 -155.476124 1.255301 3.179354
104020182 -1.169418 -0.533523 0.616137 1.425416 64.389526 -155.476124 1.250446 3.184188
104020183 -1.169418 -0.533523 0.611137 1.423262 64.571034 -155.476124 1.245531 3.189005
104020184 -1.169418 -0.533523 0.606137 1.421122 64.753091 -155.476124 1.240556 3.193804
104020185 -1.169418 -0.533523 0.601137 1.418997 64.935695 -155.476124 1.235520 3.198585
104020186 -1.169418 -0.533523 0.596137 1.416886 65.118845 -155.476124 1.230423 3.203348
104020187 -1.169418 -0.533523 0.591137 1.414790 65.302539 -155.476124 1.225265 3.208093
104020188 -1.169418 -0.533523 0.586137 1.412708 65.486777 -155.476124 1.220046 3.212818
104020189 -1.169418 -0.533523 0.581137 1.410641 65.671557 -155.476124 1.214765 3.217523
104020190 -1.169418 -0.533523 0.576137 1.408588 65.856877 -155.476124 1.209423 3.222209
104020191 -1.169418 -0.533523 0.571137 1.406550 66.042736 -155.476124 1.204019 3.226875
104020192 -1.169418 -0.533523 0.566137 1.404528 66.229132 -155.476124 1.198553 3.231520
104020193 -1.169418 -0.533523 0.561137 1.402520 66.416064 -155.476124 1.193025 3.236144
104020194 -1.169418 -0.533523 0.556137 1.400527 66.603530 -155.476124 1.187435 3.240746
104020195 -1.169418 -0.533523 0.551137 1.398549 66.791529 -155.476124 1.181783 3.245327
104020196 -1.169418 -0.533523 0.546137 1.396586 66.980057 -155.476124 1.176069 3.249886
104020197 -1.169418 -0.533523 0.541137 1.394638 67.169115 -155.476124 1.170293 3.254422
104020198 -1.169418 -0.533523 0.536137 1.392706 67.358699 -155.476124 1.164454 3.258935
104020199 -1.169418 -0.533523 0.531137 1.390789 67.548808 -155.476124 1.158552 3.263425
104020200 -1.169418 -0.533523 0.526137 1.388887 67.739440 -155.476124 1.152588 3.267891
104020201 -1.181137 -0.509867 1.021137 1.642489 51.559534 -156.651375 1.448681 2.761107
104020202 -1.181137 -0.509867 1.016137 1.639385 51.696406 -156.651375 1.447723 2.766332
104020203 -1.181137 -0.509867 1.011137 1.636290 51.833797 -156.651375 1.446730 2.771562
104020204 -1.181137 -0.509867 1.006137 1.633205 51.971707 -156.651375 1.445703 2.776795
104020205 -1.181137 -0.509867 1.001137 1.630130 52.110139 -156.651375 1.444641 2.782032
104020206 -1.181137 -0.509867 0.996137 1.627064 52.249093 -156.651375 1.443544 2.787272
104020207 -1.181137 -0.509867 0.991137 1.624008 52.388571 -156.651375 1.442411 2.792515
104020208 -1.181137 -0.509867 0.986137 1.620961 52.528574 -156.651375 1.441242 2.797762
104020209 -1.181137 -0.509867 0.981137 1.617924 52.669104 -156.651375 1.440037 2.803012
104020210 -1.181137 -0.509867 0.976137 1.614897 52.810161 -156.651375 1.438795 2.808264
104020211 -1.181137 -0.509867 0.971137 1.611879 52.951748 -156.651375 1.437516 2.813519
104020212 -1.181137 -0.509867 0.966137 1.608872 53.093864 -156.651375 1.436199 2.818776
104020213 -1.181137 -0.509867 0.961137 1.605874 53.236512 -156.651375 1.434845 2.824035
104020214 -1.181137 -0.509867 0.956137 1.602887 53.379692 -156.651375 1.433453 2.829297
104020215 -1.181137 -0.509867 0.951137 1.599909 53.523407 -156.651375 1.432022 2.834560
104020216 -1.181137 -0.509867 0.946137 1.596942 53.667656 -156.651375 1.430553 2.839825
104020217 -1.181137 -0.509867 0.941137 1.593985 53.812442 -156.651375 1.429045 2.845092
104020218 -1.181137 -0.509867 0.936137 1.591038 53.957765 -156.651375 1.427497 2.850359
104020219 -1.181137 -0.509867 0.931137 1.588101 54.103626 -156.651375 1.425909 2.855628
104020220 -1.181137 -0.509867 0.926137 1.585174 54.250027 -156.651375 1.424282 2.860898
104020221 -1.181137 -0.509867 0.921137 1.582258 54.396968 -156.651375 1.422614 2.866168
104020222 -1.181137 -0.509867 0.916137 1.579353 54.544451 -156.651375 1.420904 2.871439
104020223 -1.181137 -0.509867 0.911137 1.576458 54.692477 -156.651375 1.419154 2.876710
104020224 -1.181137 -0.509867 0.906137 1.573573 54.841046 -156.651375 1.417362 2.881981
104020225 -1.181137 -0.509867 0.901137 1.570699 54.990160 -156.651375 1.415529 2.887252
104020226 -1.181137 -0.509867 0.896137 1.567836 55.139820 -156.651375 1.413653 2.892523
104020227 -1.181137 -0.509867 0.891137 1.564983 55.290026 -156.651375 1.411734 2.897793
104020228 -1.181137 -0.509867 0.886137 1.562142 55.440780 -156.651375 1.409773 2.903062
104020229 -1.181137 -0.509867 0.881137 1.559311 55.592082 -156.651375 1.407768 2.908330
104020230 -1.181137 -0.509867 0.876137 1.556491 55.743933 -156.651375 1.405720 2.913597
104020231 -1.181137 -0.509867 0.871137 1.553682 55.896335 -156.651375 1.403628 2.918862
104020232 -1.181137 -0.509867 0.866137 1.550884 56.049288 -156.651375 1.401491 2.924126
104020233 -1.181137 -0.509867 0.861137 1.548097 56.202792 -156.651375 1.399310 2.929387
104020234 -1.181137 -0.509867 0.856137 1.545322 56.356849 -156.651375 1.397083 2.934647
104020235 -1.181137 -0.509867 0.851137 1.542557 56.511459 -156.651375 1.394812 2.939904
104020236 -1.181137 -0.509867 0.846137 1.539804 56.666624 -156.651375 1.392494 2.945158
104020237 -1.181137 -0.509867 0.841137 1.537062 56.822343 -156.651375 1.390131 2.950409
104020238 -1.181137 -0.509867 0.836137 1.534331 56.978617 -156.651375 1.387721 2.955657
104020239 -1.181137 -0.509867 0.831137 1.531612 57.135448 -156.651375 1.385264 2.960902
104020240 -1.181137 -0.509867 0.826137 1.528905 57.292835 -156.651375 1.382760 2.966143
104020241 -1.181137 -0.509867 0.821137 1.526209 57.450779 -156.651375 1.380209 2.971380
104020242 -1.181137 -0.509867 0.816137 1.523525 57.609281 -156.651375 1.377610 2.976613
104020243 -1.181137 -0.509867 0.811137 1.520852 57.768341 -156.651375 1.374963 2.981842
104020244 -1.181137 -0.509867 0.806137 1.518191 57.927961 -156.651375 1.372267 2.987065
104020245 -1.181137 -0.509867 0.801137 1.515542 58.088139 -156.651375 1.369523 2.992284
104020246 -1.181137 -0.509867 0.796137 1.512905 58.248877 -156.651375 1.366730 2.997498
104020247 -1.181137 -0.509867 0.791137 1.510280 58.410175 -156.651375 1.363887 3.002705
104020248 -1.181137 -0.509867 0.786137 1.507667 58.572034 -156.651375 1.360994 3.007907
104020249 -1.181137 -0.509867 0.781137 1.505066 58.734453 -156.651375 1.358051 3.013103
104020250 -1.181137 -0.509867 0.776137 1.502477 58.897433 -156.651375 1.355058 3.018293
104020251 -1.181137 -0.509867 0.771137 1.499900 59.060975 -156.651375 1.352014 3.023476
104020252 -1.181137 -0.509867 0.766137 1.497336 59.225078 -156.651375 1.348918 3.028652
104020253 -1.181137 -0.509867 0.761137 1.494783 59.389743 -156.651375 1.345772 3.033820
104020254 -1.181137 -0.509867 0.756137 1.492244 59.554970 -156.651375 1.342573 3.038981
104020255 -1.181137 -0.509867 0.751137 1.489716 59.720759 -156.651375 1.339323 3.044135
104020256 -1.181137 -0.509867 0.746137 1.487202 59.887110 -156.651375 1.336020 3.049280
104020257 -1.181137 -0.509867 0.741137 1.484699 60.054023 -156.651375 1.332665 3.054416
104020258 -1.181137 -0.509867 0.736137 1.482210 60.221498 -156.651375 1.329257 3.059544
104020259 -1.181137 -0.509867 0.731137 1.479733 60.389535 -156.651375 1.325795 3.064663
104020260 -1.181137 -0.509867 0.726137 1.477269 60.558134 -156.651375 1.322280 3.069773
104020261 -1.181137 -0.509867 0.721137 1.474817 60.727296 -156.651375 1.318711 3.074872
104020262 -1.181137 -0.509867 0.716137 1.472379 60.897019 -156.651375 1.315088 3.079962
104020263 -1.181137 -0.509867 0.711137 1.469954 61.067303 -156.651375 1.311410 3.085042
104020264 -1.181137 -0.509867 0.706137 1.467541 61.238149 -156.651375 1.307678 3.090110
104020265 -1.181137 -0.509867 0.701137 1.465142 61.409556 -156.651375 1.303890 3.095168
104020266 -1.181137 -0.509867 0.696137 1.462756 61.581524 -156.651375 1.300048 3.100215
104020267 -1.181137 -0.509867 0.691137 1.460383 61.754052 -156.651375 1.296149 3.105250
104020268 -1.181137 -0.509867 0.686137 1.458023 61.927140 -156.651375 1.292195 3.110273
104020269 -1.181137 -0.509867 0.681137 1.455677 62.100788 -156.651375 1.288185 3.115284
104020270 -1.181137 -0.509867 0.676137 1.453344 62.274995 -156.651375 1.284118 3.120282
104020271 -1.181137 -0.509867 0.671137 1.451025 62.449760 -156.651375 1.279995 3.125267
104020272 -1.181137 -0.509867 0.666137 1.448719 62.625083 -156.651375 1.275815 3.130239
104020273 -1.181137 -0.509867 0.661137 1.446427 62.800964 -156.651375 1.271578 3.135197
104020274 -1.181137 -0.509867 0.656137 1.444148 62.977401 -156.651375 1.267284 3.140141
104020275 -1.181137 -0.509867 0.651137 1.441883 63.154394 -156.651375 1.262932 3.145071
104020276 -1.181137 -0.509867 0.646137 1.439632 63.331943 -156.651375 1.258522 3.149986
104020277 -1.181137 -0.509867 0.641137 1.437395 63.510046 -156.651375 1.254054 3.154886
104020278 -1.181137 -0.509867 0.636137 1.435172 63.688702 -156.651375 1.249528 3.159771
104020279 -1.181137 -0.509867 0.631137 1.432963 63.867911 -156.651375 1.244943 3.164640
104020280 -1.181137 -0.509867 0.626137 1.430767 64.047672 -156.651375 1.240300 3.169493
104020281 -1.181137 -0.509867 0.621137 1.428586 64.227983 -156.651375 1.235597 3.174329
104020282 -1.181137 -0.509867 0.616137 1.426420 64.408844 -156.651375 1.230836 3.179149
104020283 -1.181137 -0.509867 0.611137 1.424267 64.590254 -156.651375 1.226016 3.183951
104020284 -1.181137 -0.509867 0.606137 1.422129 64.772211 -156.651375 1.221136 3.188736
104020285 -1.181137 -0.509867 0.601137 1.420005 64.954714 -156.651375 1.216196 3.193503
104020286 -1.181137 -0.509867 0.596137 1.417895 65.137761 -156.651375 1.211197 3.198252
104020287 -1.181137 -0.509867 0.591137 1.415800 65.321353 -156.651375 1.206137 3.202982
104020288 -1.181137 -0.509867 0.586137 1.413720 65.505486 -156.651375 1.201018 3.207692
104020289 -1.181137 -0.509867 0.581137 1.411654 65.690161 -156.651375 1.195838 3.212384
104020290 -1.181137 -0.509867 0.576137 1.409603 65.875375 -156.651375 1.190598 3.217055
104020291 -1.181137 -0.509867 0.571137 1.407567 66.061126 -156.651375 1.185297 3.221707
104020292 -1.181137 -0.509867 0.566137 1.405546 66.247414 -156.651375 1.179936 3.226338
104020293 -1.181137 -0.509867 0.561137 1.403539 66.434237 -156.651375 1.174514 3.230948
104020294 -1.181137 -0.509867 0.556137 1.401548 66.621592 -156.651375 1.169031 3.235536
104020295 -1.181137 -0.509867 0.551137 1.399571 66.809479 -156.651375 1.163487 3.240103
104020296 -1.181137 -0.509867 0.546137 1.397610 66.997895 -156.651375 1.157882 3.244648
104020297 -1.181137 -0.509867 0.541137 1.395664 67.186838 -156.651375 1.152216 3.249170
104020298 -1.181137 -0.509867 0.536137 1.393733 67.376307 -156.651375 1.146489 3.253669
104020299 -1.181137 -0.509867 0.531137 1.391817 67.566300 -156.651375 1.140700 3.258145
104020300 -1.181137 -0.509867 0.526137 1.389917 67.756814 -156.651375 1.134850 3.262598
104020301 -1.192855 -0.486210 1.021137 1.643784 51.595352 -157.824103 1.423600 2.755351
104020302 -1.192855 -0.486210 1.016137 1.640682 51.732183 -157.824103 1.422662 2.760557
104020303 -1.192855 -0.486210 1.011137 1.637590 51.869533 -157.824103 1.421690 2.765767
104020304 -1.192855 -0.486210 1.006137 1.634508 52.007401 -157.824103 1.420683 2.770981
104020305 -1.192855 -0.486210 1.001137 1.631435 52.145789 -157.824103 1.419643 2.776199
104020306 -1.192855 -0.486210 0.996137 1.628371 52.284699 -157.824103 1.418568 2.781420
104020307 -1.192855 -0.486210 0.991137 1.625317 52.424132 -157.824103 1.417458 2.786644
104020308 -1.192855 -0.486210 0.986137 1.622273 52.564088 -157.824103 1.416312 2.791871
104020309 -1.192855 -0.486210 0.981137 1.619239 52.704570 -157.824103 1.415131 2.797101
104020310 -1.192855 -0.486210 0.976137 1.616214 52.845579 -157.824103 1.413915 2.802333
104020311 -1.192855 -0.486210 0.971137 1.613199 52.987116 -157.824103 1.412661 2.807569
104020312 -1.192855 -0.486210 0.966137 1.610194 53.129182 -157.824103 1.411372 2.812806
104020313 -1.192855 -0.486210 0.961137 1.607199 53.271778 -157.824103 1.410045 2.818046
104020314 -1.192855 -0.486210 0.956137 1.604214 53.414906 -157.824103 1.408681 2.823287
104020315 -1.192855 -0.486210 0.951137 1.601239 53.558567 -157.824103 1.407279 2.828531
104020316 -1.192855 -0.486210 0.946137 1.598274 53.702761 -157.824103 1.405839 2.833776
104020317 -1.192855 -0.486210 0.941137 1.595319 53.847491 -157.824103 1.404361 2.839022
104020318 -1.192855 -0.486210 0.936137 1.592374 53.992757 -157.824103 1.402844 2.844270
104020319 -1.192855 -0.486210 0.931137 1.589440 54.138560 -157.824103 1.401289 2.849519
104020320 -1.192855 -0.486210 0.926137 1.586516 54.284901 -157.824103 1.399694 2.854768
104020321 -1.192855 -0.486210 0.921137 1.583603 54.431782 -157.824103 1.398059 2.860018
104020322 -1.192855 -0.486210 0.916137 1.580699 54.579204 -157.824103 1.396384 2.865269
104020323 -1.192855 -0.486210 0.911137 1.577807 54.727167 -157.824103 1.394669 2.870520
104020324 -1.192855 -0.486210 0.906137 1.574925 54.875672 -157.824103 1.392913 2.875770
104020325 -1.192855 -0.486210 0.901137 1.572053 55.024721 -157.824103 1.391116 2.881021
104020326 -1.192855 -0.486210 0.896137 1.569192 55.174314 -157.824103 1.389278 2.886271
104020327 -1.192855 -0.486210 0.891137 1.566342 55.324453 -157.824103 1.387398 2.891521
104020328 -1.192855 -0.486210 0.886137 1.563503 55.475138 -157.824103 1.385476 2.896769
104020329 -1.192855 -0.486210 0.881137 1.560675 55.626371 -157.824103 1.383511 2.902017
104020330 -1.192855 -0.486210 0.876137 1.557857 55.778151 -157.824103 1.381504 2.907263
104020331 -1.192855 -0.486210 0.871137 1.555051 55.930481 -157.824103 1.379453 2.912508
104020332 -1.192855 -0.486210 0.866137 1.552255 56.083360 -157.824103 1.377360 2.917750
104020333 -1.192855 -0.486210 0.861137 1.549471 56.236790 -157.824103 1.375222 2.922991
104020334 -1.192855 -0.486210 0.856137 1.546698 56.390771 -157.824103 1.373040 2.928230
104020335 -1.192855 -0.486210 0.851137 1.543936 56.545304 -157.824103 1.370814 2.933466
104020336 -1.192855 -0.486210 0.846137 1.541185 56.700390 -157.824103 1.368543 2.938699
104020337 -1.192855 -0.486210 0.841137 1.538446 56.856029 -157.824103 1.366227 2.943930
104020338 -1.192855 -0.486210 0.836137 1.535718 57.012222 -157.824103 1.363865 2.949157
104020339 -1.192855 -0.486210 0.831137 1.533001 57.168970 -157.824103 1.361457 2.954381
104020340 -1.192855 -0.486210 0.826137 1.530296 57.326274 -157.824103 1.359004 2.959601
104020341 -1.192855 -0.486210 0.821137 1.527603 57.484133 -157.824103 1.356503 2.964817
104020342 -1.192855 -0.486210 0.816137 1.524921 57.642549 -157.824103 1.353956 2.970029
104020343 -1.192855 -0.486210 0.811137 1.522251 57.801522 -157.824103 1.351362 2.975236
104020344 -1.192855 -0.486210 0.806137 1.519592 57.961052 -157.824103 1.348721 2.980439
104020345 -1.192855 -0.486210 0.801137 1.516946 58.121140 -157.824103 1.346031 2.985636
104020346 -1.192855 -0.486210 0.796137 1.514311 58.281786 -157.824103 1.343294 2.990828
104020347 -1.192855 -0.486210 0.791137 1.511688 58.442991 -157.824103 1.340508 2.996015
104020348 -1.192855 -0.486210 0.786137 1.509078 58.604756 -157.824103 1.337673 3.001196
104020349 -1.192855 -0.486210 0.781137 1.506479 58.767079 -157.824103 1.334789 3.006370
104020350 -1.192855 -0.486210 0.776137 1.503892 58.929962 -157.824103 1.331855 3.011539
104020351 -1.192855 -0.486210 0.771137 1.501318 59.093406 -157.824103 1.328872 3.016700
104020352 -1.192855 -0.486210 0.766137 1.498756 59.257409 -157.824103 1.325839 3.021855
104020353 -1.192855 -0.486210 0.761137 1.496206 59.421972 -157.824103 1.322756 3.027002
104020354 -1.192855 -0.486210 0.756137 1.493669 59.587096 -157.824103 1.319621 3.032142
104020355 -1.192855 -0.486210 0.751137 1.491144 59.752781 -157.824103 1.316436 3.037273
104020356 -1.192855 -0.486210 0.746137 1.488632 59.919026 -157.824103 1.313199 3.042397
104020357 -1.192855 -0.486210 0.741137 1.486132 60.085832 -157.824103 1.309911 3.047512
104020358 -1.192855 -0.486210 0.736137 1.483645 60.253199 -157.824103 1.306571 3.052619
104020359 -1.192855 -0.486210 0.731137 1.481170 60.421126 -157.824103 1.303179 3.057716
104020360 -1.192855 -0.486210 0.726137 1.478708 60.589614 -157.824103 1.299734 3.062804
104020361 -1.192855 -0.486210 0.721137 1.476259 60.758663 -157.824103 1.296237 3.067882
104020362 -1.192855 -0.486210 0.716137 1.473824 60.928271 -157.824103 1.292686 3.072951
104020363 -1.192855 -0.486210 0.711137 1.471400 61.098440 -157.824103 1.289083 3.078009
104020364 -1.192855 -0.486210 0.706137 1.468990 61.269169 -157.824103 1.285425 3.083056
104020365 -1.192855 -0.486210 0.701137 1.466594 61.440457 -157.824103 1.281714 3.088092
104020366 -1.192855 -0.486210 0.696137 1.464210 61.612304 -157.824103 1.277948 3.093117
104020367 -1.192855 -0.486210 0.691137 1.461839 61.784711 -157.824103 1.274128 3.098131
104020368 -1.192855 -0.486210 0.686137 1.459482 61.957676 -157.824103 1.270253 3.103132
104020369 -1.192855 -0.486210 0.681137 1.457138 62.131198 -157.824103 1.266324 3.108121
104020370 -1.192855 -0.486210 0.676137 1.454807 62.305279 -157.824103 1.262339 3.113098
104020371 -1.192855 -0.486210 0.671137 1.452490 62.479916 -157.824103 1.258299 3.118062
104020372 -1.192855 -0.486210 0.666137 1.450187 62.655110 -157.824103 1.254203 3.123012
104020373 -1.192855 -0.486210 0.661137 1.447897 62.830860 -157.824103 1.250051 3.127949
104020374 -1.192855 -0.486210 0.656137 1.445621 63.007165 -157.824103 1.245842 3.132872
104020375 -1.192855 -0.486210 0.651137 1.443358 63.184024 -157.824103 1.241578 3.137780
104020376 -1.192855 -0.486210 0.646137 1.441109 63.361437 -157.824103 1.237257 3.142674
104020377 -1.192855 -0.486210 0.641137 1.438875 63.539403 -157.824103 1.232879 3.147553
104020378 -1.192855 -0.486210 0.636137 1.436654 63.717920 -157.824103 1.228443 3.152416
104020379 -1.192855 -0.486210 0.631137 1.434447 63.896989 -157.824103 1.223951 3.157264
104020380 -1.192855 -0.486210 0.626137 1.432254 64.076608 -157.824103 1.219401 3.162095
104020381 -1.192855 -0.486210 0.621137 1.430075 64.256776 -157.824103 1.214794 3.166910
104020382 -1.192855 -0.486210 0.616137 1.427910 64.437492 -157.824103 1.210128 3.171709
104020383 -1.192855 -0.486210 0.611137 1.425760 64.618755 -157.824103 1.205405 3.176490
104020384 -1.192855 -0.486210 0.606137 1.423624 64.800563 -157.824103 1.200623 3.181253
104020385 -1.192855 -0.486210 0.601137 1.421502 64.982916 -157.824103 1.195783 3.185999
104020386 -1.192855 -0.486210 0.596137 1.419395 65.165813 -157.824103 1.190884 3.190727
104020387 -1.192855 -0.486210 0.591137 1.417303 65.349251 -157.824103 1.185927 3.195435
104020388 -1.192855 -0.486210 0.586137 1.415224 65.533230 -157.824103 1.180911 3.200125
104020389 -1.192855 -0.486210 0.581137 1.413161 65.717749 -157.824103 1.175836 3.204796
104020390 -1.192855 -0.486210 0.576137 1.411112 65.902805 -157.824103 1.170701 3.209446
104020391 -1.192855 -0.486210 0.571137 1.409078 66.088397 -157.824103 1.165507 3.214077
104020392 -1.192855 -0.486210 0.566137 1.407059 66.274524 -157.824103 1.160254 3.218687
104020393 -1.192855 -0.486210 0.561137 1.405055 66.461184 -157.824103 1.154942 3.223276
104020394 -1.192855 -0.486210 0.556137 1.403065 66.648375 -157.824103 1.149570 3.227843
104020395 -1.192855 -0.486210 0.551137 1.401091 66.836095 -157.824103 1.144138 3.232389
104020396 -1.192855 -0.486210 0.546137 1.399132 67.024344 -157.824103 1.138646 3.236914
104020397 -1.192855 -0.486210 0.541137 1.397187 67.213118 -157.824103 1.133094 3.241415
104020398 -1.192855 -0.486210 0.536137 1.395259 67.402417 -157.824103 1.127483 3.245894
104020399 -1.192855 -0.486210 0.531137 1.393345 67.592237 -157.824103 1.121811 3.250349
104020400 -1.192855 -0.486210 0.526137 1.391447 67.782578 -157.824103 1.116079 3.254781
104020401 -1.204574 -0.462553 1.021137 1.645501 51.642744 -158.993336 1.397468 2.747761
104020402 -1.204574 -0.462553 1.016137 1.642403 51.779522 -158.993336 1.396548 2.752942
104020403 -1.204574 -0.462553 1.011137 1.639314 51.916816 -158.993336 1.395595 2.758127
104020404 -1.204574 -0.462553 1.006137 1.636235 52.054627 -158.993336 1.394608 2.763315
104020405 -1.204574 -0.462553 1.001137 1.633165 52.192958 -158.993336 1.393588 2.768508
104020406 -1.204574 -0.462553 0.996137 1.630105 52.331809 -158.993336 1.392534 2.773703
104020407 -1.204574 -0.462553 0.991137 1.627054 52.471181 -158.993336 1.391446 2.778901
104020408 -1.204574 -0.462553 0.986137 1.624013 52.611076 -158.993336 1.390323 2.784103
104020409 -1.204574 -0.462553 0.981137 1.620982 52.751495 -158.993336 1.389165 2.789307
104020410 -1.204574 -0.462553 0.976137 1.617961 52.892440 -158.993336 1.387973 2.794514
104020411 -1.204574 -0.462553 0.971137 1.614949 53.033911 -158.993336 1.386744 2.799723
104020412 -1.204574 -0.462553 0.966137 1.611947 53.175910 -158.993336 1.385480 2.804935
104020413 -1.204574 -0.462553 0.961137 1.608955 53.318437 -158.993336 1.384179 2.810148
104020414 -1.204574 -0.462553 0.956137 1.605974 53.461495 -158.993336 1.382842 2.815364
104020415 -1.204574 -0.462553 0.951137 1.603002 53.605084 -158.993336 1.381469 2.820581
104020416 -1.204574 -0.462553 0.946137 1.600040 53.749206 -158.993336 1.380058 2.825800
104020417 -1.204574 -0.462553 0.941137 1.597089 53.893861 -158.993336 1.378609 2.831020
104020418 -1.204574 -0.462553 0.936137 1.594147 54.039051 -158.993336 1.377123 2.836241
104020419 -1.204574 -0.462553 0.931137 1.591216 54.184777 -158.993336 1.375598 2.841464
104020420 -1.204574 -0.462553 0.926137 1.588296 54.331040 -158.993336 1.374035 2.846686
104020421 -1.204574 -0.462553 0.921137 1.585385 54.477840 -158.993336 1.372433 2.851910
104020422 -1.204574 -0.462553 0.916137 1.582485 54.625180 -158.993336 1.370792 2.857134
104020423 -1.204574 -0.462553 0.911137 1.579596 54.773060 -158.993336 1.369111 2.862358
104020424 -1.204574 -0.462553 0.906137 1.576717 54.921480 -158.993336 1.367391 2.867582
104020425 -1.204574 -0.462553 0.901137 1.573849 55.070443 -158.993336 1.365630 2.872806
104020426 -1.204574 -0.462553 0.896137 1.570992 55.219948 -158.993336 1.363829 2.878029
104020427 -1.204574 -0.462553 0.891137 1.568145 55.369998 -158.993336 1.361986 2.883251
104020428 -1.204574 -0.462553 0.886137 1.565309 55.520592 -158.993336 1.360103 2.888473
104020429 -1.204574 -0.462553 0.881137 1.562484 55.671731 -158.993336 1.358178 2.893693
104020430 -1.204574 -0.462553 0.876137 1.559670 55.823418 -158.993336 1.356212 2.898912
104020431 -1.204574 -0.462553 0.871137 1.556866 55.975651 -158.993336 1.354203 2.904130
104020432 -1.204574 -0.462553 0.866137 1.554074 56.128433 -158.993336 1.352152 2.909345
104020433 -1.204574 -0.462553 0.861137 1.551293 56.281763 -158.993336 1.350057 2.914559
104020434 -1.204574 -0.462553 0.856137 1.548523 56.435643 -158.993336 1.347920 2.919770
104020435 -1.204574 -0.462553 0.851137 1.545764 56.590074 -158.993336 1.345739 2.924979
104020436 -1.204574 -0.462553 0.846137 1.543017 56.745056 -158.993336 1.343514 2.930185
104020437 -1.204574 -0.462553 0.841137 1.540281 56.900589 -158.993336 1.341245 2.935388
104020438 -1.204574 -0.462553 0.836137 1.537556 57.056675 -158.993336 1.338932 2.940587
104020439 -1.204574 -0.462553 0.831137 1.534843 57.213314 -158.993336 1.336573 2.945783
104020440 -1.204574 -0.462553 0.826137 1.532141 57.370506 -158.993336 1.334170 2.950976
104020441 -1.204574 -0.462553 0.821137 1.529451 57.528253 -158.993336 1.331721 2.956164
104020442 -1.204574 -0.462553 0.816137 1.526772 57.686554 -158.993336 1.329226 2.961348
104020443 -1.204574 -0.462553 0.811137 1.524105 57.845411 -158.993336 1.326685 2.966527
104020444 -1.204574 -0.462553 0.806137 1.521450 58.004823 -158.993336 1.324098 2.971702
104020445 -1.204574 -0.462553 0.801137 1.518807 58.164791 -158.993336 1.321463 2.976872
104020446 -1.204574 -0.462553 0.796137 1.516175 58.325316 -158.993336 1.318782 2.982036
104020447 -1.204574 -0.462553 0.791137 1.513556 58.486398 -158.993336 1.316053 2.987195
104020448 -1.204574 -0.462553 0.786137 1.510948 58.648037 -158.993336 1.313277 2.992347
104020449 -1.204574 -0.462553 0.781137 1.508353 58.810233 -158.993336 1.310452 2.997494
104020450 -1.204574 -0.462553 0.776137 1.505769 58.972988 -158.993336 1.307579 3.002634
104020451 -1.204574 -0.462553 0.771137 1.503198 59.136300 -158.993336 1.304658 3.007768
104020452 -1.204574 -0.462553 0.766137 1.500639 59.300171 -158.993336 1.301687 3.012894
104020453 -1.204574 -0.462553 0.761137 1.498093 59.464600 -158.993336 1.298668 3.018013
104020454 -1.204574 -0.462553 0.756137 1.495559 59.629588 -158.993336 1.295598 3.023125
104020455 -1.204574 -0.462553 0.751137 1.493037 59.795135 -158.993336 1.292479 3.028228
104020456 -1.204574 -0.462553 0.746137 1.490528 59.961240 -158.993336 1.289310 3.033324
104020457 -1.204574 -0.462553 0.741137 1.488031 60.127904 -158.993336 1.286090 3.038411
104020458 -1.204574 -0.462553 0.736137 1.485547 60.295127 -158.993336 1.282819 3.043489
104020459 -1.204574 -0.462553 0.731137 1.483076 60.462909 -158.993336 1.279497 3.048558
104020460 -1.204574 -0.462553 0.726137 1.480617 60.631249 -158.993336 1.276124 3.053618
104020461 -1.204574 -0.462553 0.721137 1.478172 60.800148 -158.993336 1.272699 3.058668
104020462 -1.204574 -0.462553 0.716137 1.475739 60.969605 -158.993336 1.269223 3.063707
104020463 -1.204574 -0.462553 0.711137 1.473319 61.139620 -158.993336 1.265694 3.068737
104020464 -1.204574 -0.462553 0.706137 1.470912 61.310193 -158.993336 1.262113 3.073756
104020465 -1.204574 -0.462553 0.701137 1.468518 61.481324 -158.993336 1.258479 3.078764
104020466 -1.204574 -0.462553 0.696137 1.466138 61.653012 -158.993336 1.254792 3.083761
104020467 -1.204574 -0.462553 0.691137 1.463770 61.825257 -158.993336 1.251052 3.088746
104020468 -1.204574 -0.462553 0.686137 1.461416 61.998059 -158.993336 1.247258 3.093719
104020469 -1.204574 -0.462553 0.681137 1.459075 62.171416 -158.993336 1.243411 3.098680
104020470 -1.204574 -0.462553 0.676137 1.456748 62.345329 -158.993336 1.239510 3.103628
104020471 -1.204574 -0.462553 0.671137 1.454434 62.519797 -158.993336 1.235554 3.108564
104020472 -1.204574 -0.462553 0.666137 1.452133 62.694820 -158.993336 1.231544 3.113486
104020473 -1.204574 -0.462553 0.661137 1.449847 62.870396 -158.993336 1.227479 3.118394
104020474 -1.204574 -0.462553 0.656137 1.447573 63.046525 -158.993336 1.223359 3.123289
104020475 -1.204574 -0.462553 0.651137 1.445314 63.223207 -158.993336 1.219184 3.128169
104020476 -1.204574 -0.462553 0.646137 1.443068 63.400440 -158.993336 1.214954 3.133035
104020477 -1.204574 -0.462553 0.641137 1.440836 63.578224 -158.993336 1.210668 3.137885
104020478 -1.204574 -0.462553 0.636137 1.438619 63.756558 -158.993336 1.206326 3.142720
104020479 -1.204574 -0.462553 0.631137 1.436415 63.935441 -158.993336 1.201929 3.147540
104020480 -1.204574 -0.462553 0.626137 1.434225 64.114872 -158.993336 1.197475 3.152344
104020481 -1.204574 -0.462553 0.621137 1.432049 64.294850 -158.993336 1.192965 3.157131
104020482 -1.204574 -0.462553 0.616137 1.429887 64.475374 -158.993336 1.188398 3.161901
104020483 -1.204574 -0.462553 0.611137 1.427740 64.656443 -158.993336 1.183774 3.166654
104020484 -1.204574 -0.462553 0.606137 1.425607 64.838055 -158.993336 1.179093 3.171390
104020485 -1.204574 -0.462553 0.601137 1.423488 65.020210 -158.993336 1.174356 3.176108
104020486 -1.204574 -0.462553 0.596137 1.421384 65.202906 -158.993336 1.169561 3.180807
104020487 -1.204574 -0.462553 0.591137 1.419294 65.386142 -158.993336 1.164709 3.185488
104020488 -1.204574 -0.462553 0.586137 1.417219 65.569916 -158.993336 1.159799 3.190150
104020489 -1.204574 -0.462553 0.581137 1.415158 65.754228 -158.993336 1.154831 3.194793
104020490 -1.204574 -0.462553 0.576137 1.413112 65.939075 -158.993336 1.149806 3.199416
104020491 -1.204574 -0.462553 0.571137 1.411081 66.124456 -158.993336 1.144722 3.204019
104020492 -1.204574 -0.462553 0.566137 1.409065 66.310370 -158.993336 1.139581 3.208601
104020493 -1.204574 -0.462553 0.561137 1.407063 66.496814 -158.993336 1.134381 3.213163
104020494 -1.204574 -0.462553 0.556137 1.405077 66.683788 -158.993336 1.129123 3.217704
104020495 -1.204574 -0.462553 0.551137 1.403105 66.871289 -158.993336 1.123807 3.222222
104020496 -1.204574 -0.462553 0.546137 1.401149 67.059316 -158.993336 1.118432 3.226719
104020497 -1.204574 -0.462553 0.541137 1.399208 67.247867 -158.993336 1.112999 3.231194
104020498 -1.204574 -0.462553 0.536137 1.397282 67.436939 -158.993336 1.107507 3.235645
104020499 -1.204574 -0.462553 0.531137 1.395371 67.626531 -158.993336 1.101956 3.240074
104020500 -1.204574 -0.462553 0.526137 1.393475 67.816642 -158.993336 1.096347 3.244479
104020501 -1.216292 -0.438897 1.021137 1.647640 51.701578 -160.158123 1.370365 2.738368
104020502 -1.216292 -0.438897 1.016137 1.644546 51.838289 -160.158123 1.369462 2.743518
104020503 -1.216292 -0.438897 1.011137 1.641461 51.975514 -160.158123 1.368527 2.748672
104020504 -1.216292 -0.438897 1.006137 1.638386 52.113256 -160.158123 1.367559 2.753829
104020505 -1.216292 -0.438897 1.001137 1.635320 52.251514 -160.158123 1.366558 2.758990
104020506 -1.216292 -0.438897 0.996137 1.632264 52.390291 -160.158123 1.365524 2.764154
104020507 -1.216292 -0.438897 0.991137 1.629217 52.529588 -160.158123 1.364457 2.769321
104020508 -1.216292 -0.438897 0.986137 1.626180 52.669406 -160.158123 1.363355 2.774490
104020509 -1.216292 -0.438897 0.981137 1.623153 52.809746 -160.158123 1.362220 2.779663
104020510 -1.216292 -0.438897 0.976137 1.620136 52.950610 -160.158123 1.361050 2.784838
104020511 -1.216292 -0.438897 0.971137 1.617128 53.091999 -160.158123 1.359846 2.790015
104020512 -1.216292 -0.438897 0.966137 1.614130 53.233914 -160.158123 1.358606 2.795195
104020513 -1.216292 -0.438897 0.961137 1.611143 53.376356 -160.158123 1.357331 2.800376
104020514 -1.216292 -0.438897 0.956137 1.608165 53.519326 -160.158123 1.356020 2.805559
104020515 -1.216292 -0.438897 0.951137 1.605197 53.662826 -160.158123 1.354674 2.810744
104020516 -1.216292 -0.438897 0.946137 1.602240 53.806857 -160.158123 1.353290 2.815931
104020517 -1.216292 -0.438897 0.941137 1.599292 53.951419 -160.158123 1.351871 2.821118
104020518 -1.216292 -0.438897 0.936137 1.596355 54.096515 -160.158123 1.350414 2.826307
104020519 -1.216292 -0.438897 0.931137 1.593428 54.242144 -160.158123 1.348920 2.831496
104020520 -1.216292 -0.438897 0.926137 1.590511 54.388308 -160.158123 1.347388 2.836687
104020521 -1.216292 -0.438897 0.921137 1.587605 54.535009 -160.158123 1.345818 2.841877
104020522 -1.216292 -0.438897 0.916137 1.584709 54.682247 -160.158123 1.344210 2.847068
104020523 -1.216292 -0.438897 0.911137 1.581824 54.830022 -160.158123 1.342563 2.852259
104020524 -1.216292 -0.438897 0.906137 1.578949 54.978337 -160.158123 1.340877 2.857450
104020525 -1.216292 -0.438897 0.901137 1.576085 55.127192 -160.158123 1.339152 2.862640
104020526 -1.216292 -0.438897 0.896137 1.573232 55.276588 -160.158123 1.337388 2.867830
104020527 -1.216292 -0.438897 0.891137 1.570389 55.426525 -160.158123 1.335583 2.873020
104020528 -1.216292 -0.438897 0.886137 1.567557 55.577006 -160.158123 1.333738 2.878208
104020529 -1.216292 -0.438897 0.881137 1.564736 55.728030 -160.158123 1.331853 2.883395
104020530 -1.216292 -0.438897 0.876137 1.561926 55.879599 -160.158123 1.329927 2.888580
104020531 -1.216292 -0.438897 0.871137 1.559127 56.031713 -160.158123 1.327959 2.893764
104020532 -1.216292 -0.438897 0.866137 1.556339 56.184373 -160.158123 1.325950 2.898946
104020533 -1.216292 -0.438897 0.861137 1.553561 56.337580 -160.158123 1.323899 2.904126
104020534 -1.216292 -0.438897 0.856137 1.550796 56.491334 -160.158123 1.321806 2.909303
104020535 -1.216292 -0.438897 0.851137 1.548041 56.645637 -160.158123 1.319670 2.914478
104020536 -1.216292 -0.438897 0.846137 1.545297 56.800489 -160.158123 1.317491 2.919650
104020537 -1.216292 -0.438897 0.841137 1.542565 56.955890 -160.158123 1.315270 2.924819
104020538 -1.216292 -0.438897 0.836137 1.539845 57.111842 -160.158123 1.313004 2.929984
104020539 -1.216292 -0.438897 0.831137 1.537135 57.268345 -160.158123 1.310695 2.935146
104020540 -1.216292 -0.438897 0.826137 1.534438 57.425399 -160.158123 1.308342 2.940304
104020541 -1.216292 -0.438897 0.821137 1.531751 57.583005 -160.158123 1.305944 2.945458
104020542 -1.216292 -0.438897 0.816137 1.529077 57.741164 -160.158123 1.303502 2.950608
104020543 -1.216292 -0.438897 0.811137 1.526414 57.899876 -160.158123 1.301014 2.955753
104020544 -1.216292 -0.438897 0.806137 1.523763 58.059141 -160.158123 1.298481 2.960893
104020545 -1.216292 -0.438897 0.801137 1.521124 58.218960 -160.158123 1.295903 2.966029
104020546 -1.216292 -0.438897 0.796137 1.518496 58.379334 -160.158123 1.293278 2.971158
104020547 -1.216292 -0.438897 0.791137 1.515881 58.540262 -160.158123 1.290607 2.976282
104020548 -1.216292 -0.438897 0.786137 1.513277 58.701745 -160.158123 1.287889 2.981401
104020549 -1.216292 -0.438897 0.781137 1.510686 58.863784 -160.158123 1.285125 2.986513
104020550 -1.216292 -0.438897 0.776137 1.508106 59.026378 -160.158123 1.282313 2.991618
104020551 -1.216292 -0.438897 0.771137 1.505539 59.189528 -160.158123 1.279454 2.996717
104020552 -1.216292 -0.438897 0.766137 1.502984 59.353233 -160.158123 1.276547 3.001808
104020553 -1.216292 -0.438897 0.761137 1.500442 59.517496 -160.158123 1.273591 3.006893
104020554 -1.216292 -0.438897 0.756137 1.497912 59.682314 -160.158123 1.270588 3.011970
104020555 -1.216292 -0.438897 0.751137 1.495394 59.847689 -160.158123 1.267535 3.017038
104020556 -1.216292 -0.438897 0.746137 1.492889 60.013620 -160.158123 1.264434 3.022099
104020557 -1.216292 -0.438897 0.741137 1.490396 60.180107 -160.158123 1.261283 3.027151
104020558 -1.216292 -0.438897 0.736137 1.487916 60.347151 -160.158123 1.258082 3.032194
104020559 -1.216292 -0.438897 0.731137 1.485449 60.514752 -160.158123 1.254832 3.037229
104020560 -1.216292 -0.438897 0.726137 1.482994 60.682908 -160.158123 1.251532 3.042253
104020561 -1.216292 -0.438897 0.721137 1.480552 60.851621 -160.158123 1.248181 3.047268
104020562 -1.216292 -0.438897 0.716137 1.478123 61.020890 -160.158123 1.244780 3.052273
104020563 -1.216292 -0.438897 0.711137 1.475707 61.190714 -160.158123 1.241327 3.057268
104020564 -1.216292 -0.438897 0.706137 1.473304 61.361094 -160.158123 1.237824 3.062252
104020565 -1.216292 -0.438897 0.701137 1.470914 61.532029 -160.158123 1.234269 3.067225
104020566 -1.216292 -0.438897 0.696137 1.468538 61.703519 -160.158123 1.230662 3.072187
104020567 -1.216292 -0.438897 0.691137 1.466174 61.875563 -160.158123 1.227003 3.077137
104020568 -1.216292 -0.438897 0.686137 1.463824 62.048161 -160.158123 1.223292 3.082075
104020569 -1.216292 -0.438897 0.681137 1.461487 62.221313 -160.158123 1.219528 3.087001
104020570 -1.216292 -0.438897 0.676137 1.459163 62.395018 -160.158123 1.215712 3.091915
104020571 -1.216292 -0.438897 0.671137 1.456853 62.569275 -160.158123 1.211843 3.096815
104020572 -1.216292 -0.438897 0.666137 1.454557 62.744085 -160.158123 1.207921 3.101702
104020573 -1.216292 -0.438897 0.661137 1.452274 62.919445 -160.158123 1.203945 3.106576
104020574 -1.216292 -0.438897 0.656137 1.450004 63.095356 -160.158123 1.199915 3.111436
104020575 -1.216292 -0.438897 0.651137 1.447748 63.271817 -160.158123 1.195832 3.116281
104020576 -1.216292 -0.438897 0.646137 1.445507 63.448827 -160.158123 1.191695 3.121112
104020577 -1.216292 -0.438897 0.641137 1.443279 63.626386 -160.158123 1.187503 3.125928
104020578 -1.216292 -0.438897 0.636137 1.441064 63.804491 -160.158123 1.183257 3.130728
104020579 -1.216292 -0.438897 0.631137 1.438864 63.983143 -160.158123 1.178956 3.135513
104020580 -1.216292 -0.438897 0.626137 1.436678 64.162341 -160.158123 1.174600 3.140282
104020581 -1.216292 -0.438897 0.621137 1.434506 64.342082 -160.158123 1.170190 3.145034
104020582 -1.216292 -0.438897 0.616137 1.432348 64.522368 -160.158123 1.165724 3.149770
104020583 -1.216292 -0.438897 0.611137 1.430204 64.703195 -160.158123 1.161203 3.154489
104020584 -1.216292 -0.438897 0.606137 1.428075 64.884564 -160.158123 1.156626 3.159190
104020585 -1.216292 -0.438897 0.601137 1.425960 65.066472 -160.158123 1.151993 3.163873
104020586 -1.216292 -0.438897 0.596137 1.423859 65.248919 -160.158123 1.147305 3.168539
104020587 -1.216292 -0.438897 0.591137 1.421773 65.431903 -160.158123 1.142560 3.173185
104020588 -1.216292 -0.438897 0.586137 1.419702 65.615423 -160.158123 1.137759 3.177813
104020589 -1.216292 -0.438897 0.581137 1.417645 65.799478 -160.158123 1.132902 3.182422
104020590 -1.216292 -0.438897 0.576137 1.415602 65.984065 -160.158123 1.127989 3.187011
104020591 -1.216292 -0.438897 0.571137 1.413575 66.169184 -160.158123 1.123019 3.191580
104020592 -1.216292 -0.438897 0.566137 1.411562 66.354833 -160.158123 1.117992 3.196128
104020593 -1.216292 -0.438897 0.561137 1.409564 66.541010 -160.158123 1.112909 3.200656
104020594 -1.216292 -0.438897 0.556137 1.407581 66.727714 -160.158123 1.107768 3.205163
104020595 -1.216292 -0.438897 0.551137 1.405613 66.914942 -160.158123 1.102571 3.209648
104020596 -1.216292 -0.438897 0.546137 1.403660 67.102694 -160.158123 1.097317 3.214111
104020597 -1.216292 -0.438897 0.541137 1.401722 67.290966 -160.158123 1.092005 3.218552
104020598 -1.216292 -0.438897 0.536137 1.399800 67.479758 -160.158123 1.086636 3.222971
104020599 -1.216292 -0.438897 0.531137 1.397892 67.669067 -160.158123 1.081210 3.227366
104020600 -1.216292 -0.438897 0.526137 1.396000 67.858891 -160.158123 1.075727 3.231738
104020601 -1.228010 -0.415240 1.021137 1.650198 51.771694 -161.317531 1.342376 2.727212
104020602 -1.228010 -0.415240 1.016137 1.647109 51.908324 -161.317531 1.341489 2.732325
104020603 -1.228010 -0.415240 1.011137 1.644029 52.045466 -161.317531 1.340570 2.737442
104020604 -1.228010 -0.415240 1.006137 1.640959 52.183123 -161.317531 1.339620 2.742562
104020605 -1.228010 -0.415240 1.001137 1.637898 52.321294 -161.317531 1.338637 2.747685
104020606 -1.228010 -0.415240 0.996137 1.634846 52.459983 -161.317531 1.337622 2.752812
104020607 -1.228010 -0.415240 0.991137 1.631805 52.599189 -161.317531 1.336575 2.757941
104020608 -1.228010 -0.415240 0.986137 1.628772 52.738914 -161.317531 1.335494 2.763073
104020609 -1.228010 -0.415240 0.981137 1.625750 52.879160 -161.317531 1.334380 2.768208
104020610 -1.228010 -0.415240 0.976137 1.622737 53.019927 -161.317531 1.333233 2.773345
104020611 -1.228010 -0.415240 0.971137 1.619735 53.161217 -161.317531 1.332051 2.778484
104020612 -1.228010 -0.415240 0.966137 1.616742 53.303031 -161.317531 1.330835 2.783626
104020613 -1.228010 -0.415240 0.961137 1.613759 53.445370 -161.317531 1.329585 2.788769
104020614 -1.228010 -0.415240 0.956137 1.610786 53.588236 -161.317531 1.328300 2.793914
104020615 -1.228010 -0.415240 0.951137 1.607823 53.731629 -161.317531 1.326979 2.799061
104020616 -1.228010 -0.415240 0.946137 1.604870 53.875550 -161.317531 1.325624 2.804209
104020617 -1.228010 -0.415240 0.941137 1.601928 54.020001 -161.317531 1.324232 2.809358
104020618 -1.228010 -0.415240 0.936137 1.598995 54.164983 -161.317531 1.322804 2.814508
104020619 -1.228010 -0.415240 0.931137 1.596073 54.310497 -161.317531 1.321340 2.819659
104020620 -1.228010 -0.415240 0.926137 1.593161 54.456543 -161.317531 1.319838 2.824810
104020621 -1.228010 -0.415240 0.921137 1.590260 54.603124 -161.317531 1.318300 2.829962
104020622 -1.228010 -0.415240 0.916137 1.587369 54.750239 -161.317531 1.316725 2.835113
104020623 -1.228010 -0.415240 0.911137 1.584489 54.897890 -161.317531 1.315111 2.840265
104020624 -1.228010 -0.415240 0.906137 1.581619 55.046078 -161.317531 1.313460 2.845417
104020625 -1.228010 -0.415240 0.901137 1.578759 55.194804 -161.317531 1.311770 2.850568
104020626 -1.228010 -0.415240 0.896137 1.575911 55.344068 -161.317531 1.310042 2.855719
104020627 -1.228010 -0.415240 0.891137 1.573073 55.493872 -161.317531 1.308274 2.860868
104020628 -1.228010 -0.415240 0.886137 1.570246 55.644217 -161.317531 1.306468 2.866017
104020629 -1.228010 -0.415240 0.881137 1.567430 55.795102 -161.317531 1.304621 2.871164
104020630 -1.228010 -0.415240 0.876137 1.564624 55.946530 -161.317531 1.302735 2.876310
104020631 -1.228010 -0.415240 0.871137 1.561830 56.098501 -161.317531 1.300809 2.881454
104020632 -1.228010 -0.415240 0.866137 1.559047 56.251015 -161.317531 1.298842 2.886596
104020633 -1.228010 -0.415240 0.861137 1.556275 56.404074 -161.317531 1.296834 2.891735
104020634 -1.228010 -0.415240 0.856137 1.553513 56.557678 -161.317531 1.294785 2.896873
104020635 -1.228010 -0.415240 0.851137 1.550764 56.711828 -161.317531 1.292694 2.902007
104020636 -1.228010 -0.415240 0.846137 1.548025 56.866524 -161.317531 1.290562 2.907139
104020637 -1.228010 -0.415240 0.841137 1.545298 57.021768 -161.317531 1.288387 2.912268
104020638 -1.228010 -0.415240 0.836137 1.542582 57.177559 -161.317531 1.286170 2.917393
104020639 -1.228010 -0.415240 0.831137 1.539877 57.333899 -161.317531 1.283910 2.922515
104020640 -1.228010 -0.415240 0.826137 1.537184 57.490788 -161.317531 1.281607 2.927632
104020641 -1.228010 -0.415240 0.821137 1.534503 57.648226 -161.317531 1.279261 2.932746
104020642 -1.228010 -0.415240 0.816137 1.531833 57.806214 -161.317531 1.276871 2.937855
104020643 -1.228010 -0.415240 0.811137 1.529175 57.964753 -161.317531 1.274437 2.942959
104020644 -1.228010 -0.415240 0.806137 1.526529 58.123843 -161.317531 1.271959 2.948059
104020645 -1.228010 -0.415240 0.801137 1.523894 58.283483 -161.317531 1.269436 2.953153
104020646 -1.228010 -0.415240 0.796137 1.521272 58.443676 -161.317531 1.266869 2.958242
104020647 -1.228010 -0.415240 0.791137 1.518661 58.604420 -161.317531 1.264256 2.963325
104020648 -1.228010 -0.415240 0.786137 1.516062 58.765717 -161.317531 1.261598 2.968402
104020649 -1.228010 -0.415240 0.781137 1.513476 58.927567 -161.317531 1.258893 2.973473
104020650 -1.228010 -0.415240 0.776137 1.510901 59.089969 -161.317531 1.256143 2.978538
104020651 -1.228010 -0.415240 0.771137 1.508339 59.252925 -161.317531 1.253347 2.983595
104020652 -1.228010 -0.415240 0.766137 1.505789 59.416433 -161.317531 1.250503 2.988646
104020653 -1.228010 -0.415240 0.761137 1.503251 59.580496 -161.317531 1.247613 2.993689
104020654 -1.228010 -0.415240 0.756137 1.500725 59.745111 -161.317531 1.244676 2.998725
104020655 -1.228010 -0.415240 0.751137 1.498212 59.910281 -161.317531 1.241691 3.003752
104020656 -1.228010 -0.415240 0.746137 1.495712 60.076003 -161.317531 1.238658 3.008772
104020657 -1.228010 -0.415240 0.741137 1.493224 60.242280 -161.317531 1.235578 3.013782
104020658 -1.228010 -0.415240 0.736137 1.490749 60.409110 -161.317531 1.232448 3.018784
104020659 -1.228010 -0.415240 0.731137 1.488286 60.576494 -161.317531 1.229271 3.023777
104020660 -1.228010 -0.415240 0.726137 1.485836 60.744431 -161.317531 1.226044 3.028761
104020661 -1.228010 -0.415240 0.721137 1.483399 60.912921 -161.317531 1.222768 3.033734
104020662 -1.228010 -0.415240 0.716137 1.480975 61.081965 -161.317531 1.219443 3.038698
104020663 -1.228010 -0.415240 0.711137 1.478563 61.251561 -161.317531 1.216068 3.043651
104020664 -1.228010 -0.415240 0.706137 1.476165 61.421710 -161.317531 1.212643 3.048594
104020665 -1.228010 -0.415240 0.701137 1.473780 61.592411 -161.317531 1.209168 3.053526
104020666 -1.228010 -0.415240 0.696137 1.471408 61.763664 -161.317531 1.205643 3.058446
104020667 -1.228010 -0.415240 0.691137 1.469049 61.935469 -161.317531 1.202067 3.063355
104020668 -1.228010 -0.415240 0.686137 1.466703 62.107825 -161.317531 1.198440 3.068252
104020669 -1.228010 -0.415240 0.681137 1.464371 62.280731 -161.317531 1.194761 3.073137
104020670 -1.228010 -0.415240 0.676137 1.462052 62.454187 -161.317531 1.191032 3.078009
104020671 -1.228010 -0.415240 0.671137 1.459746 62.628193 -161.317531 1.187251 3.082868
104020672 -1.228010 -0.415240 0.666137 1.457454 62.802748 -161.317531 1.183418 3.087714
104020673 -1.228010 -0.415240 0.661137 1.455175 62.977851 -161.317531 1.179533 3.092546
104020674 -1.228010 -0.415240 0.656137 1.452911 63.153502 -161.317531 1.175595 3.097364
104020675 -1.228010 -0.415240 0.651137 1.450659 63.329699 -161.317531 1.171605 3.102169
104020676 -1.228010 -0.415240 0.646137 1.448422 63.506443 -161.317531 1.167563 3.106958
104020677 -1.228010 -0.415240 0.641137 1.446199 63.683731 -161.317531 1.163467 3.111733
104020678 -1.228010 -0.415240 0.636137 1.443989 63.861564 -161.317531 1.159319 3.116492
104020679 -1.228010 -0.415240 0.631137 1.441793 64.039941 -161.317531 1.155117 3.121236
104020680 -1.228010 -0.415240 0.626137 1.439611 64.218859 -161.317531 1.150862 3.125964
104020681 -1.228010 -0.415240 0.621137 1.437444 64.398319 -161.317531 1.146553 3.130675
104020682 -1.228010 -0.415240 0.616137 1.435290 64.578320 -161.317531 1.142190 3.135370
104020683 -1.228010 -0.415240 0.611137 1.433151 64.758859 -161.317531 1.137774 3.140048
104020684 -1.228010 -0.415240 0.606137 1.431026 64.939937 -161.317531 1.133303 3.144709
104020685 -1.228010 -0.415240 0.601137 1.428915 65.121551 -161.317531 1.128778 3.149351
104020686 -1.228010 -0.415240 0.596137 1.426819 65.303701 -161.317531 1.124198 3.153976
104020687 -1.228010 -0.415240 0.591137 1.424737 65.486385 -161.317531 1.119564 3.158582
104020688 -1.228010 -0.415240 0.586137 1.422670 65.669602 -161.317531 1.114875 3.163169
104020689 -1.228010 -0.415240 0.581137 1.420617 65.853350 -161.317531 1.110131 3.167738
104020690 -1.228010 -0.415240 0.576137 1.418579 66.037627 -161.317531 1.105332 3.172286
104020691 -1.228010 -0.415240 0.571137 1.416556 66.222434 -161.317531 1.100479 3.176815
104020692 -1.228010 -0.415240 0.566137 1.414547 66.407767 -161.317531 1.095570 3.181324
104020693 -1.228010 -0.415240 0.561137 1.412554 66.593625 -161.317531 1.090605 3.185811
104020694 -1.228010 -0.415240 0.556137 1.410575 66.780006 -161.317531 1.085585 3.190278
104020695 -1.228010 -0.415240 0.551137 1.408611 66.966910 -161.317531 1.080510 3.194724
104020696 -1.228010 -0.415240 0.546137 1.406662 67.154333 -161.317531 1.075379 3.199147
104020697 -1.228010 -0.415240 0.541137 1.404729 67.342274 -161.317531 1.070193 3.203549
104020698 -1.228010 -0.415240 0.536137 1.402810 67.530731 -161.317531 1.064951 3.207928
104020699 -1.228010 -0.415240 0.531137 1.400907 67.719702 -161.317531 1.059653 3.212284
104020700 -1.228010 -0.415240 0.526137 1.399019 67.909186 -161.317531 1.054299 3.216617
104020701 -1.239729 -0.391583 1.021137 1.653174 51.852899 -162.470656 1.313586 2.714336
104020702 -1.239729 -0.391583 1.016137 1.650091 51.989434 -162.470656 1.312714 2.719406
104020703 -1.239729 -0.391583 1.011137 1.647016 52.126479 -162.470656 1.311811 2.724481
104020704 -1.239729 -0.391583 1.006137 1.643951 52.264037 -162.470656 1.310877 2.729558
104020705 -1.239729 -0.391583 1.001137 1.640896 52.402107 -162.470656 1.309912 2.734639
104020706 -1.239729 -0.391583 0.996137 1.637850 52.540692 -162.470656 1.308916 2.739722
104020707 -1.239729 -0.391583 0.991137 1.634814 52.679792 -162.470656 1.307887 2.744808
104020708 -1.239729 -0.391583 0.986137 1.631788 52.819409 -162.470656 1.306827 2.749897
104020709 -1.239729 -0.391583 0.981137 1.628771 52.959544 -162.470656 1.305734 2.754989
104020710 -1.239729 -0.391583 0.976137 1.625764 53.100198 -162.470656 1.304607 2.760082
104020711 -1.239729 -0.391583 0.971137 1.622767 53.241373 -162.470656 1.303448 2.765178
104020712 -1.239729 -0.391583 0.966137 1.619779 53.383069 -162.470656 1.302256 2.770276
104020713 -1.239729 -0.391583 0.961137 1.616802 53.525288 -162.470656 1.301029 2.775375
104020714 -1.239729 -0.391583 0.956137 1.613835 53.668031 -162.470656 1.299769 2.780476
104020715 -1.239729 -0.391583 0.951137 1.610877 53.811299 -162.470656 1.298475 2.785578
104020716 -1.239729 -0.391583 0.946137 1.607930 53.955093 -162.470656 1.297145 2.790682
104020717 -1.239729 -0.391583 0.941137 1.604993 54.099414 -162.470656 1.295781 2.795787
104020718 -1.239729 -0.391583 0.936137 1.602067 54.244263 -162.470656 1.294382 2.800892
104020719 -1.239729 -0.391583 0.931137 1.599150 54.389642 -162.470656 1.292947 2.805999
104020720 -1.239729 -0.391583 0.926137 1.596244 54.535551 -162.470656 1.291476 2.811105
104020721 -1.239729 -0.391583 0.921137 1.593348 54.681991 -162.470656 1.289969 2.816212
104020722 -1.239729 -0.391583 0.916137 1.590463 54.828964 -162.470656 1.288425 2.821319
104020723 -1.239729 -0.391583 0.911137 1.587588 54.976470 -162.470656 1.286845 2.826426
104020724 -1.239729 -0.391583 0.906137 1.584724 55.124510 -162.470656 1.285227 2.831532
104020725 -1.239729 -0.391583 0.901137 1.581870 55.273085 -162.470656 1.283573 2.836638
104020726 -1.239729 -0.391583 0.896137 1.579027 55.422196 -162.470656 1.281880 2.841744
104020727 -1.239729 -0.391583 0.891137 1.576195 55.571844 -162.470656 1.280150 2.846848
104020728 -1.239729 -0.391583 0.886137 1.573373 55.722030 -162.470656 1.278381 2.851951
104020729 -1.239729 -0.391583 0.881137 1.570563 55.872754 -162.470656 1.276573 2.857052
104020730 -1.239729 -0.391583 0.876137 1.567763 56.024018 -162.470656 1.274727 2.862152
104020731 -1.239729 -0.391583 0.871137 1.564974 56.175822 -162.470656 1.272842 2.867250
104020732 -1.239729 -0.391583 0.866137 1.562197 56.328167 -162.470656 1.270916 2.872347
104020733 -1.239729 -0.391583 0.861137 1.559430 56.481053 -162.470656 1.268952 2.877440
104020734 -1.239729 -0.391583 0.856137 1.556674 56.634482 -162.470656 1.266946 2.882532
104020735 -1.239729 -0.391583 0.851137 1.553930 56.788454 -162.470656 1.264901 2.887620
104020736 -1.239729 -0.391583 0.846137 1.551197 56.942969 -162.470656 1.262815 2.892705
104020737 -1.239729 -0.391583 0.841137 1.548475 57.098029 -162.470656 1.260687 2.897788
104020738 -1.239729 -0.391583 0.836137 1.545765 57.253634 -162.470656 1.258518 2.902866
104020739 -1.239729 -0.391583 0.831137 1.543066 57.409784 -162.470656 1.256308 2.907941
104020740 -1.239729 -0.391583 0.826137 1.540379 57.566480 -162.470656 1.254056 2.913013
104020741 -1.239729 -0.391583 0.821137 1.537703 57.723723 -162.470656 1.251761 2.918079
104020742 -1.239729 -0.391583 0.816137 1.535039 57.881513 -162.470656 1.249424 2.923142
104020743 -1.239729 -0.391583 0.811137 1.532386 58.039850 -162.470656 1.247044 2.928199
104020744 -1.239729 -0.391583 0.806137 1.529746 58.198735 -162.470656 1.244621 2.933252
104020745 -1.239729 -0.391583 0.801137 1.527117 58.358168 -162.470656 1.242154 2.938300
104020746 -1.239729 -0.391583 0.796137 1.524500 58.518150 -162.470656 1.239644 2.943341
104020747 -1.239729 -0.391583 0.791137 1.521894 58.678681 -162.470656 1.237090 2.948378
104020748 -1.239729 -0.391583 0.786137 1.519301 58.839761 -162.470656 1.234491 2.953408
104020749 -1.239729 -0.391583 0.781137 1.516720 59.001391 -162.470656 1.231848 2.958432
104020750 -1.239729 -0.391583 0.776137 1.514151 59.163571 -162.470656 1.229160 2.963449
104020751 -1.239729 -0.391583 0.771137 1.511594 59.326300 -162.470656 1.226427 2.968459
104020752 -1.239729 -0.391583 0.766137 1.509050 59.489580 -162.470656 1.223648 2.973463
104020753 -1.239729 -0.391583 0.761137 1.506517 59.653409 -162.470656 1.220823 2.978458
104020754 -1.239729 -0.391583 0.756137 1.503997 59.817790 -162.470656 1.217953 2.983447
104020755 -1.239729 -0.391583 0.751137 1.501490 59.982720 -162.470656 1.215036 2.988427
104020756 -1.239729 -0.391583 0.746137 1.498995 60.148201 -162.470656 1.212073 2.993399
104020757 -1.239729 -0.391583 0.741137 1.496512 60.314233 -162.470656 1.209063 2.998362
104020758 -1.239729 -0.391583 0.736137 1.494042 60.480814 -162.470656 1.206006 3.003317
104020759 -1.239729 -0.391583 0.731137 1.491585 60.647946 -162.470656 1.202902 3.008262
104020760 -1.239729 -0.391583 0.726137 1.489141 60.815629 -162.470656 1.199750 3.013198
104020761 -1.239729 -0.391583 0.721137 1.486709 60.983861 -162.470656 1.196550 3.018124
104020762 -1.239729 -0.391583 0.716137 1.484290 61.152643 -162.470656 1.193302 3.023040
104020763 -1.239729 -0.391583 0.711137 1.481884 61.321974 -162.470656 1.190006 3.027946
104020764 -1.239729 -0.391583 0.706137 1.479491 61.491855 -162.470656 1.186661 3.032841
104020765 -1.239729 -0.391583 0.701137 1.477111 61.662284 -162.470656 1.183267 3.037725
104020766 -1.239729 -0.391583 0.696137 1.474745 61.833263 -162.470656 1.179824 3.042598
104020767 -1.239729 -0.391583 0.691137 1.472391 62.004789 -162.470656 1.176332 3.047459
104020768 -1.239729 -0.391583 0.686137 1.470051 62.176863 -162.470656 1.172790 3.052309
104020769 -1.239729 -0.391583 0.681137 1.467723 62.349484 -162.470656 1.169199 3.057146
104020770 -1.239729 -0.391583 0.676137 1.465410 62.522652 -162.470656 1.165557 3.061970
104020771 -1.239729 -0.391583 0.671137 1.463110 62.696366 -162.470656 1.161866 3.066782
104020772 -1.239729 -0.391583 0.666137 1.460823 62.870625 -162.470656 1.158123 3.071581
104020773 -1.239729 -0.391583 0.661137 1.458550 63.045430 -162.470656 1.154331 3.076365
104020774 -1.239729 -0.391583 0.656137 1.456290 63.220778 -162.470656 1.150487 3.081136
104020775 -1.239729 -0.391583 0.651137 1.454044 63.396670 -162.470656 1.146592 3.085893
104020776 -1.239729 -0.391583 0.646137 1.451812 63.573104 -162.470656 1.142646 3.090636
104020777 -1.239729 -0.391583 0.641137 1.449593 63.750080 -162.470656 1.138649 3.095363
104020778 -1.239729 -0.391583 0.636137 1.447389 63.927596 -162.470656 1.134600 3.100075
104020779 -1.239729 -0.391583 0.631137 1.445198 64.105653 -162.470656 1.130499 3.104772
104020780 -1.239729 -0.391583 0.626137 1.443022 64.284248 -162.470656 1.126346 3.109453
104020781 -1.239729 -0.391583 0.621137 1.440859 64.463382 -162.470656 1.122140 3.114117
104020782 -1.239729 -0.391583 0.616137 1.438711 64.643052 -162.470656 1.117883 3.118765
104020783 -1.239729 -0.391583 0.611137 1.436577 64.823257 -162.470656 1.113573 3.123396
104020784 -1.239729 -0.391583 0.606137 1.434457 65.003997 -162.470656 1.109210 3.128009
104020785 -1.239729 -0.391583 0.601137 1.432351 65.185270 -162.470656 1.104795 3.132605
104020786 -1.239729 -0.391583 0.596137 1.430260 65.367075 -162.470656 1.100327 3.137183
104020787 -1.239729 -0.391583 0.591137 1.428183 65.549411 -162.470656 1.095805 3.141743
104020788 -1.239729 -0.391583 0.586137 1.426121 65.732276 -162.470656 1.091230 3.146284
104020789 -1.239729 -0.391583 0.581137 1.424073 65.915669 -162.470656 1.086602 3.150806
104020790 -1.239729 -0.391583 0.576137 1.422040 66.099588 -162.470656 1.081921 3.155308
104020791 -1.239729 -0.391583 0.571137 1.420022 66.284031 -162.470656 1.077185 3.159791
104020792 -1.239729 -0.391583 0.566137 1.418018 66.468998 -162.470656 1.072397 3.164253
104020793 -1.239729 -0.391583 0.561137 1.416029 66.654487 -162.470656 1.067554 3.168695
104020794 -1.239729 -0.391583 0.556137 1.414056 66.840495 -162.470656 1.062658 3.173116
104020795 -1.239729 -0.391583 0.551137 1.412097 67.027021 -162.470656 1.057707 3.177516
104020796 -1.239729 -0.391583 0.546137 1.410153 67.214064 -162.470656 1.052703 3.181894
104020797 -1.239729 -0.391583 0.541137 1.408224 67.401620 -162.470656 1.047644 3.186250
104020798 -1.239729 -0.391583 0.536137 1.406310 67.589690 -162.470656 1.042531 3.190584
104020799 -1.239729 -0.391583 0.531137 1.404411 67.778270 -162.470656 1.037364 3.194895
104020800 -1.239729 -0.391583 0.526137 1.402528 67.967358 -162.470656 1.032143 3.199183
